-3.695068359375011102e-01
-4.352690883259846544e-01
-3.766790403780850838e-01
-5.727622581532543222e-02
1.130385644438145487e-01
3.433655539361213371e-01
5.574417265798297105e-01
1.405449738213850885e-01
-8.746106864684111137e-02
5.333023662646367846e-01
7.279317115007533090e-01
4.032042328800815589e-01
5.987899609064983864e-02
-3.299877196276357338e-01
-7.022938015760349373e-01
-6.315643940238138132e-01
-4.370589065378941429e-01
-1.464821056660499554e+00
-2.206492428754467827e+00
3.452675422866615662e-01
2.012807842526153745e+00
1.497664478630421403e+00
1.325463168657048385e-01
-1.223060383443865806e+00
-2.246141732037975736e+00
-1.972566915487733441e+00
-1.060303583281568152e+00
3.777307070030735403e-01
5.110214294984363192e-01
-6.539042364889935399e-01
-2.488848935237293780e+00
3.668769554350119755e-01
6.774225091114058905e+00
6.791828118263279812e+00
4.924999368845401904e-01
2.481294792207508593e+00
3.827763296517209035e+00
-5.370827916069575991e-01
-2.001611185209160038e+00
1.184495210913517838e+00
1.175319307304440564e+00
1.498910718539141929e+00
8.948061268973539484e-01
-2.933471801183077154e+00
-1.627853668696390921e+00
2.165753531507502494e+00
9.295457974846654814e-01
6.487666351558416533e-01
-2.120714059554194009e-01
-2.853173168035636476e+00
-3.137238661082283997e+00
5.366695401500485296e-01
8.424849041621225165e-01
-2.067238865676366277e-01
-4.416320463564749055e-02
-5.277660601479428060e-01
-1.230681009183073549e+00
6.912864450456921439e-01
-1.226522002996375482e+00
-3.023248341777419412e+00
-1.701190309464150063e+00
1.591523004626584470e+00
-5.415694780793878227e-01
-4.135524453717214222e-01
1.782551378622146521e+00
1.405350145383346128e+00
3.964815278974191948e-01
-5.939660166347766612e-01
6.543425173699506381e-01
1.566064685788449706e+00
7.338507149110499173e-01
3.772490366712746290e-01
1.796733292732253240e-01
-1.219444563052103359e-01
2.167698571308696032e-02
9.942432124273339333e-01
1.160118730372857954e+00
1.684483869579749271e-01
-1.785617735894218239e-01
-3.765273874026549006e-01
7.190624535292562403e-01
1.239580017180057503e-01
-1.695434948137297226e+00
2.099767724697738647e-01
6.436712205558896560e-01
-6.475401172660431026e-01
-8.794724139536331808e-01
-5.233572857990896887e-01
-5.048171244109671552e-01
-3.396309589414608920e-01
-1.055389015371290817e-01
7.851009487813440657e-01
1.785819401998749001e+00
1.673002776209295606e+00
9.522118991767145602e-01
1.051519373968886395e+00
1.286840022656521754e+00
3.407599136045833532e-01
-4.479516178609808108e-01
8.491587430648523949e-01
4.808211309288701329e-02
-1.467871743748252911e+00
4.893092546518151842e-01
1.470403793785837188e+00
1.184789998436808212e-01
3.497163163733869595e-01
1.444189867544620753e-02
-1.939907287043380002e+00
-3.063709277207554926e+00
-9.518421045719454021e-01
2.610151718888614081e+00
3.315605504360665812e+00
-2.464382634972350772e-02
-2.879193589073929971e+00
-1.321021133482487286e+00
-1.646837513513777829e+00
-2.730978659313071599e+00
-6.536810749885075822e-01
2.216739085149161070e+00
3.231509906915238872e+00
2.011127500167841475e+00
1.660350239479805090e+00
3.158496574536022727e+00
1.192737726234183171e+00
-2.350312328742790946e+00
-4.404169788990569323e+00
-4.605902396784676611e+00
-3.689417632156162696e+00
-1.550206574449669583e+00
1.334331651103692895e+00
1.925050926030430709e+00
8.063875563210127773e-01
-8.421725434538769317e-01
-2.197769563126534820e+00
-2.133541964298614424e+00
-1.585079531150481946e+00
-2.111937800381218810e+00
-2.987436506169353745e+00
-2.521561532556842344e+00
-8.303147036237747969e-01
1.156730968787517799e+00
-2.463557754280945034e-01
-2.517769743400532167e+00
-3.252966992458850903e+00
-2.536747175850850411e+00
-1.674367582960034628e+00
-1.150592594679736624e+00
-1.159647562602647231e+00
-1.114863938269987198e+00
-4.907627371658067617e-01
-6.404439739235945339e-02
-1.934698050985956819e-01
-3.124588676597661596e-01
-1.863810002364063578e-02
5.249265520712009803e-02
-6.895091101182311277e-01
-1.669470853161113322e+00
-1.342368074474397321e+00
1.026738460447651491e-01
1.028801641115177468e+00
8.692777328529007752e-01
1.261197909771161196e-01
-4.407776086612832378e-01
1.811709819779827590e-01
4.043175430120870550e-01
4.374486457557672514e-01
6.451637230041495918e-01
2.875429799421058696e-01
2.621014607799899698e-01
3.758927899902041458e-01
-3.569280509311276717e-01
-1.007486614122948376e+00
-4.767010637213197066e-01
3.370113232314063678e-01
4.437403565057993493e-01
2.408312569043769003e-02
-4.539966910164902059e-01
-3.863144846806738641e-01
-1.674508282800202252e-02
9.562433103288670022e-02
-1.701169918244731516e-01
-4.049822435227046213e-01
-2.202653305252602056e-01
3.728599808487607081e-01
2.971212854977201001e-01
-3.673440094927526989e-01
-6.206424201800979645e-01
-5.171499187129731112e-01
9.611553776466208454e-02
1.116138508142027197e+00
1.896735163724321938e+00
1.419749842930306816e+00
8.853429505459633475e-01
7.723042964423165735e-01
1.109791187608457186e+00
1.881713127408322528e+00
2.136361814680091342e+00
1.466546161790990066e+00
3.635235932726263997e-01
-3.203385068177335704e-01
-4.136817159488175299e-01
-3.362973993755575819e-01
-2.220149290285227117e-01
2.940346589127829091e-02
3.993022123744371932e-01
3.665860495468824531e-01
-4.510600552740853253e-01
-1.041835419432617815e+00
-1.058809329114214215e+00
-1.027945539832697985e+00
-1.659473516390272074e+00
-3.041996946752312247e+00
-4.149920917554789312e+00
-4.056315944208792601e+00
-3.088395307428951853e+00
-1.486654924358170593e+00
-5.280365046051649358e-01
-1.742313689371718821e+00
-1.915069393165657718e+00
-1.290812626983947276e+00
-7.465090606858368893e-01
-9.739665427988397628e-01
-9.764806855666416929e-01
2.100826311716219585e-01
1.763560594523170266e+00
3.232870241368027031e+00
4.452942842539429513e+00
4.333794592127823364e+00
2.634077351382409393e+00
1.281853062006196531e+00
1.387322682772307303e-03
-1.152333070725215514e+00
-1.980990552617460487e+00
-2.091019566749396486e+00
-1.838630965598123890e+00
-3.188547893431818103e+00
-3.916203962160611951e+00
-1.310333521734046602e+00
-4.892695861162454918e-01
-1.870908548769573798e+00
-2.497281391450889121e+00
-8.870440783400099782e-01
-3.292797976051851094e-01
-1.251779956441165353e+00
-8.952575956890620468e-01
1.193573981559221897e+00
2.574778098680853500e+00
5.405245062474910434e-01
-1.900109920366130911e+00
-5.396984461595364380e-01
1.263709322989635897e+00
6.737648431777896185e-01
1.242164477511441323e+00
2.776892887583442437e+00
1.453687249060430453e+00
-4.640653480142464815e-01
-6.754478901737748231e-01
-8.900260288568415667e-01
-1.698304173781320925e+00
-3.015803506253915689e+00
-3.531791662336260185e+00
-3.146894749245640277e+00
-1.864315068519286189e+00
2.074752999181539437e-02
1.238728008546504000e+00
1.583581127968064051e+00
1.338633499474280342e+00
-6.732329620743822129e-01
1.824073689335923287e-01
5.861745581680524175e-01
-9.617451388520856792e-01
-1.334980856355156842e+00
-3.266519270741636838e-01
5.503899276976409460e-02
1.650850303124655749e-01
6.976147768593710108e-01
1.058195803103176846e-01
-1.126302682207551920e+00
-2.749959780453745672e-01
2.275616360255745541e-01
1.238557447078131535e+00
6.987732285223224871e-01
-9.040525301150057480e-01
1.260886662161360139e-01
2.160964757836033812e+00
1.567314575336621552e+00
-1.627922401024151089e-02
1.036396520126716014e+00
7.216516360479794390e-01
-8.314230809334848260e-01
3.190182796518148400e-02
1.019862199127041569e+00
1.244367403912155279e+00
-5.264877665180939248e-01
-9.635035452964146874e-01
1.009665493483046017e+00
-5.368197032193859908e-01
-1.717416579892901307e+00
-1.088422839438953016e+00
4.135668815480249005e-01
3.574735344496371425e-01
1.578488897148664583e+00
1.048526251103553797e+00
1.511270382841667370e-01
1.365593908455300154e+00
2.512450121467055819e-01
-3.038082791106435643e+00
-1.515843895222208637e+00
-2.016558171635693952e-01
3.577085741323091650e-01
1.904176549072833957e+00
1.749719686753393066e+00
1.180193666648346795e+00
3.436081877235006132e+00
2.881796999822001659e+00
6.373309093995374042e-01
7.331834015357950207e+00
6.202196512886901658e+00
-1.348477660935988087e+00
-1.643238250176220383e+00
2.532545326447386280e+00
3.262895210860367712e+00
2.889533376359861627e+00
1.587588778981548598e+00
-5.814309785742799441e-02
-1.643243007850797577e+00
-2.379416093764817663e+00
-2.582849695265238665e+00
-2.027847935221068987e+00
-1.556949712920452367e+00
-2.623397714087499555e+00
-3.100761274505010157e+00
-1.988314092795954835e+00
-4.236425797981499208e+00
-3.199165580092624417e+00
4.334425742454777186e-01
2.465585382227784450e+00
1.725176716236681784e+00
5.143972705145127833e-01
4.110471739221042142e-01
1.704897879608448630e+00
-4.664283502764403622e-01
-2.068659178047433045e+00
-1.151955896849757632e+00
-8.857347434518796359e-01
-1.351223653989817475e+00
-6.760522237164259263e-01
4.370674109828978082e-01
9.013428296023759945e-01
-1.130038605446839872e+00
-1.574780199233964728e+00
-1.554990525488795017e+00
-1.153952678989021985e+00
-1.845305166983161493e+00
-2.995104680361092786e+00
-2.843607832445374406e+00
0.000000000000000000e+00
0.000000000000000000e+00
0.000000000000000000e+00
0.000000000000000000e+00
0.000000000000000000e+00
0.000000000000000000e+00
0.000000000000000000e+00
0.000000000000000000e+00
0.000000000000000000e+00
0.000000000000000000e+00
0.000000000000000000e+00
0.000000000000000000e+00
0.000000000000000000e+00
0.000000000000000000e+00
0.000000000000000000e+00
0.000000000000000000e+00
0.000000000000000000e+00
0.000000000000000000e+00
0.000000000000000000e+00
0.000000000000000000e+00
0.000000000000000000e+00
0.000000000000000000e+00
0.000000000000000000e+00
0.000000000000000000e+00
0.000000000000000000e+00
0.000000000000000000e+00
0.000000000000000000e+00
0.000000000000000000e+00
0.000000000000000000e+00
0.000000000000000000e+00
0.000000000000000000e+00
0.000000000000000000e+00
0.000000000000000000e+00
0.000000000000000000e+00
0.000000000000000000e+00
0.000000000000000000e+00
0.000000000000000000e+00
0.000000000000000000e+00
0.000000000000000000e+00
0.000000000000000000e+00
0.000000000000000000e+00
0.000000000000000000e+00
0.000000000000000000e+00
0.000000000000000000e+00
0.000000000000000000e+00
0.000000000000000000e+00
0.000000000000000000e+00
0.000000000000000000e+00
0.000000000000000000e+00
0.000000000000000000e+00
0.000000000000000000e+00
0.000000000000000000e+00
0.000000000000000000e+00
0.000000000000000000e+00
0.000000000000000000e+00
0.000000000000000000e+00
0.000000000000000000e+00
0.000000000000000000e+00
0.000000000000000000e+00
0.000000000000000000e+00
0.000000000000000000e+00
0.000000000000000000e+00
0.000000000000000000e+00
0.000000000000000000e+00
0.000000000000000000e+00
0.000000000000000000e+00
0.000000000000000000e+00
0.000000000000000000e+00
0.000000000000000000e+00
0.000000000000000000e+00
0.000000000000000000e+00
0.000000000000000000e+00
0.000000000000000000e+00
0.000000000000000000e+00
0.000000000000000000e+00
0.000000000000000000e+00
0.000000000000000000e+00
0.000000000000000000e+00
0.000000000000000000e+00
0.000000000000000000e+00
0.000000000000000000e+00
0.000000000000000000e+00
0.000000000000000000e+00
0.000000000000000000e+00
0.000000000000000000e+00
0.000000000000000000e+00
0.000000000000000000e+00
0.000000000000000000e+00
0.000000000000000000e+00
0.000000000000000000e+00
0.000000000000000000e+00
0.000000000000000000e+00
0.000000000000000000e+00
0.000000000000000000e+00
0.000000000000000000e+00
0.000000000000000000e+00
0.000000000000000000e+00
0.000000000000000000e+00
0.000000000000000000e+00
0.000000000000000000e+00
0.000000000000000000e+00
0.000000000000000000e+00
0.000000000000000000e+00
0.000000000000000000e+00
0.000000000000000000e+00
0.000000000000000000e+00
0.000000000000000000e+00
0.000000000000000000e+00
0.000000000000000000e+00
0.000000000000000000e+00
0.000000000000000000e+00
0.000000000000000000e+00
0.000000000000000000e+00
0.000000000000000000e+00
0.000000000000000000e+00
0.000000000000000000e+00
0.000000000000000000e+00
0.000000000000000000e+00
0.000000000000000000e+00
0.000000000000000000e+00
0.000000000000000000e+00
0.000000000000000000e+00
0.000000000000000000e+00
0.000000000000000000e+00
0.000000000000000000e+00
0.000000000000000000e+00
0.000000000000000000e+00
0.000000000000000000e+00
0.000000000000000000e+00
0.000000000000000000e+00
0.000000000000000000e+00
0.000000000000000000e+00
0.000000000000000000e+00
0.000000000000000000e+00
0.000000000000000000e+00
0.000000000000000000e+00
0.000000000000000000e+00
0.000000000000000000e+00
0.000000000000000000e+00
0.000000000000000000e+00
0.000000000000000000e+00
0.000000000000000000e+00
0.000000000000000000e+00
0.000000000000000000e+00
