-2.633209228515625000e+00
-1.591340189361404533e+00
-1.473107948307748050e-01
-2.747263838050788998e+00
-4.039044850762964600e+00
-1.858685766414742480e+00
-3.701848625580180241e-01
-2.132245251119453844e+00
-2.988938656828461493e-01
2.025793687479668925e-01
-1.344487658452278023e+00
-1.567800587089147601e+00
-1.052503249129668639e+00
-1.303035761644961266e+00
-6.485173628012632641e-01
-5.110901590126002425e-01
-1.486551240459870193e+00
-1.842399947488768674e+00
-1.042634565241770339e+00
-2.228225376080118725e+00
-2.979301233945660599e+00
-1.692991150246465404e+00
1.207998524443754107e-01
8.755388625799578328e-01
2.007224783185250772e+00
-2.255040842210408236e+00
-3.635101689608529085e+00
1.809240734916763849e-01
1.408442400402624806e+00
-1.282867296513399369e+00
-8.894882147206557566e-01
2.151140572353730906e+00
1.785333698546868852e+00
2.666446756194170931e+00
1.710420853008833841e+00
2.748930450410846049e+00
-2.146597811806255862e+00
-4.692667810379150595e+00
-1.534320515380158234e+00
1.441307942502465966e+00
6.457475503314413778e-01
-1.046378017659077120e+00
2.627831415278780725e-02
2.299753357287678046e+00
2.856934609396977187e+00
2.703057805390497226e+00
9.233081919342167598e-01
4.789239512120857523e-01
1.041101949893360024e+00
1.876844604271464156e+00
3.837810109613019716e+00
4.473680470891201466e+00
3.213210142209650844e+00
1.060604870653816256e+00
-7.542707215492430173e-01
-8.073578994234931194e-01
1.950869217516585374e-01
1.249466661474049722e+00
1.937794621322688648e+00
1.934834475098465179e+00
1.280582056065337149e+00
4.469012798380084250e-01
2.393037689028072457e-01
2.219008079789142052e-01
-4.871930922144083187e-01
6.943785627518084258e-01
1.448009398037684026e+00
1.278855107747966624e+00
7.693900417155272731e-01
-6.097253333472431036e-01
-1.361263820877781860e+00
-7.632056323524403219e-01
4.292415989678580734e-01
3.848258211938561102e-01
-7.758706489937142736e-01
-6.997402279948845560e-01
3.509205334067421189e-01
9.008597418965851311e-01
1.639991894220131918e+00
1.022233151521974470e+00
5.823104426663250344e-01
8.266852757173215327e-01
1.534647849711753276e-01
2.138228852957900494e-01
-8.127371154692979438e-01
-1.827417241023061800e+00
-1.153363802414021810e+00
-8.935196725114469274e-02
1.028790629117999345e-01
-3.387118529851963489e-01
-2.652243234070271738e-01
-5.014655497699302966e-01
-5.443008666666866446e-01
5.449996958698188898e-02
7.998037422355517290e-01
8.034216607548072542e-01
-9.706493929119597297e-02
-1.770415041722893656e+00
-2.138156659091035028e+00
-1.523108417954586180e-01
7.004475789812327768e-01
2.137720267830891530e-01
6.729903103212242499e-02
3.681556316937819595e-01
-2.208516453728432971e-01
2.107243497608606297e-01
9.494261481415604553e-01
-2.000500604952297756e-01
-2.165108211729329657e+00
-1.616141936463393547e+00
-3.111613013961149754e-01
-1.053166788892594408e+00
-1.838282693471496421e+00
-1.060392035622975460e+00
-1.921361041352775967e+00
-4.086902259843898655e+00
-5.018996727247146517e+00
-3.780835304817115272e+00
-1.117837022985328499e+00
-5.305431584272612966e-02
-2.207967911141317963e+00
-1.910644115902710549e+00
-1.170891357415732248e+00
-1.338685125350073335e+00
-3.006940129245812443e+00
-2.581295274157099584e+00
-6.749787813484502408e-01
-3.395169199700038831e-01
-1.667050404217731430e+00
1.723680971116671401e+00
2.811979291099508060e+00
5.234096071487659430e+00
6.916611642884474165e+00
4.693414446470770329e+00
1.576866185538412513e+00
4.816535996207519155e+00
5.732050377423725251e+00
2.649456770492698343e+00
-1.574011625616744237e+00
-2.751519528352261990e+00
-5.920003405224960602e-02
-3.252570048696130089e-01
4.821490225822184783e-01
2.114794217274333921e+00
1.427181297809555049e+00
4.047650671717599735e-01
1.203742741222871393e+00
2.277080997876380408e+00
1.865929208854341326e+00
1.057717280549904437e+00
2.270195577941483300e+00
1.646330726873863393e+00
9.180026765462496741e-01
1.168924806655759374e+00
1.845258802849469859e-02
-1.019368085419305459e+00
6.308141168696530521e-01
-3.347107407879810204e-01
-7.084145342343530771e-01
6.548280630895897403e-01
4.212201852016663750e-01
-1.688929833880649545e+00
2.301072248134526266e+00
5.383174681630597647e+00
4.622687969909186734e+00
1.997501671302202242e+00
2.142956454737510619e+00
1.928853204292968915e+00
1.250785916179948387e-01
-6.414283421043319722e-01
-1.868592468911680626e-01
-6.929718260784938355e-01
-4.398643637913481896e-01
5.152978009978339546e-01
9.756333169516537840e-01
1.008441088262874041e+00
9.512920878730786178e-01
1.055932699991362966e+00
6.208836002394029219e-01
-3.020338924175803852e-01
-8.755199180958905814e-01
-8.961646107896863445e-01
-6.731662493921115598e-01
-4.173561366798856920e-01
-1.731795458488182282e-01
1.120683050254795976e-01
2.634311856068698998e-01
1.439995587596563098e-01
1.017456972959428496e-01
-4.494961802538957607e-01
-7.548655651153497459e-01
-8.637820382408585296e-01
-7.592148315874147624e-01
-5.567404507179892770e-01
-3.160291397851238138e-01
-9.179681516040516520e-02
-4.432333216196204795e-02
-1.660735621004911788e-01
-1.467460131027723547e-01
9.736632385588150917e-02
-8.909492456691969764e-02
-8.608610691600782072e-01
-1.583145160261564932e+00
-1.283250857265667122e+00
-1.319302094654535740e+00
-2.195897353889932901e+00
-2.395788951226633046e+00
-1.355772682679186047e+00
-1.146376473548254005e+00
-1.700109174336541518e-01
1.329113049918579259e+00
1.288299573977288670e+00
1.481083391803929006e+00
4.944700945915665891e+00
6.507626801749707646e+00
4.083291598774552611e+00
2.627177489162717539e-01
2.072518137216692757e+00
2.414811059107011992e+00
1.645599529879109957e+00
2.167919349075696722e+00
2.201029947606893522e+00
4.136919637086974300e-01
7.147718005516063844e-01
2.298671845887678700e-02
-1.127776945183584179e+00
-5.538612903978936686e-01
5.023265745087019951e-01
4.812687904425394514e-01
1.435083099258808392e+00
1.082993679949568300e+00
8.005767724887895564e-01
6.108796588995963894e-01
-7.458482916427713327e-01
-1.608515789562630527e+00
-2.629598823451753553e+00
-5.606256763274064525e+00
-8.974480320996125471e+00
-1.078876837271785227e+01
-5.228564491445457207e+00
2.688276719822176641e+00
3.240819419742478225e+00
2.871411227210094452e-01
-8.344571848099402445e-01
4.816329534382829181e+00
5.092274523613870230e+00
1.512889111987692381e+00
2.587740887120064670e-01
5.756351088065629895e-01
-2.272276960215193764e+00
1.583170904988996597e+00
6.111249105084444189e+00
5.752299316039898081e+00
1.863138394317324309e+00
-6.566820381459268496e-01
8.523453899749675600e-01
1.097863152319547453e+00
-5.338287002609356513e-01
4.065193280480210447e-01
2.906569548521336088e-01
-1.277740808325853461e+00
-1.648014906622629061e+00
-9.294878923052298791e-01
5.441617234405073944e-01
4.981176323750080570e-01
-1.776805983734237815e+00
-1.623465135167372342e+00
-2.110676121246153336e-01
-5.126321398453663747e-01
-3.972215797965209516e-01
9.744096598775402462e-01
7.373099190315133278e-01
-9.121719039618492175e-02
9.477868943739817809e-01
2.030708220079490367e+00
1.316781869338753186e+00
9.488917557465814667e-01
8.044649206824012744e-01
3.320009132334607038e-01
1.817145244475937282e-02
1.479277059517486004e+00
2.031935107335255619e+00
2.471768051102256614e+00
1.466624027581110434e+00
9.359669784402396830e-01
1.337560897338178290e+00
9.488474964427811020e-01
5.449232484674185750e-01
-5.188826327150978246e-01
-9.575065025216700221e-02
9.032635618159816637e-01
2.828417956187790905e-01
-1.536523848037429918e+00
-1.558585305911354357e+00
-7.531861127808840983e-01
2.656039666925283371e-01
1.652346363630200488e-01
6.456413098024493813e-02
3.791948009761145766e-01
7.516670573030049818e-01
5.595984437325079996e-01
-5.825946241605711728e-01
-5.993869046014823621e-01
7.198924975793186132e-02
4.458119428308321419e-01
5.680107894227882648e-01
3.957439607461911146e-01
-3.440356077689976644e-01
-8.744368839995689813e-01
-6.462304489876433689e-01
3.752577661070093384e-01
1.199647735349531175e+00
9.196971370133922852e-01
-7.120566121796957360e-01
-9.853829930870824372e-01
-2.190460747899993788e-01
1.573864033277794228e-02
5.390444836647054760e-01
1.837374624232846809e+00
1.953984881585148381e+00
1.457440127256837137e+00
-1.195702108049448098e+00
-2.680376617368905201e+00
-4.808549041968022131e-01
3.615976472210586934e-01
-1.506163009720604684e+00
-1.514659861694339860e+00
1.465191197833468184e+00
2.755191778119275625e+00
4.882159865619377648e-01
7.846988359947242309e-01
-1.560602375322051039e-01
2.250067088468213683e+00
1.431169867669372264e+00
-4.840212188402723825e-01
-3.812709693585776272e-01
-1.716905191613585124e+00
-3.278101190432312073e+00
-3.256316014099285283e-01
3.114003813326974068e+00
2.083849827102746133e-01
1.075451531353992518e-01
9.802158603643040813e-01
-1.697055633914210659e-01
5.821376857471500799e-01
2.672466660834080798e-01
-2.979624219016617115e+00
-5.015175930158740414e+00
-2.274007200216072277e+00
1.166649973488585790e+00
1.267737723815651751e+00
-5.403513426003916376e-01
-1.080840594673210919e+00
-1.197355879378174670e-01
6.983359616679631898e-01
-6.502211504952111198e-01
-1.617518984902688528e+00
2.185693494184467456e-01
-1.415092946796300932e+00
-1.540124807127837947e+00
6.378511140191926998e-01
2.943490552717550557e+00
-4.527702723265303320e-03
2.237884613367871367e+00
1.492517308881115667e+00
1.275536241550709882e+00
1.391398770516548922e+00
2.172214669916288976e+00
2.443497003569440107e+00
1.739741152241586652e+00
5.287239460198281948e-01
4.502361346261554709e-01
4.483545629153858347e-01
2.799330701517929731e-01
1.000315316263805654e+00
1.546389288710596110e+00
2.027751830585643233e+00
0.000000000000000000e+00
0.000000000000000000e+00
0.000000000000000000e+00
0.000000000000000000e+00
0.000000000000000000e+00
0.000000000000000000e+00
0.000000000000000000e+00
0.000000000000000000e+00
0.000000000000000000e+00
0.000000000000000000e+00
0.000000000000000000e+00
0.000000000000000000e+00
0.000000000000000000e+00
0.000000000000000000e+00
0.000000000000000000e+00
0.000000000000000000e+00
0.000000000000000000e+00
0.000000000000000000e+00
0.000000000000000000e+00
0.000000000000000000e+00
0.000000000000000000e+00
0.000000000000000000e+00
0.000000000000000000e+00
0.000000000000000000e+00
0.000000000000000000e+00
0.000000000000000000e+00
0.000000000000000000e+00
0.000000000000000000e+00
0.000000000000000000e+00
0.000000000000000000e+00
0.000000000000000000e+00
0.000000000000000000e+00
0.000000000000000000e+00
0.000000000000000000e+00
0.000000000000000000e+00
0.000000000000000000e+00
0.000000000000000000e+00
0.000000000000000000e+00
0.000000000000000000e+00
0.000000000000000000e+00
0.000000000000000000e+00
0.000000000000000000e+00
0.000000000000000000e+00
0.000000000000000000e+00
0.000000000000000000e+00
0.000000000000000000e+00
0.000000000000000000e+00
0.000000000000000000e+00
0.000000000000000000e+00
0.000000000000000000e+00
0.000000000000000000e+00
0.000000000000000000e+00
0.000000000000000000e+00
0.000000000000000000e+00
0.000000000000000000e+00
0.000000000000000000e+00
0.000000000000000000e+00
0.000000000000000000e+00
0.000000000000000000e+00
0.000000000000000000e+00
0.000000000000000000e+00
0.000000000000000000e+00
0.000000000000000000e+00
0.000000000000000000e+00
0.000000000000000000e+00
0.000000000000000000e+00
0.000000000000000000e+00
0.000000000000000000e+00
0.000000000000000000e+00
0.000000000000000000e+00
0.000000000000000000e+00
0.000000000000000000e+00
0.000000000000000000e+00
0.000000000000000000e+00
0.000000000000000000e+00
0.000000000000000000e+00
0.000000000000000000e+00
0.000000000000000000e+00
0.000000000000000000e+00
0.000000000000000000e+00
0.000000000000000000e+00
0.000000000000000000e+00
0.000000000000000000e+00
0.000000000000000000e+00
0.000000000000000000e+00
0.000000000000000000e+00
0.000000000000000000e+00
0.000000000000000000e+00
0.000000000000000000e+00
0.000000000000000000e+00
0.000000000000000000e+00
0.000000000000000000e+00
0.000000000000000000e+00
0.000000000000000000e+00
0.000000000000000000e+00
0.000000000000000000e+00
0.000000000000000000e+00
0.000000000000000000e+00
0.000000000000000000e+00
0.000000000000000000e+00
0.000000000000000000e+00
0.000000000000000000e+00
0.000000000000000000e+00
0.000000000000000000e+00
0.000000000000000000e+00
0.000000000000000000e+00
0.000000000000000000e+00
0.000000000000000000e+00
0.000000000000000000e+00
0.000000000000000000e+00
0.000000000000000000e+00
0.000000000000000000e+00
0.000000000000000000e+00
0.000000000000000000e+00
0.000000000000000000e+00
0.000000000000000000e+00
0.000000000000000000e+00
0.000000000000000000e+00
0.000000000000000000e+00
0.000000000000000000e+00
0.000000000000000000e+00
0.000000000000000000e+00
0.000000000000000000e+00
