-2.145385742187500000e-01
1.255570930234006788e-02
-5.623672612527073067e-01
-7.398711538702464896e-01
-2.933910390242773225e-01
5.157185037103311220e-01
8.357867402064386164e-01
-6.266328892762863534e-01
-6.083976961199244471e-02
9.206164171717849953e-01
5.394848091597521655e-01
-1.750391108826142794e+00
-1.662865684299596136e+00
4.086557024500629964e-01
9.354639966312103816e-01
2.417563584196456006e-01
3.412338721642615980e-02
5.007350933458991626e-01
9.227781447940157644e-01
1.216624892888644061e+00
1.465842192162647439e+00
9.142825409526428304e-01
-4.343585899684949680e-01
1.243453799517730829e-01
9.230740092465907765e-01
8.445183814840468983e-01
-5.442112926379655269e-01
-9.389469477105911732e-01
2.154733593770721267e-01
-1.999146565311993307e-02
-6.019256016225598138e-01
-6.564578015038795566e-01
5.035565600441422873e-01
2.467019933999137216e-01
9.574433658533942904e-02
1.337570954120024247e-01
-9.515287899572045793e-01
-7.308940689384384459e-01
-1.574182977898619384e-01
1.992028819734501521e-01
-1.147961504211477468e+00
-1.702979433348493332e+00
-6.682679598279568367e-01
-2.483084345022223971e-02
-6.098304381773294036e-01
-9.440403338419880441e-01
-6.782427666216527262e-01
-4.730499567383785742e-01
-3.772260605960375823e-01
-4.832436825229163846e-02
-3.178197971941254529e-01
-6.194309764675358654e-01
-7.570808173487822978e-01
-3.820795661205413918e-01
1.764909876766338481e-01
-2.586248259515688819e-01
-4.037423745655053242e-01
-1.300394427375952677e-01
-1.369271733162522597e-01
-4.315463605739784381e-01
-4.253896641035552761e-01
-4.023397554711033441e-01
-3.749039520518689939e-01
-3.672408943855515195e-01
-4.664882347840935140e-01
-5.830877328868442344e-01
-4.046562762442407202e-01
1.258369310575990774e-02
-2.253547604276473493e-01
-5.671392787641180711e-01
-5.368101656558126322e-01
-1.033070870768586502e-01
2.972220081524323820e-01
-2.837283423801129079e-01
-3.433662310486174096e-01
5.543026316301435941e-02
-6.741173441176306902e-02
-7.713485806190276683e-01
-9.490347534396559315e-01
-9.000003186299685431e-01
-7.658667878691627351e-01
-7.833306907651597095e-01
-1.016758924130580999e+00
-1.255031694635551087e+00
-1.236424976408762255e+00
-1.047699330413884855e+00
-1.118898199922303327e+00
-1.322106463320424918e+00
-1.359328523018362933e+00
-1.193943906896565377e+00
-8.848491141564736040e-01
-5.509978745751147322e-01
-4.318827641761073810e-01
-3.826224725020497264e-01
-1.260871244220445053e-01
2.938375030181854530e-01
4.608189134214726312e-01
3.455834841733713692e-01
2.601086182277201342e-01
6.949561715869090328e-02
-4.287871508762880479e-01
-7.451866818234595957e-01
-7.820751703026700419e-01
-4.367493652653551273e-01
-1.923762876487014051e-01
-1.967985587031528816e-01
-2.942257359194111466e-02
5.100112171456800958e-01
1.494629080521625575e+00
2.482878760368733673e+00
3.008368737457553621e+00
3.052581547274455964e+00
2.819770648561484183e+00
2.415734883875420458e+00
1.764399472102188060e+00
9.967723246484303523e-01
4.609056370384485568e-01
1.274187324184425929e-01
5.816909687299731679e-02
3.741702845389789922e-01
7.277775962444511526e-01
6.283761946733881221e-01
5.437209326073534355e-01
4.748428119460791352e-01
2.908148723540293634e-01
1.170138774328370879e-01
4.432620549560550849e-02
-2.140678656754690934e-02
-1.005215003580111066e-01
-1.412276889886183717e-01
-3.069608190200693310e-01
-6.150193652011003431e-01
-7.683098434049985270e-01
-6.328631311676840010e-01
-5.018242145727118686e-01
-7.409964065681802214e-01
-7.503254259160605510e-01
-1.137206750873749894e-01
2.808183365160280553e-01
5.741961216906110721e-02
1.817141975452065683e-01
2.831378783756852702e-01
1.145170287487793370e-01
-3.170561168767618287e-01
-5.219355166128785140e-01
-3.866830074707343634e-01
-1.391351442863617560e-01
-2.037506101618171694e-01
-5.850393248832932436e-01
-8.984203799559424830e-01
-9.225766503161796361e-01
-6.448898065622816755e-01
-2.284342045930272125e-01
1.964067775659565918e-01
4.383041827453231232e-01
1.718694903803283935e-01
-3.362088634598376924e-01
3.644054609459890237e-02
6.897493596003876348e-01
5.934263731176461221e-01
-5.335266482330913718e-02
-1.147500309762079063e+00
-1.684753110337634308e+00
-9.501572425244311226e-01
-3.491083688133613805e-01
-8.078269161983087088e-01
-1.917249571786443063e+00
-2.200358896385714136e+00
-1.039534231337394754e+00
5.460318607284131431e-02
5.002952059587766342e-01
4.861324675472387113e-01
-4.002052302726868405e-01
-1.602445063305388828e+00
-1.554511002081582660e+00
-7.849861072909742887e-01
-7.448975917493991794e-01
1.025191259448080539e+00
1.041079473416772316e+00
5.506735780343705589e-01
7.194943332343648468e-01
1.099500068735681069e+00
1.447720981795822759e+00
1.683825458002285114e+00
1.893697695168085060e+00
2.402790160224710814e+00
2.670229690793980204e+00
2.077144327097171672e+00
7.552505917554719339e-01
-5.948944238105369209e-02
-1.532047255697015498e-01
-5.704491277807997029e-01
-9.566835877868125060e-01
-4.953179765121764611e-01
-3.113790954200201799e-01
-5.501758848681848058e-01
-4.912692488819188075e-01
-2.506957035538146528e-01
-2.769837608362835102e-02
6.787109375000000000e-02
-2.769837608362835102e-02
-2.506957035538146528e-01
-4.912692488819188075e-01
-5.501758848681848058e-01
-3.113790954200201799e-01
-4.953179765121764611e-01
-9.566835877868125060e-01
-5.704491277807997029e-01
-1.532047255697015498e-01
-5.948944238105369209e-02
7.552505917554719339e-01
2.077144327097171672e+00
2.670229690793980204e+00
2.402790160224710814e+00
1.893697695168085060e+00
1.683825458002285114e+00
1.447720981795822759e+00
1.099500068735681069e+00
7.194943332343648468e-01
5.506735780343705589e-01
1.041079473416772316e+00
1.025191259448080539e+00
-7.448975917493991794e-01
-7.849861072909742887e-01
-1.554511002081582660e+00
-1.602445063305388828e+00
-4.002052302726868405e-01
4.861324675472387113e-01
5.002952059587766342e-01
5.460318607284131431e-02
-1.039534231337394754e+00
-2.200358896385714136e+00
-1.917249571786443063e+00
-8.078269161983087088e-01
-3.491083688133613805e-01
-9.501572425244311226e-01
-1.684753110337634308e+00
-1.147500309762079063e+00
-5.335266482330913718e-02
5.934263731176461221e-01
6.897493596003876348e-01
3.644054609459890237e-02
-3.362088634598376924e-01
1.718694903803283935e-01
4.383041827453231232e-01
1.964067775659565918e-01
-2.284342045930272125e-01
-6.448898065622816755e-01
-9.225766503161796361e-01
-8.984203799559424830e-01
-5.850393248832932436e-01
-2.037506101618171694e-01
-1.391351442863617560e-01
-3.866830074707343634e-01
-5.219355166128785140e-01
-3.170561168767618287e-01
1.145170287487793370e-01
2.831378783756852702e-01
1.817141975452065683e-01
5.741961216906110721e-02
2.808183365160280553e-01
-1.137206750873749894e-01
-7.503254259160605510e-01
-7.409964065681802214e-01
-5.018242145727118686e-01
-6.328631311676840010e-01
-7.683098434049985270e-01
-6.150193652011003431e-01
-3.069608190200693310e-01
-1.412276889886183717e-01
-1.005215003580111066e-01
-2.140678656754690934e-02
4.432620549560550849e-02
1.170138774328370879e-01
2.908148723540293634e-01
4.748428119460791352e-01
5.437209326073534355e-01
6.283761946733881221e-01
7.277775962444511526e-01
3.741702845389789922e-01
5.816909687299731679e-02
1.274187324184425929e-01
4.609056370384485568e-01
9.967723246484303523e-01
1.764399472102188060e+00
2.415734883875420458e+00
2.819770648561484183e+00
3.052581547274455964e+00
3.008368737457553621e+00
2.482878760368733673e+00
1.494629080521625575e+00
5.100112171456800958e-01
-2.942257359194111466e-02
-1.967985587031528816e-01
-1.923762876487014051e-01
-4.367493652653551273e-01
-7.820751703026700419e-01
-7.451866818234595957e-01
-4.287871508762880479e-01
6.949561715869090328e-02
2.601086182277201342e-01
3.455834841733713692e-01
4.608189134214726312e-01
2.938375030181854530e-01
-1.260871244220445053e-01
-3.826224725020497264e-01
-4.318827641761073810e-01
-5.509978745751147322e-01
-8.848491141564736040e-01
-1.193943906896565377e+00
-1.359328523018362933e+00
-1.322106463320424918e+00
-1.118898199922303327e+00
-1.047699330413884855e+00
-1.236424976408762255e+00
-1.255031694635551087e+00
-1.016758924130580999e+00
-7.833306907651597095e-01
-7.658667878691627351e-01
-9.000003186299685431e-01
-9.490347534396559315e-01
-7.713485806190276683e-01
-6.741173441176306902e-02
5.543026316301435941e-02
-3.433662310486174096e-01
-2.837283423801129079e-01
2.972220081524323820e-01
-1.033070870768586502e-01
-5.368101656558126322e-01
-5.671392787641180711e-01
-2.253547604276473493e-01
1.258369310575990774e-02
-4.046562762442407202e-01
-5.830877328868442344e-01
-4.664882347840935140e-01
-3.672408943855515195e-01
-3.749039520518689939e-01
-4.023397554711033441e-01
-4.253896641035552761e-01
-4.315463605739784381e-01
-1.369271733162522597e-01
-1.300394427375952677e-01
-4.037423745655053242e-01
-2.586248259515688819e-01
1.764909876766338481e-01
-3.820795661205413918e-01
-7.570808173487822978e-01
-6.194309764675358654e-01
-3.178197971941254529e-01
-4.832436825229163846e-02
-3.772260605960375823e-01
-4.730499567383785742e-01
-6.782427666216527262e-01
-9.440403338419880441e-01
-6.098304381773294036e-01
-2.483084345022223971e-02
-6.682679598279568367e-01
-1.702979433348493332e+00
-1.147961504211477468e+00
1.992028819734501521e-01
-1.574182977898619384e-01
-7.308940689384384459e-01
-9.515287899572045793e-01
1.337570954120024247e-01
9.574433658533942904e-02
2.467019933999137216e-01
5.035565600441422873e-01
-6.564578015038795566e-01
-6.019256016225598138e-01
-1.999146565311993307e-02
2.154733593770721267e-01
-9.389469477105911732e-01
-5.442112926379655269e-01
8.445183814840468983e-01
9.230740092465907765e-01
1.243453799517730829e-01
-4.343585899684949680e-01
9.142825409526428304e-01
1.465842192162647439e+00
1.216624892888644061e+00
9.227781447940157644e-01
5.007350933458991626e-01
3.412338721642615980e-02
2.417563584196456006e-01
9.354639966312103816e-01
4.086557024500629964e-01
-1.662865684299596136e+00
-1.750391108826142794e+00
5.394848091597521655e-01
9.206164171717849953e-01
-6.083976961199244471e-02
-6.266328892762863534e-01
8.357867402064386164e-01
5.157185037103311220e-01
-2.933910390242773225e-01
-7.398711538702464896e-01
-5.623672612527073067e-01
1.255570930234006788e-02
0.000000000000000000e+00
0.000000000000000000e+00
0.000000000000000000e+00
0.000000000000000000e+00
0.000000000000000000e+00
0.000000000000000000e+00
0.000000000000000000e+00
0.000000000000000000e+00
0.000000000000000000e+00
0.000000000000000000e+00
0.000000000000000000e+00
0.000000000000000000e+00
0.000000000000000000e+00
0.000000000000000000e+00
0.000000000000000000e+00
0.000000000000000000e+00
0.000000000000000000e+00
0.000000000000000000e+00
0.000000000000000000e+00
0.000000000000000000e+00
0.000000000000000000e+00
0.000000000000000000e+00
0.000000000000000000e+00
0.000000000000000000e+00
0.000000000000000000e+00
0.000000000000000000e+00
0.000000000000000000e+00
0.000000000000000000e+00
0.000000000000000000e+00
0.000000000000000000e+00
0.000000000000000000e+00
0.000000000000000000e+00
0.000000000000000000e+00
0.000000000000000000e+00
0.000000000000000000e+00
0.000000000000000000e+00
0.000000000000000000e+00
0.000000000000000000e+00
0.000000000000000000e+00
0.000000000000000000e+00
0.000000000000000000e+00
0.000000000000000000e+00
0.000000000000000000e+00
0.000000000000000000e+00
0.000000000000000000e+00
0.000000000000000000e+00
0.000000000000000000e+00
0.000000000000000000e+00
0.000000000000000000e+00
0.000000000000000000e+00
0.000000000000000000e+00
0.000000000000000000e+00
0.000000000000000000e+00
0.000000000000000000e+00
0.000000000000000000e+00
0.000000000000000000e+00
0.000000000000000000e+00
0.000000000000000000e+00
0.000000000000000000e+00
0.000000000000000000e+00
0.000000000000000000e+00
0.000000000000000000e+00
0.000000000000000000e+00
0.000000000000000000e+00
0.000000000000000000e+00
0.000000000000000000e+00
0.000000000000000000e+00
0.000000000000000000e+00
0.000000000000000000e+00
0.000000000000000000e+00
0.000000000000000000e+00
0.000000000000000000e+00
0.000000000000000000e+00
0.000000000000000000e+00
0.000000000000000000e+00
0.000000000000000000e+00
0.000000000000000000e+00
0.000000000000000000e+00
0.000000000000000000e+00
0.000000000000000000e+00
0.000000000000000000e+00
0.000000000000000000e+00
0.000000000000000000e+00
0.000000000000000000e+00
0.000000000000000000e+00
0.000000000000000000e+00
0.000000000000000000e+00
0.000000000000000000e+00
0.000000000000000000e+00
0.000000000000000000e+00
0.000000000000000000e+00
0.000000000000000000e+00
0.000000000000000000e+00
0.000000000000000000e+00
0.000000000000000000e+00
0.000000000000000000e+00
0.000000000000000000e+00
0.000000000000000000e+00
0.000000000000000000e+00
0.000000000000000000e+00
0.000000000000000000e+00
0.000000000000000000e+00
