3.348449707031250000e+00
2.485497081657662033e+00
5.134673123147757146e-01
1.659091527258990117e+00
2.012073988313246353e+00
1.469742355327480876e+00
2.638663319795540030e-01
7.377979471718089099e-01
-8.037546047212729139e-01
-1.225063875533588309e+00
3.598575060299582518e-01
1.940951615436024014e+00
1.884391803964018619e+00
-7.956770445404222070e-01
2.804636002736422551e-01
7.114815019536216978e-01
6.758790997966932501e-01
1.027554210390891898e+00
-1.170482899760368234e+00
-1.604789981411903987e+00
-5.374044553136676505e-01
1.187008110061832600e+00
-5.297054065385942145e-02
-1.167496232529585010e+00
-6.609709363346423228e-01
-1.423167592998610953e-01
2.515024496722204628e-01
-4.905334080541978725e-01
-1.696771668744202932e+00
-4.226364271865490352e-02
1.998691118288219881e+00
6.184374865374326902e-01
-1.575118910384202486e+00
-1.232878084984132538e+00
-8.364828971443144523e-01
-8.155005033255871005e-01
-2.499605141422342136e+00
-2.253600954072216389e+00
4.467661099025432847e-01
2.943032010750444627e+00
6.942495579195264721e-01
-9.104422860746843593e-01
1.209030067466172031e+00
2.002091035994139734e+00
1.295356889428581182e+00
3.725768830547657728e-01
-1.075774457615650270e-01
-8.708960708653186167e-01
-9.009502301640314181e-01
6.215641604014561228e-01
1.370582117133409605e+00
2.085084381235206230e+00
2.397083484315437829e+00
1.410679448812305337e+00
-6.876785839533317013e-01
-2.433034665702511923e+00
-2.247499276827815695e+00
-7.110401385109468286e-01
9.791510607219637841e-01
2.042618341601706522e+00
2.522808909231479380e+00
1.968924637282847501e+00
4.475436831841805851e-01
-3.927894102997693260e-01
6.072729804427676736e-01
2.690737874249902184e-01
-5.215923179034354096e-01
-6.866234179724459707e-01
5.047672655740009784e-01
1.808534036752896590e+00
1.349517362820504163e+00
-2.918473188293849718e-01
-1.151575632784018755e-02
1.414379400238385820e+00
1.767892175802186161e+00
1.263934944874362643e+00
2.890088530737204842e-01
-3.894738823793275628e-02
1.219417712429031742e-01
2.626039395443036106e-02
7.293272966708189697e-01
9.211527693575153330e-01
9.221377100584031705e-01
8.120125214432918348e-01
6.776087124090779401e-01
1.432986585968065274e+00
2.260335948940918271e+00
1.512429113648337875e+00
5.872113464171918595e-01
2.711015066945218432e+00
2.675557873808622755e+00
1.639528363346173023e+00
1.942836367723129287e+00
1.802750900066080186e+00
1.642610731546145786e+00
2.306177479247456752e+00
1.953104858593027959e+00
2.351075562001471386e+00
3.284895702617540714e+00
1.532431996891732373e+00
4.206964203993432960e-01
2.281609935816074852e+00
1.487358464031086180e+00
4.885204826337280481e-01
1.871779957582520248e+00
1.816475376380145779e+00
8.271741731164597988e-01
1.211044342004781837e+00
1.676324879354441855e+00
1.349996434360504649e+00
3.571827677935919265e-01
2.817813654135348789e-01
1.082815762857872510e+00
9.603646423740378468e-01
9.913507942187715916e-02
-7.900448103848580761e-01
-4.557931240311146048e-01
-1.142197856612098272e-01
3.401592450238605236e-01
8.184552127386489628e-01
1.021247033599157916e+00
1.872682454423028942e+00
2.649490949557382180e+00
2.606021350664057046e+00
2.028923761563919292e+00
1.344102454443034445e+00
5.078982843245993806e-01
-2.625783512224177940e-01
2.015167397381988357e-01
3.775146641877323850e-01
4.410372220188478187e-01
7.018660733422137366e-01
5.609981099824068451e-02
-3.568174561896191310e-01
7.838126535810883144e-01
1.146704971660760464e+00
3.074279291675452441e-01
-2.417449261403249450e-01
1.033739674036537881e+00
1.004850319898124011e+00
7.851807953934260009e-01
1.832772161857076920e+00
1.811358285747704189e+00
5.872138036097784841e-01
-3.287040217049961299e-01
5.481369204547921203e-01
1.253692424364760916e+00
2.018932734961179420e+00
2.717923016805202430e+00
2.437806889971047664e+00
9.729293729280940051e-01
-4.754047906655034517e-01
-9.718437571839072531e-01
3.273631829005403393e-01
8.930220605862762007e-01
6.716045399027077423e-01
5.321873615340932950e-01
5.177211215354290408e-01
1.025431067819530861e+00
1.231856493636133587e+00
1.006397527475047182e+00
7.500047889126522094e-01
1.172422029016302991e+00
1.574867822164848219e+00
1.267301735653049821e+00
4.997025388315419203e-01
2.351432688761367906e-01
1.743232248146916907e+00
2.118874492565316459e+00
4.664661366037847756e-02
-1.747664853725037659e+00
-1.441468855152169715e+00
1.441656242323618997e-02
-2.792740965862545721e+00
-3.543983540962637235e+00
-1.243225058507912983e+00
-9.472217774921665168e-02
1.535026619424951111e+00
1.976690471182450448e+00
8.072999254533046454e-01
-1.274134277563257811e+00
4.955137768741635362e-01
4.356411838950619675e+00
1.892368200531673761e+00
-6.135667493166288011e-01
4.851731153152936127e-01
1.218246044855826549e+00
8.633354684405574186e-01
3.219545571223276781e-01
-5.852525597705047211e-01
1.371745321691957287e-01
1.586256890625393545e+00
-5.615397517493567747e-01
-1.366550392917820211e+00
-8.366846751757321954e-01
1.386238029309567299e+00
-1.433182614213622141e+00
-2.155609947479069977e+00
-9.198090862354026953e-01
6.180821028369631875e-01
2.003551722681153002e+00
7.856690459460424769e-01
-1.101097710339141500e+00
1.560022960238372391e+00
2.975158090769591368e+00
-5.505705480849676370e-02
-4.002911781669959979e-02
2.066057625931064567e+00
-5.755524110543348559e-01
-6.081370241648453856e-03
2.198034624802562842e+00
-9.465822024911441090e-02
-4.560322661716749160e-01
2.085386388762621390e+00
9.573997033259189493e-01
-5.809761147586112173e-02
-5.132461979844566979e-01
-3.235334185696906673e+00
-2.321233162783909343e+00
6.585782030958582389e-01
-2.186780644942157625e+00
-4.004795540778892438e+00
-8.692811848766135441e-01
-2.736291664945309954e+00
-3.069375099419279440e+00
-6.080579729204178552e-01
-5.411098752352415886e+00
-6.327525731579268786e+00
-1.259389730230148441e+00
1.725587511134599961e+00
-2.751829838702406050e+00
-1.767295918649248065e+00
1.707327451793480222e+00
1.161247276293434494e+00
1.079283856305412570e+00
2.148288088773475657e+00
-1.254678414628220384e+00
-1.180018705956797698e+00
4.411383135422743074e+00
3.240376458878197585e+00
-1.475336889388247474e+00
-2.082479574545245349e+00
2.839198749639804564e+00
4.536048201940275248e+00
-4.745448124028759374e-01
-8.861177773843782468e-01
-1.339991068547108366e+00
-6.776542059608643420e-01
4.812478763095096923e+00
3.703996840653219991e+00
-1.751784593715370875e-01
7.315974881664693008e-01
3.945799455805063971e+00
2.969319888087840198e+00
1.418606050737592383e+00
8.723897804939997336e-01
3.670413061959942880e-01
5.487378612753210927e-01
1.312829837665430377e+00
3.317683049050914601e+00
3.780009946035304935e+00
2.115272678107937843e+00
2.715185908123384007e+00
4.350025720269182550e+00
3.809972995875905877e+00
1.136683071420586888e+00
4.142304705227561890e-01
7.499115381260441637e-01
-7.160906331227647748e-01
-7.553796138839548036e-01
6.768843943435297605e-01
1.399084455060795928e+00
1.817354410810164245e+00
2.369802872227187329e+00
2.298769775209422050e+00
1.281530571489341908e+00
-8.495956111490987617e-02
2.102518151202315000e-01
1.377547086253275710e+00
2.088129253509643846e+00
2.343518118614039025e+00
2.173676288101519916e+00
1.869694081738323188e+00
1.250566106598496319e+00
3.205771144244951021e-01
2.051173836572317555e-01
3.450973640635561779e-01
6.060407195766848165e-01
1.274994479585485285e+00
1.302773108210845798e+00
4.333412159616956694e-01
5.668103683506293677e-01
1.270564572571982964e+00
2.022329270002090063e+00
2.154774625238339958e+00
1.408758107998062448e+00
9.749602360128855061e-01
9.809524909933888814e-01
8.116655735728475207e-01
2.114138907479503171e+00
3.095348678137810339e+00
2.421955662250484309e+00
3.795855416666981119e-01
2.565892878127713495e-01
5.213343042380480519e-01
-4.885791638674622517e-01
5.254672379544557126e-01
1.899982264745915028e+00
1.814790664699782008e+00
5.338376221816729661e-01
5.813056968670409219e-01
5.479373452143605494e-01
-3.311611139886649902e-01
-1.382729528433254140e-01
2.054600276168264683e-01
-3.532426443318382736e-01
4.462204861502849784e-01
1.780480527363389687e+00
2.906374019838686262e+00
2.845107304034052653e+00
2.344432935535246898e+00
1.159719747661227540e+00
5.330248737068163933e-01
5.434195241829850032e-01
-1.004302905090574960e-01
-4.013397663281409455e-01
-2.406885881145192085e-01
-2.672571565205256183e-02
2.999132198734322241e-01
4.376007416804073014e-01
3.444779352748154055e-01
-2.769138338255866527e-01
1.054599903780316650e-01
9.036758496489336601e-01
7.777532881458917302e-01
2.414913394405409086e-01
3.707430647559186720e-01
2.328050133221516660e+00
2.314425680064318591e+00
5.473239029485589269e-01
9.316521705936205988e-01
1.881474072108385576e+00
-2.144047057445654936e-01
4.078535246878904896e-01
1.767643383753992659e+00
1.191013652963269553e+00
2.052504278621650080e+00
3.026982871239076722e+00
1.668196145379838846e+00
1.180329342200725495e+00
1.747002291776081906e+00
1.711285572820327783e+00
2.114815196689521670e+00
1.427718832796785797e+00
-1.018451925910001554e+00
9.523354654182734080e-01
3.114115447235245249e+00
1.988209721516576378e+00
2.661636014253729865e-01
-2.409042368970186754e-01
-1.620943389617908181e-01
-6.975503680722461297e-01
-1.189095615545800788e+00
-2.294733610837969007e+00
-2.230157549988987409e+00
-1.215289903317377851e+00
3.782499197389213030e-01
1.656050653045890941e+00
1.430233187753959134e+00
3.834289969361699413e-01
-6.387485781033126475e-01
-6.557369804579546990e-01
3.009991500784725549e-01
5.653667584755566189e-01
3.256136782690568499e-01
2.783945716380005209e-01
8.162995376252633051e-01
1.363085552956364133e+00
1.261156737080842305e+00
-4.792126057133256900e-01
2.789786150430930700e-01
3.138127217987643824e+00
2.172014297900578761e+00
8.052673601585618179e-01
6.591815243507315181e-01
9.444939431916548056e-01
-2.912040667621820234e-01
-1.387578368432647258e+00
-5.158761533795852561e-01
1.535388298074319424e+00
2.759519922515709212e+00
1.164901508630250770e+00
-1.988250661144483900e-01
-4.428996509602927123e-01
-5.016269998767090010e-01
-3.518816408577474242e-02
-6.845467211772606753e-01
-1.212464665444577427e+00
6.361130664504319743e-01
1.045453790153970886e+00
-2.646505422004736818e+00
-4.135206539086997424e+00
-2.804948321561431257e-01
2.865989875255190000e+00
1.948158247810470645e+00
7.261239053670683896e-01
-1.070010857738197041e+00
-9.199126510730597506e-01
7.619847532095108678e-01
-1.751561120442284292e+00
-4.185215047727853133e+00
-2.346002002888560867e+00
9.866483371001049107e-01
2.407340136494845240e+00
7.482190460384282593e-01
1.381797810703216944e+00
6.327497208642236526e-01
4.304258096425750413e-01
5.398942368193975216e-01
-1.534901752722353185e+00
1.632639989842335382e+00
2.844354907156315893e+00
3.794040061209147385e+00
3.157482125083601154e+00
1.525466668637171175e+00
1.380196727975314452e+00
1.287172210338281886e+00
1.268604181584915835e+00
1.761150594421564186e+00
7.837286358181601020e-01
1.919705860065139769e+00
4.515737051445311678e+00
4.924140592679187023e+00
3.083906778461691367e+00
1.277521959973544563e+00
8.688698399635803593e-01
9.642324304495587528e-01
1.976806960107737599e+00
3.037741117826898041e+00
2.307111471216264142e+00
1.540755141625314018e+00
5.632561581620931790e+00
0.000000000000000000e+00
0.000000000000000000e+00
0.000000000000000000e+00
0.000000000000000000e+00
0.000000000000000000e+00
0.000000000000000000e+00
0.000000000000000000e+00
0.000000000000000000e+00
0.000000000000000000e+00
0.000000000000000000e+00
0.000000000000000000e+00
0.000000000000000000e+00
0.000000000000000000e+00
0.000000000000000000e+00
0.000000000000000000e+00
0.000000000000000000e+00
0.000000000000000000e+00
0.000000000000000000e+00
0.000000000000000000e+00
0.000000000000000000e+00
0.000000000000000000e+00
0.000000000000000000e+00
0.000000000000000000e+00
0.000000000000000000e+00
0.000000000000000000e+00
0.000000000000000000e+00
0.000000000000000000e+00
0.000000000000000000e+00
0.000000000000000000e+00
0.000000000000000000e+00
0.000000000000000000e+00
0.000000000000000000e+00
0.000000000000000000e+00
0.000000000000000000e+00
0.000000000000000000e+00
0.000000000000000000e+00
0.000000000000000000e+00
0.000000000000000000e+00
0.000000000000000000e+00
0.000000000000000000e+00
0.000000000000000000e+00
0.000000000000000000e+00
0.000000000000000000e+00
0.000000000000000000e+00
0.000000000000000000e+00
0.000000000000000000e+00
0.000000000000000000e+00
0.000000000000000000e+00
0.000000000000000000e+00
0.000000000000000000e+00
0.000000000000000000e+00
0.000000000000000000e+00
0.000000000000000000e+00
0.000000000000000000e+00
0.000000000000000000e+00
0.000000000000000000e+00
0.000000000000000000e+00
0.000000000000000000e+00
