-6.218872070312487788e-01
-3.704602879914299374e-01
-4.489395157743389930e-01
-6.351393615913059065e-01
2.340315195723569053e-02
-2.597237999837896383e-01
-9.346403572117421010e-01
-9.240908030453425237e-01
-8.012595501489396810e-01
-7.592039129735757008e-01
-8.627393676161161373e-01
-2.788519513723014542e-01
-8.089016188552844433e-02
-1.443065064896794203e+00
-1.463092873541276706e+00
-4.949919319688231845e-01
-2.876883812495287795e-01
4.427247127097854174e-01
-1.398527652447318914e-01
-2.878763300495470467e+00
-2.966971857797218171e+00
7.019589347198138540e-01
1.776667404493179614e+00
-6.127617508620070153e-01
5.736539372348219423e-01
2.760992840435960716e-01
-9.131932124345487622e-01
2.285006630382048876e+00
1.685951461676578056e+00
-2.739426294183613830e+00
-1.843095591221802110e+00
-7.483431046676018994e-01
-1.548148312897344336e+00
-2.636236317683903430e+00
-1.354658400164993948e+00
-2.979588320984518646e-01
-6.625126036680142327e-01
-1.764349402977054782e+00
-9.191372192125242258e-01
-1.685223837122475476e+00
-2.982824733811066942e+00
-3.553926056205096273e+00
-3.257852818078506019e+00
-5.904873879268031089e-01
6.769159101994226546e-01
-2.508960916171649735e-01
-4.490693075393661360e-01
1.375690730827874741e+00
1.421504644656183425e+00
-1.388109208296529395e+00
-2.692237207786395636e+00
-1.300701896041939643e+00
8.709493026262039583e-01
7.006337190877340859e-01
-1.702211179506329719e+00
-2.398382093127857662e-01
5.400710460505344646e-01
-4.467464923218300576e-01
6.175833510361181666e-01
-1.038841320837153859e-01
-1.974004300282661495e+00
8.688854761176962871e-01
5.767429756635615856e-01
-8.761526394967624753e-01
8.615751250542484918e-01
7.008848483300247345e-01
-1.127863883756745622e-01
1.466510314894868383e+00
1.402328305760284888e+00
-5.453689403435559857e-01
-9.008256574603668021e-01
-4.873612476897639656e-01
1.056340463014808106e+00
1.331209566739603556e+00
1.010776371709370292e+00
8.269717790959691950e-01
9.797490167649280934e-02
-7.867976576507161868e-01
7.582376486823427797e-01
9.268461777315526451e-01
4.749554747854292103e-01
1.537714183533009038e+00
1.805381178296709299e+00
1.107230030486231698e+00
1.004522987871010908e+00
5.728637340145601442e-01
-6.007524986230757813e-01
-1.174029996007907473e+00
-6.147901442423816532e-01
-3.190161460790212899e-01
3.624150341194507519e-01
1.490296402262108355e+00
2.485776399855722740e+00
3.030069339627579961e+00
3.054617643716898368e+00
2.260393249678954497e+00
8.733329655096910837e-01
4.271236316743316497e-01
9.180389931069832254e-01
1.184120022289917307e+00
1.491424254464208010e+00
8.684050138525425400e-01
9.536177112378130261e-02
-3.787102037830838430e-01
8.477062979144167620e-02
-1.520910116095066655e-01
-1.352068270977215603e+00
-2.041095653673155930e+00
-1.745362818380975067e+00
-1.135118339662140929e+00
-1.313089248500454387e+00
-4.897212369772846463e-01
7.000185893872989951e-01
1.783650705678679671e+00
1.652798144964612304e+00
1.254898467678665419e+00
7.417024222828660918e-01
4.117272749454139458e-01
2.569308432771337802e-01
-8.651277986914600593e-01
-1.144894224207404276e+00
-4.272923814818971877e-01
1.696241668759714827e-01
1.588505443518450022e+00
3.194489794456699894e+00
1.552329190291028782e+00
-6.372934545625994485e-01
-2.503966616781378107e+00
-4.371895851623404106e+00
-3.851313850768158797e+00
-3.117109423714011562e+00
-2.329820486848341865e+00
-1.033971465986843086e+00
1.821603679389536268e-01
5.716489851530734967e-01
2.117318709038630065e+00
2.217984124418124203e+00
6.714153859525322510e-01
-1.566436652243602179e+00
-3.882758098615191056e+00
-2.734169763243707862e+00
-2.745296779482320204e-01
1.186174935111301565e+00
2.008559075437080566e+00
1.947547503549313497e+00
2.395455310399710491e+00
4.724101672926386719e+00
4.845586100512163874e+00
3.008501301553526019e+00
1.256389601600782502e+00
-2.042667076074589083e-01
1.151109052475686845e+00
2.241623991137011718e+00
2.656870775712294463e+00
3.223004921014459789e+00
2.833688246307831449e+00
1.110101734407479945e+00
-5.298551442736858519e-01
-1.144471375977840877e+00
3.845949528232204262e-01
1.343445306795133076e+00
2.234823859647221411e-01
-1.090186282263742257e+00
-1.113224565803850652e+00
-1.510874398089892212e+00
-1.260892236469697059e+00
-1.843171178490932149e-02
6.026176819607687030e-02
2.113866371540478184e-01
1.048623162841438861e+00
2.015212222427804623e-01
-1.298153711875074112e+00
-9.975727875883437790e-01
-4.272292834884217072e-01
-5.603329645818708737e-01
-1.518863789513823725e+00
-1.284824171862919862e+00
8.384370458406520399e-02
-2.684434374821684788e-01
-1.805564231772830430e+00
-9.791139271083109108e-01
-1.527584728193519759e+00
2.902280966691639374e-01
2.067747904497704070e+00
1.138877694962178833e+00
6.275466903734465696e-01
1.605553423747360320e+00
5.723962413729033472e-01
2.562209752234929638e-01
2.522196560360011386e+00
2.403205922958596474e+00
1.654936172588035603e+00
3.635295674103788510e+00
3.266041518742364591e+00
1.349705890303119604e+00
3.029501121201262581e+00
2.670954621531803852e+00
-7.997939333259462824e-01
5.456429000421310072e-01
1.850206625667977889e+00
-6.871908459226330201e-01
1.209923177278114270e+00
1.140314277946418375e+00
-1.284728615630249760e+00
5.487348628877530832e-01
7.105503712571126229e-02
-5.166630570671548739e+00
-6.338351899151171587e+00
-7.344310379253922605e+00
-7.336107982701188135e+00
-4.421341073703031199e+00
-3.355576073271959281e+00
-9.275532684628406965e-01
-2.950273403500809355e-01
-9.559436619527663659e-01
-8.255303270125136095e-01
-1.773268392180380904e+00
1.534953919367112452e-01
1.549163705594121643e+00
6.177582088968098795e-01
-6.787007460684646443e-02
1.679277251066863208e+00
1.839600707221332732e+00
4.859459029014336906e-01
5.637018958864371543e-01
1.446162066310949568e+00
5.472290975498443899e-01
-1.428853225987735787e+00
-1.502677960443522975e+00
-1.788700686312983290e+00
-1.665098058679284065e+00
-1.215937847102523062e+00
-2.895671358833537545e-01
-3.720335120414429708e-01
-4.550422706557809560e-01
-2.560708355623804167e-01
-1.667228303574332382e-01
-5.653711768605496069e-02
-2.640040097970679511e-01
-6.340594033769300086e-01
-2.022517254596098990e-01
7.731447730719143152e-02
-4.280538766820918273e-01
-9.032313095657176216e-01
2.521106426788837229e-01
7.433482215896514145e-01
-2.005895612978013665e-01
-5.328493221954146986e-01
6.015013470245891281e-01
-1.594885532805720985e-01
-1.647766546045726699e+00
-2.668644554251742740e+00
-1.499709531866190826e+00
-2.673169046011016903e-01
2.006279122331480202e-01
-2.843628472679491370e-01
2.026607977209486933e-01
6.414960856518217014e-01
2.316676452839829814e-01
-3.604573314007599727e-01
1.563670520237612216e-01
3.085763304016111430e-01
-2.463523524338167014e-01
-7.968551723283239241e-01
-9.433656149642235533e-01
-1.471448642196827805e+00
-1.924899909108077400e+00
-1.203322860101073477e+00
-1.351945120096270880e+00
-3.303534503859576699e+00
-5.789611583306588649e+00
-7.714942721646784740e+00
-8.048450568497635516e+00
-7.200626248913344796e+00
-5.046152210439297292e+00
-2.441081573702410523e+00
3.324423066059967180e-01
-7.280214579426540489e-01
-1.961100792082988153e+00
-1.041216886360349259e+00
9.536306368111351350e-01
-1.179069762735984739e-02
-1.998694365497434955e+00
-6.615428916634218393e-01
1.313818537377804185e+00
8.817850131290029259e-01
-2.392899527559235739e-01
1.594463209643849799e+00
1.139913116514643221e+00
7.849204290863512901e-01
6.715838635838069504e-01
-3.238645084991439438e-01
2.243317843691712277e-01
-1.089473382406837665e+00
-1.605601262759104308e-01
4.364855499317865650e-01
-2.185817931535494196e-01
2.066721681774226216e+00
5.901537121804103503e-01
-2.589958854786369447e-01
2.111965953905513338e+00
1.332385453766929295e+00
-1.072872294925048875e+00
1.952071972584607629e+00
7.766931885276804337e-01
-8.834843055545589241e-01
2.074952702263107795e+00
2.010098940210119700e+00
-1.778057063394467008e-02
1.396876603695421881e+00
2.235871762107562333e+00
8.552869737874166933e-01
1.372329364322670830e+00
1.593304326519554559e+00
-5.208494135903800615e-01
-3.990564511068779296e-01
1.226032679876549736e-01
-1.316645848806879293e+00
-8.885362740421758332e-01
6.390016436023162605e-01
3.915900844910211731e-01
-5.964418498256064405e-01
-1.578074979388079946e-01
-1.337997424673179170e+00
-3.202598164633974065e-03
4.471121290012625149e-01
-9.192582747591440118e-01
-1.310191711578549967e+00
-4.535678092135706496e-01
-2.999179719663829236e-01
-8.478259955552951421e-01
-1.279433961052933721e+00
7.086305991933228299e-02
1.293577802493517170e+00
7.650142810232322121e-01
-9.898993057763894043e-02
-7.558295281463625059e-01
-2.248373862243430388e+00
-2.781175914363545942e+00
-3.243321331195806234e+00
-4.464222263814674463e+00
-4.113884259656840570e+00
-3.020954805175761315e+00
-2.463113366656095593e+00
-1.792896964611988553e+00
2.307549391183104648e-01
1.179460505456092712e+00
1.622179547012489564e+00
6.276679350102263300e-01
-1.307305792822234025e+00
-2.516916428729564004e+00
-3.190844437786932719e+00
-3.131251184209456362e+00
-2.742439509201481940e-01
2.312289185534503133e+00
4.487863935403209936e+00
5.470264198210165851e+00
3.312124042979466942e+00
2.888761265932175526e+00
3.067368005344282000e+00
2.934158450619732239e+00
3.133950145227796025e+00
2.604587828881795186e+00
1.800914178769076557e+00
2.602988226597283905e+00
3.163682177433308151e+00
3.537752674256868346e+00
2.643966566925417983e+00
1.126991682535957384e+00
1.986138164806040107e+00
2.501940459881395462e+00
2.356414747422533651e+00
1.464298537315511517e+00
-2.526914653516465492e-01
-1.689552064196429004e+00
-1.796762954450275007e-01
8.972494912219661778e-01
1.423971162928178602e+00
1.860916738970860740e+00
1.882088446691642325e+00
2.113714454654518349e+00
1.308733233754267422e+00
3.123280734936750846e-02
-4.462150780604923206e-01
-1.478431207336283748e-01
1.562641523097727525e-01
1.507330635127635876e+00
2.292870712152203616e+00
2.025636766716928161e+00
1.431451311599484910e+00
6.980484386851060208e-01
-4.709582447620749290e-01
-1.393988881474364616e+00
-9.088574576788192028e-01
-8.085806918300616486e-01
-5.614485983097206034e-01
9.832917660558859740e-02
6.497331835601275474e-01
4.109992468482805972e-01
1.659009090305852974e-01
4.350627337503207848e-01
3.992284086929487330e-01
1.084066948050055323e-01
3.969890276114382832e-01
8.146013561815939052e-01
1.045516294760556963e+00
2.175960732470350933e+00
2.494865358828820323e+00
2.526129621795498714e+00
2.138788395064517456e+00
1.468974389174323658e+00
5.578636394553908584e-01
-4.797182089943881067e-01
-1.371658365526571055e+00
-2.115181285504272868e+00
-2.982285625980473753e+00
-2.319587210798943033e+00
-8.314403783592232422e-01
-2.042582082343453731e-01
-2.242976173858901578e-01
2.179456603248337565e-01
1.048165202652526773e-01
-1.433353186552810410e-01
1.388675177904078240e+00
9.768311795323412206e-01
-1.134228121448739302e+00
-2.894670826039194012e-01
9.008459904421508568e-01
1.974733916498573327e-01
-4.306524349691076559e-01
-1.054371716576592899e+00
-1.885950727046271203e+00
-9.607128912096982720e-01
-1.019481840739558276e+00
4.918120821553939592e-02
2.606485024741749257e-01
-6.859457146480241185e-01
1.226782911313302193e-01
-5.577259663677613943e-01
-3.293310150674318315e+00
-2.307175873686236667e+00
-1.436866694927213750e+00
-3.014068987816686640e+00
-8.087442564476576834e-01
-6.923418111945798259e-01
-2.376806558312447137e+00
-7.484539927246867119e-01
-1.060562575997404666e+00
-3.342546119502340041e+00
-2.818201535531920321e+00
-2.870169347496799528e+00
-2.577871819136488440e+00
-1.494380842649671193e+00
2.280725793090436770e-01
3.016097606724210678e-01
1.745381303690152208e-01
1.356047063036220912e-01
2.204908959839916527e+00
2.821289113954824845e+00
-6.975567193473342087e-02
-3.478604030284286885e+00
-3.342061219322190802e+00
-1.155717759512786769e+00
1.912479017285348970e+00
6.455537073138235549e-01
-1.500320668467182594e+00
-3.748698823785550083e-01
4.581940485519622186e-01
-8.559795070150921781e-02
-9.822362813907743462e-01
8.743497195115708109e-01
2.652995271741694694e+00
1.758498382957391248e+00
-1.907604187524452044e-01
2.523672538693380929e+00
2.602890858602945556e+00
1.336406479379258272e+00
2.684462661968720187e+00
2.121882494229298644e+00
-3.617814432431272209e-01
3.199155489703677802e+00
4.032363822781333873e+00
1.713661672430373484e+00
1.811050975726687717e+00
2.886305333877418722e+00
1.017580002203172462e+00
1.442823742314625290e+00
2.304535950607319084e+00
1.312016348278544076e+00
6.020322015198742438e-01
1.283568074026958827e+00
9.579638936744646616e-01
3.189902918729128345e-01
2.421845720731818918e-01
2.080448685201459202e-01
3.131569521506108456e-01
2.682426844801416022e-01
4.685321846237787136e-01
3.666120171248543613e-01
2.304537541020849345e-01
