-8.925170898437500000e-01
-3.304920769260322189e-02
3.504800519466683140e-01
-3.580234519019730444e-01
-9.421681087279718536e-01
-8.401109135382890392e-01
-6.649015345873363625e-01
-5.341229416754156301e-01
2.662354716487703721e-01
1.216661493271474770e-01
-9.024494136733645089e-01
-1.415366655825337494e+00
-1.141917891870431578e+00
-3.815859824504568287e-01
5.029664551493078228e-01
-8.147288572846904664e-01
-2.345063178377570168e+00
-6.505537220141250909e-01
7.379419941027816066e-01
-4.357433908614494200e-01
-2.410978726189982879e+00
-2.391447696656649136e+00
1.659450895414782190e+00
9.052664874602971423e-01
-4.578815417301882462e-01
-7.484352985812938730e-01
-1.775396761621938824e+00
-2.932831782086384287e+00
-2.377216588711887457e+00
3.883196399651949182e-01
-1.568499882106912935e-01
-1.018023142883706544e+00
-8.453812463586933834e-01
-2.178317413118408208e+00
-2.466146442361055957e+00
-6.912693897354020844e-01
-2.981863588822841749e-02
-2.609203769721317734e+00
-9.607779515985364061e-01
-2.617348595201880457e-01
-5.619921009306656501e-01
7.039705782475462748e-01
7.095882762117211584e-01
-5.275082420206791411e-01
-3.211211339962067868e-01
3.861726556784947917e-01
-1.625566184214339405e+00
1.121852741011974519e+00
4.132560716194331185e+00
2.989924230017297457e+00
7.168831617445061699e-01
4.814401315765532985e-01
2.833800795929414251e-01
-2.156634057555392725e-01
7.511776714629569973e-01
1.090443502423755096e+00
1.020654473903138015e+00
9.775780089287608998e-01
6.565941915915178839e-01
6.115237552147795297e-01
7.022991334261865504e-01
-1.914883247977429148e-01
1.314155509866220317e+00
3.252400422168881811e+00
3.983834098003146806e+00
2.809404219603730546e+00
8.702127296524029276e-01
-3.103367359516374657e-01
-1.588432830479172830e-01
1.347625183921593583e-01
1.745173571248440636e-01
2.042102523484533028e-01
-5.646394283179523299e-01
-4.411002982795709237e-01
4.130156459616850517e-01
-1.981493467556364463e-01
3.691290336130692573e-02
6.802663268394359974e-01
2.273601359137623623e-01
1.247189098762538695e+00
2.240654627386716058e+00
2.050384182555117007e+00
1.558675351876655846e+00
7.653681590903400611e-01
-7.566118493079811991e-01
1.816333995084165043e-01
7.605916000133464694e-01
4.514443650211921177e-01
9.816721034042208416e-01
1.602960658862993659e+00
1.539266898140976281e-01
-2.094795322070318822e+00
-2.417277004499971405e+00
-1.036299511176685506e+00
-1.584708067165437217e+00
-9.155891921344756490e-01
-2.233972781530311202e-01
-1.510993436488648811e+00
-3.266102789804414819e+00
-8.530944340682107274e-01
7.609004082045878192e-02
-1.441234487303185263e+00
-2.043813611723709123e+00
-4.402941627467971131e-02
1.211342643017074394e+00
5.109113217797660589e-01
5.799041943034444202e-02
1.285628010245437602e+00
2.660944818258126787e+00
2.011629380059194894e+00
1.903408635056689224e+00
2.315784894349682155e+00
2.551337471256272416e+00
1.585777650422992124e+00
-1.042673828915339218e+00
-2.148238905900075935e+00
-8.416287187572579764e-01
5.055062191042638542e-01
5.287933307482672873e-02
-6.484061580673505798e-01
-6.902588477990634352e-01
-1.422203575129523667e-01
3.854011513487891616e-01
4.653011407302336533e-01
5.486475757653724861e-01
4.248179891277785725e-01
7.353534560423125033e-01
1.048424186861792062e+00
5.840019415157660099e-01
1.450832099121184271e-01
1.916658567776119426e-03
3.743176981267687387e-02
-9.424530430319536523e-01
-1.171488350782303289e+00
-3.830143820895407503e-01
5.938533785442370316e-01
8.942603891320882736e-01
5.877688070789470753e-01
2.776877690598511528e-01
-3.039725101375349015e-01
-6.951862062641779305e-01
-1.002392811855204791e+00
-8.174407341493403756e-01
-5.754489696360172157e-01
-7.871304676114636578e-01
-6.322145258238638377e-01
2.602299533179626145e-01
-8.657994425823664075e-01
-2.175374352350644358e+00
-2.213224487448651079e+00
-5.008878973774371079e-01
-2.717582713069479627e+00
-7.827085805876241587e+00
-1.102581575610190789e+01
-1.039438419751768627e+01
-9.185699275139871389e+00
-9.183895021871951059e+00
-6.828690424452078744e+00
-1.489498796463443409e+00
1.151977799181967743e+00
-1.683709317554059837e+00
9.080452775011154110e-01
7.775373611703414234e+00
8.665501650002907397e+00
6.564083964649183756e+00
3.415190309886666054e+00
8.334043436829337015e-01
-3.905620482553397999e-01
-2.443030774980656794e-01
-5.182534060991930147e-01
5.793364497016116887e-01
8.524554531609593866e-01
1.687973666482127655e-01
-8.912422205318928370e-01
-2.169940417925054987e+00
-1.475751112819453148e+00
-1.415740632986474790e+00
-1.664766348254334005e+00
3.805445935377894662e-01
6.516552662811696539e-01
4.075034303462836682e-01
7.168483672148118213e-01
1.663660433529059457e-01
-2.251158991587152158e+00
-2.620325951579353330e+00
-1.281342319318064193e+00
8.545002188427275325e-01
-9.374364262752554744e-01
-1.300775882119413307e+00
-3.007785985300870379e-02
-3.051392342449834150e+00
-7.830957549859252076e+00
-8.637242920237998334e+00
-9.244540394091421476e+00
-1.098106962446155954e+01
-9.463462378873733982e+00
-5.711911835530465886e+00
-7.280980353279344897e-01
-9.057909349629400531e-02
-2.477089422292528376e+00
-1.237325110866252853e+00
-5.228667011442504897e-01
8.207208828311391979e-01
4.075652915020111955e+00
7.701198442052771043e+00
9.124468748221101322e+00
6.983984794498661941e+00
2.698976908836097088e+00
1.071611866406167790e+00
2.801100165019835053e+00
2.730630840344346222e+00
8.762611909680626532e-01
1.794543386780451111e-01
3.780774041452503731e-01
-5.330225335642077011e-01
-1.531827675898417285e+00
-6.522867392012100529e-01
1.653441201692544271e-01
-2.475988369113624188e-02
-4.230497298611348711e-01
-7.506447633922550544e-01
-2.878366170515721523e-01
8.765673986088458047e-01
1.578576079006858368e+00
1.111076707319428092e+00
7.578679755895212367e-02
-6.817877498492588284e-01
-1.069459505900175245e+00
-1.418614011845002576e+00
-1.792141954117984382e+00
-1.275981291800869277e+00
-2.901111182974313030e-01
-9.044012078595751181e-01
-1.384208688702013523e+00
-1.231815772515720830e+00
-1.135917649577372845e+00
-1.920873638953449758e+00
-2.230399590436051405e+00
-1.448365023504981863e+00
2.235534171481388110e-01
1.836056725427744896e+00
5.780889132329234403e-01
-1.380780624115521382e+00
-1.988841345416580753e+00
-1.449867182995941084e+00
-1.989002937708640228e+00
-2.005917771636974489e+00
-1.846468826577008837e+00
-2.461020727363468552e+00
-2.389249512652498630e+00
-2.170444427918730490e+00
-2.409812582532007141e+00
-2.699422676537903243e+00
-3.890404213235542308e+00
-2.822512081112845461e+00
7.774846197543490156e-01
1.757079446837768621e+00
1.960102563821146227e+00
2.606023084148145763e+00
3.042784871469884855e+00
2.777281220201083922e+00
2.589027546368885879e+00
1.982200630819145104e+00
1.934018637753756042e+00
2.617048798439078894e+00
3.031187869411148483e+00
4.992854037045214577e-01
3.493148066971367705e-01
2.790416753428551999e+00
2.332077537230014652e+00
-4.535740884401995299e-02
1.887363611240173267e+00
2.443704730568382999e+00
2.405073918721105208e+00
2.298839307070280391e+00
4.524410335680103534e-01
-2.327965062636824234e-01
8.736216723470620060e-01
1.551699036256748654e+00
1.750753296660024105e+00
7.202890893998703525e-01
-1.964736241065352385e-01
7.698953248176021447e-01
1.062374061745953835e+00
7.588743102172068600e-02
3.656244671820164660e-01
1.484155603427093517e+00
2.736637081211818145e+00
2.695380174887545888e+00
1.130241416028021195e+00
3.489797407424017894e-01
1.142108123432018507e+00
9.945111750849837673e-01
4.092839643713289122e-01
-1.476411216501732904e-02
-2.864562798710011404e-01
-6.736132054805885616e-01
-7.488855050154081816e-01
-3.979659223761652376e-01
1.990307986844741528e-03
3.260228466037928263e-01
-1.219907860770041763e+00
-6.519722466961570539e-01
2.472120478365136265e+00
1.881171354208994284e+00
3.807427773117728620e-01
-4.572621602978115263e-01
-1.931245758117645206e+00
-1.975074544634266349e+00
-1.144720640762920905e+00
-1.260866447848060901e+00
-1.759209430690975573e+00
3.068834050485280684e-01
-1.047711401560348365e+00
-3.368575767724885317e+00
-2.678333262129909631e+00
-1.270720388766082065e+00
-2.745402989207195610e+00
-1.687493542691973714e+00
2.032367994385572807e+00
1.029104414336573736e+00
-8.945233470073348236e-01
-2.176210668367373202e+00
-8.116263434392179121e-01
-6.893013656884359186e-01
9.954158617072952353e-01
2.751725163872696278e+00
-3.383608163802698243e-01
-1.728672016436245240e+00
-1.221944462685780497e+00
-7.795972430395428088e-01
-1.986269469323895365e+00
-2.392129368239688247e+00
-9.441878974982464978e-01
7.006540305365331900e-01
-7.397942288207802752e-01
-5.538774652439364399e-01
9.520563602988065810e-01
1.385791117667446448e+00
1.192673828289517957e+00
4.281882459932163654e-01
-1.801978157694764660e-01
8.319700279352215677e-02
1.211656770940581218e-01
1.122219867370166435e+00
2.013595779328618107e+00
1.939267910183625210e+00
4.679770427293901136e-01
2.000503620784540360e+00
3.198377890721094463e+00
3.093895417848960605e+00
1.626810096739106148e+00
1.049764442495511263e+00
2.048590295987228416e+00
1.947852203427882900e+00
1.325232721014037773e+00
9.525984487820974289e-01
9.164872814046993721e-01
1.048690238056758872e+00
1.043151341342992255e+00
8.300382815756409682e-01
5.425755776581921985e-01
3.112766440292559778e-01
1.603242091468578268e-01
2.275723826469117916e-01
6.775869559734856162e-01
8.732614561075978665e-01
5.816707322977030525e-01
0.000000000000000000e+00
0.000000000000000000e+00
0.000000000000000000e+00
0.000000000000000000e+00
0.000000000000000000e+00
0.000000000000000000e+00
0.000000000000000000e+00
0.000000000000000000e+00
0.000000000000000000e+00
0.000000000000000000e+00
0.000000000000000000e+00
0.000000000000000000e+00
0.000000000000000000e+00
0.000000000000000000e+00
0.000000000000000000e+00
0.000000000000000000e+00
0.000000000000000000e+00
0.000000000000000000e+00
0.000000000000000000e+00
0.000000000000000000e+00
0.000000000000000000e+00
0.000000000000000000e+00
0.000000000000000000e+00
0.000000000000000000e+00
0.000000000000000000e+00
0.000000000000000000e+00
0.000000000000000000e+00
0.000000000000000000e+00
0.000000000000000000e+00
0.000000000000000000e+00
0.000000000000000000e+00
0.000000000000000000e+00
0.000000000000000000e+00
0.000000000000000000e+00
0.000000000000000000e+00
0.000000000000000000e+00
0.000000000000000000e+00
0.000000000000000000e+00
0.000000000000000000e+00
0.000000000000000000e+00
0.000000000000000000e+00
0.000000000000000000e+00
0.000000000000000000e+00
0.000000000000000000e+00
0.000000000000000000e+00
0.000000000000000000e+00
0.000000000000000000e+00
0.000000000000000000e+00
0.000000000000000000e+00
0.000000000000000000e+00
0.000000000000000000e+00
0.000000000000000000e+00
0.000000000000000000e+00
0.000000000000000000e+00
0.000000000000000000e+00
0.000000000000000000e+00
0.000000000000000000e+00
0.000000000000000000e+00
0.000000000000000000e+00
0.000000000000000000e+00
0.000000000000000000e+00
0.000000000000000000e+00
0.000000000000000000e+00
0.000000000000000000e+00
0.000000000000000000e+00
0.000000000000000000e+00
0.000000000000000000e+00
0.000000000000000000e+00
0.000000000000000000e+00
0.000000000000000000e+00
0.000000000000000000e+00
0.000000000000000000e+00
0.000000000000000000e+00
0.000000000000000000e+00
0.000000000000000000e+00
0.000000000000000000e+00
0.000000000000000000e+00
0.000000000000000000e+00
0.000000000000000000e+00
0.000000000000000000e+00
0.000000000000000000e+00
0.000000000000000000e+00
0.000000000000000000e+00
0.000000000000000000e+00
0.000000000000000000e+00
0.000000000000000000e+00
0.000000000000000000e+00
0.000000000000000000e+00
0.000000000000000000e+00
0.000000000000000000e+00
0.000000000000000000e+00
0.000000000000000000e+00
0.000000000000000000e+00
0.000000000000000000e+00
0.000000000000000000e+00
0.000000000000000000e+00
0.000000000000000000e+00
0.000000000000000000e+00
0.000000000000000000e+00
0.000000000000000000e+00
0.000000000000000000e+00
0.000000000000000000e+00
0.000000000000000000e+00
0.000000000000000000e+00
0.000000000000000000e+00
0.000000000000000000e+00
0.000000000000000000e+00
0.000000000000000000e+00
0.000000000000000000e+00
0.000000000000000000e+00
0.000000000000000000e+00
0.000000000000000000e+00
0.000000000000000000e+00
0.000000000000000000e+00
0.000000000000000000e+00
0.000000000000000000e+00
0.000000000000000000e+00
0.000000000000000000e+00
0.000000000000000000e+00
0.000000000000000000e+00
0.000000000000000000e+00
0.000000000000000000e+00
0.000000000000000000e+00
0.000000000000000000e+00
0.000000000000000000e+00
0.000000000000000000e+00
0.000000000000000000e+00
0.000000000000000000e+00
0.000000000000000000e+00
0.000000000000000000e+00
0.000000000000000000e+00
0.000000000000000000e+00
