-6.112670898437500000e-02
9.579994402179241586e-01
2.084080396237736998e+00
1.269939917600988677e+00
2.369913846331420881e+00
3.647081320438952279e+00
3.064065046329745634e+00
-1.227607195127558892e+00
5.564094394030383306e-01
1.899534222663131544e+00
8.801307877541544311e-01
1.042049703446051856e+00
1.832635990666793502e+00
1.094291976079335482e+00
8.346350848856074478e-01
-3.724951978617374593e-01
-3.518929001091743558e+00
-2.395376746870366613e+00
2.355437783702205579e-01
-1.544348096062742037e+00
2.366030110122832042e-01
5.501806181733323697e+00
6.405526726671983084e+00
5.622880087149193962e+00
5.059907868929236940e+00
3.224973356239137168e+00
1.944076564876561442e+00
2.577516392816316060e+00
1.938038218665131263e+00
-4.602597462705961817e-01
3.706475973319368400e+00
5.202695408199535798e+00
3.114966009624065002e+00
-1.850477777150851821e+00
-5.017157208144004343e+00
-2.887571909699017780e+00
5.206020941781246414e-01
-3.128487377661193225e-01
3.881002888190461242e-01
1.836694385911643579e+00
1.897115082873984448e+00
2.211721610920009518e+00
3.713414473470313837e+00
5.018914739492136512e+00
6.178725733278096044e+00
5.132910467192319359e+00
-2.101301832470259257e-01
7.966419822704562392e-02
5.834318300591907480e-01
-6.872689499625490583e-01
2.568776653008391087e+00
6.564340673473938459e+00
5.868888550725194442e+00
-9.676369976875109913e-01
1.492753636057091438e+00
4.920252653946012522e+00
3.509800653609849608e+00
2.883194416256340098e+00
1.507574251402132859e-02
-1.746292773380307750e+00
-7.959562651257225951e-01
-7.177257583329779145e-01
-9.309812593882516030e-01
-1.420698591566617042e-01
-2.205959555274008999e+00
-3.090395182966321208e+00
-1.952593783735743216e-01
1.013028883887990839e+00
-7.413395723259026404e-01
8.198922487701052475e-01
3.972934885495508439e+00
4.947134901974636456e+00
2.539596624169262462e+00
1.682691611675664944e+00
-2.070729424037225375e-01
1.885705818785554655e-01
-2.734108412101312613e-01
-7.568527498431607548e-01
3.339755340377756898e-01
-3.717092448347485423e-01
-1.683501810756644845e+00
-1.783387608992179629e-01
6.163191939081134052e-01
4.910731001854187205e-01
1.219930236796725964e+00
1.264530913942903956e+00
8.227195975173577924e-01
-1.419113884271047343e+00
2.220275813236078921e-01
2.035927472572181429e+00
-6.548280816992233522e-01
-7.228990044006526894e-01
2.287499931372125594e+00
2.633177379876374236e+00
7.436726551437842225e-01
4.603199233748711539e-02
2.183817558490771749e+00
2.359436220863972977e+00
7.187884642172450711e-01
1.118131446658408024e-01
1.217913032033235199e+00
9.005465338224971639e-01
-1.421933901508009690e+00
-2.733136018839981141e-01
-1.383370220770130388e-01
-3.397491014415994215e-01
1.867874947380894213e-01
-1.044470457453584356e+00
2.732001067730163157e-01
7.346653290886417942e-01
2.864896106430654399e-01
1.431914434804979486e-01
-2.631843527402240923e+00
-1.917426673694911043e+00
6.726529130668201795e-01
1.369113530969431336e+00
2.245709384149611409e+00
3.154160405929411493e-01
-2.068075912732161292e+00
-1.285856543203954594e+00
-2.921366055505581372e+00
-3.656390883087449417e+00
-1.160176294207515113e+00
7.358797314724365712e-01
1.302624755632517228e+00
1.216912534015703207e+00
6.547367553611944668e-01
1.146746295037588625e+00
1.356326771019198851e+00
-2.295495635456124006e-02
-1.261217403166392748e+00
-5.994087235905833921e-01
5.465844198771390161e-01
-2.814060947818776137e-01
2.789792932272703863e-01
3.544304365293216019e-02
3.100694058915151041e-01
5.057160217742735497e-01
-1.152400052785032214e+00
-1.990446108163372863e-01
8.531155427847627593e-01
-7.391753082744174641e-01
6.342877398682644774e-01
2.174061198544963602e+00
4.923782581182236662e-01
-7.128676095469690388e-01
2.089792123482041020e-01
-3.285158990155030434e-01
-1.040195981780352330e+00
-8.322063781799333704e-01
-1.624955448440202233e+00
-2.861239107464394582e+00
-1.834971253579736894e+00
3.547908853861203582e-02
-9.153006168339945514e-01
-1.368063973614139783e-01
2.244248203550259779e-01
-7.160727702240243797e-02
9.453531703068096537e-01
1.062250878400069931e+00
-5.376106785475998073e-02
-9.145278895335378078e-01
4.546541814682625304e-02
8.485113790287439617e-01
2.046567170970711391e+00
1.774928616905956380e+00
1.386220679958774182e+00
8.448147699703270064e-01
8.830769470694674883e-01
2.116433168699467071e+00
1.240885769548913498e+00
1.121312532692701147e+00
1.244734807964583467e+00
1.899611106318996878e-01
9.167629096293206103e-01
3.927538422554404107e-01
6.393736576765843838e-01
8.269588249371199185e-01
-9.516715394870018940e-01
-2.282855339507700698e+00
-3.210633156495318996e+00
-2.700054082437216785e+00
5.179882494703065277e-01
3.132142102142276396e+00
3.144089489724594344e+00
1.489160235180435610e+00
2.373312471102109189e-01
2.621814383062854859e-01
8.508354618759212951e-01
1.270464104153893770e+00
2.217904122104886522e+00
1.820281292381148663e+00
-5.037560071791298277e-01
3.117012465608270944e-01
2.281816954258931496e+00
2.133702315210564304e+00
1.283129678074994562e+00
-7.264955653657727552e-01
-2.827859172166694357e+00
-2.163271779667891970e+00
-1.271538425446568255e+00
-4.431810476110404906e-01
2.169798648235321537e-02
7.906603709753832199e-01
2.795954040540978180e+00
1.615182802816296892e+00
1.778883466392718660e+00
2.554001482234661502e+00
2.627347878474390441e+00
2.235791058232153183e+00
1.354547470897504269e+00
5.215537856218723789e-01
9.329074027776509404e-01
3.250843507667124932e-01
-2.729835610292042691e+00
-4.360824334916395983e+00
-2.819468767847761903e+00
9.595805939185102496e-01
4.667999308242603895e+00
9.156770087549448434e-01
-3.313351455952304736e+00
-5.838667668371125608e+00
-5.932445101650798414e-01
4.625033527577761205e+00
1.611032186335371374e+00
-1.735542851832323485e+00
-3.395257930172387972e+00
-2.648886530889544400e+00
-3.406221602515322466e-01
5.561161249224446657e-01
-1.126283849160729655e+00
-1.027159610143976387e+00
1.447932371937831419e+00
3.255283207773549847e+00
3.403034722211576657e+00
3.115441785265866237e+00
3.195266376414282572e+00
3.125907047849998843e+00
-3.872786281021927124e-01
-1.085298290775823737e+00
-5.610243975220008394e-02
5.798678676244950481e-02
-1.028221646622946572e+00
-1.803283010438277323e+00
-2.003228322386019222e+00
2.168815731699158533e-02
1.180526973893746057e+00
1.635503089914622343e+00
1.943103142734191380e+00
4.982698574096500188e-01
2.238920600127589644e-01
2.705049890293466763e+00
3.194081527974277357e+00
2.273024247222450445e+00
6.089128206617162586e-01
-3.549921952619987664e-01
1.598510902436380832e-01
1.612334145139250330e+00
2.559850670815159379e+00
1.615070486535019612e+00
-1.097697533023656469e+00
-2.918964509662999696e+00
-1.726260881004429315e+00
-7.922825660915484569e-01
1.934905537374286277e-01
1.013648133499827964e+00
-2.188023667752612145e-01
5.501443296833654628e-01
9.831845174056814685e-01
7.139106375991378650e-01
1.180975224403015833e+00
1.076930172148676146e+00
1.346421515134204050e+00
1.475332721688787485e+00
8.592416422214501637e-01
1.260150371798236746e+00
1.889092524102352622e+00
2.100355322341513453e+00
1.713819581312886919e+00
7.655950580953341245e-01
-6.129324220147603919e-01
-1.175349220442169385e+00
4.192726470962082619e-01
1.563523952138321960e+00
8.688593990600665951e-01
-1.478607827126587893e-01
-8.934782217644454683e-02
-2.226323774292178204e-01
-1.276305968940670166e+00
-1.401481443351892286e+00
-3.010291221086750291e+00
-2.565138212371633752e+00
1.883560029138076075e-02
9.863566104113541400e-02
-9.976741165565329306e-01
6.725941682508982389e-01
-1.240518882584376037e+00
-5.910383682765121272e-01
1.657280465698149019e+00
1.525394770997587690e+00
4.112646039896479255e-01
-1.062479576491037747e-02
-1.199376075675617770e-02
-3.400615053952640299e-01
-9.280428369994475624e-02
5.141358420439844368e-01
3.426757209313393560e-01
1.724236121981385650e-01
1.908085242271879145e-01
-3.216145668190647511e-01
-8.738206010634319565e-01
-1.339999874135043179e+00
-4.591246146916569959e-01
1.194707338806096475e+00
1.544326288990289120e+00
1.277182205153419847e+00
1.428244984541102713e-01
-2.761213659565475709e-02
6.046714463559279551e-01
2.601429530177439275e-01
-3.467274463045450617e+00
-4.046467223367236521e+00
-8.502963701828849530e-01
-1.011145978776144538e-01
-8.456079018663666957e-01
9.126981385206421882e-01
1.818299301802791978e+00
1.595376614229792711e+00
-2.194066466352047939e+00
-1.943627070943647839e+00
-1.480395250210508218e+00
-1.082220635917884088e+00
1.697132135141711906e+00
2.434311938489481797e+00
-8.578010443097523474e-01
-4.284354483858098250e-01
-7.730071402464691044e-01
-4.430082134408248606e-01
4.459989170781726298e-01
-5.732029937730851454e-01
-2.362891509880143959e-01
7.327341468666752622e-01
5.295312829178815406e-01
7.271309197486417464e-01
1.410716067978185162e+00
2.410848662866602155e+00
1.819044373320387376e+00
-2.905415565614374307e-01
1.191560236312234178e+00
2.710558351015630585e+00
9.400020723015374280e-01
-6.250912599503537503e-01
9.613389553545848010e-01
7.092264984121916527e-01
5.443083088219480281e-02
-7.003454912908210206e-01
8.101573547593035052e-01
1.343250343471209529e+00
1.975396483928184566e-01
1.085034937562118440e+00
7.965214643610534218e-01
-1.928177041746518494e+00
-8.914301330730378670e-01
2.206512108164939701e-01
-6.696173818301240921e-01
4.714394519704945274e-02
6.851816630207476777e-01
-2.689699175116277985e-02
8.382315617125708496e-01
6.152337341996700903e-01
2.791083011252579738e+00
3.465141010475693228e+00
2.082702319973286365e+00
1.128300760406000691e+00
1.915238897631956538e+00
1.550747533423084690e-01
-2.260769034797689869e+00
-2.556024321583906023e+00
6.523987456305804233e-01
-1.801729970573183959e+00
-2.082682080928972113e+00
-6.499146867817335860e-01
-8.465393591390508732e-01
-2.111400182037788120e-01
7.134176046293572160e-01
1.100204644224018313e+00
4.416790879729593833e+00
4.481072912651343998e+00
1.570168385539538747e-01
5.333310587963842053e-01
4.198650671710082882e+00
4.258689159017875703e+00
4.033270348648377635e+00
2.156029537934323947e+00
-2.096004561911601005e+00
2.395074316862455532e-02
3.629565012965045412e+00
3.168950058480010323e+00
4.748691707706719889e+00
5.648693048443688802e+00
3.407474515674561388e+00
1.035009772717620180e+00
2.018666310512367446e+00
3.511587518718045864e+00
2.527157203282649256e+00
-1.229769302680445708e+00
-1.671055546633678723e+00
-3.544891482246032233e+00
-3.715224996507352273e+00
-2.427577975938772337e+00
1.545209721273032244e+00
6.059524207588686373e+00
6.185521949343058878e+00
4.074616499626897426e-01
7.076038858273303589e-02
9.958189270996307130e-01
2.239085774641816684e+00
4.823785111995078978e+00
5.704355610972190682e+00
6.534628184009566354e+00
6.826090923347326367e+00
3.171814353395088215e+00
-3.224474000115820083e-01
-7.062584730910614894e-01
-7.203746091635840898e-01
-3.234118754749438107e+00
-2.583598425889466199e+00
1.366949482314069542e+00
2.022449129250455613e+00
1.020090216024951202e+00
1.810779285993356469e+00
1.393150100135341241e+00
-2.107973149992414807e-01
1.113369295630413536e+00
1.400744732687891680e+00
-7.236220084016012910e-01
1.700789706025110259e+00
3.668359347687710770e+00
3.890590456617107229e+00
2.214628529529657719e+00
1.012799821040034631e+00
2.538118981462528456e+00
0.000000000000000000e+00
0.000000000000000000e+00
0.000000000000000000e+00
0.000000000000000000e+00
0.000000000000000000e+00
0.000000000000000000e+00
0.000000000000000000e+00
0.000000000000000000e+00
0.000000000000000000e+00
0.000000000000000000e+00
0.000000000000000000e+00
0.000000000000000000e+00
0.000000000000000000e+00
0.000000000000000000e+00
0.000000000000000000e+00
0.000000000000000000e+00
0.000000000000000000e+00
0.000000000000000000e+00
0.000000000000000000e+00
0.000000000000000000e+00
0.000000000000000000e+00
0.000000000000000000e+00
0.000000000000000000e+00
0.000000000000000000e+00
0.000000000000000000e+00
0.000000000000000000e+00
0.000000000000000000e+00
0.000000000000000000e+00
0.000000000000000000e+00
0.000000000000000000e+00
0.000000000000000000e+00
0.000000000000000000e+00
0.000000000000000000e+00
0.000000000000000000e+00
0.000000000000000000e+00
0.000000000000000000e+00
0.000000000000000000e+00
0.000000000000000000e+00
0.000000000000000000e+00
0.000000000000000000e+00
0.000000000000000000e+00
0.000000000000000000e+00
0.000000000000000000e+00
0.000000000000000000e+00
0.000000000000000000e+00
0.000000000000000000e+00
0.000000000000000000e+00
0.000000000000000000e+00
0.000000000000000000e+00
0.000000000000000000e+00
0.000000000000000000e+00
0.000000000000000000e+00
0.000000000000000000e+00
0.000000000000000000e+00
0.000000000000000000e+00
0.000000000000000000e+00
0.000000000000000000e+00
0.000000000000000000e+00
