-1.558654785156249112e+00
-1.248815394972391246e+00
-8.629927180691014943e-01
-5.749593481206355383e-01
-1.544004178815876482e-01
6.933286215301808220e-01
-8.311646808573721623e-01
-5.100430926107846208e-01
-1.724699069029206555e+00
-1.507880714438453174e+00
8.239527668464199373e-01
-7.227893460404328785e-01
-1.582869310884396530e+00
-2.504663952690628026e+00
-2.732459883201393325e+00
-1.402886022456972137e+00
2.945995955633200492e-01
-1.316228668066260044e+00
-5.499944772474347765e-01
8.602777381271551338e-01
-6.585562158155556789e-01
-2.730386112661386200e+00
-2.914258215012599962e+00
-2.355932974278021952e+00
-1.942140234495619122e+00
-2.060971422940772513e+00
-2.014811617640912988e+00
-1.978870956197642528e-02
1.059154081579178008e+00
1.023960726666905519e+00
8.838060738699031749e-01
-1.827763151504802730e+00
-7.049931923464853867e-01
8.396874997488994463e-01
1.322522643080689342e+00
1.540549027195715182e+00
7.634428712983127863e-01
-1.964867220072199494e+00
-1.706360557130363720e+00
8.746139013893212688e-01
1.808736237571225480e+00
2.859363809611507268e+00
3.486382589787019093e+00
2.864078612594872286e+00
6.658450003682709895e-01
-4.102289520368569420e-01
3.533000934195960063e-01
2.160751285545824185e+00
3.282514985856909817e+00
3.006018762184752724e+00
1.033568508412760600e+00
1.421531628326356156e+00
6.160025929245475318e+00
6.454612634110008962e+00
3.288767136127582980e+00
1.847210462442802958e+00
1.942128856218081179e+00
2.114984415679284524e+00
2.495041584406381574e+00
2.361457519173691288e+00
7.064757804716874645e-01
-9.570655994372323505e-02
-3.007545965258953125e-01
-1.568993584175664369e+00
1.915927733377424946e+00
5.561080568696856297e+00
3.925762279971581226e+00
8.546963119677943865e-01
8.323302763320050701e-03
-1.718647026980004711e-01
-3.694083452598916129e+00
-3.121574468590521789e+00
1.951187631040203208e+00
1.662504758312073339e+00
1.524499507089501105e+00
2.013441460931812088e+00
1.963467147562206527e+00
2.089293495877820206e+00
1.050062236574259344e+00
-3.667261040497611368e-01
-2.016862231294304753e+00
-1.856657867073804979e+00
-2.099052720754577717e+00
-9.103566802694914584e-01
1.755402309006155237e+00
6.240020010617524093e-01
-3.542698777694068824e-01
-6.743185625960945728e-01
2.806645898404156458e-01
1.106406026301035128e+00
1.635017162271422020e+00
6.747430290303289002e-01
1.881961521860420206e-02
1.311508308556661229e+00
3.081051496588376182e-01
-2.306914814071152620e-01
-3.176440516452636587e-01
-4.192890611570070369e-01
-1.309888384330624156e-01
2.343977291291450271e-01
1.264806988141046640e+00
9.295449665210586687e-02
-1.316088423265989293e+00
-6.317557393367558838e-01
6.853960989836069828e-01
2.373135150558153494e+00
3.371844075836832211e+00
1.375064651919934544e+00
3.467256910486433696e-01
1.380909000376207896e+00
-1.440809637746404359e+00
-1.154515551533372486e+00
1.202247668381097201e+00
3.368622754114791729e-01
-1.239255029444854550e+00
-1.596802919894262818e+00
-1.065023205026542463e+00
-6.341015996657377585e-01
-1.515361252956070715e+00
-2.523073449815851355e+00
-1.730274020354859443e+00
1.410076070600863707e+00
2.336831094638597062e+00
4.438911463637422727e-01
1.722784477777135059e-01
5.790226221390506467e-01
1.658126934745939307e-01
4.566873879191364338e-01
-3.236574032357051323e-01
1.421171848270424976e+00
3.180415548052888397e+00
1.696997656454738657e+00
1.027400234712088078e-01
-1.859394201004253011e+00
-9.702229499052361650e-01
1.115160421745740926e+00
1.899871287169548895e+00
1.605447076367921166e+00
1.514671678765868945e+00
2.141105563795032474e+00
2.567583142654000561e+00
4.819733200890246039e-01
-1.449917036680379745e+00
8.758894487913551075e-01
1.553511787564867852e+00
1.045826682745408132e+00
-4.436998535917007214e-01
-1.828906839450753274e+00
1.168497189529723812e+00
4.780575501139124661e+00
5.678545538026328998e+00
8.182509607674410823e-01
-3.652685915227227298e-02
1.610442771301174858e+00
2.781132746719704230e+00
-6.361333482931010863e-01
-3.612408271197965259e+00
-1.919157652904276645e+00
1.909770116850830535e+00
1.094165503131644623e+00
3.348422172136238384e-01
1.314644436862165033e+00
8.819798273185637250e-01
1.517661411873432176e+00
7.991788860546999995e-01
-8.391702681213570880e-01
1.823267855590179565e+00
3.184455713723659542e+00
2.618497697506982469e+00
2.972159032442198701e-01
-2.111296832202218088e+00
-1.265893940734153622e+00
-1.137078498160274620e+00
-2.164971819303507239e-01
1.688996089685007140e+00
1.357073744877154153e+00
1.662856479393954867e+00
2.332935690288075570e+00
2.629827852224073670e-01
7.508405495839554078e-02
2.654329258877941022e-01
3.743967032624562208e-01
1.030915076980251532e+00
-2.719756344456615293e-01
-2.251377211520648736e+00
-2.753561227417007817e+00
-2.567583444696881489e+00
-2.109924244439560503e+00
-1.851881865240132985e+00
-1.162649815659718699e+00
9.895511641613234932e-01
3.258534088756643854e+00
4.079335774034652751e+00
1.196500499605747336e+00
-1.050960899643361257e+00
1.316094713111560566e+00
-5.832357610295233474e-01
-8.046230320496507993e-01
1.679602044203170275e+00
2.661409882938914784e+00
2.927798253881006119e+00
7.084467175107433956e-01
-8.982619574895580605e-01
-3.988202253789159268e-01
2.087094151110862050e-01
-7.524385582426829089e-01
-1.381547976089587237e+00
-9.550632738842348424e-01
-8.504030795483297211e-02
6.887226646999722313e-02
2.114081050215477209e-01
1.848336762106435716e+00
2.627306934697299035e+00
3.298314159046763727e+00
2.201358558134193455e+00
-3.228315798994818575e-02
-1.282188439178206796e-01
-1.588756355898117256e+00
-3.474624865786835048e+00
-1.680931365231858265e+00
2.768804887009690852e+00
2.868226486802079478e+00
7.781554231061833526e-01
-1.739941354818475006e-01
2.293276087976887645e-01
1.082502428881291223e+00
8.437350633054760962e-01
5.172756873568946645e-01
4.759461359381380596e-01
1.467659881055519699e+00
3.266820778184791330e-01
1.806929601409823505e+00
4.343183858670204955e+00
4.438953472783291332e-01
-1.671185590140106036e+00
-1.700474579905869588e+00
-5.540360883479751308e-01
-1.542366809900087565e+00
1.298483634456639724e+00
4.905990947555479487e+00
2.533860810105140526e+00
1.395476730219367134e-01
3.255026180886280152e-01
1.765516907363076315e+00
3.423895777351253500e+00
4.820764140219834459e+00
4.966737877618720098e+00
4.945439983065975653e+00
5.529350642901593282e+00
4.565627281365928880e+00
1.646045124172505147e+00
6.133832488808708128e-01
9.668750794745317734e-02
-3.165650846816643327e+00
-2.875841888878406305e+00
4.489259836498660228e-01
3.405427549468801551e+00
4.389674093957795620e+00
2.519833159579224713e+00
6.487785033022164249e-01
-6.024458790046469669e-01
6.927642859104710116e-02
6.608535368784875796e-01
1.066868640268032742e-01
1.614239628517744052e-02
6.747336309286395828e-01
-8.941924296387426807e-01
-2.798860889953481035e+00
1.101392980635027330e+00
3.638470016518559724e+00
3.774640088347223532e+00
1.524635042827097164e+00
-1.563986328422550809e+00
-1.470270762483143034e+00
-1.189276785591417918e+00
-2.894165990569245839e+00
-3.165506104903597073e+00
-2.815097913323457046e+00
-2.225273858590393061e+00
-5.623808823702831639e-01
1.313527331794839270e-01
-1.169318531591571508e+00
-2.695625094303416347e+00
-1.631128515615107188e+00
-2.260005771635902327e-01
-5.266206752892740317e-01
-3.453017101883073536e-01
4.221953619819047709e-01
1.698554158270188630e+00
-2.028537277245508363e+00
-3.522960371299512339e+00
-2.877298017243465456e+00
-3.586031004919511211e+00
-3.026891393355802151e+00
-1.659458952796546427e-01
-1.647681345388200658e+00
-1.841753420279260700e+00
3.148414667317704918e-01
-1.369499928786502618e+00
-2.396204693906348604e-01
-1.279851464273255468e+00
-1.352296347469057247e+00
-1.164070930436355233e+00
-2.242705210257208037e+00
0.000000000000000000e+00
0.000000000000000000e+00
0.000000000000000000e+00
0.000000000000000000e+00
0.000000000000000000e+00
0.000000000000000000e+00
0.000000000000000000e+00
0.000000000000000000e+00
0.000000000000000000e+00
0.000000000000000000e+00
0.000000000000000000e+00
0.000000000000000000e+00
0.000000000000000000e+00
0.000000000000000000e+00
0.000000000000000000e+00
0.000000000000000000e+00
0.000000000000000000e+00
0.000000000000000000e+00
0.000000000000000000e+00
0.000000000000000000e+00
0.000000000000000000e+00
0.000000000000000000e+00
0.000000000000000000e+00
0.000000000000000000e+00
0.000000000000000000e+00
0.000000000000000000e+00
0.000000000000000000e+00
0.000000000000000000e+00
0.000000000000000000e+00
0.000000000000000000e+00
0.000000000000000000e+00
0.000000000000000000e+00
0.000000000000000000e+00
0.000000000000000000e+00
0.000000000000000000e+00
0.000000000000000000e+00
0.000000000000000000e+00
0.000000000000000000e+00
0.000000000000000000e+00
0.000000000000000000e+00
0.000000000000000000e+00
0.000000000000000000e+00
0.000000000000000000e+00
0.000000000000000000e+00
0.000000000000000000e+00
0.000000000000000000e+00
0.000000000000000000e+00
0.000000000000000000e+00
0.000000000000000000e+00
0.000000000000000000e+00
0.000000000000000000e+00
0.000000000000000000e+00
0.000000000000000000e+00
0.000000000000000000e+00
0.000000000000000000e+00
0.000000000000000000e+00
0.000000000000000000e+00
0.000000000000000000e+00
0.000000000000000000e+00
0.000000000000000000e+00
0.000000000000000000e+00
0.000000000000000000e+00
0.000000000000000000e+00
0.000000000000000000e+00
0.000000000000000000e+00
0.000000000000000000e+00
0.000000000000000000e+00
0.000000000000000000e+00
0.000000000000000000e+00
0.000000000000000000e+00
0.000000000000000000e+00
0.000000000000000000e+00
0.000000000000000000e+00
0.000000000000000000e+00
0.000000000000000000e+00
0.000000000000000000e+00
0.000000000000000000e+00
0.000000000000000000e+00
0.000000000000000000e+00
0.000000000000000000e+00
0.000000000000000000e+00
0.000000000000000000e+00
0.000000000000000000e+00
0.000000000000000000e+00
0.000000000000000000e+00
0.000000000000000000e+00
0.000000000000000000e+00
0.000000000000000000e+00
0.000000000000000000e+00
0.000000000000000000e+00
0.000000000000000000e+00
0.000000000000000000e+00
0.000000000000000000e+00
0.000000000000000000e+00
0.000000000000000000e+00
0.000000000000000000e+00
0.000000000000000000e+00
0.000000000000000000e+00
0.000000000000000000e+00
0.000000000000000000e+00
0.000000000000000000e+00
0.000000000000000000e+00
0.000000000000000000e+00
0.000000000000000000e+00
0.000000000000000000e+00
0.000000000000000000e+00
0.000000000000000000e+00
0.000000000000000000e+00
0.000000000000000000e+00
0.000000000000000000e+00
0.000000000000000000e+00
0.000000000000000000e+00
0.000000000000000000e+00
0.000000000000000000e+00
0.000000000000000000e+00
0.000000000000000000e+00
0.000000000000000000e+00
0.000000000000000000e+00
0.000000000000000000e+00
0.000000000000000000e+00
0.000000000000000000e+00
0.000000000000000000e+00
0.000000000000000000e+00
0.000000000000000000e+00
0.000000000000000000e+00
0.000000000000000000e+00
0.000000000000000000e+00
0.000000000000000000e+00
0.000000000000000000e+00
0.000000000000000000e+00
0.000000000000000000e+00
0.000000000000000000e+00
0.000000000000000000e+00
0.000000000000000000e+00
0.000000000000000000e+00
0.000000000000000000e+00
0.000000000000000000e+00
0.000000000000000000e+00
0.000000000000000000e+00
0.000000000000000000e+00
0.000000000000000000e+00
0.000000000000000000e+00
0.000000000000000000e+00
0.000000000000000000e+00
0.000000000000000000e+00
0.000000000000000000e+00
0.000000000000000000e+00
0.000000000000000000e+00
0.000000000000000000e+00
0.000000000000000000e+00
0.000000000000000000e+00
0.000000000000000000e+00
0.000000000000000000e+00
0.000000000000000000e+00
0.000000000000000000e+00
0.000000000000000000e+00
0.000000000000000000e+00
0.000000000000000000e+00
0.000000000000000000e+00
0.000000000000000000e+00
0.000000000000000000e+00
0.000000000000000000e+00
0.000000000000000000e+00
0.000000000000000000e+00
0.000000000000000000e+00
0.000000000000000000e+00
0.000000000000000000e+00
0.000000000000000000e+00
0.000000000000000000e+00
0.000000000000000000e+00
0.000000000000000000e+00
0.000000000000000000e+00
0.000000000000000000e+00
0.000000000000000000e+00
0.000000000000000000e+00
0.000000000000000000e+00
0.000000000000000000e+00
0.000000000000000000e+00
0.000000000000000000e+00
0.000000000000000000e+00
0.000000000000000000e+00
0.000000000000000000e+00
0.000000000000000000e+00
0.000000000000000000e+00
0.000000000000000000e+00
0.000000000000000000e+00
0.000000000000000000e+00
0.000000000000000000e+00
0.000000000000000000e+00
0.000000000000000000e+00
0.000000000000000000e+00
0.000000000000000000e+00
0.000000000000000000e+00
0.000000000000000000e+00
0.000000000000000000e+00
0.000000000000000000e+00
