7.059326171874993339e-01
5.647335779411604140e-01
2.741093981301114813e-01
7.782789137261747481e-02
2.017346359934301669e-01
1.333338880737926502e-01
-8.026361950252591804e-02
-2.606298994371907818e-01
-1.531607208511119589e-01
2.173691489568044255e-01
2.397087810414623155e-01
2.504839949876414007e-01
1.457602825011244108e-01
2.678524315186542326e-02
1.533351479225874003e-01
1.576046964888750956e-01
2.162497610040181595e-01
2.978303655178331510e-01
2.421675155091005394e-01
1.146971170683812602e-01
5.959587556720813417e-02
1.274242307162768428e-01
-1.582567118075984547e-01
-1.756726602430075390e-01
-1.688004975604389113e-01
-3.142832477787929069e-01
-3.411457905080808040e-01
-2.894959930069687104e-01
-6.815571687087995656e-02
3.154308710430595575e-01
-1.548364598114431168e-01
-3.035725323134044196e-01
-4.674616982617521010e-01
-9.454062345729519201e-02
-7.014910048233868878e-02
-1.391345528315941493e-01
-7.895803544260626694e-02
7.374878368973547538e-02
2.640894512297915497e-01
3.207783798435503986e-01
-2.155127424678271453e-01
-5.091839786308849369e-02
1.507661973664617960e-01
-2.898459809713442858e-01
-2.965685184705821875e-01
-1.149400804349083316e-01
1.407510798097999505e-01
2.116573739977956059e-01
1.820230027629909930e-01
-1.726552116968850248e-01
-2.507871543056316987e-03
-1.222460178866947578e-01
-5.425828837045474362e-01
-5.154708443887177083e-01
-1.880509065092232923e-01
8.824126335739634897e-02
1.472063041898119540e-01
-6.085990863103274418e-02
1.210986177807934494e-01
2.979647726353318316e-01
2.740078559656956569e-01
9.962552230439714052e-02
2.222978618008828455e-01
4.935184447502126703e-01
1.285048270570232631e-02
-3.977657625450616852e-01
-4.006859396322204336e-01
-1.012511099960482497e-01
-2.002682120838976676e-01
-7.911043358292992878e-01
-1.029847865055279144e+00
-4.800836531375093363e-01
3.975709411062979814e-01
5.255803249480637263e-01
1.917245197145737157e-01
-2.826429301295735330e-01
-9.581237190131164372e-02
3.161961857285593425e-01
1.553501645813737397e-01
-2.534492059177004819e-01
-5.142537792508892203e-01
-2.189453619620747027e-01
1.975421807485298054e-01
4.712550426327239972e-01
3.312516518236674479e-01
3.385345609178297410e-01
1.384540242116993891e-01
-5.478405077293921899e-01
-7.243775659979312387e-01
-5.050534436435174523e-01
1.520548629889129089e-01
-1.280044528813650828e-02
-1.154343998874729493e-01
2.364102143737638606e-01
8.564530200099259583e-01
7.323044835933365526e-01
2.520026925061422673e-01
1.879408917979912275e-01
4.680827644722285186e-01
6.355831715181137209e-01
-2.806084453864245987e-01
-6.671100132446423636e-01
-4.198744692393687750e-01
-3.754817928270304250e-02
-6.067308953006844696e-01
-8.513795730303226339e-01
-1.698683003110846301e-01
7.251822603024686842e-01
8.452161073153101611e-01
9.731863221455716584e-01
-1.564216547800356683e-01
-1.123756071832583636e+00
-1.555411471106962651e+00
-5.510176088716165488e-01
5.795113009131844795e-01
5.148047656062137989e-02
-7.855859896493134764e-01
-3.050563251916637020e-01
6.894104983576624379e-01
3.265557470153526154e-01
2.058299551286884022e-01
5.654520165244832919e-01
8.540306881372421444e-01
1.102533290722972570e+00
1.124638227804229729e+00
7.497909604616572743e-01
5.102006570796688845e-01
1.345423277598114531e+00
8.424533696061935473e-01
9.976748119570704176e-01
1.482603861617865171e+00
1.378349333765088502e+00
9.061193176769251068e-01
9.937757391294557152e-01
1.078144338821606318e+00
5.341833246076479469e-01
-2.948164034433231606e-01
-6.063427733674773279e-01
-5.239801263389152197e-01
-1.678427072752186611e-01
1.435734915255792998e-02
-5.108872418478949129e-01
-1.222786985203810239e+00
-6.635555525400150811e-01
6.936400746841893117e-01
5.421870018632644062e-01
1.025351513340221565e+00
1.654684015858997048e+00
1.202610085982691812e+00
3.104482478346550778e-01
-8.658685613545797910e-01
-1.509490536181337772e+00
-1.163681611758148549e+00
-3.817129013042448449e-01
4.126956385007707340e-01
6.944904264298568108e-01
5.410278953188121243e-01
7.508867027320516030e-01
1.633141817604774948e+00
1.365671347546719261e+00
-8.454927372960230336e-02
-4.749284713189778628e-01
-3.323784960439599701e-01
-1.065407153074695579e-01
1.622789565027433323e+00
2.994524588461830117e+00
2.753186318934677690e+00
1.877643389567574594e+00
8.079123658590676715e-01
3.583964828599246477e-01
8.658030375403513723e-01
8.966154517438913452e-01
6.401781766221912306e-01
3.596690005971616699e-01
1.228092743954927180e-01
-2.648141585442123080e-01
-1.112517617464722219e+00
-1.513919468136575297e+00
-8.351817689840976833e-01
-1.663696660729825361e-01
-2.313835855483414861e-01
-7.022158717770747849e-01
-7.386416972033575945e-01
9.605739386311931138e-01
6.404472666341112230e-01
1.892835283770413213e-01
-3.787781676681201137e-01
-5.922906742964408888e-01
4.673048681888544165e-01
9.347510016443258962e-01
-7.380177749502148110e-02
-8.302097779476556028e-01
5.448937383107810284e-01
4.526129963578009452e-01
-5.707786707436552920e-01
-1.852484206828994839e-01
4.076145586888748618e-01
2.571242528295569763e-01
-3.570830914659017807e-01
-7.747192382812491118e-01
-3.570830914659017807e-01
2.571242528295569763e-01
4.076145586888748618e-01
-1.852484206828994839e-01
-5.707786707436552920e-01
4.526129963578009452e-01
5.448937383107810284e-01
-8.302097779476556028e-01
-7.380177749502148110e-02
9.347510016443258962e-01
4.673048681888544165e-01
-5.922906742964408888e-01
-3.787781676681201137e-01
1.892835283770413213e-01
6.404472666341112230e-01
9.605739386311931138e-01
-7.386416972033575945e-01
-7.022158717770747849e-01
-2.313835855483414861e-01
-1.663696660729825361e-01
-8.351817689840976833e-01
-1.513919468136575297e+00
-1.112517617464722219e+00
-2.648141585442123080e-01
1.228092743954927180e-01
3.596690005971616699e-01
6.401781766221912306e-01
8.966154517438913452e-01
8.658030375403513723e-01
3.583964828599246477e-01
8.079123658590676715e-01
1.877643389567574594e+00
2.753186318934677690e+00
2.994524588461830117e+00
1.622789565027433323e+00
-1.065407153074695579e-01
-3.323784960439599701e-01
-4.749284713189778628e-01
-8.454927372960230336e-02
1.365671347546719261e+00
1.633141817604774948e+00
7.508867027320516030e-01
5.410278953188121243e-01
6.944904264298568108e-01
4.126956385007707340e-01
-3.817129013042448449e-01
-1.163681611758148549e+00
-1.509490536181337772e+00
-8.658685613545797910e-01
3.104482478346550778e-01
1.202610085982691812e+00
1.654684015858997048e+00
1.025351513340221565e+00
5.421870018632644062e-01
6.936400746841893117e-01
-6.635555525400150811e-01
-1.222786985203810239e+00
-5.108872418478949129e-01
1.435734915255792998e-02
-1.678427072752186611e-01
-5.239801263389152197e-01
-6.063427733674773279e-01
-2.948164034433231606e-01
5.341833246076479469e-01
1.078144338821606318e+00
9.937757391294557152e-01
9.061193176769251068e-01
1.378349333765088502e+00
1.482603861617865171e+00
9.976748119570704176e-01
8.424533696061935473e-01
1.345423277598114531e+00
5.102006570796688845e-01
7.497909604616572743e-01
1.124638227804229729e+00
1.102533290722972570e+00
8.540306881372421444e-01
5.654520165244832919e-01
2.058299551286884022e-01
3.265557470153526154e-01
6.894104983576624379e-01
-3.050563251916637020e-01
-7.855859896493134764e-01
5.148047656062137989e-02
5.795113009131844795e-01
-5.510176088716165488e-01
-1.555411471106962651e+00
-1.123756071832583636e+00
-1.564216547800356683e-01
9.731863221455716584e-01
8.452161073153101611e-01
7.251822603024686842e-01
-1.698683003110846301e-01
-8.513795730303226339e-01
-6.067308953006844696e-01
-3.754817928270304250e-02
-4.198744692393687750e-01
-6.671100132446423636e-01
-2.806084453864245987e-01
6.355831715181137209e-01
4.680827644722285186e-01
1.879408917979912275e-01
2.520026925061422673e-01
7.323044835933365526e-01
8.564530200099259583e-01
2.364102143737638606e-01
-1.154343998874729493e-01
-1.280044528813650828e-02
1.520548629889129089e-01
-5.050534436435174523e-01
-7.243775659979312387e-01
-5.478405077293921899e-01
1.384540242116993891e-01
3.385345609178297410e-01
3.312516518236674479e-01
4.712550426327239972e-01
1.975421807485298054e-01
-2.189453619620747027e-01
-5.142537792508892203e-01
-2.534492059177004819e-01
1.553501645813737397e-01
3.161961857285593425e-01
-9.581237190131164372e-02
-2.826429301295735330e-01
1.917245197145737157e-01
5.255803249480637263e-01
3.975709411062979814e-01
-4.800836531375093363e-01
-1.029847865055279144e+00
-7.911043358292992878e-01
-2.002682120838976676e-01
-1.012511099960482497e-01
-4.006859396322204336e-01
-3.977657625450616852e-01
1.285048270570232631e-02
4.935184447502126703e-01
2.222978618008828455e-01
9.962552230439714052e-02
2.740078559656956569e-01
2.979647726353318316e-01
1.210986177807934494e-01
-6.085990863103274418e-02
1.472063041898119540e-01
8.824126335739634897e-02
-1.880509065092232923e-01
-5.154708443887177083e-01
-5.425828837045474362e-01
-1.222460178866947578e-01
-2.507871543056316987e-03
-1.726552116968850248e-01
1.820230027629909930e-01
2.116573739977956059e-01
1.407510798097999505e-01
-1.149400804349083316e-01
-2.965685184705821875e-01
-2.898459809713442858e-01
1.507661973664617960e-01
-5.091839786308849369e-02
-2.155127424678271453e-01
3.207783798435503986e-01
2.640894512297915497e-01
7.374878368973547538e-02
-7.895803544260626694e-02
-1.391345528315941493e-01
-7.014910048233868878e-02
-9.454062345729519201e-02
-4.674616982617521010e-01
-3.035725323134044196e-01
-1.548364598114431168e-01
3.154308710430595575e-01
-6.815571687087995656e-02
-2.894959930069687104e-01
-3.411457905080808040e-01
-3.142832477787929069e-01
-1.688004975604389113e-01
-1.756726602430075390e-01
-1.582567118075984547e-01
1.274242307162768428e-01
5.959587556720813417e-02
1.146971170683812602e-01
2.421675155091005394e-01
2.978303655178331510e-01
2.162497610040181595e-01
1.576046964888750956e-01
1.533351479225874003e-01
2.678524315186542326e-02
1.457602825011244108e-01
2.504839949876414007e-01
2.397087810414623155e-01
2.173691489568044255e-01
-1.531607208511119589e-01
-2.606298994371907818e-01
-8.026361950252591804e-02
1.333338880737926502e-01
2.017346359934301669e-01
7.782789137261747481e-02
2.741093981301114813e-01
5.647335779411604140e-01
0.000000000000000000e+00
0.000000000000000000e+00
0.000000000000000000e+00
0.000000000000000000e+00
0.000000000000000000e+00
0.000000000000000000e+00
0.000000000000000000e+00
0.000000000000000000e+00
0.000000000000000000e+00
0.000000000000000000e+00
0.000000000000000000e+00
0.000000000000000000e+00
0.000000000000000000e+00
0.000000000000000000e+00
0.000000000000000000e+00
0.000000000000000000e+00
0.000000000000000000e+00
0.000000000000000000e+00
0.000000000000000000e+00
0.000000000000000000e+00
0.000000000000000000e+00
0.000000000000000000e+00
0.000000000000000000e+00
0.000000000000000000e+00
0.000000000000000000e+00
0.000000000000000000e+00
0.000000000000000000e+00
0.000000000000000000e+00
0.000000000000000000e+00
0.000000000000000000e+00
0.000000000000000000e+00
0.000000000000000000e+00
0.000000000000000000e+00
0.000000000000000000e+00
0.000000000000000000e+00
0.000000000000000000e+00
0.000000000000000000e+00
0.000000000000000000e+00
0.000000000000000000e+00
0.000000000000000000e+00
0.000000000000000000e+00
0.000000000000000000e+00
0.000000000000000000e+00
0.000000000000000000e+00
0.000000000000000000e+00
0.000000000000000000e+00
0.000000000000000000e+00
0.000000000000000000e+00
0.000000000000000000e+00
0.000000000000000000e+00
0.000000000000000000e+00
0.000000000000000000e+00
0.000000000000000000e+00
0.000000000000000000e+00
0.000000000000000000e+00
0.000000000000000000e+00
0.000000000000000000e+00
0.000000000000000000e+00
0.000000000000000000e+00
0.000000000000000000e+00
0.000000000000000000e+00
0.000000000000000000e+00
0.000000000000000000e+00
0.000000000000000000e+00
0.000000000000000000e+00
0.000000000000000000e+00
0.000000000000000000e+00
0.000000000000000000e+00
0.000000000000000000e+00
0.000000000000000000e+00
0.000000000000000000e+00
0.000000000000000000e+00
0.000000000000000000e+00
0.000000000000000000e+00
0.000000000000000000e+00
0.000000000000000000e+00
0.000000000000000000e+00
0.000000000000000000e+00
0.000000000000000000e+00
0.000000000000000000e+00
0.000000000000000000e+00
0.000000000000000000e+00
0.000000000000000000e+00
0.000000000000000000e+00
0.000000000000000000e+00
0.000000000000000000e+00
0.000000000000000000e+00
0.000000000000000000e+00
0.000000000000000000e+00
0.000000000000000000e+00
0.000000000000000000e+00
0.000000000000000000e+00
0.000000000000000000e+00
0.000000000000000000e+00
0.000000000000000000e+00
0.000000000000000000e+00
0.000000000000000000e+00
0.000000000000000000e+00
0.000000000000000000e+00
0.000000000000000000e+00
0.000000000000000000e+00
0.000000000000000000e+00
