-1.664062500000000000e+00
-9.777148299011422239e-01
6.736751350803764637e-01
-1.592260658250634675e+00
-3.467287613201565755e+00
-1.933172423776127413e+00
-1.124645656912524050e+00
-2.562042120613186480e+00
-1.632072139169473690e+00
-3.889977690962687085e-01
-2.487311138502895425e+00
-2.715873497237298206e+00
-6.977389233830834092e-01
-6.101886357451362652e-01
-1.149310319912794309e+00
-7.235926611862160129e-01
1.084897633249730875e+00
-6.728597269690983484e-01
-2.742574230302261551e+00
-1.253945478200610975e+00
-7.111426650919283610e-01
-2.469309793181434287e+00
-3.209651101701314957e+00
-1.589019594966915028e+00
-2.113779833669363839e+00
-3.222473809033061354e+00
-1.852602367207025758e+00
-1.313627982731089272e+00
-1.799632532122380946e+00
-1.501807515940751792e+00
-2.306750157489446673e-01
1.617922327024962081e+00
1.952726255229869867e+00
1.458042727851190490e+00
-1.616564814967275110e-01
-1.255338891924073330e+00
-1.773051647287013033e+00
-1.047869152003236159e+00
2.245903228263199658e-01
-2.463358820267222526e+00
-2.352440454157877170e+00
-1.080314323684801625e+00
-1.427475583586548691e+00
-1.534701755435020853e+00
3.011403676893233960e-01
-2.286137826630190162e-01
-2.431672249299809963e+00
-3.037601227691910655e+00
-2.287135355008619975e+00
-5.375090126474180163e-01
1.170662506230935040e-01
-1.728825405510944879e+00
5.360940438464667501e-01
1.983220734448698508e-02
-1.702883855625170195e+00
-1.072142462378310457e+00
2.567196561303736857e+00
2.864152462530983101e+00
3.670857282947390665e+00
-2.580906406409271270e-01
-2.161802980994995682e+00
2.554731815761894786e+00
1.250622290741353115e+00
1.019703482556710838e+00
4.467132275390279794e-01
-3.017542838094585012e+00
-9.325266588686180746e-01
1.875134153922224822e+00
-1.305083869183009337e+00
2.628091657312058516e+00
3.220764871250749728e-01
-4.184231859089467598e+00
9.076185409145494098e-01
-2.955111486568786638e-01
-3.209130068820981396e+00
-9.017400049105459559e-01
-1.685961886626663020e+00
-3.166840092443580001e+00
6.723629163868332093e-01
-1.083947086969931473e+00
-3.944830195232075454e+00
1.694293052064692162e+00
-1.470554647965020223e+00
-1.598258730793458593e+00
-1.660386741929359422e+00
-3.515157885371610558e+00
1.161846781273440765e+00
3.232950536907544858e+00
2.566468715307841375e-01
1.278248766469119335e+00
4.723003194424739704e-01
-9.582479160757975123e-01
-5.782910737202686668e-01
-5.710962655183096093e-01
-1.245357565289564539e+00
-2.781849429216098901e-02
-2.795847938628457818e+00
-2.821419624529688086e+00
1.091561853451622710e+00
-4.739501455285477505e-02
-5.682971327155805774e-01
-1.364638044133386963e+00
1.809261758615510196e-01
-2.201536439810548806e+00
-1.377726386186000296e+00
9.316298148642587762e-02
1.353729461183015292e-01
-1.666847927164474275e-01
-1.356730161586481298e+00
-1.180161883300015369e+00
-9.655628833518814513e-01
-2.008631061793118455e+00
1.264988026460213799e+00
6.046690484722845316e-01
-1.028060724764250367e+00
-7.568934880441234858e-01
-3.665151334116303339e-01
-6.169853877403408404e-01
3.575319138404116082e-01
-3.283472458547933570e-01
-2.235017455649719320e-01
7.950749312638110133e-01
-9.725791892185537968e-01
-1.191080858005054255e+00
-7.734143001994525646e-02
-1.018627680605480146e+00
-1.300539145933846896e+00
-1.688665974936486514e+00
1.443946752082308604e+00
-5.981955390811644069e-01
-3.581404359493886691e+00
-1.107409269020433129e+00
3.795407805445445426e-01
-2.384720250041328704e+00
-2.589093618876821434e+00
-1.939821517374388016e+00
-1.655451405988127123e+00
-1.009968458082869613e+00
5.300781046847751199e-01
-1.295225358042019437e+00
-2.050253315194848547e+00
-4.367349807811635731e-01
-2.006706684073723324e+00
-2.446342357018191471e+00
-4.363210362999894176e-01
-7.375636855530843805e-01
-3.278835153322159357e-01
2.643163322953623329e-02
-2.521904057095661678e+00
-1.742691032325592859e+00
3.150676632388230702e-01
3.683666052731449092e-01
-5.101274434839278005e-01
-3.139059280161287546e+00
-1.503362690206362151e+00
8.079661651967905422e-01
-1.530390123032185024e+00
-1.622620366234692746e+00
-8.354586349963559755e-01
-2.167642819882751759e+00
-1.942301164637852073e+00
-1.446477627902484020e+00
-1.669401530073770790e+00
-2.291126853444054312e-01
-4.687576470804502016e-01
-4.581268974643044611e-01
-2.536644341534175506e-01
-5.243945692442379958e-01
-7.536437381006712011e-01
-2.363150930248816728e+00
-2.013843136369332321e+00
-1.470999618439154721e+00
-9.160658423959237018e-01
1.902052748111571212e-01
-1.845840254200306063e+00
-1.370908009020239238e+00
-7.925793432106376102e-02
1.191181392287523400e+00
1.379528304081587997e+00
-4.010432876924359569e+00
-5.347789061463974036e+00
2.696201072949635513e-01
-3.721373412454096474e+00
-5.402563184867449131e+00
-3.008625994002859905e+00
-4.380742412648147344e+00
-3.101913065402773118e+00
-2.066811085681500959e+00
-5.390993949322057333e+00
-2.518999669616152737e+00
-1.903720184213696820e+00
-5.670303728128617493e+00
-4.118184174807026032e+00
-3.686779273706983773e+00
-3.370798039054040629e+00
-1.853825892896638905e-01
-4.325769448415661245e+00
-5.442013852427701082e+00
-2.213789844935783790e+00
-5.027611263388734208e+00
-6.610531272136715764e+00
-6.006166154878036068e+00
-4.448166424047906631e+00
-2.184776799651675816e+00
-3.227281156506433213e+00
-2.999291859226256740e+00
-6.523429841177033062e-01
-3.608259158335492600e+00
-3.562241348065132485e+00
-1.125012761022541774e+00
5.365417567840129465e-01
-1.076977195195756742e+00
-1.234110893777501605e+00
-7.843913244988454103e-01
-1.309713802952328088e-02
2.196074326870750548e-01
2.229337904059522923e-01
-5.527478596734556326e-01
-1.711044580051768849e+00
-7.355941779288859284e-01
1.191570220138939762e+00
-1.562628307102457814e+00
-9.166334858656217666e-01
1.344958027816555823e+00
1.689533663387090101e+00
1.795319966530058764e+00
1.946354522481094751e+00
1.012459284548181682e+00
-1.366703016554343453e+00
-3.018977640835554865e+00
-3.291336198837215843e+00
-3.134687546937535707e+00
3.184983794642524124e-01
1.310513870460985553e+00
-4.016577815741317892e+00
-6.735147903543410308e-01
-2.606424322515823011e+00
-5.296350393455736771e+00
-3.489404175355027338e+00
-6.624348076721813250e-01
2.026319636470499397e-01
-3.065608828290222299e+00
-4.151847273715820741e+00
-4.586346617015548688e+00
-4.264604563428932238e+00
-3.125431510065624252e+00
-3.216347576125523355e-01
-1.797012234137796760e+00
-2.870975222625912870e+00
-3.530349720470070451e+00
-3.008773208331312787e+00
-7.095695683549143595e-01
5.329576682978640623e-01
-3.355404994245989592e-01
-3.724481248255293586e-01
-4.340839580743272030e-01
-8.888821962524060538e-01
-7.934266914779275481e-03
1.393342838977393416e+00
9.198816723042452237e-01
6.739043131954358667e-01
-2.147796774874782599e+00
-3.155897534013553329e+00
-1.228161385372173342e+00
-4.474600412935938465e-01
-2.292752110741133054e-01
4.637950309078506805e-01
7.607457082128070702e-01
5.724469006396503135e-01
-1.972315727861591039e-01
-6.692768075247232940e-01
-6.780816633742248190e-01
-2.765516675600643293e-01
-1.176583760474381180e-02
-2.162468992075843310e-01
-7.212811819734439300e-01
-7.871686041492489405e-01
-7.548534572806775422e-02
2.811809761643364602e-01
-3.557830020905810020e-01
-6.192232797261021382e-02
5.743598920968290278e-01
5.419656468022867601e-01
3.384349844042011668e-03
5.630560247350271386e-01
4.304157224097693302e-01
-6.787082895404163985e-01
-1.114868164062500000e+00
-6.787082895404163985e-01
4.304157224097693302e-01
5.630560247350271386e-01
3.384349844042011668e-03
5.419656468022867601e-01
5.743598920968290278e-01
-6.192232797261021382e-02
-3.557830020905810020e-01
2.811809761643364602e-01
-7.548534572806775422e-02
-7.871686041492489405e-01
-7.212811819734439300e-01
-2.162468992075843310e-01
-1.176583760474381180e-02
-2.765516675600643293e-01
-6.780816633742248190e-01
-6.692768075247232940e-01
-1.972315727861591039e-01
5.724469006396503135e-01
7.607457082128070702e-01
4.637950309078506805e-01
-2.292752110741133054e-01
-4.474600412935938465e-01
-1.228161385372173342e+00
-3.155897534013553329e+00
-2.147796774874782599e+00
6.739043131954358667e-01
9.198816723042452237e-01
1.393342838977393416e+00
-7.934266914779275481e-03
-8.888821962524060538e-01
-4.340839580743272030e-01
-3.724481248255293586e-01
-3.355404994245989592e-01
5.329576682978640623e-01
-7.095695683549143595e-01
-3.008773208331312787e+00
-3.530349720470070451e+00
-2.870975222625912870e+00
-1.797012234137796760e+00
-3.216347576125523355e-01
-3.125431510065624252e+00
-4.264604563428932238e+00
-4.586346617015548688e+00
-4.151847273715820741e+00
-3.065608828290222299e+00
2.026319636470499397e-01
-6.624348076721813250e-01
-3.489404175355027338e+00
-5.296350393455736771e+00
-2.606424322515823011e+00
-6.735147903543410308e-01
-4.016577815741317892e+00
1.310513870460985553e+00
3.184983794642524124e-01
-3.134687546937535707e+00
-3.291336198837215843e+00
-3.018977640835554865e+00
-1.366703016554343453e+00
1.012459284548181682e+00
1.946354522481094751e+00
1.795319966530058764e+00
1.689533663387090101e+00
1.344958027816555823e+00
-9.166334858656217666e-01
-1.562628307102457814e+00
1.191570220138939762e+00
-7.355941779288859284e-01
-1.711044580051768849e+00
-5.527478596734556326e-01
2.229337904059522923e-01
2.196074326870750548e-01
-1.309713802952328088e-02
-7.843913244988454103e-01
-1.234110893777501605e+00
-1.076977195195756742e+00
5.365417567840129465e-01
-1.125012761022541774e+00
-3.562241348065132485e+00
-3.608259158335492600e+00
-6.523429841177033062e-01
-2.999291859226256740e+00
-3.227281156506433213e+00
-2.184776799651675816e+00
-4.448166424047906631e+00
-6.006166154878036068e+00
-6.610531272136715764e+00
-5.027611263388734208e+00
-2.213789844935783790e+00
-5.442013852427701082e+00
-4.325769448415661245e+00
-1.853825892896638905e-01
-3.370798039054040629e+00
-3.686779273706983773e+00
-4.118184174807026032e+00
-5.670303728128617493e+00
-1.903720184213696820e+00
-2.518999669616152737e+00
-5.390993949322057333e+00
-2.066811085681500959e+00
-3.101913065402773118e+00
-4.380742412648147344e+00
-3.008625994002859905e+00
-5.402563184867449131e+00
-3.721373412454096474e+00
2.696201072949635513e-01
-5.347789061463974036e+00
-4.010432876924359569e+00
1.379528304081587997e+00
1.191181392287523400e+00
-7.925793432106376102e-02
-1.370908009020239238e+00
-1.845840254200306063e+00
1.902052748111571212e-01
-9.160658423959237018e-01
-1.470999618439154721e+00
-2.013843136369332321e+00
-2.363150930248816728e+00
-7.536437381006712011e-01
-5.243945692442379958e-01
-2.536644341534175506e-01
-4.581268974643044611e-01
-4.687576470804502016e-01
-2.291126853444054312e-01
-1.669401530073770790e+00
-1.446477627902484020e+00
-1.942301164637852073e+00
-2.167642819882751759e+00
-8.354586349963559755e-01
-1.622620366234692746e+00
-1.530390123032185024e+00
8.079661651967905422e-01
-1.503362690206362151e+00
-3.139059280161287546e+00
-5.101274434839278005e-01
3.683666052731449092e-01
3.150676632388230702e-01
-1.742691032325592859e+00
-2.521904057095661678e+00
2.643163322953623329e-02
-3.278835153322159357e-01
-7.375636855530843805e-01
-4.363210362999894176e-01
-2.446342357018191471e+00
-2.006706684073723324e+00
-4.367349807811635731e-01
-2.050253315194848547e+00
-1.295225358042019437e+00
5.300781046847751199e-01
-1.009968458082869613e+00
-1.655451405988127123e+00
-1.939821517374388016e+00
-2.589093618876821434e+00
-2.384720250041328704e+00
3.795407805445445426e-01
-1.107409269020433129e+00
-3.581404359493886691e+00
-5.981955390811644069e-01
1.443946752082308604e+00
-1.688665974936486514e+00
-1.300539145933846896e+00
-1.018627680605480146e+00
-7.734143001994525646e-02
-1.191080858005054255e+00
-9.725791892185537968e-01
7.950749312638110133e-01
-2.235017455649719320e-01
-3.283472458547933570e-01
3.575319138404116082e-01
-6.169853877403408404e-01
-3.665151334116303339e-01
-7.568934880441234858e-01
-1.028060724764250367e+00
6.046690484722845316e-01
1.264988026460213799e+00
-2.008631061793118455e+00
-9.655628833518814513e-01
-1.180161883300015369e+00
-1.356730161586481298e+00
-1.666847927164474275e-01
1.353729461183015292e-01
9.316298148642587762e-02
-1.377726386186000296e+00
-2.201536439810548806e+00
1.809261758615510196e-01
-1.364638044133386963e+00
-5.682971327155805774e-01
-4.739501455285477505e-02
1.091561853451622710e+00
-2.821419624529688086e+00
-2.795847938628457818e+00
-2.781849429216098901e-02
-1.245357565289564539e+00
-5.710962655183096093e-01
-5.782910737202686668e-01
-9.582479160757975123e-01
4.723003194424739704e-01
1.278248766469119335e+00
2.566468715307841375e-01
3.232950536907544858e+00
1.161846781273440765e+00
-3.515157885371610558e+00
-1.660386741929359422e+00
-1.598258730793458593e+00
-1.470554647965020223e+00
1.694293052064692162e+00
-3.944830195232075454e+00
-1.083947086969931473e+00
6.723629163868332093e-01
-3.166840092443580001e+00
-1.685961886626663020e+00
-9.017400049105459559e-01
