-2.194580078125000000e+00
-5.481283650682178266e-01
3.706109363115706046e-01
-1.742847652392321978e+00
-1.373668697685143769e+00
7.597757157098207204e-01
7.588459957699206226e-01
-1.102156215784419135e+00
-1.544354596511827493e+00
1.009845458297694565e+00
-5.561963065263983985e-01
-1.812076159099736739e+00
-1.077467343894007223e+00
-5.449219283343067488e-01
-1.653857675442472974e+00
-3.511766037488017744e-01
1.981412945589142049e+00
-1.309672597776250003e+00
-2.730760753597828661e+00
-1.564844383318615639e+00
-1.657727499821124884e+00
-2.985837322583695386e+00
-1.988825330009032388e+00
2.753783225237794730e-01
-1.810677210026350181e-01
2.086907136039450883e-01
-4.840233299474427930e-02
1.686271183805465590e-01
-1.602929136894718498e+00
-3.134859039998352248e+00
-8.795675420434951874e-01
5.300753725711970787e-01
-6.419079532327778281e-01
-1.649028324991117289e+00
-3.073847276228021119e+00
-4.990593280735091675e-01
1.454090165980878036e+00
-1.658074032748626081e+00
-9.811690548425131553e-01
-2.047930072563552972e+00
-2.660353777577732615e+00
-2.858185547280553962e-01
-3.597123950380620716e-01
-2.738545486900894943e+00
-2.296455912311369474e+00
-3.146240171764446369e+00
-3.280471444587651497e+00
4.148148382611727136e-01
-5.855202914575858841e-01
-2.083402587832360542e+00
2.054774989915304495e-01
-6.850297547096402262e-01
-7.488182635661115860e-01
-3.575655603637836411e+00
-4.309014939454329784e+00
-1.379039748668335452e+00
7.748996377492811671e-01
-1.363691263390967245e+00
5.039940636059834222e-01
-1.040447439831873933e+00
-1.435655833317577512e+00
2.388524224046989497e-01
-3.544385254434421206e-01
-9.389642033745667637e-01
-7.774638326570566527e-01
-3.379200571537172682e+00
-2.783501960882604820e+00
-3.872011710164887655e-01
-1.050929714839246243e+00
4.992962772460225462e-01
3.249176045606234631e-01
-1.813123303171062073e+00
-1.803973996554284032e+00
-1.289923352496525233e+00
-1.498177761756660953e+00
-1.832559285401464066e+00
1.382010412536071320e-01
-1.588163127955092069e+00
-1.337834192845668291e-01
9.908513515490215973e-01
-1.316174855859319592e+00
-5.601679919111366424e-01
4.886654600801190185e-01
-6.613492033915631119e-01
-7.183472853124246438e-01
-3.903484516564625917e-01
-5.502824555129923745e-01
1.081468065338613727e+00
2.497065607424482803e+00
9.806325335734072945e-01
1.202035217455274196e+00
-2.065341233993178705e-01
-8.149148992963128890e-01
-3.693530104905881073e-01
1.353675935365207250e-01
-1.473302650508880873e+00
-2.039062814682023994e+00
-9.478712199755284784e-01
-1.340786277912631164e-01
4.797580254926963050e-01
3.060269135004394236e-01
-1.633002464238607621e+00
-1.080627948032991004e+00
9.959845570201519838e-02
-3.354107346511414622e-01
-1.275326784539583258e-01
4.723432675828087568e-03
1.174728841663099654e-01
5.306561453311947618e-01
6.022114708841628250e-01
5.465194829051112091e-01
-6.325665166150717944e-02
-1.566811820011665857e+00
-1.344196209789390917e+00
-3.101860636110951308e-01
6.655985912107698077e-02
-8.665099288731439309e-01
-1.517998906755617439e+00
-3.903382239765751383e-01
7.930014669876983557e-01
-1.902836978721280659e-01
6.925246836738452316e-03
-1.393105210225991097e-01
-7.636534389355253971e-01
4.585855697257916752e-01
-2.343670240463546772e-01
-1.822059303745344749e-01
9.896797203274454446e-02
-1.558233568901221666e-01
-2.558272734307617258e-01
-2.371732820827701094e-01
-2.472985897282925283e+00
-3.076352869249286748e+00
-1.398449353022538810e+00
-4.033755493699239247e-01
9.413927895762153053e-02
-6.799814727332459396e-02
-5.060869178214479902e-01
-2.368869535481577415e+00
-1.088423942924097609e+00
-1.930572428545893615e-01
-3.011230136250150347e-01
-7.229676302051877279e-01
-1.975216451220998870e+00
-1.784072561242149746e+00
3.445782808606946412e-01
-2.141634083862289373e-01
1.045516998194292224e+00
-1.384147277072171667e+00
-2.368548983151484322e+00
-7.113167813351046753e-01
-6.500272550379144754e-01
-7.335675917708712745e-01
8.448304739071890168e-01
-1.274659486067064584e+00
-4.580989600714111099e+00
-8.775418474962908277e-01
-2.957087479185961598e+00
-6.341389649150245944e+00
-2.989396294243412022e+00
-1.359308897675443717e+00
-9.410279432716057713e-01
-7.928346317423611289e-01
-2.180972336012484192e+00
-1.488099051557328689e+00
1.039639136391746543e+00
2.211407068303605783e-02
-1.400976757112196047e+00
-2.173219514765809102e+00
-2.127209991593332905e+00
-5.928000804976689686e-01
2.039694033733052692e-01
3.249722848565053113e-01
-3.137571990037582470e+00
7.004911141619194481e-01
2.521005207433515416e+00
8.394691756421979179e-02
-1.267523108437411672e-01
2.794185070496553180e-01
-3.503833727835671930e+00
-7.518178419183872307e+00
-2.677005576619506222e+00
-1.659252868800517700e+00
-9.487115032149580074e+00
-7.525977008746398411e+00
-1.638824183021349246e+00
1.322484771424913941e+00
1.434141582248140256e+00
-6.446409992931747546e-01
-2.654046937959291252e+00
-3.103166532563635727e+00
-4.271437771039304110e+00
-8.503823193200101827e+00
-9.955594198937248507e+00
-4.791767692313785076e+00
1.063719286209142467e+00
4.119696743250411686e-01
-5.572885728557324114e+00
-6.408455423823150809e+00
-9.902907280128685485e+00
-1.298478348761578260e+01
-9.750889791535261253e+00
-4.076197359050735436e+00
-7.330348400372264095e-01
-8.629251238757351672e-03
-2.207100421137401458e+00
-1.954001569453165388e+00
-2.486653921257498290e+00
-3.615273741203762548e+00
-1.554592145086463262e+00
3.446389166167946883e-01
-8.348715377418276518e-01
4.400415736675311607e-02
2.897117672697466784e-01
-8.097975478864877230e-01
-6.481023444716544901e-01
-2.534204556520602836e-02
-6.866573717460542348e-01
-4.925547920443895666e-01
9.300330107186134398e-01
2.192063979176894772e-01
2.223020355546241333e-01
1.056301909425124919e+00
7.297504591070720359e-01
1.945575952766556149e-01
-5.094993959408391504e-01
4.812750192827248696e-01
1.705964926805189297e+00
1.689836797526846457e+00
8.573564811499292393e-01
-6.458412025405491086e-01
-1.956582887411700611e+00
-2.005679243134289802e+00
-1.764187456468141679e+00
8.153377026705559416e-01
2.147375813943800615e+00
-7.791753274649213523e-01
-2.849450163201519004e+00
-2.997520561493795199e+00
-2.589251559604023534e+00
-2.280730465665056439e+00
-2.195734935240408081e+00
-9.272566189465609732e-01
-5.642379746184942313e-01
-9.213206274454335265e-01
-1.914761265945041480e+00
-3.009752499547788229e+00
-3.062534605066863147e+00
-3.228349872104915086e+00
-1.594786160267652519e+00
1.355672430156396047e-02
2.438097461979030989e+00
4.422670602870043766e+00
4.183839052630842659e+00
3.052848676826886987e+00
9.626011087966652724e-01
-1.338523163079446521e+00
-3.342718338816204060e-01
1.854105229391658005e+00
3.950879633360921517e+00
2.437358038874205768e+00
-1.212021502526170025e+00
-7.740648906163398735e-01
3.508126461136971130e-01
-3.492645540714187646e-01
-9.785418396046702272e-01
-7.823218967583486227e-01
1.067558518728089600e+00
1.871743405215492206e+00
1.579603446888587115e+00
1.073913292700833244e+00
3.495610720247470660e-01
8.167000570029814277e-02
-8.422950774528370488e-02
-6.191893914762881534e-01
1.495944295476716590e-01
4.574964882752852180e-01
1.184557995827711929e+00
1.340466224070580026e+00
3.514960988753179638e-01
7.518374123971949263e-01
6.591416540141155078e-01
-1.037695385759852540e+00
4.783256292328397219e-02
3.095801310608295998e-01
1.625744550107704578e+00
-2.015512356389903559e-02
-2.454650878906250000e+00
-2.015512356389903559e-02
1.625744550107704578e+00
3.095801310608295998e-01
4.783256292328397219e-02
-1.037695385759852540e+00
6.591416540141155078e-01
7.518374123971949263e-01
3.514960988753179638e-01
1.340466224070580026e+00
1.184557995827711929e+00
4.574964882752852180e-01
1.495944295476716590e-01
-6.191893914762881534e-01
-8.422950774528370488e-02
8.167000570029814277e-02
3.495610720247470660e-01
1.073913292700833244e+00
1.579603446888587115e+00
1.871743405215492206e+00
1.067558518728089600e+00
-7.823218967583486227e-01
-9.785418396046702272e-01
-3.492645540714187646e-01
3.508126461136971130e-01
-7.740648906163398735e-01
-1.212021502526170025e+00
2.437358038874205768e+00
3.950879633360921517e+00
1.854105229391658005e+00
-3.342718338816204060e-01
-1.338523163079446521e+00
9.626011087966652724e-01
3.052848676826886987e+00
4.183839052630842659e+00
4.422670602870043766e+00
2.438097461979030989e+00
1.355672430156396047e-02
-1.594786160267652519e+00
-3.228349872104915086e+00
-3.062534605066863147e+00
-3.009752499547788229e+00
-1.914761265945041480e+00
-9.213206274454335265e-01
-5.642379746184942313e-01
-9.272566189465609732e-01
-2.195734935240408081e+00
-2.280730465665056439e+00
-2.589251559604023534e+00
-2.997520561493795199e+00
-2.849450163201519004e+00
-7.791753274649213523e-01
2.147375813943800615e+00
8.153377026705559416e-01
-1.764187456468141679e+00
-2.005679243134289802e+00
-1.956582887411700611e+00
-6.458412025405491086e-01
8.573564811499292393e-01
1.689836797526846457e+00
1.705964926805189297e+00
4.812750192827248696e-01
-5.094993959408391504e-01
1.945575952766556149e-01
7.297504591070720359e-01
1.056301909425124919e+00
2.223020355546241333e-01
2.192063979176894772e-01
9.300330107186134398e-01
-4.925547920443895666e-01
-6.866573717460542348e-01
-2.534204556520602836e-02
-6.481023444716544901e-01
-8.097975478864877230e-01
2.897117672697466784e-01
4.400415736675311607e-02
-8.348715377418276518e-01
3.446389166167946883e-01
-1.554592145086463262e+00
-3.615273741203762548e+00
-2.486653921257498290e+00
-1.954001569453165388e+00
-2.207100421137401458e+00
-8.629251238757351672e-03
-7.330348400372264095e-01
-4.076197359050735436e+00
-9.750889791535261253e+00
-1.298478348761578260e+01
-9.902907280128685485e+00
-6.408455423823150809e+00
-5.572885728557324114e+00
4.119696743250411686e-01
1.063719286209142467e+00
-4.791767692313785076e+00
-9.955594198937248507e+00
-8.503823193200101827e+00
-4.271437771039304110e+00
-3.103166532563635727e+00
-2.654046937959291252e+00
-6.446409992931747546e-01
1.434141582248140256e+00
1.322484771424913941e+00
-1.638824183021349246e+00
-7.525977008746398411e+00
-9.487115032149580074e+00
-1.659252868800517700e+00
-2.677005576619506222e+00
-7.518178419183872307e+00
-3.503833727835671930e+00
2.794185070496553180e-01
-1.267523108437411672e-01
8.394691756421979179e-02
2.521005207433515416e+00
7.004911141619194481e-01
-3.137571990037582470e+00
3.249722848565053113e-01
2.039694033733052692e-01
-5.928000804976689686e-01
-2.127209991593332905e+00
-2.173219514765809102e+00
-1.400976757112196047e+00
2.211407068303605783e-02
1.039639136391746543e+00
-1.488099051557328689e+00
-2.180972336012484192e+00
-7.928346317423611289e-01
-9.410279432716057713e-01
-1.359308897675443717e+00
-2.989396294243412022e+00
-6.341389649150245944e+00
-2.957087479185961598e+00
-8.775418474962908277e-01
-4.580989600714111099e+00
-1.274659486067064584e+00
8.448304739071890168e-01
-7.335675917708712745e-01
-6.500272550379144754e-01
-7.113167813351046753e-01
-2.368548983151484322e+00
-1.384147277072171667e+00
1.045516998194292224e+00
-2.141634083862289373e-01
3.445782808606946412e-01
-1.784072561242149746e+00
-1.975216451220998870e+00
-7.229676302051877279e-01
-3.011230136250150347e-01
-1.930572428545893615e-01
-1.088423942924097609e+00
-2.368869535481577415e+00
-5.060869178214479902e-01
-6.799814727332459396e-02
9.413927895762153053e-02
-4.033755493699239247e-01
-1.398449353022538810e+00
-3.076352869249286748e+00
-2.472985897282925283e+00
-2.371732820827701094e-01
-2.558272734307617258e-01
-1.558233568901221666e-01
9.896797203274454446e-02
-1.822059303745344749e-01
-2.343670240463546772e-01
4.585855697257916752e-01
-7.636534389355253971e-01
-1.393105210225991097e-01
6.925246836738452316e-03
-1.902836978721280659e-01
7.930014669876983557e-01
-3.903382239765751383e-01
-1.517998906755617439e+00
-8.665099288731439309e-01
6.655985912107698077e-02
-3.101860636110951308e-01
-1.344196209789390917e+00
-1.566811820011665857e+00
-6.325665166150717944e-02
5.465194829051112091e-01
6.022114708841628250e-01
5.306561453311947618e-01
1.174728841663099654e-01
4.723432675828087568e-03
-1.275326784539583258e-01
-3.354107346511414622e-01
9.959845570201519838e-02
-1.080627948032991004e+00
-1.633002464238607621e+00
3.060269135004394236e-01
4.797580254926963050e-01
-1.340786277912631164e-01
-9.478712199755284784e-01
-2.039062814682023994e+00
-1.473302650508880873e+00
1.353675935365207250e-01
-3.693530104905881073e-01
-8.149148992963128890e-01
-2.065341233993178705e-01
1.202035217455274196e+00
9.806325335734072945e-01
2.497065607424482803e+00
1.081468065338613727e+00
-5.502824555129923745e-01
-3.903484516564625917e-01
-7.183472853124246438e-01
-6.613492033915631119e-01
4.886654600801190185e-01
-5.601679919111366424e-01
-1.316174855859319592e+00
9.908513515490215973e-01
-1.337834192845668291e-01
-1.588163127955092069e+00
1.382010412536071320e-01
-1.832559285401464066e+00
