4.274902343750000000e-01
-2.224809033930561508e-01
-1.283008147343600580e-01
8.011564577806282728e-01
2.807366225699853279e-01
-1.922906481509029097e-01
1.217044590552547323e-01
5.399257088930434767e-01
8.498652905000432245e-01
1.042278360124728076e+00
1.440415434131835815e+00
1.393777052486135037e+00
1.218888860322641765e+00
9.154577534516001869e-01
1.039346721558827680e+00
1.303679543930559293e+00
1.024435466644088244e+00
7.422174699759507277e-01
1.133769002114093816e+00
1.155970689031530885e+00
-4.521432543616565880e-01
-5.837587051821687689e-01
2.429980706003914692e-02
-4.317035604592243114e-01
-5.431549972104880997e-01
-3.151615214755927874e-01
8.778720438186728980e-01
1.638917184412780337e+00
6.150729281295987949e-01
-8.884104041371010396e-02
1.227480725079859170e-01
6.240199450002199555e-01
9.036228339620326899e-01
3.008896214102074751e-01
-3.532877335698265675e-01
-4.273969931783359044e-01
-1.167124972953482054e+00
-2.518579626770064639e+00
-2.292764465495644721e+00
-3.361382031215389699e-01
2.802174216124853068e-01
-1.080641357767291311e+00
-1.602413113878325523e+00
-8.804042132909934981e-01
-1.250202869615445467e+00
-1.258557156322707371e+00
-1.595216154082335080e-01
3.005491027405731153e-01
-2.520151263722743007e-01
-2.870474945223693286e-01
6.718541499526851091e-01
1.598983654604277493e+00
1.180513119028672619e+00
6.295161694576889566e-02
-9.633624511000355994e-01
-5.436336290770583668e-01
5.426687833775520886e-01
1.671565716646373989e+00
1.268475714893203543e+00
-1.908775709151975253e-01
-7.209376477974750452e-01
-2.455747175979001273e+00
-3.557859585560192883e+00
-2.834323999096973523e+00
-1.433922669897892410e+00
-2.320979985436672610e+00
-3.270273997785910769e+00
-2.984976307494797698e+00
-1.413402841535769117e+00
-4.083792850194920554e-01
4.046529785237391597e-01
-7.892502947912776179e-01
-1.090825197585027384e+00
-6.451670822342858713e-02
-3.322661280840644160e-01
-1.448241192654966980e+00
-7.738815321109113743e-01
3.491648934383884129e-01
1.424672628385878825e+00
2.559115638143721227e+00
2.034454980487742759e+00
9.853241063991096116e-01
1.466371483258263053e+00
3.731220304421634104e-01
-6.795122585528001746e-01
8.782976982581032210e-01
9.452839321905388559e-01
3.434329970854781422e-01
1.062239060143899128e-01
-4.844834385560712331e-01
5.035733983169052852e-01
1.936873755401681274e+00
9.667071179550094095e-01
-1.484017870746154877e-01
2.962689412643809028e+00
5.310262297533694387e+00
5.286346927042842481e+00
3.298881020325748814e+00
1.140806668364330534e+00
1.656164443345106374e+00
1.567914551483941654e+00
5.160726293574392498e-01
7.373860221275027049e-01
1.553296624685228000e+00
1.101786585576292499e+00
-5.208179143477797979e-02
3.798772392252272034e-01
1.756178231209123197e+00
1.310228058431547327e+00
5.726995023603089763e-01
1.150811352215946659e+00
1.276687296643691294e+00
6.611134059617551628e-01
3.848680767246215328e-01
-1.256065135769138807e+00
-1.591450289394223061e+00
1.683394612070685525e-01
2.376575485511802199e+00
1.056997785324073069e+00
-1.540528269144646911e+00
-2.005587966324546390e+00
-1.416072974131592055e+00
-6.065849162943970363e-01
2.584327161410375773e-01
-1.593054200213771310e+00
-4.471738978233673834e+00
-5.549569340081449198e+00
-2.987843446628301702e+00
-9.885697872020835497e-01
-3.056286925686189981e+00
4.011073254666519539e-01
3.374078280748259218e+00
4.326351784842081827e+00
6.248445452718872417e+00
1.474918307367065751e-01
-4.703059712484435551e+00
-3.654118318191312831e+00
2.037317554832975386e+00
2.528513101576033151e-01
-7.095431744599491886e-01
4.903606994931037910e-01
8.915355363271646461e-01
1.215372361010692570e+00
7.318135513626436994e-01
-1.800931577371240433e+00
-5.006383709961834683e-01
1.371118735067172745e+00
1.878880362775873447e+00
1.566995162826691157e+00
-1.522432465418843694e-01
-1.436684054963193180e+00
-8.041466991159456068e-01
4.624347254321867773e-01
8.662669553826820579e-01
3.705148504909263618e-01
7.091915845572607235e-01
-4.407205457275977789e-01
-2.480862704064186630e+00
-2.567285791891021685e+00
-8.367138866459754576e-01
1.822353328243144777e-01
-1.680649601991099917e-01
1.225536682961461121e-01
-3.720157017345603334e-01
-1.165549919699113257e+00
-1.327211358438415090e+00
-7.985360769491890442e-01
4.667578098624314276e-02
-4.641014052014342806e-01
-9.988414852159459567e-01
-2.023457218779732614e+00
-1.960980877008918988e+00
6.022617440364480546e-01
-2.332405759224953634e-02
-1.194483995160432688e+00
-1.951757356769450169e+00
-3.221387789497231147e+00
-2.670106322913775365e+00
7.634280495122225396e-02
-3.409927611679261616e+00
-5.736784287811154570e+00
-3.792816289268542196e+00
4.336101104474852086e-01
-1.955262549807716521e+00
-2.282433156317458245e+00
-2.892937350046888678e+00
-3.738134398361260047e+00
-7.254925629668180775e-01
-3.593176533064057487e+00
-7.160314492548508269e+00
-6.746720419445932038e+00
-2.818527509495469374e+00
4.264140307613164538e-01
9.403859076161946717e-02
-3.561593190413772092e-01
2.381008458258282445e-01
1.300049531928825441e+00
1.836827212315262470e+00
9.818258662801709891e-01
8.472275089515983737e-01
3.231590399636360633e+00
5.940848161345664735e+00
5.947507033937757370e+00
4.090722738116604695e+00
3.147745715376502940e+00
2.177462508434939714e+00
1.099311824405508009e+00
2.056789180581343857e+00
2.983473935050313663e+00
2.435081983086251789e+00
1.220046634075978575e+00
1.222659933285271006e+00
1.833954024115124426e+00
1.819699838398206815e+00
5.088366096989896947e-01
2.571243807501760736e-01
2.020746907699209949e+00
2.823102103511554439e+00
2.169296248537488037e+00
8.816465226422780521e-01
6.162155579305161890e-03
9.002149843598942214e-01
1.386695672605606111e+00
1.422826018329101050e+00
4.623091378327988110e-01
3.951989993753426411e-01
1.961500911220161125e+00
1.417432274514264012e+00
-1.019916009930132539e+00
-1.957311224950075701e-01
2.297075906833033088e+00
7.864452158823478367e-01
-3.658796638825083658e-01
3.372242271048082607e-01
1.006156359444254411e+00
1.111258233272361062e+00
4.301205116534678741e-01
2.146539534960453466e+00
4.214051060984930430e+00
4.143005528557623940e+00
2.149320951887041531e+00
2.605294268708894245e-01
1.025302913001937544e+00
7.598079097989103303e-01
-3.326179075106059368e-01
-1.095934668880311325e+00
-6.798509910558097058e-01
3.042541443734250173e-01
-5.128885402154303996e-01
-2.917285037922554558e+00
-2.784028310858387645e+00
-1.337854064849755442e+00
-2.445832460682993315e+00
-2.721472501563425350e+00
-3.478087306326482775e-02
2.158828694592441977e+00
9.713846934797469856e-01
6.225244224341861532e-01
2.295455374424956174e-01
-5.450020796168034698e-01
-7.820349911236600393e-01
-1.504348076117822952e+00
-7.135253296838730552e-01
5.653041154308783289e-01
1.204537541509253629e+00
2.500053276313085604e-01
-1.185930711084627998e+00
-1.899976197071136408e+00
-4.854108159597618766e-01
-1.899296483288139825e-01
-1.115080475665756632e+00
-1.241377156173487650e+00
-1.047324172141746113e+00
-2.600966277933904447e+00
-2.393775888116784323e+00
1.006236887732641083e-01
5.006826703737701223e-01
-1.081305896946946010e+00
-1.684290893458167071e+00
-9.668912939948640650e-01
-2.515499057064545241e-01
-5.109837087373401143e-01
-2.510065431553849535e-01
2.601518228597723414e-01
1.183546514481248479e-02
-1.031384651717262013e-01
3.263193429513318033e-01
9.106754039403008871e-01
1.429136261465235203e+00
1.121089297183623934e+00
1.002561965752684747e+00
6.024824729661101275e-01
6.610642531462360694e-01
1.544594004205052995e+00
6.386693851632647689e-01
-9.717763908512777604e-02
4.424653728114321671e-01
-4.505691213844656984e-01
-1.067814944359773977e+00
6.065481543092499095e-02
1.721892829805617531e+00
2.501059181898250383e+00
2.331741858136660905e+00
2.023826860996133625e+00
1.632947122466383183e+00
1.193689003572087293e+00
9.485884892003755287e-01
1.316552933005072257e+00
9.050773506643136068e-01
-3.514288888596294735e-01
-6.208690380191077551e-01
-2.170542707745254374e-01
-1.746226076598977883e-02
-5.454514908763615777e-01
-1.280014914361953249e-01
1.712291692080644134e+00
2.123629833092321118e+00
2.321838291219993966e+00
2.176272909681174816e+00
1.707771346356691256e+00
1.234440096515227792e+00
1.389070301754490755e+00
1.836245633598721172e+00
1.839756913953232820e+00
1.626163545114963416e+00
1.479850875348240447e+00
1.361078686257805037e+00
1.155362204906594137e+00
9.214647305675177646e-01
8.310676750969906434e-01
1.082746994070708846e+00
1.341655462063193305e+00
1.230917231425612490e+00
1.155292795363621616e+00
0.000000000000000000e+00
0.000000000000000000e+00
0.000000000000000000e+00
0.000000000000000000e+00
0.000000000000000000e+00
0.000000000000000000e+00
0.000000000000000000e+00
0.000000000000000000e+00
0.000000000000000000e+00
0.000000000000000000e+00
0.000000000000000000e+00
0.000000000000000000e+00
0.000000000000000000e+00
0.000000000000000000e+00
0.000000000000000000e+00
0.000000000000000000e+00
0.000000000000000000e+00
0.000000000000000000e+00
0.000000000000000000e+00
0.000000000000000000e+00
0.000000000000000000e+00
0.000000000000000000e+00
0.000000000000000000e+00
0.000000000000000000e+00
0.000000000000000000e+00
0.000000000000000000e+00
0.000000000000000000e+00
0.000000000000000000e+00
0.000000000000000000e+00
0.000000000000000000e+00
0.000000000000000000e+00
0.000000000000000000e+00
0.000000000000000000e+00
0.000000000000000000e+00
0.000000000000000000e+00
0.000000000000000000e+00
0.000000000000000000e+00
0.000000000000000000e+00
0.000000000000000000e+00
0.000000000000000000e+00
0.000000000000000000e+00
0.000000000000000000e+00
0.000000000000000000e+00
0.000000000000000000e+00
0.000000000000000000e+00
0.000000000000000000e+00
0.000000000000000000e+00
0.000000000000000000e+00
0.000000000000000000e+00
0.000000000000000000e+00
0.000000000000000000e+00
0.000000000000000000e+00
0.000000000000000000e+00
0.000000000000000000e+00
0.000000000000000000e+00
0.000000000000000000e+00
0.000000000000000000e+00
0.000000000000000000e+00
0.000000000000000000e+00
0.000000000000000000e+00
0.000000000000000000e+00
0.000000000000000000e+00
0.000000000000000000e+00
0.000000000000000000e+00
0.000000000000000000e+00
0.000000000000000000e+00
0.000000000000000000e+00
0.000000000000000000e+00
0.000000000000000000e+00
0.000000000000000000e+00
0.000000000000000000e+00
0.000000000000000000e+00
0.000000000000000000e+00
0.000000000000000000e+00
0.000000000000000000e+00
0.000000000000000000e+00
0.000000000000000000e+00
0.000000000000000000e+00
0.000000000000000000e+00
0.000000000000000000e+00
0.000000000000000000e+00
0.000000000000000000e+00
0.000000000000000000e+00
0.000000000000000000e+00
0.000000000000000000e+00
0.000000000000000000e+00
0.000000000000000000e+00
0.000000000000000000e+00
0.000000000000000000e+00
0.000000000000000000e+00
0.000000000000000000e+00
0.000000000000000000e+00
0.000000000000000000e+00
0.000000000000000000e+00
0.000000000000000000e+00
0.000000000000000000e+00
0.000000000000000000e+00
0.000000000000000000e+00
0.000000000000000000e+00
0.000000000000000000e+00
0.000000000000000000e+00
0.000000000000000000e+00
0.000000000000000000e+00
0.000000000000000000e+00
0.000000000000000000e+00
0.000000000000000000e+00
0.000000000000000000e+00
0.000000000000000000e+00
0.000000000000000000e+00
0.000000000000000000e+00
0.000000000000000000e+00
0.000000000000000000e+00
0.000000000000000000e+00
0.000000000000000000e+00
0.000000000000000000e+00
0.000000000000000000e+00
0.000000000000000000e+00
0.000000000000000000e+00
0.000000000000000000e+00
0.000000000000000000e+00
0.000000000000000000e+00
0.000000000000000000e+00
0.000000000000000000e+00
0.000000000000000000e+00
0.000000000000000000e+00
0.000000000000000000e+00
0.000000000000000000e+00
0.000000000000000000e+00
0.000000000000000000e+00
0.000000000000000000e+00
0.000000000000000000e+00
0.000000000000000000e+00
0.000000000000000000e+00
0.000000000000000000e+00
0.000000000000000000e+00
0.000000000000000000e+00
0.000000000000000000e+00
0.000000000000000000e+00
0.000000000000000000e+00
0.000000000000000000e+00
0.000000000000000000e+00
0.000000000000000000e+00
0.000000000000000000e+00
0.000000000000000000e+00
0.000000000000000000e+00
0.000000000000000000e+00
0.000000000000000000e+00
0.000000000000000000e+00
0.000000000000000000e+00
0.000000000000000000e+00
0.000000000000000000e+00
0.000000000000000000e+00
0.000000000000000000e+00
0.000000000000000000e+00
0.000000000000000000e+00
0.000000000000000000e+00
0.000000000000000000e+00
0.000000000000000000e+00
0.000000000000000000e+00
0.000000000000000000e+00
0.000000000000000000e+00
0.000000000000000000e+00
0.000000000000000000e+00
0.000000000000000000e+00
0.000000000000000000e+00
0.000000000000000000e+00
