1.886688232421875000e+00
1.472098946529067476e+00
8.475146881033925883e-01
2.433200598125584979e-01
4.194258076978879535e-01
5.247661033208408377e-01
7.404757349898538621e-03
-5.325424089633405966e-01
-6.786717592713796821e-01
1.133748990153723990e-01
5.384943183528667632e-01
3.154735988716012018e-01
-1.486816827791768714e-01
-2.800527955163808480e-01
1.848173941736208636e-01
8.775986909642718992e-01
1.552499815171938247e+00
2.163042945326553390e+00
1.834929614911849693e+00
8.586421491126170480e-01
1.013129026474013372e-01
-1.598511431933687388e-01
-2.908227232339440915e-01
-3.405780628669000665e-01
-2.148736587520800878e-01
4.353245975689526981e-01
9.503371208137225690e-01
1.058592423979994424e+00
5.458443897526670252e-01
-5.595017207981507479e-01
1.904896612615316620e-01
4.780734511005155785e-01
-1.593320538816491716e-01
6.277181493682395530e-01
2.560192328797548988e+00
4.452707213160869593e+00
4.505389544949764513e+00
3.608389221006661263e+00
2.384944752274883228e+00
3.728225577482446873e-02
1.022185724185023847e+00
1.791743686974236249e+00
2.259834307214227955e-01
-1.332462414093699810e+00
1.093642518208552294e+00
2.686920626204676754e+00
2.413550714301376576e+00
7.060246368334383016e-01
-2.875254739119582625e-01
-3.488159665295647582e-01
-3.534359688527832777e-02
2.833112830912573599e-01
1.026812409910119683e+00
1.645399932130532150e+00
2.308164085595534765e+00
2.411689152022774785e+00
1.317499512505035941e+00
-1.004012899040956919e-01
9.548121964763395253e-01
1.222672966950590245e+00
1.085164509272668498e+00
-5.678479069461528361e-02
-6.553183140560925324e-01
-3.130038400059684811e-01
7.708891701824306386e-01
4.026980484076938538e-01
2.078358387230598847e-01
2.894447128163165628e-01
-7.386566451958815893e-01
-1.276531980866761895e+00
-8.135970166462955788e-01
9.854717881520413947e-02
2.948653517228363441e-01
1.482150853133743507e-01
3.679895991408578260e-01
1.166298650812002125e-01
-6.624806349516637605e-01
9.775951479013689216e-02
-5.328199981649768269e-01
-1.867634362456178199e+00
-2.304712251583093341e+00
-1.431712165262040592e+00
-6.053705195049028376e-01
-5.529547741430818064e-02
5.998013659798514530e-01
1.024641975152298601e+00
2.859204985383034803e-02
-6.743969117987731465e-01
-9.870308395152376235e-01
-1.771785407363422937e+00
-1.269456651381780876e+00
-5.005669117894160358e-01
-1.047085100910662980e-01
8.610916260012002610e-02
9.126881234986452540e-01
4.760325634424258379e-01
-1.038493118674699289e+00
-1.362577222269010235e+00
-4.702615940715455523e-01
8.093795589511691979e-01
-8.323647619749610094e-01
-1.367456203925007330e+00
-5.710780234543069156e-01
-6.370485963549548103e-01
-1.570203174872265794e+00
-1.393050821567243025e+00
-3.195968168743935078e-01
-5.643686319640783822e-01
-4.947298828594517417e-01
7.561503848238062542e-01
4.663975376431512831e-01
-1.587896630899471084e+00
-2.508437696519826954e+00
-1.395527084965058062e+00
2.124915192893555016e-01
-6.053821593225379161e-01
-1.852217068927994426e+00
-1.134974259566250199e+00
7.958257961836553429e-01
-2.350086845118937173e-01
-5.022293506588082490e-01
5.685489083726199544e-01
4.855383765532526041e-01
5.008823903577930281e-02
-2.734277869406502859e-01
-6.699224897536280032e-01
-9.107711868513037601e-01
4.739259795018577748e-01
4.714570883664568335e-01
-1.622187500135341409e-01
-2.964091929464256481e-01
-4.136883508180542179e-01
-5.118021759630062562e-01
-4.725484285305725507e-03
3.691354969133140429e-01
1.405279013963625090e-01
-5.467219647499073076e-01
-1.335518741899387019e+00
-1.496579262126465082e+00
-1.164876499435682167e+00
-8.930350292220601283e-01
-1.235632682147469907e+00
-1.744727580276505208e+00
-1.147800292762733321e+00
4.510665634734687401e-01
4.190557298073698256e-01
5.655946994116507476e-01
6.507730526105652835e-01
3.952570184145343113e-01
-2.358442679038605938e-01
-1.565654034271394712e+00
-2.665877279934013799e+00
-2.905912737955525849e+00
-2.642346115402315565e+00
-1.671187843062289069e+00
-3.429648337963682181e-01
2.964124459049486404e-01
-8.739794037588932696e-02
2.935409902356895806e-01
7.939013800586973701e-01
-8.660188572980720423e-01
-1.141242071958223026e+00
-5.336843971494804606e-01
-3.481070513998658633e-01
5.618836133494928831e-01
1.878057581179817248e+00
2.222250527761573835e+00
1.593044519127492897e+00
5.808315073651200144e-01
1.072008475091326130e-01
-7.792641474712524996e-01
-1.906722591165471492e+00
-1.802325567488594515e+00
-3.453903062283898429e-01
1.266594265199377789e+00
1.439182791874804579e-02
-1.843455157209501261e+00
-2.161935656263111127e+00
-1.112344728187912413e+00
-1.738836508006875725e-01
-1.799572560653919240e-01
-8.642251955207789216e-01
-1.556871649689258952e+00
4.789950750550813208e-01
8.046477607436295365e-01
-1.012737311530291784e-01
-1.252827701439200192e+00
-1.332418273310028489e+00
-1.586809864428642136e-01
-5.346115149890615648e-01
-1.680662293304398647e+00
-2.402416359879212315e+00
-1.218745412901853120e+00
-9.967154694158055772e-01
-1.249179646344573014e+00
-3.761477294728334808e-01
1.949165470308722448e-01
2.150630026456616939e-01
-1.105924561295830166e-01
-3.929748535156241118e-01
-1.105924561295830166e-01
2.150630026456616939e-01
1.949165470308722448e-01
-3.761477294728334808e-01
-1.249179646344573014e+00
-9.967154694158055772e-01
-1.218745412901853120e+00
-2.402416359879212315e+00
-1.680662293304398647e+00
-5.346115149890615648e-01
-1.586809864428642136e-01
-1.332418273310028489e+00
-1.252827701439200192e+00
-1.012737311530291784e-01
8.046477607436295365e-01
4.789950750550813208e-01
-1.556871649689258952e+00
-8.642251955207789216e-01
-1.799572560653919240e-01
-1.738836508006875725e-01
-1.112344728187912413e+00
-2.161935656263111127e+00
-1.843455157209501261e+00
1.439182791874804579e-02
1.266594265199377789e+00
-3.453903062283898429e-01
-1.802325567488594515e+00
-1.906722591165471492e+00
-7.792641474712524996e-01
1.072008475091326130e-01
5.808315073651200144e-01
1.593044519127492897e+00
2.222250527761573835e+00
1.878057581179817248e+00
5.618836133494928831e-01
-3.481070513998658633e-01
-5.336843971494804606e-01
-1.141242071958223026e+00
-8.660188572980720423e-01
7.939013800586973701e-01
2.935409902356895806e-01
-8.739794037588932696e-02
2.964124459049486404e-01
-3.429648337963682181e-01
-1.671187843062289069e+00
-2.642346115402315565e+00
-2.905912737955525849e+00
-2.665877279934013799e+00
-1.565654034271394712e+00
-2.358442679038605938e-01
3.952570184145343113e-01
6.507730526105652835e-01
5.655946994116507476e-01
4.190557298073698256e-01
4.510665634734687401e-01
-1.147800292762733321e+00
-1.744727580276505208e+00
-1.235632682147469907e+00
-8.930350292220601283e-01
-1.164876499435682167e+00
-1.496579262126465082e+00
-1.335518741899387019e+00
-5.467219647499073076e-01
1.405279013963625090e-01
3.691354969133140429e-01
-4.725484285305725507e-03
-5.118021759630062562e-01
-4.136883508180542179e-01
-2.964091929464256481e-01
-1.622187500135341409e-01
4.714570883664568335e-01
4.739259795018577748e-01
-9.107711868513037601e-01
-6.699224897536280032e-01
-2.734277869406502859e-01
5.008823903577930281e-02
4.855383765532526041e-01
5.685489083726199544e-01
-5.022293506588082490e-01
-2.350086845118937173e-01
7.958257961836553429e-01
-1.134974259566250199e+00
-1.852217068927994426e+00
-6.053821593225379161e-01
2.124915192893555016e-01
-1.395527084965058062e+00
-2.508437696519826954e+00
-1.587896630899471084e+00
4.663975376431512831e-01
7.561503848238062542e-01
-4.947298828594517417e-01
-5.643686319640783822e-01
-3.195968168743935078e-01
-1.393050821567243025e+00
-1.570203174872265794e+00
-6.370485963549548103e-01
-5.710780234543069156e-01
-1.367456203925007330e+00
-8.323647619749610094e-01
8.093795589511691979e-01
-4.702615940715455523e-01
-1.362577222269010235e+00
-1.038493118674699289e+00
4.760325634424258379e-01
9.126881234986452540e-01
8.610916260012002610e-02
-1.047085100910662980e-01
-5.005669117894160358e-01
-1.269456651381780876e+00
-1.771785407363422937e+00
-9.870308395152376235e-01
-6.743969117987731465e-01
2.859204985383034803e-02
1.024641975152298601e+00
5.998013659798514530e-01
-5.529547741430818064e-02
-6.053705195049028376e-01
-1.431712165262040592e+00
-2.304712251583093341e+00
-1.867634362456178199e+00
-5.328199981649768269e-01
9.775951479013689216e-02
-6.624806349516637605e-01
1.166298650812002125e-01
3.679895991408578260e-01
1.482150853133743507e-01
2.948653517228363441e-01
9.854717881520413947e-02
-8.135970166462955788e-01
-1.276531980866761895e+00
-7.386566451958815893e-01
2.894447128163165628e-01
2.078358387230598847e-01
4.026980484076938538e-01
7.708891701824306386e-01
-3.130038400059684811e-01
-6.553183140560925324e-01
-5.678479069461528361e-02
1.085164509272668498e+00
1.222672966950590245e+00
9.548121964763395253e-01
-1.004012899040956919e-01
1.317499512505035941e+00
2.411689152022774785e+00
2.308164085595534765e+00
1.645399932130532150e+00
1.026812409910119683e+00
2.833112830912573599e-01
-3.534359688527832777e-02
-3.488159665295647582e-01
-2.875254739119582625e-01
7.060246368334383016e-01
2.413550714301376576e+00
2.686920626204676754e+00
1.093642518208552294e+00
-1.332462414093699810e+00
2.259834307214227955e-01
1.791743686974236249e+00
1.022185724185023847e+00
3.728225577482446873e-02
2.384944752274883228e+00
3.608389221006661263e+00
4.505389544949764513e+00
4.452707213160869593e+00
2.560192328797548988e+00
6.277181493682395530e-01
-1.593320538816491716e-01
4.780734511005155785e-01
1.904896612615316620e-01
-5.595017207981507479e-01
5.458443897526670252e-01
1.058592423979994424e+00
9.503371208137225690e-01
4.353245975689526981e-01
-2.148736587520800878e-01
-3.405780628669000665e-01
-2.908227232339440915e-01
-1.598511431933687388e-01
1.013129026474013372e-01
8.586421491126170480e-01
1.834929614911849693e+00
2.163042945326553390e+00
1.552499815171938247e+00
8.775986909642718992e-01
1.848173941736208636e-01
-2.800527955163808480e-01
-1.486816827791768714e-01
3.154735988716012018e-01
5.384943183528667632e-01
1.133748990153723990e-01
-6.786717592713796821e-01
-5.325424089633405966e-01
7.404757349898538621e-03
5.247661033208408377e-01
4.194258076978879535e-01
2.433200598125584979e-01
8.475146881033925883e-01
1.472098946529067476e+00
0.000000000000000000e+00
0.000000000000000000e+00
0.000000000000000000e+00
0.000000000000000000e+00
0.000000000000000000e+00
0.000000000000000000e+00
0.000000000000000000e+00
0.000000000000000000e+00
0.000000000000000000e+00
0.000000000000000000e+00
0.000000000000000000e+00
0.000000000000000000e+00
0.000000000000000000e+00
0.000000000000000000e+00
0.000000000000000000e+00
0.000000000000000000e+00
0.000000000000000000e+00
0.000000000000000000e+00
0.000000000000000000e+00
0.000000000000000000e+00
0.000000000000000000e+00
0.000000000000000000e+00
0.000000000000000000e+00
0.000000000000000000e+00
0.000000000000000000e+00
0.000000000000000000e+00
0.000000000000000000e+00
0.000000000000000000e+00
0.000000000000000000e+00
0.000000000000000000e+00
0.000000000000000000e+00
0.000000000000000000e+00
0.000000000000000000e+00
0.000000000000000000e+00
0.000000000000000000e+00
0.000000000000000000e+00
0.000000000000000000e+00
0.000000000000000000e+00
0.000000000000000000e+00
0.000000000000000000e+00
0.000000000000000000e+00
0.000000000000000000e+00
0.000000000000000000e+00
0.000000000000000000e+00
0.000000000000000000e+00
0.000000000000000000e+00
0.000000000000000000e+00
0.000000000000000000e+00
0.000000000000000000e+00
0.000000000000000000e+00
0.000000000000000000e+00
0.000000000000000000e+00
0.000000000000000000e+00
0.000000000000000000e+00
0.000000000000000000e+00
0.000000000000000000e+00
0.000000000000000000e+00
0.000000000000000000e+00
0.000000000000000000e+00
0.000000000000000000e+00
0.000000000000000000e+00
0.000000000000000000e+00
0.000000000000000000e+00
0.000000000000000000e+00
0.000000000000000000e+00
0.000000000000000000e+00
0.000000000000000000e+00
0.000000000000000000e+00
0.000000000000000000e+00
0.000000000000000000e+00
0.000000000000000000e+00
0.000000000000000000e+00
0.000000000000000000e+00
0.000000000000000000e+00
0.000000000000000000e+00
0.000000000000000000e+00
0.000000000000000000e+00
0.000000000000000000e+00
0.000000000000000000e+00
0.000000000000000000e+00
0.000000000000000000e+00
0.000000000000000000e+00
0.000000000000000000e+00
0.000000000000000000e+00
0.000000000000000000e+00
0.000000000000000000e+00
0.000000000000000000e+00
0.000000000000000000e+00
0.000000000000000000e+00
0.000000000000000000e+00
0.000000000000000000e+00
0.000000000000000000e+00
0.000000000000000000e+00
0.000000000000000000e+00
0.000000000000000000e+00
0.000000000000000000e+00
0.000000000000000000e+00
0.000000000000000000e+00
0.000000000000000000e+00
0.000000000000000000e+00
0.000000000000000000e+00
0.000000000000000000e+00
