1.335479736328125000e+00
8.482885210094118777e-01
3.911324784194980531e-02
-7.835167348228133655e-01
-7.991739514076172668e-01
1.051908347183291514e+00
-2.937229229706161959e-02
-1.175544333112563677e-01
6.125552003629572972e-01
-1.925367924191112579e-02
-6.224238478058241597e-02
1.270451954340954481e+00
-1.133672128056770756e-01
-4.209827725287484945e-01
2.692778469117412810e-01
-4.612320389878001858e-01
-1.580846437919891656e-02
-2.243256911830865397e-01
3.835222372529137891e-01
1.999544116025555596e-01
8.267112471058180034e-01
-8.668109355933404370e-01
1.275772123651652823e-01
-4.265115778981032335e-01
2.731346015850477649e-01
-5.450632607575758293e-01
8.445020416878703529e-01
9.551548107707774626e-02
-3.433712799145105521e-02
7.508331206076328534e-01
-1.086289600882286432e+00
-2.817388076405480390e-02
1.239483651345800741e-01
4.946132162791925246e-01
-6.537389797812591663e-01
1.014032035448009239e+00
1.504444842501242441e-01
1.185876890996602206e-01
9.525835289434425590e-01
-5.558867920888794778e-01
3.040067699435073934e-01
-1.426429109843610155e+00
8.729404040310391188e-01
-1.027613099021337018e+00
1.287626973181385415e+00
-9.252885217305018006e-01
1.482129401994310758e+00
5.778196153769687982e-01
1.434200984830841241e-01
-4.473243838583087495e-01
2.068791535457319863e+00
4.321718544662211947e-01
1.354085929692971924e-01
-8.288934471760860401e-01
3.133310404196838483e-01
5.251283812149507568e-01
-1.501821556212220576e+00
7.504627743386058647e-01
1.730279927600756107e+00
1.735867636105670186e+00
-1.271610877894384650e-01
5.154742631763884475e-01
1.574674126680002173e+00
-2.239714162119132101e+00
-1.935510288409558299e+00
3.180271142745394464e-01
2.319930550076437559e+00
-1.236780884972089156e+00
-1.134620458937070531e+00
2.465543334772335893e+00
2.449169487857997929e+00
-1.195063560806228997e+00
5.435374509429902190e-01
2.019019037916393700e+00
-1.447237283592682777e+00
-8.552292632666926853e-01
1.576500032200434109e+00
-1.157446085542667147e+00
1.798947770716842420e+00
-1.044132575627576331e+00
-4.032081979417359019e-01
1.485467105257543885e+00
-1.087052552580080045e+00
3.495591096251740026e-01
1.481772554696415112e+00
6.391551310392267204e-01
5.643503972588163053e-01
1.236690458136283421e+00
1.405929135434506705e+00
-3.728875875418249386e-01
1.852861800796001823e-01
2.007774438993945587e+00
-1.624831890581173832e+00
8.429565145349489086e-01
1.550892106156117833e+00
1.902305890981255132e-01
1.044757601904036548e+00
-1.636330411715061217e-01
-2.945085098900284137e-01
3.303062312888629393e-01
7.786011571472362114e-01
1.500829984117483473e+00
3.781435025675587980e-01
2.687756509435441643e-01
-9.025489680799627656e-01
1.155281869592285959e+00
-9.681641048975064834e-01
1.195823380688931792e-01
1.685684340120452207e+00
1.414291714562743163e+00
-6.907043550933233966e-02
-6.398551938001428852e-02
9.394305369105899750e-01
7.015777051877618575e-01
5.034738682219348505e-01
-4.299835585301905461e-01
-1.242926468318494848e+00
-1.551025971621411426e+00
-5.828382075358997660e-01
1.049106848568026606e-02
3.985188473392518027e-01
4.026715853137860512e-01
7.288977814358665874e-03
7.289780556655629518e-01
7.640882033954330410e-01
2.324119679386345005e-01
5.660528188963676044e-01
7.582940654887826426e-01
-7.417886736503898071e-01
-3.945956340860963252e-01
-7.548828966887670688e-01
-1.751193964933327685e+00
-2.026349937469738904e+00
2.017342390924072859e-01
2.456949333586530670e+00
1.645079380111125200e+00
3.377979627614764446e-01
3.803842941259456989e+00
1.706115217740693524e-01
-5.040051478197070445e+00
-6.036356479225198690e+00
-1.358809616673014808e+00
-1.048079258282041515e+00
3.062952376183334380e-01
1.317167836433392747e+00
9.299828711283102400e-01
4.397865266518606653e+00
1.026763595015410147e+00
-2.077470505724510197e+00
-2.470646351446533551e+00
-2.334899074897689886e+00
1.125913505847021989e+00
2.497876449841869295e-01
-1.328345471851869242e+00
-1.779083516814647936e+00
7.468598034266651364e-01
1.217196899290667655e+00
1.029117643148193650e+00
1.748034911605532926e+00
4.000848908950901617e+00
1.435632225278001162e+00
-2.286205677058352315e+00
-2.415964599958040804e+00
-6.705904455473801207e-01
1.561433081624766572e+00
3.752850615039397653e+00
5.761264174801443261e+00
-1.476606177962620059e+00
-4.165150909698038362e+00
-1.810844022438872436e+00
1.789460235132921628e+00
-1.546251429296978230e+00
1.512127407299388437e-01
9.897134685751822758e-01
4.079469484481063724e+00
1.367002836148050626e+00
-1.119751916954777826e+00
-1.235767802198818544e+00
-1.915327148553937375e+00
-1.193203608921764136e+00
8.126361008272420250e-01
9.434229998113017324e-01
2.315577134926438685e-01
-8.311047708833187997e-01
1.028204721129116317e+00
3.375785844741452379e-01
6.444589336054673545e-01
1.491782974193696987e+00
-5.499441112035068357e-01
6.549984414188725346e-02
2.063792184404325436e+00
3.847229330047878815e-01
-1.059569415925643021e+00
-1.389443048323708574e-01
1.891748447127086230e+00
4.142436415992557741e+00
5.149830882877008520e+00
-2.549778748070218537e+00
-2.354923143359790139e+00
4.664779322921839277e-01
-2.129970274964567700e-01
-1.103628315793767189e+00
-1.804731861802383763e+00
3.009211764507402798e+00
4.656344218932593648e+00
1.495406594073374507e+00
7.413975866605091447e-01
1.250444844866894556e+00
-1.287486470120662752e+00
1.505335781004623286e+00
2.905937402558775418e+00
-5.536790948186329775e-01
5.876195106858013162e-01
-2.287574716025491117e-01
6.030017945800101309e-01
4.970856633204457253e+00
2.918819924068242866e+00
-2.765446500033734711e-01
9.745577322340903681e-01
3.923677677124855823e+00
4.957228541799702626e+00
2.182181485370360274e+00
2.819665046139141040e+00
3.623130650834419875e+00
2.159730693851078964e+00
4.156241902120516585e+00
1.348755822773932245e+00
3.069045613437009656e+00
3.470952816032669475e+00
2.032200295810267399e+00
3.366724156776162324e+00
1.059478305409144117e+00
7.521218456924654294e-01
2.377625694708092485e+00
1.075095560767941105e+00
1.539398645698824009e+00
5.086570405339477796e-01
9.452751475516389945e-01
-1.630085772414283651e+00
3.988130753984160393e-01
9.736584492713573624e-02
7.140893419294180866e-02
-2.355811778136973622e-02
1.229458612893692848e+00
-8.153480504346624080e-01
2.425735269167430097e+00
8.815745834711945506e-01
2.096044527280142677e+00
2.380706334097336008e+00
1.020814832766187230e+00
2.220577165711739909e+00
-1.184026937414614400e+00
1.944845843812443853e+00
9.565663375754174247e-02
2.403650748279417826e-01
-7.968441086702899856e-01
1.714053316913610736e-01
-1.533118794398820262e+00
2.144222275163813585e+00
5.801644915743134900e-01
1.661718333169893480e+00
6.910549511776564735e-01
1.990735290449628048e+00
7.987296850074763199e-01
1.022761020957224209e+00
3.864940961800543029e+00
2.560864051877635994e+00
3.755701510051442149e+00
2.544350464278529511e+00
1.191947046373755814e+00
4.434584389909478119e+00
2.574620481341515443e+00
3.444889104383669132e+00
2.109668486237606722e+00
1.508664337534233013e+00
5.871213085065768666e+00
3.956373167877933916e+00
1.456462625211845108e-01
-4.350235757636211620e-01
2.754194075688549237e+00
4.388893480115021006e+00
1.138491723586167348e+00
-2.029387993219131658e-01
3.876814726812716216e-02
-1.121184166315281283e+00
8.598045961792504244e-01
1.566052418330714069e+00
7.307635879125236045e-01
1.293976860557637831e+00
8.329046799617190189e-01
1.662450562501722739e+00
4.237381887697213578e+00
2.573141343216141852e+00
-3.102317812175334311e+00
-4.500616385119071694e-02
2.016219233445931458e+00
-1.769807787391572074e+00
-2.813200831733784213e+00
3.981151757229763888e-01
2.410791710568004120e+00
4.812892984726072854e+00
3.087184170739208700e+00
-4.904192268524063536e-01
2.873520717969031413e-01
1.452392761137072386e+00
6.718666581812668959e-01
-1.046390606529715717e+00
-1.009531454715750343e+00
7.408890318560925614e-01
1.480398081921951547e+00
1.517738523895215463e+00
9.014408349303359991e-01
5.543302469420375855e-01
-9.843485058449960023e-01
-2.835778295582997544e+00
3.042669159456359296e-01
2.820249212775685077e+00
-3.444742918246492369e+00
-2.834841804036565271e+00
6.103509754442546509e-01
-1.402760148265416618e+00
-1.291624557169006593e+00
-5.720986486192334297e-01
4.045662736031859552e+00
6.148038631199275628e+00
-4.039492774209260340e+00
-8.643031964479508389e-01
-2.153616148571721123e+00
-1.066340103710344600e+00
1.427031785604222947e+00
5.027119870411922875e+00
4.876798147297171759e+00
-3.122990538989012244e+00
-2.517780151968986413e+00
1.460518555223048853e+00
1.817261161000204073e+00
2.283579669637069820e+00
4.439704901429257333e+00
-1.089421616338062115e-01
1.665116082287146027e+00
-1.167933823750782363e+00
-2.156265617649311128e+00
-3.303643459090759293e-01
2.511031418797786685e+00
-4.607483779539165880e+00
-3.986193527252210878e+00
6.183826056284980055e-01
2.306478436953534050e-01
2.112595055320745097e+00
2.272202314458668493e+00
3.622528808985463034e+00
-2.621812948384770081e+00
-2.252211019525304003e+00
5.184064643508259351e-01
-4.518738407196988938e+00
-5.729255203568794919e+00
-6.552003162592381358e-01
4.498498662031550133e+00
1.776836132227413323e+00
-1.071536236584841539e+00
1.161660813007141968e+00
2.563088590478190376e+00
-1.263534339957858244e+00
-3.119098217676503637e+00
1.590907941723217700e+00
1.376792670396408624e+00
-2.128603564549733207e+00
-1.342603550844024163e+00
1.748065261156561245e+00
1.630562126547703494e+00
-8.034843300012879386e-01
1.549223813909351488e+00
1.646300721070284911e+00
5.255385578786542222e-01
-5.512329068382416652e-01
-6.302308562603144981e-01
2.069784737843853861e-01
-9.186777586219165848e-01
-2.403117878158774978e+00
-5.617942583255359779e-01
9.455076622214764193e-01
8.673054615270325840e-02
5.585433560124641872e-01
6.333504834758199031e-01
5.989321114050984995e-01
2.971746119294260691e-01
7.292723218451138134e-01
-1.226986782511696461e-01
1.595633675909715610e+00
-7.259400409403382604e-02
-6.610259114592493823e-01
-2.110093915271161080e+00
1.529584171486566113e+00
2.987626532604332752e+00
-1.147760410525513475e-01
-1.379082235709758741e+00
-1.976834633588294032e+00
9.215509539857897892e-01
7.598110171876912844e-01
8.826044680811788723e-01
-8.088838567985066064e-01
1.519503537964616235e+00
4.343540407742323417e+00
-1.270843565990119162e+00
1.510252692318499790e+00
3.255143247720517774e-01
6.840141499293178606e-01
1.615776035476623740e+00
1.177551900675082752e+00
3.716227146942339132e-01
1.175784187420551019e+00
6.177920040998177154e-01
-8.796744952636776915e-01
1.558866498031099557e-01
5.373959277592201822e-01
-5.533271965351003185e-01
3.197659192461614897e-01
8.809021861944275056e-01
7.382898354086206982e-01
-5.690098672261834079e-01
-1.211205877478314763e+00
-3.350492542053173928e-02
1.205268506777263049e+00
-4.465108700193387570e-01
3.416079139780547891e-02
3.075032808684018182e+00
1.045160280070265735e+00
-1.647643264695184850e+00
8.397552944972351829e-01
1.023536159659069078e+00
-7.855706349429989466e-01
-1.155320872892015238e+00
-7.701559184376145506e-01
-5.784251588460733728e-01
1.179616324479746847e+00
2.364901883936857185e+00
1.707909755709128952e+00
-2.275810961724422654e-02
-7.688722084716159699e-02
-1.679823777383548267e+00
1.763995861043641256e-01
8.444201025586641762e-01
5.084431068742361060e-01
-1.086922995755150723e+00
1.604738761153847726e-01
1.980404275436529637e+00
1.658927278217168677e+00
-6.166904511685256107e-01
7.751715378851637972e-01
1.586362352846029111e-01
2.104462020793040899e-01
9.586821818820645547e-02
1.428217190890472388e+00
-2.096936335346851088e+00
-7.860247893098180061e-01
1.618970952827658571e-01
1.220259888709516849e+00
1.030240723872395403e-01
1.138605396638444622e+00
-4.804662284008334172e-01
5.399011792702963497e-01
1.903283930828594261e-01
5.532111551485670020e-01
-3.242440955427583482e-01
-5.329947057294692758e-01
-1.508922191355133169e+00
1.197873962965332106e+00
-2.579356139744248821e-02
-3.306230181406384361e-01
3.457416675379358928e-01
3.925626767836654096e-02
-2.282577498091282742e-01
1.030131120735275463e+00
-1.106127031985060905e+00
-3.989972351689343721e-01
3.818797261199842197e-01
1.841288815992077943e+00
6.279048974831087371e-01
-1.382560748050591926e+00
-5.597227124465926629e-01
1.064952717810021543e+00
-5.081023171206706657e-01
-4.796824289918208972e-01
-2.833819449151475656e-01
2.127770516761042785e-01
-2.337861440713981942e-01
4.663839255751534019e-01
1.109744933984806003e+00
2.189960122465597347e-01
-2.731402488436363019e-01
3.553527399296108058e-01
4.365326506557922759e-01
5.982503347851053643e-02
-3.520390207348866873e-02
1.555278745967411336e+00
0.000000000000000000e+00
0.000000000000000000e+00
0.000000000000000000e+00
0.000000000000000000e+00
0.000000000000000000e+00
