1.943450927734374556e+00
1.735105099617591629e+00
1.573400259351506403e+00
1.491819943348863475e+00
1.277615979102602495e+00
5.888931043415595035e-01
-1.169692541898679217e-01
-5.965012581053894536e-01
-1.430813695752449988e+00
-8.892000623128911707e-01
2.104105171440611155e-01
9.825327297327635101e-02
-1.147301924944306384e+00
-1.466006146837795843e+00
-7.646009825836470597e-01
5.226966032060078593e-01
1.356374974847430526e+00
4.247986554952114524e-01
2.215546920601707548e-01
4.460413961763268764e-01
1.554016504410461685e+00
2.005907430099751476e+00
1.501986896969163432e+00
1.525224079847866232e+00
1.187378566845616934e+00
2.624406843726223570e-02
-4.364281958122331329e-01
4.816408608245086320e-01
1.426782181573948982e-01
6.481723862387624990e-01
2.478678909310020551e+00
3.550804946278186769e+00
3.758360975827816031e+00
3.360285000411731282e+00
2.347461229615542155e+00
1.248525182015147283e+00
4.566761716728737763e-01
-3.039799276630192892e-01
-1.048133863426527368e+00
-1.528451648572181965e+00
-1.205419334624705741e+00
-1.064490785251506644e+00
-1.415884294116809938e+00
-1.846135134903485131e+00
-1.382629400894699767e+00
-5.459765101978570900e-01
-8.394556482266546382e-02
-1.615592858087875339e-01
-5.352433303336834314e-02
4.424151163320763080e-01
9.070692118045142749e-02
-7.665159457610158933e-01
-8.380637744939352096e-01
-5.565569470434835742e-01
-1.332828507172191257e-01
4.405647472001990028e-01
7.533589072594683023e-01
6.320546844935110986e-01
8.959744219954351996e-01
1.033446596635542836e+00
2.998872638274208136e-01
-7.832921383342494881e-01
1.107177202857361209e-01
4.391132350027198705e-01
3.549965290238202287e-02
4.250687050908320552e-01
6.096926664536082008e-01
1.969320161656899493e-01
-2.095591891574282994e-01
-5.757491096891753646e-02
-3.063715903973097676e-01
-5.458887757961048415e-01
-7.127492030707904824e-01
-7.408852251499822295e-01
-9.275135773137529460e-01
-9.402393527601693446e-01
-4.455650057706881384e-01
-2.216461167621208705e-01
-2.894029903146621008e-01
-8.018827929915717245e-02
6.847148379503751325e-01
9.119712155482624372e-01
4.034472656294049719e-01
-1.085495419357903613e-01
8.544787038829360082e-02
1.879758228656330799e-01
8.497003090008381498e-02
-3.824657082785284379e-01
-4.896030118408215559e-01
1.095414952936200059e-01
2.486403302671131854e-01
-1.236994035658500746e-01
7.753147756398792723e-02
6.776104267632476752e-01
7.573488284002116711e-01
6.969224115837886480e-01
1.315215427073284316e+00
1.377144014930243854e+00
5.279434082347895796e-01
1.014165812720865478e+00
1.974272834781406694e+00
1.483439505388530089e+00
6.699694798641959992e-02
1.531438317990697850e+00
1.441465613824333802e+00
-8.663124900998664391e-02
1.450079450494873079e+00
2.039341763013049036e+00
4.698453598569790612e-01
7.825181228742605910e-02
2.283314803296887519e+00
3.242714778787906482e+00
2.268762029365334332e+00
3.014640415325535727e-01
5.932575307336709347e-01
2.549186504998409486e+00
3.330451130957235328e+00
2.282485765864366023e+00
5.842430171237289471e-01
1.303493272427676875e+00
1.991459885282415243e+00
1.549539661911736754e+00
1.171355159738977081e+00
1.825582368590767501e+00
1.958859569776693732e+00
1.228944594354036024e+00
8.933549789286637788e-01
1.579012429778620996e+00
2.019557573062919609e+00
1.860591723175293977e+00
1.487872364734978303e+00
1.956700767652013617e+00
2.252180348722107706e+00
1.538897312213485247e+00
9.383650641710963303e-01
1.268139971624212547e+00
1.201044418749910303e+00
3.231970368520487025e-01
-2.468398483320661807e-01
8.707389445352564650e-02
-8.484702720993064773e-02
-6.505434846442137431e-01
-9.297131871394055391e-01
1.524176352916528643e-02
7.261373332175260487e-01
7.007207969092615896e-01
-5.729763117252956173e-03
2.901776569595935773e-01
2.049021731592091111e-01
-3.181144012006223987e-01
2.754030833778092768e-02
5.383848415821397282e-01
1.222371866107725413e-01
-9.460883585758949055e-01
-2.091841934593909880e-01
5.498210696836280942e-01
4.053701539214495941e-01
6.458268368838027129e-02
6.763314665430963935e-01
1.198814336742529907e+00
1.121980124528346057e+00
8.169629733364318636e-01
8.578387907225093478e-01
1.206491768368270323e+00
1.291416668443688076e+00
8.778125359581439024e-01
7.414699426299784513e-01
1.582545560171581656e+00
1.297914749990592975e+00
1.442227403696697552e-01
8.958684195417501162e-01
1.450573449462156939e+00
1.096809074605069600e+00
1.342035086784178377e+00
1.421797331019508448e+00
5.651266121268090359e-01
-2.171072131611953004e-01
-3.124501200828946335e-01
-7.365705385480613154e-01
-1.069199471974427329e+00
-9.689190102679832162e-01
-1.711403438269178956e-01
-2.379085418832472820e-01
-3.498892164704516805e-01
2.603240464606333404e-01
1.416855777897665369e-01
1.423768094869060086e-01
8.116471676113852229e-01
1.077580719655886643e+00
8.275689229358406118e-01
6.662310481521711569e-01
6.674779532463845921e-01
4.698459327740091007e-01
3.773334137999011517e-01
6.929374028566308574e-01
5.732277004459350733e-01
-4.385908479933164905e-02
3.981167060011081560e-02
2.767382442349838323e-01
-1.597073825044720286e-01
3.075221562044198054e-01
9.197252710923744523e-01
2.250108103978138430e-01
-3.594064409141045635e-01
-4.733262598818418487e-01
-4.800441477852854799e-01
-8.981466157423401153e-01
-6.266557071144522872e-01
4.114477623547618812e-02
1.737156019166261611e-01
6.078716455077698422e-01
1.593550793172450852e+00
1.245483423274867274e+00
3.582839660582480823e-01
1.235929318339675120e+00
1.625347334691494172e+00
1.391488605982790672e+00
1.649180402875464635e+00
1.962167855497195745e+00
1.612314668529850170e+00
1.017190470369652155e+00
8.403708793861361936e-01
1.056249553230125704e+00
1.097599524684350847e+00
5.595040278998604233e-01
-1.414333542971180080e-01
1.212658774366626169e-02
9.062142300199260703e-02
-5.127063129226998583e-01
-1.313415798232641762e+00
-6.228256925179163073e-01
-5.137729960642818394e-01
-7.346557315156093670e-01
-4.963593740160775480e-01
3.160217620246073000e-01
2.991774919584914705e-01
-1.747658763372584578e-01
4.438171994807004750e-01
6.217482073696594114e-01
3.092051761954572875e-02
-7.004158097400823291e-01
-2.514929104894600975e-01
3.219371811083107104e-01
4.521113649559682646e-01
7.809134444568921474e-02
5.345479534008212852e-01
1.336107757700206955e+00
1.479359500448286457e+00
1.285841960280637686e+00
1.882296587451326886e+00
2.533720569658402422e+00
2.119207112023624884e+00
1.384999104963395400e+00
1.749517231784659232e+00
2.235936660632414696e+00
1.638079233616736463e+00
7.239733314661440655e-01
8.631743180060804654e-01
1.549922917119700427e+00
1.604228083816628292e+00
1.272386729038406550e+00
1.936234231403989092e+00
2.359711420824759820e+00
1.286308462396574148e+00
1.576302113699110663e-01
1.421913635973481416e+00
2.463995331512568221e+00
2.318739470565203131e+00
1.196202431402218380e+00
1.343089004280475507e+00
2.996655161551665891e+00
3.818453863602214504e+00
2.615532750850719346e+00
-3.222605622696159688e-01
-7.211946604744217115e-01
4.045991180703447654e-01
-1.596835554065627605e-01
-1.549568829791385216e+00
-8.962579901634448731e-02
-1.935264901645750157e-02
-1.296937196382160096e+00
7.028738333972270880e-01
1.658986843922229060e+00
9.947831135650467838e-01
8.050957179683251308e-01
1.964211966368843543e+00
2.083677029024210370e+00
1.263891487678258763e+00
8.476059928851775727e-01
5.333091250705561670e-01
2.983498157703783349e-01
6.148208682596223440e-02
-5.150641939256632718e-01
-1.024920832033235474e+00
-1.097423938751359795e+00
-3.579149716265389580e-01
4.728647131538176174e-01
6.489439364047170367e-01
8.961244729787920527e-02
-4.258043644624266988e-01
-2.574505402670672627e-01
9.334676549924147970e-02
8.188408564476818974e-01
-8.911641588262358971e-01
-2.884738067943096507e+00
-3.354033975537195289e+00
-2.421720374278299559e+00
-1.150717426154848733e+00
-7.303377805780882914e-01
-1.077200566838131923e+00
-1.285348453056920359e+00
-1.310053676442733517e+00
-1.405093336907944801e+00
-1.216972165679021778e+00
-1.188482460337388247e+00
-5.602671911223200407e-01
1.826945283364121986e-01
2.767468859377709145e-01
1.737697877758551390e-01
8.807508509650957551e-01
8.311337055693861497e-01
1.366772513872635819e-01
1.294260944446924411e+00
1.957194353294346767e+00
1.656328966111481504e+00
1.204876240187770398e+00
1.351011619073687831e+00
1.334248593377860725e+00
9.675462368121693357e-01
6.175722977023846427e-01
3.643196613849830623e-01
3.283439872270136339e-01
8.012567810403938839e-01
1.057338512186461355e+00
1.122950678055349982e+00
1.268451053569455311e+00
1.392416135076237627e+00
1.138406202348762220e+00
5.159372516151542465e-01
1.245283052810423619e-01
4.876543052212038432e-01
8.049501011331491318e-01
7.411823280182382456e-01
2.905260991284892569e-01
3.903549543146926926e-01
7.924676741902423327e-01
1.352402978122549060e+00
2.095617244050917982e+00
3.127076221716996063e+00
3.958844735993211295e+00
4.226007912974162117e+00
4.230253318960645714e+00
3.675627151267342185e+00
2.207525318986736096e+00
1.531222427610920089e+00
1.989191280155863550e+00
1.881990450487857514e+00
2.615283632200144037e+00
3.264835709610296899e+00
2.863819736055726484e+00
2.229813072720167710e+00
2.343748820667958199e+00
2.082122935805172936e+00
1.233194522656182457e+00
1.270077814257801752e+00
1.615877556094818646e+00
1.754565174866693278e+00
2.131960833593995908e+00
2.824765458339369317e+00
2.756285468682440953e+00
1.998808274439773269e+00
1.517899805480658948e+00
1.218160984730689345e+00
6.401870926007621199e-01
2.263691951466209329e-01
1.023124983829703849e+00
1.616594041342140242e+00
2.262533301810678132e+00
2.650149248475505814e+00
2.550486810984476271e+00
2.304065368403539704e+00
2.098465014398905648e+00
0.000000000000000000e+00
0.000000000000000000e+00
0.000000000000000000e+00
0.000000000000000000e+00
0.000000000000000000e+00
0.000000000000000000e+00
0.000000000000000000e+00
0.000000000000000000e+00
0.000000000000000000e+00
0.000000000000000000e+00
0.000000000000000000e+00
0.000000000000000000e+00
0.000000000000000000e+00
0.000000000000000000e+00
0.000000000000000000e+00
0.000000000000000000e+00
0.000000000000000000e+00
0.000000000000000000e+00
0.000000000000000000e+00
0.000000000000000000e+00
0.000000000000000000e+00
0.000000000000000000e+00
0.000000000000000000e+00
0.000000000000000000e+00
0.000000000000000000e+00
0.000000000000000000e+00
0.000000000000000000e+00
0.000000000000000000e+00
0.000000000000000000e+00
0.000000000000000000e+00
0.000000000000000000e+00
0.000000000000000000e+00
0.000000000000000000e+00
0.000000000000000000e+00
0.000000000000000000e+00
0.000000000000000000e+00
0.000000000000000000e+00
0.000000000000000000e+00
0.000000000000000000e+00
0.000000000000000000e+00
0.000000000000000000e+00
0.000000000000000000e+00
0.000000000000000000e+00
0.000000000000000000e+00
0.000000000000000000e+00
0.000000000000000000e+00
0.000000000000000000e+00
0.000000000000000000e+00
0.000000000000000000e+00
0.000000000000000000e+00
0.000000000000000000e+00
0.000000000000000000e+00
0.000000000000000000e+00
0.000000000000000000e+00
0.000000000000000000e+00
0.000000000000000000e+00
0.000000000000000000e+00
0.000000000000000000e+00
0.000000000000000000e+00
0.000000000000000000e+00
0.000000000000000000e+00
0.000000000000000000e+00
0.000000000000000000e+00
0.000000000000000000e+00
0.000000000000000000e+00
0.000000000000000000e+00
0.000000000000000000e+00
0.000000000000000000e+00
0.000000000000000000e+00
0.000000000000000000e+00
0.000000000000000000e+00
0.000000000000000000e+00
0.000000000000000000e+00
0.000000000000000000e+00
0.000000000000000000e+00
0.000000000000000000e+00
0.000000000000000000e+00
0.000000000000000000e+00
0.000000000000000000e+00
0.000000000000000000e+00
0.000000000000000000e+00
0.000000000000000000e+00
0.000000000000000000e+00
0.000000000000000000e+00
0.000000000000000000e+00
0.000000000000000000e+00
0.000000000000000000e+00
0.000000000000000000e+00
0.000000000000000000e+00
0.000000000000000000e+00
0.000000000000000000e+00
0.000000000000000000e+00
0.000000000000000000e+00
0.000000000000000000e+00
0.000000000000000000e+00
0.000000000000000000e+00
0.000000000000000000e+00
0.000000000000000000e+00
0.000000000000000000e+00
0.000000000000000000e+00
0.000000000000000000e+00
0.000000000000000000e+00
0.000000000000000000e+00
0.000000000000000000e+00
0.000000000000000000e+00
0.000000000000000000e+00
0.000000000000000000e+00
0.000000000000000000e+00
0.000000000000000000e+00
0.000000000000000000e+00
0.000000000000000000e+00
0.000000000000000000e+00
0.000000000000000000e+00
0.000000000000000000e+00
0.000000000000000000e+00
0.000000000000000000e+00
0.000000000000000000e+00
0.000000000000000000e+00
