-1.090667724609375222e+00
-6.107406749477868324e-01
-7.839850079053389820e-02
-1.905522280208089558e-01
-7.806301485940433382e-01
-1.369440724211247185e+00
-1.504364382999709981e+00
-1.093610736822758334e+00
-8.544764646086759896e-01
-1.476968492288180279e+00
-2.691437171212751167e+00
-1.507046659853041648e+00
1.697658512159953448e+00
3.477885206914862692e+00
2.278404040452599144e+00
-1.188128683762679216e-02
-1.406702052348742349e+00
-4.852466342319414760e-01
1.042577540991275864e+00
1.696867429630441126e+00
1.765249480467240062e+00
1.832362079094290941e+00
1.591049418473025279e+00
1.342980770952514558e+00
1.068947679652066940e+00
6.316350232384315699e-01
2.493070123585292563e-01
9.551298648970352190e-02
-2.202326844794071370e-01
-6.545904523055672275e-01
1.613682564998275559e-01
1.587313848549711137e+00
2.389230288872246977e+00
1.308698276834310281e+00
-4.480612345591361567e-01
-3.722208506411914808e-01
3.631314682054311849e-01
4.493548451857363180e-01
3.050287462026285423e-02
-3.183087689129503461e-01
4.071100790135306902e-02
2.140535287393958708e-01
3.369641000843692780e-03
-1.715041361539300091e-01
-2.990656510669544854e-01
-2.868167378021360125e-01
-9.902410862657723412e-02
3.079878679174283818e-01
-8.329962124163120540e-02
-5.331367947440699417e-01
-4.609675033737732353e-01
-1.728251868509141920e-01
-3.511194480027762799e-01
-8.509420204275409683e-01
-1.226466801021590669e+00
-1.044259418584021493e+00
-4.034664598691479753e-01
3.308401902044344478e-02
2.098020469841815894e-01
3.147629763081963850e-01
4.984213361750712834e-01
1.482642623291399175e-01
-7.919359787220285885e-01
-2.288452647994839939e+00
-3.914406585689341522e+00
-5.164683382754440721e+00
-5.983238703534025760e+00
-5.688267928428837550e+00
-2.548359021371009003e+00
1.027015899639708074e+00
3.560166725595412363e+00
3.237117026630968120e+00
1.294994350112579351e+00
-7.383079519309481142e-01
-2.419283004201564502e+00
-3.597041864910533349e+00
-4.093062752347174538e+00
-3.639014316614057165e+00
-2.896704389934853019e+00
-2.107939830917954893e+00
-7.300494518292055535e-01
5.648127924298860236e-01
8.726241346990328829e-01
7.115919805741155457e-02
-4.744655365226575494e-01
-7.287458982381077588e-01
-7.807779167398145592e-01
-6.204871162157490350e-01
-2.909841091741753871e-01
1.108894332836238839e-01
4.298451980470728295e-01
5.141901563650196350e-01
2.300277672860985279e-01
-1.120707188426909307e-01
-2.871800980828446703e-01
-3.725644730711393793e-01
-4.148495262910927295e-01
-3.774259669373319914e-01
-2.590627483595780989e-01
-1.796346096414322968e-01
-1.986454787175047643e-01
-1.327829176771210817e-01
4.101334966112987757e-02
3.372549761722565265e-01
9.210449912444235165e-02
-3.396726328811036644e-01
-5.743277304565601593e-01
-6.297170782001759726e-01
-5.952420792379482517e-01
-5.335071377008201443e-01
-4.467861961908424773e-01
-1.870739776010545974e-01
4.455076227877302619e-02
1.696338650125859271e-01
1.889310269999472658e-01
1.404889877506921014e-01
2.210692462007615711e-01
3.656404338168610102e-01
3.836738144039187892e-01
2.127044786602565185e-01
6.412013306000766133e-02
3.391153488179010633e-02
-2.574568987539427312e-02
-1.497312914000007433e-01
-2.039241593460351387e-01
-1.494922961494329350e-01
-6.468793932705707572e-02
1.505836787408898481e-02
1.550452705375031659e-01
3.333307488692784926e-01
3.648331829010960092e-01
2.741168387012810070e-01
2.402272583284387197e-01
3.220119388028734320e-01
3.466597938932430845e-01
1.208655858049098863e-01
-7.714312565511660669e-02
-3.234058562174335627e-02
-3.788300785632642276e-02
-1.451510785366568190e-01
-4.120725820156549979e-01
-7.542181838300703323e-01
-7.665170975623029070e-01
-4.975096530959672858e-01
-1.924379075404673567e-01
-2.721901164527368300e-02
1.442356697058733428e-01
1.321715989773637190e-01
-4.829506038785941202e-02
-3.565572295355783905e-01
-4.353442465425233499e-01
-5.029985776297287714e-01
-5.386731416761296742e-01
-4.480159672447149299e-01
-2.889920593162466078e-01
-7.050226028819461810e-02
1.299681061618500610e-01
1.432953600096877333e-01
2.507526868897876904e-01
2.656139426592694641e-01
-1.758468167395119686e-01
-6.730304011276750931e-01
-8.271501881329486050e-01
-6.930066197102762171e-01
-5.502918996067638346e-01
-5.067787070770750635e-01
-1.122451433428423018e-01
7.375044029126935907e-01
2.874757262877447594e-01
-1.318469893675279669e+00
-2.507321767255392242e+00
-2.904090162574618716e+00
-3.623409593358579706e+00
-4.144331859704711185e+00
-4.157881895399559546e+00
-4.001981025478666965e+00
-2.511565047109308502e+00
1.347725066475793376e-01
2.698089153744031243e+00
3.527263714069780232e+00
1.345274306758234673e+00
-1.486362530586624153e+00
-3.519514987270232709e+00
-3.849353421087783556e+00
-4.041547333017071253e+00
-3.460234700169169120e+00
-2.310287642003731712e+00
-1.015773525154827883e+00
1.594491617222877355e-01
8.093887623872513259e-01
5.735888685178741619e-01
8.502559997226100119e-02
-1.475765385374253613e-01
-1.478486279938593384e-01
-3.682251491945103261e-01
-7.850919659947643847e-01
-1.101661875151348724e+00
-7.093831514948897299e-01
-1.085917061011131279e-01
-3.188914822155364259e-02
-1.705083024173423834e-01
-1.692976349372569966e-01
9.093101023276303763e-02
-1.528711692992357207e-01
-5.419213381869854018e-01
-9.493550460740773911e-01
-9.196020928563266583e-01
-4.802162113823729150e-01
1.334785488182275159e-01
3.594819608419173029e-01
5.578522378469445986e-01
7.330225282944782261e-01
1.023592047225574397e-03
-3.858318240116232478e-01
-4.013316779429487724e-02
1.730127945155701674e-01
-1.305715438626501301e-01
6.538132632642024156e-03
6.958255286511987325e-01
9.153298412258967787e-01
4.887286827415930901e-01
-5.559642829571203038e-01
-8.698788352746207320e-01
1.643917115020232522e-01
1.193899560399850790e+00
1.927321749877236812e+00
1.413782917065379952e+00
4.694578762708090380e-02
-5.941056426222872666e-01
-3.745255188404970070e-01
1.393772882534882296e+00
3.273762755529778357e+00
2.610960402740015063e+00
7.710251726054893062e-01
-3.211781178112318447e-01
-3.330617411368086422e-01
1.580438259054339767e+00
2.324436081668499909e+00
1.378702293644567423e+00
-1.440956229470379046e+00
-4.521340698219820986e+00
-3.530718759818905816e+00
-3.506790836900606223e-01
9.230744039516278754e-01
9.764784565005224515e-01
3.249355686944033206e-01
-1.094572287288697598e-01
-2.762121889687562115e-01
-5.208626834047191956e-01
1.154747797513029361e+00
9.539935263332119941e-01
0.000000000000000000e+00
0.000000000000000000e+00
0.000000000000000000e+00
0.000000000000000000e+00
0.000000000000000000e+00
0.000000000000000000e+00
0.000000000000000000e+00
0.000000000000000000e+00
0.000000000000000000e+00
0.000000000000000000e+00
0.000000000000000000e+00
0.000000000000000000e+00
0.000000000000000000e+00
0.000000000000000000e+00
0.000000000000000000e+00
0.000000000000000000e+00
0.000000000000000000e+00
0.000000000000000000e+00
0.000000000000000000e+00
0.000000000000000000e+00
0.000000000000000000e+00
0.000000000000000000e+00
0.000000000000000000e+00
0.000000000000000000e+00
0.000000000000000000e+00
0.000000000000000000e+00
0.000000000000000000e+00
0.000000000000000000e+00
0.000000000000000000e+00
0.000000000000000000e+00
0.000000000000000000e+00
0.000000000000000000e+00
0.000000000000000000e+00
0.000000000000000000e+00
0.000000000000000000e+00
0.000000000000000000e+00
0.000000000000000000e+00
0.000000000000000000e+00
0.000000000000000000e+00
0.000000000000000000e+00
0.000000000000000000e+00
0.000000000000000000e+00
0.000000000000000000e+00
0.000000000000000000e+00
0.000000000000000000e+00
0.000000000000000000e+00
0.000000000000000000e+00
0.000000000000000000e+00
0.000000000000000000e+00
0.000000000000000000e+00
0.000000000000000000e+00
0.000000000000000000e+00
0.000000000000000000e+00
0.000000000000000000e+00
0.000000000000000000e+00
0.000000000000000000e+00
0.000000000000000000e+00
0.000000000000000000e+00
0.000000000000000000e+00
0.000000000000000000e+00
0.000000000000000000e+00
0.000000000000000000e+00
0.000000000000000000e+00
0.000000000000000000e+00
0.000000000000000000e+00
0.000000000000000000e+00
0.000000000000000000e+00
0.000000000000000000e+00
0.000000000000000000e+00
0.000000000000000000e+00
0.000000000000000000e+00
0.000000000000000000e+00
0.000000000000000000e+00
0.000000000000000000e+00
0.000000000000000000e+00
0.000000000000000000e+00
0.000000000000000000e+00
0.000000000000000000e+00
0.000000000000000000e+00
0.000000000000000000e+00
0.000000000000000000e+00
0.000000000000000000e+00
0.000000000000000000e+00
0.000000000000000000e+00
0.000000000000000000e+00
0.000000000000000000e+00
0.000000000000000000e+00
0.000000000000000000e+00
0.000000000000000000e+00
0.000000000000000000e+00
0.000000000000000000e+00
0.000000000000000000e+00
0.000000000000000000e+00
0.000000000000000000e+00
0.000000000000000000e+00
0.000000000000000000e+00
0.000000000000000000e+00
0.000000000000000000e+00
0.000000000000000000e+00
0.000000000000000000e+00
0.000000000000000000e+00
0.000000000000000000e+00
0.000000000000000000e+00
0.000000000000000000e+00
0.000000000000000000e+00
0.000000000000000000e+00
0.000000000000000000e+00
0.000000000000000000e+00
0.000000000000000000e+00
0.000000000000000000e+00
0.000000000000000000e+00
0.000000000000000000e+00
0.000000000000000000e+00
0.000000000000000000e+00
0.000000000000000000e+00
0.000000000000000000e+00
0.000000000000000000e+00
0.000000000000000000e+00
0.000000000000000000e+00
0.000000000000000000e+00
0.000000000000000000e+00
0.000000000000000000e+00
0.000000000000000000e+00
0.000000000000000000e+00
0.000000000000000000e+00
0.000000000000000000e+00
0.000000000000000000e+00
0.000000000000000000e+00
0.000000000000000000e+00
0.000000000000000000e+00
0.000000000000000000e+00
0.000000000000000000e+00
0.000000000000000000e+00
0.000000000000000000e+00
0.000000000000000000e+00
0.000000000000000000e+00
0.000000000000000000e+00
0.000000000000000000e+00
0.000000000000000000e+00
0.000000000000000000e+00
0.000000000000000000e+00
0.000000000000000000e+00
0.000000000000000000e+00
0.000000000000000000e+00
0.000000000000000000e+00
0.000000000000000000e+00
0.000000000000000000e+00
0.000000000000000000e+00
0.000000000000000000e+00
0.000000000000000000e+00
0.000000000000000000e+00
0.000000000000000000e+00
0.000000000000000000e+00
0.000000000000000000e+00
0.000000000000000000e+00
0.000000000000000000e+00
0.000000000000000000e+00
0.000000000000000000e+00
0.000000000000000000e+00
0.000000000000000000e+00
0.000000000000000000e+00
0.000000000000000000e+00
0.000000000000000000e+00
0.000000000000000000e+00
0.000000000000000000e+00
0.000000000000000000e+00
0.000000000000000000e+00
0.000000000000000000e+00
0.000000000000000000e+00
0.000000000000000000e+00
0.000000000000000000e+00
0.000000000000000000e+00
0.000000000000000000e+00
0.000000000000000000e+00
0.000000000000000000e+00
0.000000000000000000e+00
0.000000000000000000e+00
0.000000000000000000e+00
0.000000000000000000e+00
0.000000000000000000e+00
0.000000000000000000e+00
0.000000000000000000e+00
0.000000000000000000e+00
0.000000000000000000e+00
0.000000000000000000e+00
0.000000000000000000e+00
0.000000000000000000e+00
0.000000000000000000e+00
0.000000000000000000e+00
0.000000000000000000e+00
0.000000000000000000e+00
0.000000000000000000e+00
0.000000000000000000e+00
0.000000000000000000e+00
0.000000000000000000e+00
0.000000000000000000e+00
0.000000000000000000e+00
0.000000000000000000e+00
0.000000000000000000e+00
0.000000000000000000e+00
0.000000000000000000e+00
0.000000000000000000e+00
0.000000000000000000e+00
0.000000000000000000e+00
0.000000000000000000e+00
0.000000000000000000e+00
0.000000000000000000e+00
0.000000000000000000e+00
0.000000000000000000e+00
0.000000000000000000e+00
0.000000000000000000e+00
0.000000000000000000e+00
0.000000000000000000e+00
0.000000000000000000e+00
0.000000000000000000e+00
0.000000000000000000e+00
0.000000000000000000e+00
0.000000000000000000e+00
0.000000000000000000e+00
0.000000000000000000e+00
0.000000000000000000e+00
0.000000000000000000e+00
0.000000000000000000e+00
0.000000000000000000e+00
0.000000000000000000e+00
0.000000000000000000e+00
0.000000000000000000e+00
0.000000000000000000e+00
0.000000000000000000e+00
0.000000000000000000e+00
0.000000000000000000e+00
0.000000000000000000e+00
0.000000000000000000e+00
0.000000000000000000e+00
0.000000000000000000e+00
0.000000000000000000e+00
0.000000000000000000e+00
0.000000000000000000e+00
0.000000000000000000e+00
0.000000000000000000e+00
0.000000000000000000e+00
0.000000000000000000e+00
0.000000000000000000e+00
0.000000000000000000e+00
0.000000000000000000e+00
0.000000000000000000e+00
0.000000000000000000e+00
0.000000000000000000e+00
0.000000000000000000e+00
