-3.703125000000000000e+00
-4.178161352770379366e+00
-3.219423781916453287e+00
-7.116699080072860228e-01
-1.522751207821406716e+00
-1.574172180994570791e+00
1.325643552184190277e-01
7.884978368189790032e-01
-1.972045850472148532e+00
-3.082940329730370355e+00
1.916314085570722803e-01
8.073395264466509680e-01
-2.398209619004619153e+00
-3.304475359889770925e+00
-2.098446532437681089e+00
-1.107310202392739473e+00
-1.731612189111739308e+00
-5.067427429043048548e+00
-8.258738597530605574e+00
-6.831685828672819483e+00
-3.073966844525358511e+00
-3.822498629078626031e+00
-3.132857801900689854e+00
-1.811702381694979991e+00
-9.085218415752871479e-01
-8.110257895981920484e-01
-9.217449508657797885e-01
-1.662139766177475719e+00
-4.028380679375461071e+00
-3.407082904279136848e+00
2.030477748286461548e+00
1.016029275791705988e+00
-7.662147517313748768e-01
-7.098187840165668394e-01
-1.354689210498081220e+00
-1.344080930364961013e+00
-9.534245582075069336e-01
3.572541106008335632e-01
3.076189946833387978e+00
-6.692323752858961861e-01
-1.992827027482148683e+00
3.542889472880972335e-02
1.016180587513538125e+00
-1.025808434880372211e+00
-1.341697233818269774e+00
1.640350599548034971e-01
-1.320445795613102824e+00
-1.769093488710407280e+00
-9.881973411821149966e-01
-4.369929762936264339e-02
4.941746266313870040e-01
-8.099196780851377619e-01
-1.130694108151631516e+00
-8.311917306191829447e-02
-5.802068676598820529e-01
-7.495280421591444808e-01
5.851667471661333719e-01
-2.587550396415090326e-01
-1.038889853435362776e+00
-1.378030083498600344e-01
1.051207854390902918e+00
9.494025215959863706e-01
3.341026806073143507e-01
1.283942870566080474e-01
-6.474139767839737214e-02
-4.744615326829499935e-01
-4.533589314666176540e-01
-5.670247790026508028e-01
-7.013382427105586681e-01
-3.881306751367703534e-01
-1.795136471649891874e-01
-4.983971640748415810e-01
-5.573879752923972530e-01
-4.155789678663979192e-01
-6.690559104764666198e-01
-2.757262661955843797e-01
1.898487039431503431e-01
5.342847844324750683e-01
2.442152114826567910e-01
-5.886652644238679066e-01
-1.027354266355528178e+00
-9.011949373814527320e-01
-8.646360402129358302e-01
-9.662529873966361205e-01
-4.907705056079285644e-01
6.393973399674666158e-01
-1.245393645164627694e+00
-2.055152179279087221e+00
-1.580716069198431439e+00
-6.133403008808784307e-01
-9.680216061935287275e-01
-1.150198818201478623e+00
1.024132284374754676e+00
2.026095990328300900e+00
2.515215668500118795e+00
-4.493823981229376763e-01
-5.669393044646279023e+00
-7.973733277634536876e+00
-1.912029684369805249e+00
3.104380089568596013e+00
-8.805717610687491259e-01
-2.601404835399927951e+00
-4.557756183485455637e+00
-6.681147995138649875e+00
-3.366931345158750588e+00
1.487922520689396455e+00
3.661523150944305804e-01
-1.054722245212561305e+00
-2.049397487267876627e+00
-3.693260792293101780e+00
-1.343252439906539308e+00
1.247597825608733224e+00
3.768322672201218637e+00
4.690606276527891083e+00
2.113323170881602486e+00
1.179852931993533804e+00
2.516002470197668650e+00
3.688531296995214426e+00
3.642317255685068034e+00
2.310233212656383373e+00
8.249315116490287814e-01
9.060125550017947837e-01
1.176899433132112760e+00
1.002203209253068827e+00
8.994245134364420302e-02
3.341296542103053824e-01
3.687351497140376466e-01
-8.707664575516966821e-01
-1.339024857598982488e+00
-8.198156420695461577e-01
-3.026419693907353436e-01
2.144737229613957186e-01
9.459877039069809479e-01
2.311239170318152070e+00
1.266526773347377732e+00
-3.929487474608841513e-01
-1.866725086947201850e+00
-1.259498891132008858e+00
-5.658546779480941868e-01
-6.181425072375146268e-01
-1.151754388523309025e+00
-8.803327762944166412e-01
2.500677517041691722e-01
-7.007383657314458780e-03
-6.174691744795579584e-01
3.256226712854628502e-01
-3.321158721915160594e-01
-3.386193850654855009e-01
-2.091009360114414184e-01
-1.167328215301628003e+00
-1.239925036277688353e+00
-2.955164596020014578e-01
-1.953672165734787747e-01
-7.491691789670416046e-01
-1.605325169169447008e-02
4.358088853710618826e-01
-4.357268407617977957e-01
-1.742826447847539928e+00
-2.613491724495850654e+00
-1.610051834808468474e+00
-2.148858433969055071e+00
-3.375389076619049078e+00
-2.803438586193157889e+00
-1.675176651981490350e+00
-2.291714178684744141e+00
-3.955652693685202781e+00
-4.581616609598303747e+00
-3.788473746238677720e+00
-1.937048379501416839e+00
-1.213962350779358434e+00
-1.655594257010288395e+00
-3.591554264650951289e-01
-9.474332601290487155e-01
-2.940429936296462543e+00
-3.108457447777404070e+00
-1.708859192996879273e+00
3.160669800982507383e-03
2.036674923447057139e+00
1.203255827178145942e+00
-4.362545619634583538e-01
-1.596493048305113627e+00
-4.717337590497121536e-01
-9.005047793610951867e-01
-1.816720081075220206e+00
-1.282917963141919193e+00
-7.009848968536511737e-01
-1.816758756301138256e+00
-1.580289244381441804e+00
-1.150689218648859091e+00
-1.261231689072419337e+00
-1.785062105498536722e+00
-3.207529303909652185e+00
-4.403775678482182876e+00
-3.076356394363433999e+00
-1.895328215139042483e+00
-8.123579226891683991e-01
-1.187733678036609453e+00
-2.685418038031318844e+00
-4.180488063159407908e+00
-3.098971964577050375e+00
-2.050124241511283696e+00
-1.198019803454790644e+00
-9.135092259384216540e-01
-9.111040990141656692e-01
-2.317451045313717373e+00
-3.142763781465086836e+00
-1.506946277905476528e+00
-1.654632810875257043e+00
-2.334374170168733720e+00
-3.657652407966138774e-01
5.491812986002710950e-01
6.785801496754758633e-01
-1.625922523126116515e-01
-1.098900375685988084e+00
2.176789375437533369e-01
-3.972674169063772354e-02
-1.820661469533021437e+00
-1.497536059469603664e+00
4.333067366460570113e-01
4.590438970491441673e-01
-2.288827512489848282e-01
1.215222144693987927e+00
9.106672029145511660e-01
5.868635219483984145e-01
5.022790254967508528e-01
-4.650968143870686244e-01
-6.904746390115044097e-01
3.816692863843214045e-01
9.330757363560293616e-01
-3.601106699362202068e-01
-1.148936300461496973e+00
-9.832814630059218963e-01
-3.302733423337458341e-01
3.590566756387996161e-01
-5.483987927844473642e-01
1.484529025530377244e-01
7.834036491408791214e-03
-1.236190819979256839e+00
-1.410904521357007724e+00
-9.408101570092233246e-01
-9.044049818538588692e-01
-4.590073695709758761e-01
-8.223639223234462114e-02
6.671950648169752141e-01
1.131158119474004797e+00
8.826090298927389277e-01
6.175373934320615987e-02
-8.516730947646344863e-01
-1.221793417342713850e+00
-3.057597094614057376e-01
-5.863093303111555077e-01
-1.655753678275712515e+00
-1.038098024459668922e+00
-5.555784674578603255e-01
-3.313896548786195329e+00
-3.307514173501502341e+00
-2.239455238514272306e+00
-1.588337447720900908e+00
-1.191967487017078220e+00
4.535731768696962263e-01
2.883462222141660369e+00
3.468565955706310433e+00
-2.025937233945217297e+00
-4.054096000431028912e+00
-1.896057861244293541e+00
1.788481270883899299e-01
1.524402626990657872e+00
4.267923500449670726e+00
-2.052591513614675733e+00
-8.795122913803920639e+00
-6.253291355244951610e+00
-1.447603963260900795e+00
1.798435187325913232e+00
2.077641483710237047e+00
1.493255148251066977e+00
-9.867320936854586666e-01
1.730805263975423447e-01
1.457675051757084450e+00
1.810973319551215877e+00
2.090015366431665189e+00
1.873999496611438387e+00
7.810891503279837611e-01
3.043880151412667878e-01
1.015351938765581608e+00
1.325677101553780268e+00
7.792554202251573692e-01
-4.470098858402633546e-01
-1.426416395571480145e+00
-4.419239757759572118e-01
8.994449167681467516e-01
8.392441389723543921e-01
-4.313844439049396851e-02
-5.739797269544033576e-01
2.538981356575575887e-01
1.276398313895692471e-01
1.273996667422234719e-01
3.938234096182545718e-01
1.853682295975018768e-01
8.239389095343918612e-02
4.297226617207042798e-01
6.094497589126967041e-01
2.215833712515754561e-01
2.157120322774215282e-01
3.470689515986528084e-01
-2.047119296259930776e-01
-4.749556889974827500e-01
-4.718896047170245689e-01
-1.187665419942487421e+00
-1.682256552673346395e+00
-8.254450995825575177e-01
1.780788154281616187e-01
-7.955037681695116270e-01
-4.477451834215862014e-01
-1.343681554879938567e-01
-1.099301179608483947e+00
-1.261205802821502964e+00
-2.561145584985837775e-01
-4.353641787882425174e-01
-1.129323714211075025e+00
-1.737336799126217857e+00
-1.249561045906926404e+00
-3.595805497977200282e-02
-1.950648682836584102e+00
-3.151376399956325347e+00
-2.972142708523879406e+00
-4.048202881330718483e+00
-4.858617425869314665e+00
-2.554483655270362252e+00
7.882650141350726614e-01
-1.148900530626884908e+00
-7.609126333505566997e-01
-2.806249492843198023e-01
-6.803480650546689379e-01
1.131080595301277025e-01
-9.538562801109555789e-01
2.904400721157394116e-01
2.790807351235545575e+00
-1.764270168265325012e-01
-1.751476833653155207e+00
-8.089776961390886534e-01
4.984312713150584884e-02
-1.014696095835296408e+00
-3.230126327083437499e+00
-5.209935294286466956e+00
-5.046454647458928022e+00
-3.581645082848694095e+00
-2.494189586390293201e+00
-4.281778742170395446e+00
-5.621278176145755090e+00
-5.701922662748816428e+00
-2.618342538391532415e+00
-1.835599814990700684e+00
-3.259757907513860520e+00
-3.304125522278728688e+00
-1.360948767846498875e+00
1.421345745687988771e+00
2.667162294195302152e-02
-3.598902389105985922e+00
-2.053380886032216246e+00
-8.718345487130383376e-01
-1.815085788916924514e+00
-1.399043329152268811e+00
1.470525240283866442e-01
1.264515472389233564e+00
8.630589461483806346e-02
-7.208534483546675808e-01
3.396551955493813058e+00
3.462211436389861063e+00
2.670385523214740875e+00
8.550575471549990425e-01
1.228381221144785096e+00
2.437682278491404286e+00
2.727939096385358919e+00
1.829240320780298301e+00
4.216012812987833813e-01
6.498144144029277536e-01
6.315702872149316915e-01
3.877997049160663567e-01
0.000000000000000000e+00
0.000000000000000000e+00
0.000000000000000000e+00
0.000000000000000000e+00
0.000000000000000000e+00
0.000000000000000000e+00
0.000000000000000000e+00
0.000000000000000000e+00
0.000000000000000000e+00
0.000000000000000000e+00
0.000000000000000000e+00
0.000000000000000000e+00
0.000000000000000000e+00
0.000000000000000000e+00
0.000000000000000000e+00
0.000000000000000000e+00
0.000000000000000000e+00
0.000000000000000000e+00
0.000000000000000000e+00
0.000000000000000000e+00
0.000000000000000000e+00
0.000000000000000000e+00
0.000000000000000000e+00
0.000000000000000000e+00
0.000000000000000000e+00
0.000000000000000000e+00
0.000000000000000000e+00
0.000000000000000000e+00
0.000000000000000000e+00
0.000000000000000000e+00
0.000000000000000000e+00
0.000000000000000000e+00
0.000000000000000000e+00
0.000000000000000000e+00
0.000000000000000000e+00
0.000000000000000000e+00
0.000000000000000000e+00
0.000000000000000000e+00
0.000000000000000000e+00
0.000000000000000000e+00
0.000000000000000000e+00
0.000000000000000000e+00
0.000000000000000000e+00
0.000000000000000000e+00
0.000000000000000000e+00
0.000000000000000000e+00
0.000000000000000000e+00
0.000000000000000000e+00
0.000000000000000000e+00
0.000000000000000000e+00
0.000000000000000000e+00
0.000000000000000000e+00
0.000000000000000000e+00
0.000000000000000000e+00
0.000000000000000000e+00
0.000000000000000000e+00
0.000000000000000000e+00
0.000000000000000000e+00
0.000000000000000000e+00
0.000000000000000000e+00
0.000000000000000000e+00
0.000000000000000000e+00
0.000000000000000000e+00
0.000000000000000000e+00
0.000000000000000000e+00
0.000000000000000000e+00
0.000000000000000000e+00
0.000000000000000000e+00
0.000000000000000000e+00
0.000000000000000000e+00
0.000000000000000000e+00
0.000000000000000000e+00
0.000000000000000000e+00
0.000000000000000000e+00
0.000000000000000000e+00
0.000000000000000000e+00
0.000000000000000000e+00
0.000000000000000000e+00
0.000000000000000000e+00
0.000000000000000000e+00
0.000000000000000000e+00
0.000000000000000000e+00
0.000000000000000000e+00
0.000000000000000000e+00
0.000000000000000000e+00
0.000000000000000000e+00
0.000000000000000000e+00
0.000000000000000000e+00
0.000000000000000000e+00
0.000000000000000000e+00
0.000000000000000000e+00
0.000000000000000000e+00
0.000000000000000000e+00
0.000000000000000000e+00
0.000000000000000000e+00
0.000000000000000000e+00
0.000000000000000000e+00
0.000000000000000000e+00
0.000000000000000000e+00
0.000000000000000000e+00
0.000000000000000000e+00
0.000000000000000000e+00
0.000000000000000000e+00
0.000000000000000000e+00
0.000000000000000000e+00
0.000000000000000000e+00
0.000000000000000000e+00
0.000000000000000000e+00
0.000000000000000000e+00
0.000000000000000000e+00
0.000000000000000000e+00
0.000000000000000000e+00
0.000000000000000000e+00
0.000000000000000000e+00
0.000000000000000000e+00
0.000000000000000000e+00
0.000000000000000000e+00
0.000000000000000000e+00
0.000000000000000000e+00
0.000000000000000000e+00
0.000000000000000000e+00
0.000000000000000000e+00
