1.687469482421875000e+00
1.641517894529747279e+00
8.875630391809329334e-01
-8.211711221984763220e-02
-5.175478393304477898e-01
-4.430346690692776868e-01
-1.225321876399561027e-01
1.434814830519974826e-01
7.790738814413034063e-02
-6.298335184319658886e-02
-4.531204230059815430e-02
-1.204614306414764080e-01
-3.459811779542700805e-01
-5.455383362066261732e-01
-6.487530336590894287e-01
-7.136289104867272748e-01
-4.435490856456509867e-01
1.670199330510349078e-01
2.666400422098433864e-01
-6.260687269510545327e-01
-1.121310015865711440e+00
-1.627102548948480276e-01
-1.796656422875749781e-01
-1.042115362473643669e+00
-1.103314676347436407e+00
-9.640615462252519752e-01
-6.767608836030210018e-01
-3.361669177165109712e-01
-4.753198858944829297e-01
-4.623544749248789110e-01
-3.370035803039459488e-01
-5.703275008290393799e-01
-1.124953941576856575e+00
-1.341930413134808209e+00
-1.042534521092693733e+00
-9.790863938431648705e-01
-1.504082131526953470e+00
-1.825557872051047692e+00
-1.502399996190338705e+00
-7.840601157710802571e-01
5.692691052582961042e-01
1.862325090522693571e+00
2.284672964676640827e+00
2.338611220331015872e+00
2.574100425528628389e+00
1.408230968132568650e+00
3.908130512961549563e-01
6.054773167920404209e-01
1.165328029060430204e+00
1.067617881876175456e+00
1.181769994770951904e+00
9.916958926408780961e-02
-6.542711672235758114e-01
-7.531553891726932015e-01
-8.039656209951011601e-01
-5.813409373156687154e-01
-1.151077921555396566e+00
-2.279653094266927749e+00
-2.366880719100388220e+00
-1.797512289639486172e+00
-5.935519047385839908e-01
1.767583615563898869e+00
1.577504509769661611e+00
-2.765999953033935199e-01
-1.397391986661692620e+00
-1.113113304499059986e+00
-1.705108845264444728e+00
-1.566077352009012102e-01
2.159672294808394177e+00
-1.502968447102467575e+00
-2.020867078117332127e-01
1.850534212627752417e-01
5.980150476695090811e-01
2.397712715209408429e+00
9.636568267557810152e-01
-4.570869111144667540e-01
-1.087550355241192479e+00
-2.070336977989041927e+00
-5.643062177895721288e-01
2.213865122236775562e+00
5.252553810666322764e-01
-5.568155888581187707e-01
7.413110381759305811e-01
-1.308501022247583467e+00
-3.023802449419211058e+00
-1.307628524237360423e+00
-6.649187145228276918e-01
-2.866136830453231976e+00
-1.200578273193819046e+00
1.401032005580314710e+00
-5.741844971421141697e-01
-1.322371346563933958e+00
8.193570949272324100e-01
1.546583216255464022e+00
3.833053181543986110e-01
-4.441787797600129650e-01
-1.118423057507079044e+00
-8.966963579203115486e-01
3.530708502296180384e-01
5.202687479568590678e-01
-2.044666321276610521e+00
1.358523462393899095e-01
2.694095617350020344e+00
3.797375347661414935e+00
2.451545906854184942e+00
-7.856797319220647502e-01
-5.804561647671584446e-01
3.423738104066309518e-01
9.514014027654047467e-01
8.424125011243344119e-03
-5.813336014181254008e-01
2.517401847220770872e+00
3.128517302241702769e+00
-3.101450439132946713e-01
-1.438462006613538513e+00
-1.295891245762153865e+00
-3.424633438882185299e+00
-4.668845334754051279e+00
-5.007170936391814209e+00
-5.567774175170689510e+00
-5.360247173939874266e+00
-3.548641806107066810e+00
-4.689673990649304791e+00
-5.312243657687582221e+00
-3.699802973430337261e+00
3.403721969738144892e-01
6.387155462471336698e+00
9.063005617611995746e+00
3.472519394251839753e+00
2.375799221383880777e-01
5.066703161611924244e+00
7.086207139993745407e+00
2.184569949854683557e+00
-1.695106685375715294e+00
-2.972322681803598599e-01
2.832265761592767106e+00
-5.323815045498241361e-01
-4.387646641335578579e+00
-1.824282166140479333e+00
2.533302132494958503e+00
1.283316210831273008e+00
-6.027553332049224721e-01
-1.011823832659147326e+00
1.268826734204151929e+00
4.729306557740462935e+00
2.085901294500033476e+00
-1.373623982713091163e+00
-1.012008399633196332e+00
1.534430033922372649e+00
1.118181906340739218e+00
2.080355867237911660e+00
3.200686397861654875e+00
6.543860337497999780e-01
-1.546850002377486710e+00
3.568416088803658681e-01
4.315910869045915810e-01
-2.836741415741206307e-01
-3.692595483786529353e-01
-1.677055202767295805e+00
-2.178673621025486451e+00
-1.441245182549563353e+00
-9.024644804489879713e-01
-5.312648859307742555e-01
-4.733268684632994105e-01
1.716589538261525938e-02
8.084967204612700797e-01
4.200795176326366787e-01
1.309740650017658936e+00
3.305063217571571510e+00
3.212287963674324676e+00
1.704154708929835449e+00
4.299775357829139777e-01
1.015406458715558902e+00
1.365083151327295408e+00
1.205789184231721212e+00
7.048343314519773806e-01
-9.879643613322723894e-01
-1.214356410900140792e+00
-1.110920565595919118e+00
-9.109589038384596771e-01
-9.683239414563264980e-01
-2.892024589202381257e+00
-3.675146785977362107e+00
-2.235893721558654068e+00
-4.442223311062210023e-02
-2.092032642628707251e+00
-1.667534113675755325e+00
-8.551508250016524038e-01
-6.669336070841589414e-01
-6.367345378653932464e-02
7.999311634593508913e-02
1.898078839557482134e-02
1.087987903426562042e+00
2.357296737893263661e+00
-2.015599291042504682e-01
-2.508667689066584217e+00
-4.398219950603268202e-01
1.256727239910813143e+00
-8.525033138982831549e-01
-1.471661524890898631e+00
-1.966330522951380999e+00
-3.931940375741795890e-01
3.338733300306362395e-01
-2.787474330974038850e+00
-5.758127986915904550e+00
-2.755911971387121184e+00
1.467266352997789847e+00
-8.844601236084721485e-01
-4.389071429073192476e+00
-1.994571726019450875e+00
2.469127676917682201e+00
1.691216298693198450e+00
-3.171344768719528417e-01
1.494929747186879432e-01
-2.503429931614413739e-01
-1.912775304286745470e+00
-1.172951939617841610e+00
-1.504615234475426000e+00
-3.507422781126180222e+00
-4.977757108376368755e+00
-4.330903700377176868e+00
-3.459790516006919781e+00
-2.452863926226082292e+00
-3.537205622195597421e+00
-4.968617975385669183e+00
-2.720186285260585812e+00
-9.773989153275168817e-01
-6.867633397963959219e-01
-7.232126412021777639e-02
3.925882914661968481e+00
6.028926070721919217e+00
4.277113910742372127e+00
1.585648402672266144e+00
3.253831949084546871e+00
6.353255764014940077e+00
5.859104755229498807e+00
2.640180774627888471e+00
1.922028967476084205e+00
-9.519294811963163738e-02
-1.982519314173075253e+00
-2.249389186804631624e+00
-2.537978166257783386e+00
1.906417448267891945e-01
-2.232025392467201996e+00
-3.729958865684130487e+00
-1.856376044583801121e+00
1.539593235513622815e+00
1.261994297198161474e+00
1.225910342248851537e+00
2.571775360877828209e+00
1.344426873301669545e+00
3.970374413596360341e-01
1.694005607589550877e+00
9.074060254025804184e-01
9.162842451274020306e-01
1.204566661978317743e+00
-6.588779686511898603e-01
-4.836609556243232078e-02
3.211695524396969148e+00
5.451630416050791794e+00
3.364237845526856230e+00
6.560566923654864713e-01
1.180000836711522894e+00
1.071138621236891186e+00
1.258873008395488657e+00
2.209333810692465150e+00
8.177471635261497340e-01
-5.699123139984134667e-01
2.131552116410456499e+00
3.118404660507970494e+00
-4.561538919819505544e-01
-2.843605778364276304e+00
-1.650482216617264797e+00
8.391791896675857565e-01
-3.546606293656715536e+00
-2.268807315209963704e+00
2.876624427007323792e-01
-2.684667075965913252e+00
-2.377991107827810868e+00
1.739117873304452111e-01
4.931912574746788458e-01
-3.292280084987608824e-01
-4.578147988914849087e-01
-1.381285276105035598e+00
-1.416643408722267461e+00
-9.518921413550438526e-01
-6.285934198979165055e-01
1.815009455826857687e+00
2.720323570175095185e+00
-8.441812464490938694e-02
2.029099346807295756e+00
3.790623772612328413e+00
1.334833811605884435e+00
1.750007233247225180e+00
2.227400347854001872e+00
8.661404072154093026e-01
-3.281733150591232828e-01
1.596935990998606059e+00
2.259221533390068259e+00
2.170622942430776359e+00
1.641219180159275481e+00
6.512128910356396183e-01
-8.606985637014379353e-01
-2.283059338033602614e+00
-2.935588856645446665e+00
-2.391376493658896152e+00
-1.893820991665295939e+00
-2.574973971981369569e+00
-3.410351106492754525e+00
-3.171138851769426559e+00
-2.890055930834956932e+00
-2.566822607282384983e+00
-2.126034339317117716e+00
-1.220624452203725507e+00
-2.003627289884759577e-01
5.659883138039467632e-02
-3.396448502831144189e-01
-1.803256471700263042e-01
8.855070970265543906e-01
2.387257394316665060e+00
1.591627089494662695e+00
-5.407450695137649976e-01
-1.016068563899962252e+00
-4.945971037053502606e-01
-8.029399584452550087e-01
-1.298358879303708635e+00
-1.181252745461744080e+00
-8.322261547973268669e-01
-4.768506426367307149e-01
7.902287687368492186e-02
9.355991945094483953e-01
1.728019632223843693e+00
1.803411587711010178e+00
9.740873830981175985e-01
-4.252566408349947036e-01
-1.563275476602802305e+00
-1.276130256518872796e+00
-6.019731789369906494e-01
-3.265628222796994606e-01
-4.033917559618060977e-02
6.796940178630228591e-01
1.091193064718283479e+00
1.696489667136063417e+00
2.314374649785149174e+00
2.576726459170043171e+00
2.496074824211257148e+00
2.364236794545891307e+00
2.333817684751683608e+00
2.276039432869551238e+00
2.256510653157296264e+00
2.178278741930083751e+00
2.014405389559442483e+00
1.967329960006342526e+00
2.201390760212915687e+00
2.549036444737605933e+00
2.684527741140187995e+00
2.489850686517053102e+00
1.999146381243005255e+00
1.580435499758152229e+00
1.597598170250575711e+00
1.807551606692566981e+00
0.000000000000000000e+00
0.000000000000000000e+00
0.000000000000000000e+00
0.000000000000000000e+00
0.000000000000000000e+00
0.000000000000000000e+00
0.000000000000000000e+00
0.000000000000000000e+00
0.000000000000000000e+00
0.000000000000000000e+00
0.000000000000000000e+00
0.000000000000000000e+00
0.000000000000000000e+00
0.000000000000000000e+00
0.000000000000000000e+00
0.000000000000000000e+00
0.000000000000000000e+00
0.000000000000000000e+00
0.000000000000000000e+00
0.000000000000000000e+00
0.000000000000000000e+00
0.000000000000000000e+00
0.000000000000000000e+00
0.000000000000000000e+00
0.000000000000000000e+00
0.000000000000000000e+00
0.000000000000000000e+00
0.000000000000000000e+00
0.000000000000000000e+00
0.000000000000000000e+00
0.000000000000000000e+00
0.000000000000000000e+00
0.000000000000000000e+00
0.000000000000000000e+00
0.000000000000000000e+00
0.000000000000000000e+00
0.000000000000000000e+00
0.000000000000000000e+00
0.000000000000000000e+00
0.000000000000000000e+00
0.000000000000000000e+00
0.000000000000000000e+00
0.000000000000000000e+00
0.000000000000000000e+00
0.000000000000000000e+00
0.000000000000000000e+00
0.000000000000000000e+00
0.000000000000000000e+00
0.000000000000000000e+00
0.000000000000000000e+00
0.000000000000000000e+00
0.000000000000000000e+00
0.000000000000000000e+00
0.000000000000000000e+00
0.000000000000000000e+00
0.000000000000000000e+00
0.000000000000000000e+00
0.000000000000000000e+00
0.000000000000000000e+00
0.000000000000000000e+00
0.000000000000000000e+00
0.000000000000000000e+00
0.000000000000000000e+00
0.000000000000000000e+00
0.000000000000000000e+00
0.000000000000000000e+00
0.000000000000000000e+00
0.000000000000000000e+00
0.000000000000000000e+00
0.000000000000000000e+00
0.000000000000000000e+00
0.000000000000000000e+00
0.000000000000000000e+00
0.000000000000000000e+00
0.000000000000000000e+00
0.000000000000000000e+00
0.000000000000000000e+00
0.000000000000000000e+00
0.000000000000000000e+00
0.000000000000000000e+00
0.000000000000000000e+00
0.000000000000000000e+00
0.000000000000000000e+00
0.000000000000000000e+00
0.000000000000000000e+00
0.000000000000000000e+00
0.000000000000000000e+00
0.000000000000000000e+00
0.000000000000000000e+00
0.000000000000000000e+00
0.000000000000000000e+00
0.000000000000000000e+00
0.000000000000000000e+00
0.000000000000000000e+00
0.000000000000000000e+00
0.000000000000000000e+00
0.000000000000000000e+00
0.000000000000000000e+00
0.000000000000000000e+00
0.000000000000000000e+00
0.000000000000000000e+00
0.000000000000000000e+00
0.000000000000000000e+00
0.000000000000000000e+00
0.000000000000000000e+00
0.000000000000000000e+00
0.000000000000000000e+00
0.000000000000000000e+00
0.000000000000000000e+00
0.000000000000000000e+00
0.000000000000000000e+00
0.000000000000000000e+00
0.000000000000000000e+00
0.000000000000000000e+00
0.000000000000000000e+00
0.000000000000000000e+00
0.000000000000000000e+00
0.000000000000000000e+00
0.000000000000000000e+00
0.000000000000000000e+00
0.000000000000000000e+00
0.000000000000000000e+00
0.000000000000000000e+00
0.000000000000000000e+00
0.000000000000000000e+00
0.000000000000000000e+00
0.000000000000000000e+00
0.000000000000000000e+00
0.000000000000000000e+00
0.000000000000000000e+00
0.000000000000000000e+00
0.000000000000000000e+00
0.000000000000000000e+00
0.000000000000000000e+00
0.000000000000000000e+00
0.000000000000000000e+00
0.000000000000000000e+00
0.000000000000000000e+00
0.000000000000000000e+00
