2.227569580078125444e+00
-8.038691852139234761e-01
9.102482481360834043e-01
-1.203013831772216324e+00
-6.693621180033601625e+00
-6.330526535487593698e+00
-4.929396676055887383e+00
-3.320615923870203545e+00
5.658606859308856762e-02
8.632844308621856477e-01
-1.363116505047707872e-01
2.352751486038220374e+00
4.169083378895535041e+00
4.914652812514800573e+00
6.930383697208530869e-01
-4.451298666347605071e+00
-2.585487640922785157e+00
-1.348285061488196712e+00
-3.389739024691275304e+00
-1.907361065564810554e+00
-6.092912839636507982e+00
-2.678372625850492739e+00
1.345817538126467205e+00
-2.995247778285970774e+00
1.339937397814007447e+00
4.736168233487566326e+00
6.714342110343647363e-01
2.567952043634630144e+00
4.899231429987287445e-01
7.303250421852887087e-01
7.213341266775963323e-01
-2.303898742337393557e+00
-1.159474294290391505e+00
1.553224333103467636e+00
5.655887756840735747e+00
5.933190705207275428e+00
3.949574995449462111e+00
-1.068950912826999389e+00
-2.767998060012735628e+00
-2.220780367384959320e+00
-1.221008345122764904e+00
-7.720657230502376400e+00
-5.143906576007617915e+00
1.164753218118244504e+00
3.413665177712041920e+00
1.581292408961193274e+00
3.321318129679232900e+00
2.528862378399352462e-01
9.619813459132280364e-01
4.839985360478957332e+00
1.428117853914446789e+00
-1.476256753944538147e-01
4.404132127585509870e+00
3.405931706511740487e+00
2.039647418957700076e+00
-8.533022820938906960e-02
5.144985528049003110e-01
-4.052765843925991707e-01
-1.474779860110676966e+00
-1.285964616638756386e+00
-1.612405269005090513e-01
2.274372830037541426e+00
3.054605224860409862e+00
3.408811923505823849e+00
2.389556035183338256e+00
2.378523058883121877e-01
-1.574386845201003027e+00
-1.257261937863713541e+00
4.221204187738301083e-01
1.530627825947736609e+00
1.701330459279274843e+00
1.557028821792873607e+00
4.733098908772918056e-01
4.840142858128986258e-01
1.344015790736990734e+00
-5.176347066678539388e-01
-3.486753037852050041e-01
-3.768423223872443550e-01
-2.949939145251990968e+00
-2.860397419994545665e+00
2.476138692841831634e-01
1.016882228801007315e+00
9.780532150236431743e-01
1.666285218121392075e+00
-3.065534650350738577e-01
-2.056479684677058994e+00
-1.544385079235296443e+00
-2.563518285810597597e-01
1.507163169570131522e-01
2.632628078968046736e-01
6.497157429988980049e-01
1.752486883893678016e-02
-3.383957769068542953e-01
3.658282856392292004e-02
4.046846068836830734e-01
5.155063366354142307e-01
-2.743688772805275011e-01
-6.776772339332092221e-01
8.116538022653116968e-01
5.118031605936146367e-01
8.428716306687265014e-01
2.058670462910102472e+00
-1.385640429664196649e-01
-1.084605383989019067e+00
2.804387511778221320e-01
3.403285948163223273e-01
2.277323535689824929e+00
6.694915104269268724e+00
9.563802490032337289e+00
6.534233267264601963e+00
4.730057098330880949e-01
1.815855065787962630e+00
1.009530768478366092e-01
4.025646138073271096e-01
-2.122602209204207391e-01
-7.912743458862605550e-01
4.839463366732637439e+00
7.591371573017772434e+00
4.942809657082531061e+00
1.587436798055117837e+00
4.913359072578268316e-01
8.148580603282222778e-01
4.891384299126632085e-01
7.880012997971357347e-01
-4.149745423922412968e-02
2.901238319754198436e+00
8.216192283739482960e+00
8.043413252940482039e+00
3.031461706159098490e+00
1.630804955607290552e+00
2.279279678221818095e+00
1.259986758996315848e+00
1.517175252070974700e+00
2.132379884128033365e-01
8.877644431243764123e-01
3.394582177960231206e+00
3.257019839179133402e+00
1.343155435189872682e+00
-2.003063584660971785e-01
3.884617460867945127e-02
1.102738662176125928e-01
-8.319439821238971966e-02
-1.075898378652302423e-01
1.519775484618521300e-01
5.661767367245621463e-01
2.193046108840003283e-01
-1.026741517329388120e-01
4.860225728336093343e-01
9.807914114179994147e-01
1.261512738546715529e+00
1.285094229613281236e+00
8.021032701162550405e-01
7.268707526334494684e-02
3.441084732977008898e-01
2.052503699615363941e-01
6.904358374777312957e-01
1.051685606419405783e+00
1.006083098333631076e+00
1.296661067004546641e+00
1.269464891610223134e+00
2.666604704644806034e-01
-2.319487395457657808e-01
1.361437518080128029e-01
-9.349650989359656328e-02
7.227007596249720445e-01
2.605658896879183284e-01
1.703408844378017095e-01
8.275054026172969923e-01
1.487866180698063978e+00
3.076649032996547461e+00
2.966444893767453461e+00
1.049346603432439018e+00
6.122654186200979787e-01
8.343439732296555889e-01
1.334477704605219750e-01
2.085305206130505518e-01
5.884416438526685056e-02
-4.066037288449029230e-01
-7.701427955522874846e-01
-5.050434235797285343e-02
5.900057054297169756e-01
9.555534462374208893e-01
3.312713422220938120e-01
-2.043642502066962963e-01
-2.864906632588281599e-01
9.142102336526292117e-02
-2.827515928617781449e-01
-4.818252085148593267e-01
1.696418577141410866e-01
7.834948892945707843e-01
1.185241459330210301e+00
1.481448860559175795e+00
2.798678842636640463e-01
1.383089939706230620e+00
1.786557967703093386e+00
1.400697212737607167e+00
1.306961390690421609e+00
1.550522384745877114e+00
1.925647138603383768e+00
1.423029963499455874e+00
1.085046502491245679e+00
3.477040091631556917e-01
8.635876121169272501e-02
1.398151408466371315e+00
1.625855165916177958e+00
1.492906676172334413e+00
1.061789579376064108e+00
9.066121431660323360e-01
1.638512965478034156e+00
1.788365221112856229e+00
1.107574383876010593e+00
1.410846071595400208e-01
4.464801833182549529e-01
6.079426563385267324e-01
8.238429153352300194e-01
1.243174145549721166e+00
1.559159533317236335e+00
1.298088033011381537e+00
9.501399129593252058e-01
1.657217920705605030e+00
1.483746095665359643e+00
3.786436066868307249e-01
1.180124538899397946e+00
-1.555398563586991578e-01
-4.904783704143198531e-01
2.612548966359911073e-01
2.810883870657632233e-02
2.165850454441995976e-01
1.706238809377720322e-01
-2.617303407789097758e-01
4.254446491993545965e-01
5.854214838731898185e-01
8.188285461491999762e-01
6.032342873444331843e-01
5.027973547448554292e-01
4.175805925559519238e-01
7.091604925538217419e-01
5.313648574431155680e-01
3.559896468621653876e-01
-5.787672069994331814e-02
6.238734104547215553e-01
5.084384620326515281e-01
7.022126488804947275e-01
2.972060422237469357e+00
3.340700099018221625e+00
1.646979497712773632e+00
8.264699090286397043e-01
2.527361854486161463e-01
4.319756804947394446e-01
3.418361008633437059e-01
-8.009273681321291694e-01
-2.695645083476061465e-01
-6.145604595254272606e-02
5.219200101057757113e-01
1.301803602530025694e+00
1.057424573308791249e+00
6.701684662995498476e-01
1.045899961337349193e+00
4.097429169192061127e-01
-4.618821104107257991e-01
-8.063610045191013098e-01
-5.234065479793825748e-01
7.587763795662423316e-01
1.564925159028990098e+00
1.246698884358418136e+00
8.357023969779481254e-01
6.053420891295009376e-01
-3.118372906469820127e-01
9.897622973364822441e-02
5.336653993946663954e-01
4.819120569424499290e-01
4.320779869133963835e-01
6.738500955176035534e-01
1.059368577898209818e+00
4.343646061071704256e-01
3.262954610066032268e-02
1.301511208432354350e+00
2.447724046579231150e+00
2.623578774494043309e+00
1.033072220161794785e+00
-9.770100759210420538e-02
1.015120054297687258e+00
7.757131319589811724e-01
1.824785816329909993e+00
1.749922133377801892e+00
2.165270476977831926e+00
6.556389269033962464e+00
6.358001236848247473e+00
1.853199565009713279e+00
3.771242161119235936e-01
1.702082969561492742e+00
3.047530876646692422e-01
1.039328993440264526e+00
6.436300129470404752e-01
1.351567771920051619e+00
5.703856587014634272e+00
7.540855108729775047e+00
5.349805035453424118e+00
-6.209083363716927373e-02
6.161261277228804456e-01
1.801773276291244397e+00
-7.815913194648654860e-01
5.317337837540609957e-01
8.313932459248916107e-01
5.534680360112176345e+00
8.755038843986035602e+00
7.128738515534521980e+00
2.102437695097587600e+00
-4.902344394163160590e-02
-1.423870872179050506e-01
-3.039364898864542752e-01
6.978544557237762458e-01
1.050684411265616403e+00
1.317150245173911216e+00
2.443352368965314714e-01
-1.348047149084070861e+00
-1.393076975721089905e+00
-1.983043496159553332e-01
8.220228762100670883e-01
-5.038946700579740590e-01
-3.190224915565925690e-01
-8.775884901666073379e-01
-2.896007350122487445e+00
-2.509113263240718261e+00
-2.590791983665825526e-01
5.066510328337358038e-01
-8.220558872292671460e-02
6.528682148548098363e-01
-5.714884533354053220e-01
3.672175046610114402e-01
1.010830369257387229e+00
6.764702065314691648e-01
7.306993443725546822e-01
5.870419448411217100e-01
-8.674350163636704858e-01
-1.340147170262452114e+00
-4.385840950488548717e-01
-4.429762398589082717e-01
4.092853516547833026e-01
9.661124906715756744e-02
-1.490497645929733661e-01
-4.735359819404880710e-01
-5.080383476849146263e-01
4.194026145431521968e-01
1.283768082820932577e+00
8.917391330294072160e-01
-1.191595961874905463e+00
-2.015328798253342324e+00
-8.763911959433654530e-01
2.213435301398156696e+00
1.655782462017448609e+00
2.749750661374581462e+00
2.907197766142040507e+00
-8.110394949805146414e-01
-3.483810098200150751e-01
9.849779077942135697e-01
7.501673952460176098e-01
-1.159563387310955873e+00
-4.852437560311996023e+00
-4.808951480178023985e+00
-1.684826111352180966e+00
3.878105766851236869e+00
-2.295896312834837083e+00
-1.009931439112268681e+00
2.087908292620768158e+00
5.559685462917838272e-01
-2.333331965415266218e-01
1.456406164650973167e+00
-3.016991224972028540e+00
-8.659918208400911865e-01
2.929167204536641478e+00
2.626616489473352800e+00
-1.360184333465083162e+00
-1.305652298645094689e+00
-7.178527948383974788e-01
-2.073553718157937098e+00
2.099155322760858144e+00
2.416277132082181645e+00
4.590254643009053837e+00
4.155389183180924206e+00
-1.851376059852562150e+00
-2.769421983321350034e+00
-9.295109015424998233e-01
-1.082617354961988632e+00
-6.032166678736530230e-01
-2.508017252180279044e+00
-1.341147417342609671e-01
1.631567047223063227e+00
3.427650898035699889e+00
2.687984225695245755e+00
-1.450562504561767607e+00
3.538487810293275082e+00
5.193934746704901961e+00
2.247822033712290057e-01
-4.068358839015809636e+00
-6.977982889760760088e+00
-6.157368554679266914e+00
-5.219915471833598275e+00
-2.427296478607907204e+00
1.685136746992724976e+00
3.282301889361643354e+00
6.897597541362586959e+00
4.489375130005678116e+00
1.417409592662960627e+00
1.563335946694036860e+00
1.986284170834868190e+00
1.934710368964165816e+00
2.090660712691926548e+00
1.433369897063813569e+00
6.467945061860632672e-01
2.410916448268483503e+00
2.583994610146128856e+00
2.526473723689954820e+00
0.000000000000000000e+00
0.000000000000000000e+00
0.000000000000000000e+00
0.000000000000000000e+00
0.000000000000000000e+00
0.000000000000000000e+00
0.000000000000000000e+00
0.000000000000000000e+00
0.000000000000000000e+00
0.000000000000000000e+00
0.000000000000000000e+00
0.000000000000000000e+00
0.000000000000000000e+00
0.000000000000000000e+00
0.000000000000000000e+00
0.000000000000000000e+00
0.000000000000000000e+00
0.000000000000000000e+00
0.000000000000000000e+00
0.000000000000000000e+00
0.000000000000000000e+00
0.000000000000000000e+00
0.000000000000000000e+00
0.000000000000000000e+00
0.000000000000000000e+00
0.000000000000000000e+00
0.000000000000000000e+00
0.000000000000000000e+00
0.000000000000000000e+00
0.000000000000000000e+00
0.000000000000000000e+00
0.000000000000000000e+00
0.000000000000000000e+00
0.000000000000000000e+00
0.000000000000000000e+00
0.000000000000000000e+00
0.000000000000000000e+00
0.000000000000000000e+00
0.000000000000000000e+00
0.000000000000000000e+00
0.000000000000000000e+00
0.000000000000000000e+00
0.000000000000000000e+00
0.000000000000000000e+00
0.000000000000000000e+00
0.000000000000000000e+00
0.000000000000000000e+00
0.000000000000000000e+00
0.000000000000000000e+00
0.000000000000000000e+00
0.000000000000000000e+00
0.000000000000000000e+00
0.000000000000000000e+00
0.000000000000000000e+00
0.000000000000000000e+00
0.000000000000000000e+00
0.000000000000000000e+00
0.000000000000000000e+00
0.000000000000000000e+00
0.000000000000000000e+00
0.000000000000000000e+00
0.000000000000000000e+00
0.000000000000000000e+00
0.000000000000000000e+00
0.000000000000000000e+00
0.000000000000000000e+00
0.000000000000000000e+00
0.000000000000000000e+00
0.000000000000000000e+00
0.000000000000000000e+00
0.000000000000000000e+00
0.000000000000000000e+00
0.000000000000000000e+00
0.000000000000000000e+00
0.000000000000000000e+00
0.000000000000000000e+00
0.000000000000000000e+00
0.000000000000000000e+00
0.000000000000000000e+00
0.000000000000000000e+00
0.000000000000000000e+00
0.000000000000000000e+00
0.000000000000000000e+00
0.000000000000000000e+00
0.000000000000000000e+00
0.000000000000000000e+00
0.000000000000000000e+00
