-3.196441650390625000e+00
-1.377522576846346158e+00
-2.899447559061401058e-01
-1.284894524244937442e+00
-1.510589322013086599e+00
-7.410817576173616139e-01
-6.407396449510609493e-01
-5.513671888406533883e-01
2.029420297398495387e-01
-3.709288061021669414e-01
1.217418627293391786e-01
1.938886823969191209e+00
2.015019922035127919e+00
5.958693222062878547e-01
5.491900528675950355e-01
2.243337601489510114e-01
-1.995643327995982652e+00
-2.717494194678083730e+00
-1.262658800136933213e+00
2.673092168131927515e-01
4.090494027223767759e-02
-7.593190761882111506e-01
-3.560719261784455192e-01
-2.733966522854280878e-02
-8.256411107888572687e-01
-1.592906514796814665e-01
1.361315135144467448e+00
-2.287965586167683973e-01
1.027637639536146619e+00
2.001205220009619090e+00
5.074557894936737590e-01
-1.293042446870351414e+00
-2.438951673694174094e+00
-3.747697922287763106e+00
-4.770052971516854257e+00
-4.550573937136116243e+00
-3.363458993175381995e+00
-2.639296073223228234e+00
-2.787934253092325676e+00
-1.985868554655235263e+00
-6.141337319467372602e-01
3.575170814868191549e-01
7.784169712455648593e-01
2.573379743323798152e-01
-1.798465143443062964e+00
-3.714781473040560833e+00
-8.572772496673142228e-02
-5.321003388325684647e-02
-6.168038473374433117e-01
5.645829796360875008e-01
-3.216993288792324712e-01
-8.980430601047959538e-01
-4.642173230471353662e-01
-3.647178390114719004e+00
-2.477963827699090071e+00
-1.458378310215755924e+00
2.124574136001201374e+00
1.837471646165978356e+00
-5.529478708373050111e-01
-3.146796564319812806e+00
-3.645812997520781806e+00
1.312374298853452581e+00
2.768543356987463344e+00
9.018837598904561048e-01
-2.583402290429227310e+00
-3.785880025012672068e+00
-1.605010640062704219e+00
-1.942253430277052217e-02
-4.945041578634814528e-01
-2.497114724386212181e+00
-1.790336513252686945e+00
1.613343625145029492e-01
3.073635764063551434e-01
-9.119141050606096588e-01
5.987451216679868793e-01
2.708054801632977515e-01
3.064210064099202047e-01
1.122599672681662719e+00
1.318504460077978280e-01
-1.732982283211031760e+00
-8.653145427970705406e-01
6.785295782371343343e-01
7.441255134656534764e-01
-3.199461291556344733e-01
-6.460249585166182307e-01
3.465798473147254644e-01
6.639819551713839196e-01
-1.390724007979031285e+00
-1.375300454163082664e+00
-1.101991236490881487e+00
-9.273171225462029099e-01
-3.065845857232423199e-01
-9.883359458617102522e-01
-1.637467560331827388e+00
2.274310835416630816e-01
8.929358581004476214e-02
-1.487618883470902542e+00
-1.561513142323164072e+00
-1.300284301341288806e+00
-2.144957276333546048e+00
-2.665065041979767901e+00
-1.431091400392926705e+00
-1.137175841299405521e+00
-2.423933492297088765e+00
-1.772109538164968967e+00
-9.776680655932059594e-01
-2.783849973642000819e-01
-3.502734308971140464e-01
-2.267913592306448844e+00
-2.296726008370688632e+00
-1.677424794038240519e+00
-1.829329564522634621e+00
-1.308185595433876136e+00
-1.094460827268366465e-01
-6.123419872740438752e-01
-1.732514560880748178e+00
-2.082617017616113397e+00
-1.180004677773339061e+00
-6.183160405631378254e-01
-6.252279753754037550e-01
3.461797282262781827e-01
5.977084423708348693e-01
-1.187147789152027233e+00
-1.262323490350897748e+00
-1.470938925710581380e+00
-8.129571450378021424e-01
-1.248104652444703033e+00
-3.129918436204992105e+00
-2.765775521163154949e+00
-5.826779499878131929e-01
9.763923673939860493e-01
8.483074790712707980e-02
-1.443776698072826381e+00
-1.395353865786740588e+00
-6.719604674696262325e-01
-4.068402882357655681e-01
1.382840920761168046e-01
5.887264559083117410e-01
5.300953887060992908e-01
8.895939407380384356e-01
1.439095487462915379e+00
1.288471405664030067e+00
5.952295479489074781e-01
-9.892724651980899786e-02
2.162674228449392722e-01
6.609198088799606019e-01
1.006194718301409718e-01
-7.664205883717494228e-01
-1.383999857282494972e+00
-1.544563008774305635e+00
-4.601765932444122909e-01
1.305439563995725027e-02
-7.811230248099965134e-01
-3.877324743750669711e-01
9.124073756852928430e-01
1.396260003103326763e+00
-9.830260797418299834e-01
-5.392743969476132548e-01
1.077022824318300875e+00
2.016034853221795320e+00
1.292820620141025056e+00
-6.092431384173455644e-01
-1.248521162787745942e+00
-1.768317647135172033e+00
-2.933457102112370762e+00
-3.332281819648322596e+00
-2.553434185002100953e+00
-1.490751871253402028e+00
-6.602228415095616754e-01
7.038706911280416811e-01
2.291263505287495228e+00
1.275151802811254509e+00
-9.090810718828497006e-01
-1.981131015813407448e+00
-2.238716657172773239e+00
-3.572853898703686415e+00
-4.812820352981382221e+00
-4.061966108486743110e+00
-1.733588337260738577e+00
-3.753196077144904663e-01
-1.421847697356211082e+00
-1.828067487435309113e+00
-5.129338800838816326e-01
6.708085313010982986e-01
1.301940578803195692e-01
-1.555189036986013740e+00
-2.027893076287749174e+00
-2.530569043190521228e+00
-4.139063558790921249e+00
-4.936426223204192887e+00
-4.310912047290951676e+00
-3.111214321183314535e+00
-4.987877010905101827e-01
4.626182578654427502e-01
-1.528440255203820097e-01
-1.713060903273144975e+00
-2.253907257901695438e+00
-1.279831969081772547e+00
-6.852940996694274478e-01
-9.735789879481664411e-01
4.219263039833434092e-01
1.384740586616884039e+00
1.114564720629093619e+00
3.968723772042861420e-01
-1.137126953494348003e+00
-2.286055020159909024e+00
-2.564532856633332525e+00
-1.632074159768193589e+00
-3.425863080672035821e-01
-6.827623294264757448e-01
-2.089063509878909208e+00
-1.974636858154317887e+00
9.064019111471766088e-02
2.533464730802226228e-01
-9.628445995322405526e-01
-1.259492691679418908e+00
-5.533945565712858894e-01
5.957344246458973203e-02
-5.868207446400841576e-02
-5.204821594323538747e-01
-5.300345313442869077e-01
-4.125927601954040291e-01
-1.443121390420158967e+00
-1.796396450592341765e+00
-6.684904589714861789e-01
-4.612645198382980816e-02
-9.041647041324929468e-02
1.427519220815714140e+00
3.140638178847977802e+00
3.620762484876830722e+00
2.608290224176601502e+00
1.390662292075885098e+00
1.259342899016745232e+00
7.059511149714317035e-01
-5.621048789266565038e-01
-1.163741823824871569e+00
-2.491369968627057396e-01
-1.518683065197683479e-01
2.915853972090403090e-01
1.498341927935693096e+00
1.898153255947447438e+00
1.247472097298482741e+00
7.245878562318697202e-01
3.966066608861702480e-01
-8.255966034308559465e-02
-7.469418381539594254e-01
-6.682205174657058766e-01
1.937812166316112417e-01
-1.776717035483935669e-01
-2.797710068032228659e-01
2.278942521605822336e-01
3.811858697811671970e-01
-2.178663118138013388e-01
-8.188335354633733409e-01
-7.740516753362103319e-01
2.163820311939088636e-01
-3.783719270651975108e-01
-1.001050127643918763e+00
-7.945950712304397090e-01
-1.671738459338402150e-01
-3.603022034828891051e-01
-8.831396518951237784e-01
-8.806540126245920863e-01
-2.464783468540079903e-01
1.323853659152695594e-01
1.480102539062500000e-02
1.323853659152695594e-01
-2.464783468540079903e-01
-8.806540126245920863e-01
-8.831396518951237784e-01
-3.603022034828891051e-01
-1.671738459338402150e-01
-7.945950712304397090e-01
-1.001050127643918763e+00
-3.783719270651975108e-01
2.163820311939088636e-01
-7.740516753362103319e-01
-8.188335354633733409e-01
-2.178663118138013388e-01
3.811858697811671970e-01
2.278942521605822336e-01
-2.797710068032228659e-01
-1.776717035483935669e-01
1.937812166316112417e-01
-6.682205174657058766e-01
-7.469418381539594254e-01
-8.255966034308559465e-02
3.966066608861702480e-01
7.245878562318697202e-01
1.247472097298482741e+00
1.898153255947447438e+00
1.498341927935693096e+00
2.915853972090403090e-01
-1.518683065197683479e-01
-2.491369968627057396e-01
-1.163741823824871569e+00
-5.621048789266565038e-01
7.059511149714317035e-01
1.259342899016745232e+00
1.390662292075885098e+00
2.608290224176601502e+00
3.620762484876830722e+00
3.140638178847977802e+00
1.427519220815714140e+00
-9.041647041324929468e-02
-4.612645198382980816e-02
-6.684904589714861789e-01
-1.796396450592341765e+00
-1.443121390420158967e+00
-4.125927601954040291e-01
-5.300345313442869077e-01
-5.204821594323538747e-01
-5.868207446400841576e-02
5.957344246458973203e-02
-5.533945565712858894e-01
-1.259492691679418908e+00
-9.628445995322405526e-01
2.533464730802226228e-01
9.064019111471766088e-02
-1.974636858154317887e+00
-2.089063509878909208e+00
-6.827623294264757448e-01
-3.425863080672035821e-01
-1.632074159768193589e+00
-2.564532856633332525e+00
-2.286055020159909024e+00
-1.137126953494348003e+00
3.968723772042861420e-01
1.114564720629093619e+00
1.384740586616884039e+00
4.219263039833434092e-01
-9.735789879481664411e-01
-6.852940996694274478e-01
-1.279831969081772547e+00
-2.253907257901695438e+00
-1.713060903273144975e+00
-1.528440255203820097e-01
4.626182578654427502e-01
-4.987877010905101827e-01
-3.111214321183314535e+00
-4.310912047290951676e+00
-4.936426223204192887e+00
-4.139063558790921249e+00
-2.530569043190521228e+00
-2.027893076287749174e+00
-1.555189036986013740e+00
1.301940578803195692e-01
6.708085313010982986e-01
-5.129338800838816326e-01
-1.828067487435309113e+00
-1.421847697356211082e+00
-3.753196077144904663e-01
-1.733588337260738577e+00
-4.061966108486743110e+00
-4.812820352981382221e+00
-3.572853898703686415e+00
-2.238716657172773239e+00
-1.981131015813407448e+00
-9.090810718828497006e-01
1.275151802811254509e+00
2.291263505287495228e+00
7.038706911280416811e-01
-6.602228415095616754e-01
-1.490751871253402028e+00
-2.553434185002100953e+00
-3.332281819648322596e+00
-2.933457102112370762e+00
-1.768317647135172033e+00
-1.248521162787745942e+00
-6.092431384173455644e-01
1.292820620141025056e+00
2.016034853221795320e+00
1.077022824318300875e+00
-5.392743969476132548e-01
-9.830260797418299834e-01
1.396260003103326763e+00
9.124073756852928430e-01
-3.877324743750669711e-01
-7.811230248099965134e-01
1.305439563995725027e-02
-4.601765932444122909e-01
-1.544563008774305635e+00
-1.383999857282494972e+00
-7.664205883717494228e-01
1.006194718301409718e-01
6.609198088799606019e-01
2.162674228449392722e-01
-9.892724651980899786e-02
5.952295479489074781e-01
1.288471405664030067e+00
1.439095487462915379e+00
8.895939407380384356e-01
5.300953887060992908e-01
5.887264559083117410e-01
1.382840920761168046e-01
-4.068402882357655681e-01
-6.719604674696262325e-01
-1.395353865786740588e+00
-1.443776698072826381e+00
8.483074790712707980e-02
9.763923673939860493e-01
-5.826779499878131929e-01
-2.765775521163154949e+00
-3.129918436204992105e+00
-1.248104652444703033e+00
-8.129571450378021424e-01
-1.470938925710581380e+00
-1.262323490350897748e+00
-1.187147789152027233e+00
5.977084423708348693e-01
3.461797282262781827e-01
-6.252279753754037550e-01
-6.183160405631378254e-01
-1.180004677773339061e+00
-2.082617017616113397e+00
-1.732514560880748178e+00
-6.123419872740438752e-01
-1.094460827268366465e-01
-1.308185595433876136e+00
-1.829329564522634621e+00
-1.677424794038240519e+00
-2.296726008370688632e+00
-2.267913592306448844e+00
-3.502734308971140464e-01
-2.783849973642000819e-01
-9.776680655932059594e-01
-1.772109538164968967e+00
-2.423933492297088765e+00
-1.137175841299405521e+00
-1.431091400392926705e+00
-2.665065041979767901e+00
-2.144957276333546048e+00
-1.300284301341288806e+00
-1.561513142323164072e+00
-1.487618883470902542e+00
8.929358581004476214e-02
2.274310835416630816e-01
-1.637467560331827388e+00
-9.883359458617102522e-01
-3.065845857232423199e-01
-9.273171225462029099e-01
-1.101991236490881487e+00
-1.375300454163082664e+00
-1.390724007979031285e+00
6.639819551713839196e-01
3.465798473147254644e-01
-6.460249585166182307e-01
-3.199461291556344733e-01
7.441255134656534764e-01
6.785295782371343343e-01
-8.653145427970705406e-01
-1.732982283211031760e+00
1.318504460077978280e-01
1.122599672681662719e+00
3.064210064099202047e-01
2.708054801632977515e-01
5.987451216679868793e-01
-9.119141050606096588e-01
3.073635764063551434e-01
1.613343625145029492e-01
-1.790336513252686945e+00
-2.497114724386212181e+00
-4.945041578634814528e-01
-1.942253430277052217e-02
-1.605010640062704219e+00
-3.785880025012672068e+00
-2.583402290429227310e+00
9.018837598904561048e-01
2.768543356987463344e+00
1.312374298853452581e+00
-3.645812997520781806e+00
-3.146796564319812806e+00
-5.529478708373050111e-01
1.837471646165978356e+00
2.124574136001201374e+00
-1.458378310215755924e+00
-2.477963827699090071e+00
-3.647178390114719004e+00
-4.642173230471353662e-01
-8.980430601047959538e-01
-3.216993288792324712e-01
5.645829796360875008e-01
-6.168038473374433117e-01
-5.321003388325684647e-02
-8.572772496673142228e-02
-3.714781473040560833e+00
-1.798465143443062964e+00
2.573379743323798152e-01
7.784169712455648593e-01
3.575170814868191549e-01
-6.141337319467372602e-01
-1.985868554655235263e+00
-2.787934253092325676e+00
-2.639296073223228234e+00
-3.363458993175381995e+00
-4.550573937136116243e+00
-4.770052971516854257e+00
-3.747697922287763106e+00
-2.438951673694174094e+00
-1.293042446870351414e+00
