1.294372558593748890e+00
1.081911768696653731e+00
1.146958834994395771e+00
4.422851728340779776e-01
-3.937799042323621990e-01
4.970459201385344361e-01
1.350237513035520864e+00
2.305314097349588920e-01
-6.465231190775329040e-01
5.929513762426958934e-01
1.877167211320538431e+00
1.197043865815670349e+00
3.138831345731976086e-01
8.553795886200763476e-01
1.385433801081100924e+00
-3.285837443117598511e-01
-6.001390155030205120e-01
6.903449743601869359e-01
-2.028262692321377347e+00
-1.595165350008301619e+00
-3.394429219223056293e-01
1.152926175725028202e+00
1.884836572160838664e+00
9.375757827747164264e-01
-6.733203098554330079e-01
8.396944491342579475e-01
1.695952478475535541e+00
3.699386163145688577e+00
4.312407090038881563e+00
1.519811964223729994e+00
-2.924140601167688480e+00
-2.279290455372732449e+00
5.120269192887564103e+00
6.404934050570312287e+00
1.388695195339864741e+00
3.550160410673615541e+00
4.195014122135919621e+00
5.584738312905708213e-01
-2.357005888100955904e+00
-2.588340438874370708e+00
-3.741426223233586423e+00
-1.730244286913198426e+00
-5.015263638547602376e-01
-2.718344259268497431e+00
-2.169413971535304242e+00
-9.220794891128036852e-03
1.539052135253928810e-01
-3.022426954556052259e-01
-4.819963939850850920e-01
-2.460372890375437382e+00
-4.070257346189058545e+00
-2.659339114819903926e+00
-9.649861457863551095e-02
9.585136400924543221e-01
-1.017599897376009421e+00
-8.765502249118004574e-01
-4.418695062933774009e-01
-1.532955922712056607e+00
-1.375422438814608350e+00
-4.973548096676818631e-01
-1.096826921943072186e+00
-1.054593026541337908e+00
-9.311198037886276868e-01
4.838814517876490195e-01
4.903208117189465920e-01
5.626454141149654919e-01
4.015476527119272721e-01
7.391917873326621091e-01
1.311555922904019233e+00
1.220741512693879427e+00
1.170521742012061051e+00
-2.644751209554307980e-02
-1.130004042383919494e+00
-2.098343299237204196e-01
1.334329469909393051e+00
2.848592315571665257e-01
-7.736669119720238630e-01
-7.700096080299478896e-01
-2.722003906991667943e-01
2.041258169242250453e-01
-6.250925953205310748e-03
2.101424916016259026e-01
-5.136823257784962626e-01
3.224533174737531649e-01
1.532929739425982874e+00
8.990643749536068041e-01
-9.443478323378033945e-01
-1.624491652344469461e+00
-1.034153393130724075e+00
-9.707530676442587270e-01
-7.550082094922790921e-01
1.182942118254396657e+00
3.721033940997422462e-01
3.713552941910434058e-01
1.913753955095815140e+00
3.855349802121580183e+00
2.734110031405695196e+00
-1.715719862025668618e-01
-2.002479117075780302e+00
-1.653602096702899260e+00
-2.308949257003113154e+00
-2.358278730452047167e+00
-3.457902524399814048e-01
-4.537409787190309629e-01
-1.177952874160522079e+00
-5.183118480022805841e-01
-1.539825210314964998e+00
-2.549859505665398984e+00
-1.762118956708315309e+00
-1.249515950915434104e-01
8.432289390563325604e-01
2.339002761826554533e+00
3.124528224756779604e+00
-1.490825199548704960e+00
-3.599102252758639153e+00
-5.190252847888267240e+00
-2.727406088362144043e+00
2.678678332837455045e+00
4.921094335682141718e+00
4.915541468426404492e+00
4.789726888747399158e+00
3.630544074050626069e+00
1.849665095862242481e+00
3.113655070038774397e-01
-1.238892132872773999e+00
-1.933082704037743405e+00
-1.189901111680069512e+00
-1.878099880998451710e-02
-1.243514433606806469e+00
-1.968101427270835480e+00
-1.749974547078498865e+00
-2.202191450229272984e+00
-3.662843586452903644e+00
-4.521702105402487959e+00
-3.844701240778688689e+00
-2.559554584631400509e+00
-1.538323131720657155e+00
-9.820354735834211368e-01
-4.494036819627271750e-01
-4.232425507528807529e-01
-9.931543185388163053e-01
-1.326285362619715080e+00
-1.287075899383987920e+00
-1.324658165504896790e+00
-1.256524262350751542e+00
-1.369469822104737222e+00
-1.416112638225060838e+00
-7.514522310739981670e-01
1.005044257194709134e+00
9.324336183152297508e-01
-1.211942196395083826e+00
-2.512026598283311429e+00
-2.035214234826729918e+00
-4.679990138113057085e-01
5.236891261366589667e-01
2.694990981453733170e-01
1.567977405674734204e-01
6.165165298189472232e-01
-1.162398940663424973e-01
-1.032081684703400892e+00
-1.777991812601289690e+00
-2.018410540538179365e+00
-1.811740251210986363e+00
-1.359181274126034289e+00
-7.948951330719651320e-01
1.676081433658080933e-01
4.724233880559106091e-01
-5.070883466841797915e-01
-5.580943386879770873e-01
-8.905548224719206374e-02
2.792362678703886880e-01
-1.111264969722085993e+00
-1.590064550258753595e+00
-5.514125949128411142e-01
6.801891062744616079e-01
5.319964156834394720e-01
-4.606206835029891256e-02
-4.235132446633711467e-01
-3.487395572061186000e-01
3.226809947640192355e-01
-3.549624196268919007e-02
-5.336805748649815495e-01
-5.793630365733954957e-01
-5.424199294286031758e-01
-5.910012098354575638e-01
-3.373476992948112319e-01
5.896662551504894267e-02
-2.997882039469781379e-01
2.416438165108167890e-01
7.814390103221844353e-01
1.156505276517344694e+00
1.176104299265382735e+00
-8.835894551906986472e-02
-7.807067893298293981e-01
4.882551798067948923e-01
2.218047849762222246e+00
1.721649979060464908e+00
9.332244120348829330e-01
9.136822805656621416e-01
1.921657947488991214e+00
1.458932692287988164e+00
5.176941225693936222e-01
5.688370927791268628e-01
9.400494847147666810e-01
3.506552132342117822e-01
-6.257608589058909487e-01
-1.221434223872218450e+00
-3.582892245855129332e-01
1.504134987082202723e+00
1.625384815778250003e+00
9.618391160908505988e-01
-2.304678203144334692e-01
-2.196025883647036103e+00
-3.465660246421301771e+00
-3.585551240058762801e+00
-2.586652455718568167e+00
-5.395359170789721937e-01
4.321735786495688458e-01
-6.246094538982633892e-01
-1.495557194790303690e+00
-2.146248174038130507e+00
-2.278991770420039309e+00
-1.155291488214682527e+00
1.998794417867779671e-01
6.505224876564188463e-01
1.428469120913983481e+00
2.534085730901410649e+00
3.140910270920287850e+00
3.792954685883308752e+00
4.405663191481858476e+00
4.105316040035233982e+00
2.624242476692875137e+00
-4.598941643167453464e-02
-3.077273612034247652e+00
-4.215497176871588536e+00
-3.520506399708798639e+00
-3.316875306092155640e+00
2.683997740589005865e-01
2.587092768664200015e+00
-3.392680907884795261e-01
-3.719548599733952354e+00
-4.918887109388336398e+00
-2.995316926258118961e+00
-8.711580913504439749e-01
8.756058654491560844e-02
3.022984392577803270e-01
1.123511149642785423e+00
1.375158332540015405e+00
-2.070390629620137979e-01
-1.350122387756717224e+00
-1.664681070652616945e+00
-1.969139080548323761e+00
1.072763290957890359e+00
5.180830428420050815e+00
2.463453424358450050e+00
1.785454127719363626e-01
2.951048343850390943e-01
-7.355253865681272707e-01
-3.161990225252726106e+00
-3.960213772299633117e+00
-2.410027559992452773e+00
-3.129884812041709541e+00
-3.899577852491667329e+00
-3.070355680000315779e+00
-3.042375910605528588e+00
-3.522808638287563632e+00
-3.879085681990347645e+00
-4.551845359003276137e+00
-2.559964908406955342e+00
-9.086840921974042029e-01
8.413365525417848545e-02
-4.615903598807862274e-01
-1.089297231456798576e+00
-2.691331989660217250e-01
1.744448410697003515e+00
7.868190633031966197e-01
-4.081583794735148540e-01
-1.356730711588496341e+00
-1.279743204081022823e+00
-6.936318627005655379e-01
8.833578920453616368e-01
1.000485868776858300e+00
-5.056213265702733661e-01
6.305474880465152809e-01
1.181632108362102418e+00
4.190312170084460330e-01
-2.130154274613760279e-01
-1.301343001800319144e-01
-2.648212123709903221e-01
-1.684260840614748789e+00
-7.960106329998224428e-01
1.346674365272199747e+00
2.905067115468782379e-01
-9.103053131109960505e-01
-2.098812843374823212e-01
1.034739377459880538e+00
1.396079473590644993e+00
1.831987804136559816e+00
1.815365362080983980e+00
3.761360081635123365e-01
3.892072584577912497e-01
1.223076458108267817e+00
2.190918481895961278e+00
1.317372476216749355e-01
-7.836125969364848842e-02
-6.862081089938509848e-02
-5.903088430801051167e-02
1.739566245979498049e-01
-2.516007128208941346e-01
1.087044783937774817e+00
1.582871645303697505e+00
1.244555358611090234e-01
3.630396480236115053e+00
5.405547227314601244e+00
7.389316579598794732e-01
-3.372762381939833354e+00
3.636901564276513454e+00
4.888871820907189303e+00
4.002568063154838818e-01
1.361781670247987464e+00
3.674498072639107882e+00
2.295881747900681447e+00
2.770282744802008423e-01
-9.458205212979682308e-01
-3.202159849784261603e+00
-4.757988623724774158e+00
-2.245661892267468485e+00
-1.861986345928556830e-01
-3.231471493376867343e-01
-1.113847442456991299e+00
-4.442187505001715664e-01
-3.498349174088702385e-01
-5.103154187323644120e-01
-2.568118977016550453e+00
-4.093328623096133434e+00
-3.763828027611626936e+00
-2.041054090597727466e+00
9.163366841622551107e-01
2.284712310190612605e+00
1.860810579037193824e+00
2.125631254347973176e+00
-3.121024705456512116e-01
-1.377909861613096032e+00
-5.690522011064955699e-01
-6.498886049746219751e-01
-1.573864241823754728e+00
-1.271197053857891168e+00
2.896335166278753981e-01
1.782539072677165048e+00
-1.172842824621424418e+00
-1.582982546434559046e+00
-1.251515154658521922e+00
-2.098810514415839990e+00
-2.530086684394248220e+00
-1.824375264487065218e+00
-1.314845665064476865e+00
-2.121709219022050785e+00
-2.066057964947705550e+00
-1.040052169533266069e+00
-7.819844127782735743e-01
-1.401310159286381918e+00
-1.660771147665198733e+00
-1.345743768333758084e+00
-1.471466804988611932e+00
-1.326426975422736021e+00
0.000000000000000000e+00
0.000000000000000000e+00
0.000000000000000000e+00
0.000000000000000000e+00
0.000000000000000000e+00
0.000000000000000000e+00
0.000000000000000000e+00
0.000000000000000000e+00
0.000000000000000000e+00
0.000000000000000000e+00
0.000000000000000000e+00
0.000000000000000000e+00
0.000000000000000000e+00
0.000000000000000000e+00
0.000000000000000000e+00
0.000000000000000000e+00
0.000000000000000000e+00
0.000000000000000000e+00
0.000000000000000000e+00
0.000000000000000000e+00
0.000000000000000000e+00
0.000000000000000000e+00
0.000000000000000000e+00
0.000000000000000000e+00
0.000000000000000000e+00
0.000000000000000000e+00
0.000000000000000000e+00
0.000000000000000000e+00
0.000000000000000000e+00
0.000000000000000000e+00
0.000000000000000000e+00
0.000000000000000000e+00
0.000000000000000000e+00
0.000000000000000000e+00
0.000000000000000000e+00
0.000000000000000000e+00
0.000000000000000000e+00
0.000000000000000000e+00
0.000000000000000000e+00
0.000000000000000000e+00
0.000000000000000000e+00
0.000000000000000000e+00
0.000000000000000000e+00
0.000000000000000000e+00
0.000000000000000000e+00
0.000000000000000000e+00
0.000000000000000000e+00
0.000000000000000000e+00
0.000000000000000000e+00
0.000000000000000000e+00
0.000000000000000000e+00
0.000000000000000000e+00
0.000000000000000000e+00
0.000000000000000000e+00
0.000000000000000000e+00
0.000000000000000000e+00
0.000000000000000000e+00
0.000000000000000000e+00
0.000000000000000000e+00
0.000000000000000000e+00
0.000000000000000000e+00
0.000000000000000000e+00
0.000000000000000000e+00
0.000000000000000000e+00
0.000000000000000000e+00
0.000000000000000000e+00
0.000000000000000000e+00
0.000000000000000000e+00
0.000000000000000000e+00
0.000000000000000000e+00
0.000000000000000000e+00
0.000000000000000000e+00
0.000000000000000000e+00
0.000000000000000000e+00
0.000000000000000000e+00
0.000000000000000000e+00
0.000000000000000000e+00
0.000000000000000000e+00
0.000000000000000000e+00
0.000000000000000000e+00
0.000000000000000000e+00
0.000000000000000000e+00
0.000000000000000000e+00
0.000000000000000000e+00
0.000000000000000000e+00
0.000000000000000000e+00
0.000000000000000000e+00
0.000000000000000000e+00
0.000000000000000000e+00
0.000000000000000000e+00
0.000000000000000000e+00
0.000000000000000000e+00
0.000000000000000000e+00
0.000000000000000000e+00
0.000000000000000000e+00
0.000000000000000000e+00
0.000000000000000000e+00
0.000000000000000000e+00
0.000000000000000000e+00
0.000000000000000000e+00
0.000000000000000000e+00
0.000000000000000000e+00
0.000000000000000000e+00
0.000000000000000000e+00
0.000000000000000000e+00
0.000000000000000000e+00
0.000000000000000000e+00
0.000000000000000000e+00
0.000000000000000000e+00
0.000000000000000000e+00
0.000000000000000000e+00
0.000000000000000000e+00
0.000000000000000000e+00
0.000000000000000000e+00
0.000000000000000000e+00
0.000000000000000000e+00
0.000000000000000000e+00
0.000000000000000000e+00
0.000000000000000000e+00
0.000000000000000000e+00
0.000000000000000000e+00
0.000000000000000000e+00
0.000000000000000000e+00
0.000000000000000000e+00
0.000000000000000000e+00
0.000000000000000000e+00
0.000000000000000000e+00
0.000000000000000000e+00
0.000000000000000000e+00
0.000000000000000000e+00
0.000000000000000000e+00
0.000000000000000000e+00
0.000000000000000000e+00
0.000000000000000000e+00
0.000000000000000000e+00
