-7.081909179687502220e-01
-8.900421891116178097e-01
-7.856478875757867408e-01
-2.794449736318987965e-01
1.910320336431692023e-01
-1.878224506734187949e-01
-7.905449342602695051e-01
-1.214828583182428146e+00
-9.544634096886202013e-01
-1.180843271023730434e-01
5.903135422658066789e-01
-1.215666199076810283e-01
-5.498242322764774759e-01
-4.069233081505196914e-01
7.366563314106833182e-02
4.716445449219500707e-01
-7.149769605535064576e-01
-1.130438845923098956e+00
-1.070723382502981824e+00
-8.604521736424173284e-01
-5.359140050096076191e-01
-7.794920233249180708e-02
5.453170866393136640e-01
2.808976268126036624e-01
-5.751607847549334851e-01
-1.151765675651133414e+00
-1.261881612733356972e+00
-8.108745312720029297e-01
1.471634520593432249e-01
8.901413090612269041e-01
4.275187186449818100e-01
-3.050101199038395272e-01
-8.485359117947690599e-01
-1.184241354751092601e+00
-1.390335342339255931e+00
-1.508076738206329148e+00
-1.525799636187189945e+00
-1.466803821652198359e+00
-1.205908381167036358e+00
-8.866507857738201714e-01
-8.826852097615942583e-01
-8.072609885241717187e-01
-4.836455568574269392e-01
-2.849860635942413900e-01
-4.855982682979498311e-01
-2.424497788361535955e-01
9.332789259178113639e-01
1.514867897726263735e+00
1.206340046692029100e+00
7.384329774447716543e-01
3.267070348031574367e-01
8.204824792345288831e-02
-4.352201452787596292e-02
-1.678924922282351573e-01
-2.202586490984581591e-01
-2.160845195841577526e-01
-3.359237550378491033e-01
-5.546730254126979176e-01
-5.339599583731451382e-01
-1.635144325477607130e-01
2.882978555749757255e-01
-8.214530760812643884e-02
-6.450960668767407036e-01
-1.411520644907952260e+00
-2.524133071752888480e+00
-2.444827214763922285e+00
-1.649344487476943844e+00
-1.195108714167037345e+00
-1.166578358208200328e+00
-1.007209020852828818e+00
-4.251714063827827239e-01
2.735226873439557949e-01
5.949690000489860076e-01
1.620508385187355849e-01
-5.618328236388290264e-01
-5.192385397890815213e-01
3.576046636725238592e-01
8.124832096014804605e-01
2.046619573238206424e-01
-7.403317223037627626e-01
4.459338564125427951e-01
1.683882848317847403e+00
2.157342505862935855e+00
1.305392337843033213e+00
1.050395460342987697e-01
-8.041323675945672989e-01
-7.895628645626142639e-01
-7.313560683187125822e-01
-4.412615791558045508e-01
-9.519819814413388315e-02
6.286136608917658464e-02
5.103583959182977914e-01
1.196111412276952723e+00
1.768345504205822039e+00
2.189715555719129902e+00
2.769115427211925162e+00
4.045651814088560450e+00
5.534040522975584686e+00
5.904427294186278097e+00
5.164063249201270800e+00
3.593666590226188617e+00
2.269348316712078706e+00
1.369252752500067949e+00
4.751471945965403121e-01
3.989450917193482216e-02
1.426345051396930241e+00
2.293586598165523238e+00
2.589436928853187325e+00
2.419344554634074829e+00
2.006566834489975193e+00
1.565407361711570022e+00
9.370690086618957970e-01
3.142912463068636697e-01
1.295787750139898442e-02
1.904164947980895306e-01
5.090919680572421058e-01
4.497299487258974438e-01
1.601470991359013052e-01
-1.187145187857825412e-01
3.082858902936145284e-01
1.084536273957600105e+00
1.137450593848653657e+00
7.825106651679507586e-01
1.719075895191133352e-01
-3.973414788424790567e-01
-2.308750280624327633e-01
-3.582136982123369506e-01
-1.243129531274916211e+00
-2.420861991489768439e+00
-2.992796907238483683e+00
-2.460259505872230967e+00
-1.902056184194730548e+00
-1.894060280032505705e+00
-2.280587789571147717e+00
-2.452474208379914700e+00
-1.942608370577395327e+00
-1.185123493450020327e+00
-7.772838364732255201e-01
-8.471492882019386883e-01
-1.295035814973677368e+00
-1.469918482860265829e+00
-6.004238453794692454e-01
9.399907116316437161e-01
2.056778247110632840e+00
2.309660168216668197e+00
1.937881088154413511e+00
2.303409240704204386e+00
3.797487216283631284e+00
3.027924634692353845e+00
6.312843804626071531e-01
-2.218270070448106868e+00
-3.690665281299177369e+00
-3.062719060081084965e+00
-2.000562170723013455e+00
-1.930860212503886064e+00
-1.208605929202895224e+00
1.921932172956830831e+00
4.093156991218253715e+00
4.590256120950600760e+00
3.497921169273234376e+00
1.658209965027731325e+00
1.183375068761138849e-01
-6.770560293429785936e-01
-8.776553760742771271e-01
-8.620211725375681588e-01
-4.560098719685119484e-01
5.836984921449466235e-01
1.824315848203954538e+00
2.537563462476620124e+00
2.345593033282061146e+00
1.644010326803301503e+00
7.135850725946744078e-01
-8.909430957059516487e-02
4.804085578192253125e-01
8.610143999441643992e-01
6.385619726668916307e-01
-3.384511179314886320e-02
-8.857675506291788903e-01
-1.635693213658943268e+00
-2.045959282389933076e+00
-1.787100115996740346e+00
-1.225737155222028640e+00
-6.397869275008738477e-01
-3.152442156905501669e-01
-4.815536910274755833e-01
-9.911292631347032867e-01
-1.200259896877641452e+00
2.246155507824192377e-01
1.630448435593262024e+00
2.315255082875069093e+00
1.872845187252642152e+00
1.473191372112627739e-01
-2.082844158908699228e+00
-3.782734466554146469e+00
-4.239489620918380552e+00
-3.485244239934720767e+00
-1.827813122459501560e+00
6.963070773086186271e-01
3.576826540062267412e+00
4.669232711407736325e+00
4.829532987172756364e+00
3.689673901854093607e+00
1.227700279417518914e+00
-1.829028571433743755e+00
-2.299315608105933606e+00
-2.048883296879635108e+00
-2.784371389061606639e+00
-3.392271672063278398e+00
-2.634277614171593118e+00
-1.136659709091886405e+00
-3.304713424987326675e-01
-9.288480093705713259e-01
-1.807721147028705566e+00
-1.170915034483510642e+00
1.930837890510384014e-01
7.348126700865136307e-01
2.753923491223937425e-01
-2.807297291149239982e-01
2.027764321409000203e-01
1.655019863984182216e+00
2.941372574409953700e+00
3.331499897238424435e+00
2.768232861685848700e+00
1.796736213905230528e+00
1.433166171493081009e+00
1.849162187499304499e+00
1.767673566026313425e+00
8.535456459707329024e-01
-1.442456808129413126e-01
-6.049660275928959718e-01
-3.895058826282427056e-02
5.017864057092780161e-01
4.053447905679921082e-01
-1.667479638449782531e-01
-3.846441065336657639e-01
6.272692739663574546e-01
1.679135558859872868e+00
2.092906542095312794e+00
1.603713636277148247e+00
8.394541384658582572e-01
9.195704031501417131e-01
1.369074829205945143e+00
1.516932823835815736e+00
1.419544908880377321e+00
1.226836685159555795e+00
1.331883927899039533e+00
1.734445363659553596e+00
1.839013088667125873e+00
1.941386288278625250e+00
2.020069615227968907e+00
2.260061741074345765e+00
2.148696926499079396e+00
1.322529264004968397e+00
3.509235647588959672e-02
-1.277728012431937676e+00
-4.398663604314283493e-01
7.152408223914348273e-01
1.455086161944525891e+00
2.434960091230689905e+00
3.877874717723142073e+00
5.070214828504136406e+00
5.123437251398284431e+00
3.954630842964912851e+00
2.785825099737609278e+00
1.988178892543415843e+00
1.663925377504119840e+00
1.248949860141985502e+00
4.657833439392582431e-01
-5.391723450007803731e-01
-1.371065048616139537e+00
-2.086172677038422130e+00
-2.405611378724012983e+00
-2.483953610033138304e+00
-2.761085617438209017e+00
-2.441488717100571026e+00
-2.052072208818124466e+00
-1.755691610332063224e+00
-1.767411587888334967e+00
-2.349908164173010405e+00
-3.061194168118464898e+00
-1.707143742851167989e+00
-2.127437051439677873e-01
5.016183739036783606e-01
7.053442082028416049e-01
1.608078180939266577e+00
2.973930497445068433e+00
3.078844948363089973e+00
2.720042539628678036e+00
2.397215980402457980e+00
2.208060874144867736e+00
2.232484142626419477e+00
2.149306046708674423e+00
1.465085254800673420e+00
3.678333845312263817e-01
-2.944992997918969291e-01
1.796844246522748545e-01
4.156143397054633537e-01
3.306693559986767506e-01
2.076781432555329099e-01
-1.398096044962750528e-01
-8.122463426050983148e-01
-1.356527688682984456e+00
-1.801880930079094334e+00
-2.449304425838224830e+00
-2.907573830425423278e+00
-2.696246666334846775e+00
-2.205265560464200636e+00
-2.022587463572814492e+00
-1.886250649305041938e+00
-1.626138134298425575e+00
-1.360870300432043933e+00
-1.294584168750149145e+00
-1.642670077524085004e+00
-2.027992053293851793e+00
-1.113424526578296048e+00
5.508362366323273918e-01
1.639065319556261890e+00
1.232857632903181511e+00
4.255938022157370604e-01
-7.594608268795788319e-02
-1.594324553640429354e-01
2.279830914594078717e-01
9.891389800711760660e-01
1.314480670444487576e+00
9.156234378957117670e-01
7.773787085909669159e-01
7.303704897950247243e-01
6.550755072549792057e-01
6.606609824546691989e-01
9.191141257429185085e-01
1.306700177330684554e+00
1.097357106955965111e-01
-8.810978035476515480e-01
-1.214303103284114727e+00
-6.758416076449126342e-01
3.431929979554402266e-01
-9.206590330204000860e-02
-8.170821286425501428e-01
-1.108459246159775313e+00
-7.564887643414694995e-01
-2.047505266972773352e-01
6.269710289332697251e-02
-4.213981300253669682e-01
-5.216047977394600021e-01
-3.156946125224462385e-01
1.276946394609870472e+00
1.346029433295213185e+00
1.245669180179989732e+00
1.032791776077844448e+00
8.017619094279887504e-01
6.515340508948543885e-01
5.924217032855232379e-01
5.489500791195753848e-01
4.697780735881085801e-01
3.746057193132124041e-01
3.062976212116786945e-01
3.421104101411264198e-01
4.434786132203084597e-01
0.000000000000000000e+00
0.000000000000000000e+00
0.000000000000000000e+00
0.000000000000000000e+00
0.000000000000000000e+00
0.000000000000000000e+00
0.000000000000000000e+00
0.000000000000000000e+00
0.000000000000000000e+00
0.000000000000000000e+00
0.000000000000000000e+00
0.000000000000000000e+00
0.000000000000000000e+00
0.000000000000000000e+00
0.000000000000000000e+00
0.000000000000000000e+00
0.000000000000000000e+00
0.000000000000000000e+00
0.000000000000000000e+00
0.000000000000000000e+00
0.000000000000000000e+00
0.000000000000000000e+00
0.000000000000000000e+00
0.000000000000000000e+00
0.000000000000000000e+00
0.000000000000000000e+00
0.000000000000000000e+00
0.000000000000000000e+00
0.000000000000000000e+00
0.000000000000000000e+00
0.000000000000000000e+00
0.000000000000000000e+00
0.000000000000000000e+00
0.000000000000000000e+00
0.000000000000000000e+00
0.000000000000000000e+00
0.000000000000000000e+00
0.000000000000000000e+00
0.000000000000000000e+00
0.000000000000000000e+00
0.000000000000000000e+00
0.000000000000000000e+00
0.000000000000000000e+00
0.000000000000000000e+00
0.000000000000000000e+00
0.000000000000000000e+00
0.000000000000000000e+00
0.000000000000000000e+00
0.000000000000000000e+00
0.000000000000000000e+00
0.000000000000000000e+00
0.000000000000000000e+00
0.000000000000000000e+00
0.000000000000000000e+00
0.000000000000000000e+00
0.000000000000000000e+00
0.000000000000000000e+00
0.000000000000000000e+00
0.000000000000000000e+00
0.000000000000000000e+00
0.000000000000000000e+00
0.000000000000000000e+00
0.000000000000000000e+00
0.000000000000000000e+00
0.000000000000000000e+00
0.000000000000000000e+00
0.000000000000000000e+00
0.000000000000000000e+00
0.000000000000000000e+00
0.000000000000000000e+00
0.000000000000000000e+00
0.000000000000000000e+00
0.000000000000000000e+00
0.000000000000000000e+00
0.000000000000000000e+00
0.000000000000000000e+00
0.000000000000000000e+00
0.000000000000000000e+00
0.000000000000000000e+00
0.000000000000000000e+00
0.000000000000000000e+00
0.000000000000000000e+00
0.000000000000000000e+00
0.000000000000000000e+00
0.000000000000000000e+00
0.000000000000000000e+00
0.000000000000000000e+00
0.000000000000000000e+00
0.000000000000000000e+00
0.000000000000000000e+00
0.000000000000000000e+00
0.000000000000000000e+00
0.000000000000000000e+00
0.000000000000000000e+00
0.000000000000000000e+00
0.000000000000000000e+00
0.000000000000000000e+00
0.000000000000000000e+00
0.000000000000000000e+00
0.000000000000000000e+00
0.000000000000000000e+00
0.000000000000000000e+00
0.000000000000000000e+00
0.000000000000000000e+00
0.000000000000000000e+00
0.000000000000000000e+00
0.000000000000000000e+00
0.000000000000000000e+00
0.000000000000000000e+00
0.000000000000000000e+00
0.000000000000000000e+00
0.000000000000000000e+00
0.000000000000000000e+00
0.000000000000000000e+00
0.000000000000000000e+00
0.000000000000000000e+00
0.000000000000000000e+00
0.000000000000000000e+00
0.000000000000000000e+00
0.000000000000000000e+00
0.000000000000000000e+00
0.000000000000000000e+00
0.000000000000000000e+00
0.000000000000000000e+00
0.000000000000000000e+00
0.000000000000000000e+00
0.000000000000000000e+00
0.000000000000000000e+00
0.000000000000000000e+00
0.000000000000000000e+00
0.000000000000000000e+00
0.000000000000000000e+00
0.000000000000000000e+00
0.000000000000000000e+00
0.000000000000000000e+00
0.000000000000000000e+00
0.000000000000000000e+00
0.000000000000000000e+00
0.000000000000000000e+00
0.000000000000000000e+00
0.000000000000000000e+00
0.000000000000000000e+00
