-7.182006835937500000e-01
-5.285258510209924765e-01
-1.855946858854089498e-01
5.924619917324251972e-01
-5.493689203586971104e-02
-2.446713017540371737e-01
4.081201109612200284e-01
-6.553189246674220314e-01
-7.587644732129441572e-01
2.601437077761761252e-01
-6.488490940043809552e-01
1.069792527836594953e-01
1.030020158110411588e+00
-9.394374159145701952e-02
2.404375786198200693e-01
1.349795677300797969e+00
-7.930371019495483509e-01
-1.400262431079908776e+00
8.012574651198611786e-01
9.347200089247498234e-01
-5.981995209368444755e-01
-6.460522871734353245e-02
3.024310089779991273e-03
-1.518590574617837863e+00
1.278088621644277278e+00
1.107029968746219062e+00
-2.419873022509522187e-02
-1.747842655121827127e+00
8.295905722577852082e-01
-1.258868034120586010e-02
-5.886542868032673681e-02
9.519665722933063901e-01
1.105913869631062862e+00
2.771158633398289162e+00
8.651295425229656999e-01
-2.598946437830844225e+00
-3.504770238376459179e+00
-1.226853527615588302e+00
3.582295015695811102e-01
5.533374568742925881e-01
3.737444793100234142e-01
1.737137971130446878e-01
2.231071689848541428e+00
1.652490554678727186e-01
-1.400142582233735000e+00
3.165459012372983771e+00
-1.040413202719865371e+00
-1.029333778015351086e+00
2.725085393536344824e+00
-1.091501427652728839e+00
-1.947272366326844306e+00
-4.279307952932495107e-01
9.131442650935728267e-01
8.038598648130335089e-01
1.628944299121052763e+00
-7.652060627905530321e-01
-1.064300906875464303e+00
2.661371804134768482e+00
-1.615044236307449754e+00
-1.300114418373054193e+00
7.761349268003165935e-01
-1.008155146795619572e-01
6.700698590068863147e-01
-2.004126316633621396e+00
-1.666043620378485635e-01
9.055902124777082118e-01
-7.981760088486777871e-01
1.087518912510797131e+00
-5.861933955618550129e-01
-2.020637293961586423e+00
-6.991999843867890974e-01
4.320094968565435511e-01
6.241154783802707051e-01
-1.624238019857473514e-01
-9.714493083123534323e-01
-4.894681920629491145e-01
2.140554996559063672e-01
-3.076735293475840738e-01
7.737574299640145314e-01
5.925419847225461556e-01
-1.100546677225149539e+00
-7.601987949935713473e-01
5.213675179571252150e-01
-3.963477426540800708e-01
1.442143443617216469e-02
1.928708387567246163e+00
7.527977095738642710e-01
-2.301434622006243824e+00
2.271335737721047465e-02
2.067463544837079503e+00
-3.485968649744239922e-01
-6.450461047047990615e-01
9.746996453774001701e-01
2.499182308236380656e-01
-1.649544119892862870e-01
5.601471143662082319e-01
1.031031054551309278e+00
-2.498313599655506145e-01
-4.262642038295574309e-01
2.331227939193264653e+00
2.957161513855146584e+00
8.830384186454680595e-01
2.510215878953814261e-01
8.808363958306588692e-01
-3.656331756313380144e-01
-3.060078387953405255e+00
-3.421264189900273589e+00
2.614032354046220696e-01
4.389957099635779514e-01
1.431261922538455078e+00
2.611796348061183437e+00
2.503683562158575793e+00
3.267872435870475378e+00
2.292481793932517498e+00
2.384084487385372153e+00
7.381887799820554541e-01
-2.689978497754079712e+00
-5.412455729104836522e+00
-3.077778647417648727e+00
-1.214833509780778531e+00
-2.999423527303093362e-01
-6.703553550266549976e-02
3.768092856752947029e-03
2.935467474072553706e+00
5.274580924867794174e+00
3.317898502768869662e+00
-8.829471425280321917e-01
-3.680002811950995767e+00
-3.737451008040646450e+00
-1.571694174245081843e+00
5.751590804689417080e-01
1.060838033919765167e+00
7.275212872257015295e-01
7.763932110121736230e-01
2.477338368585261907e+00
3.874357139844435860e+00
5.214392963750214882e+00
2.487037943117730077e+00
-2.427934079023099656e+00
-3.266354003867324884e+00
-2.022988397003731009e+00
-2.880087652799900866e-02
1.818352699128222838e-03
-3.508398885458285044e+00
-2.388069742573012189e+00
-1.191104138690878056e+00
-6.683975621664977051e-01
9.314787497034678898e-01
7.596665859210238736e-02
-2.760121475815147107e-02
-4.342974881325289971e-03
9.678050513611897721e-01
1.747794190128088232e+00
1.182067944545280191e+00
9.014816849070359517e-01
-4.626815998294260268e-01
-2.426304933875486292e+00
-1.348489417826495895e+00
2.086759640915758496e-02
1.869992968289263091e+00
2.404944823053031477e+00
3.464943738208590140e-01
-6.266125265186763826e-01
-3.353723708114428881e-01
-1.993492097402834951e+00
-3.301241040233031221e+00
8.134284024839455451e-01
4.639970139261808679e-01
-1.654474398004237790e+00
9.178055829618407824e-01
1.615604216791275416e+00
-4.635989488791780744e-01
1.386552543098743095e+00
1.453288410296249555e+00
-1.522751492297956144e+00
-1.627135541936889140e+00
-5.593508147547070486e-01
-2.758622342441021225e+00
-1.343181662952310784e+00
1.830533882731867346e+00
6.349887908060414254e-01
3.589411892770777435e-01
2.042960202502192679e+00
1.015533969316874119e+00
-2.368176609697165702e+00
-2.720552748396760645e+00
1.225019947788793306e+00
-1.193700599013705510e+00
-2.142040570024433599e+00
-1.382701697349611791e+00
-9.182779553771054371e-01
2.436571722002790708e+00
2.200731435499703181e-01
-1.202747984668885550e+00
5.825133613128086196e-03
3.015362284368579004e-01
-1.931781460737656442e+00
-2.173139590497293661e+00
-1.249815812450150387e+00
-3.493641531699285263e-01
-3.978644056982634236e-01
-3.667312114432408343e-01
1.090448071882969217e+00
2.622933391733220265e+00
1.656867603088488572e+00
-3.382982975866142272e-01
-7.775413295142326042e-01
2.975308008503427804e-01
1.141967431727350935e-01
-7.640552157616569140e-01
-1.459163822093485052e+00
-7.545869121150654557e-01
6.897883560505246869e-02
-7.755981198706480839e-01
-1.639260151885255645e-01
2.452726787767017136e+00
3.823790630898060705e-01
-6.007159504533268191e-01
-3.106159691867676376e+00
-1.780900297581602398e+00
-1.333673002780098038e-01
-2.573381091572762180e+00
4.592997646076684148e-01
2.219868932781134063e+00
1.369897061997070065e+00
4.406128968269213964e-01
1.636050379558890988e-01
-4.280968889754697138e-01
-1.181276258262677903e+00
-1.475235521780049464e+00
-2.257667184665641980e+00
-2.791095572027679772e-01
-9.692242988614863108e-02
1.105722880603510205e-01
7.398714167346416293e-01
1.011849800861727822e+00
2.587562264902658171e+00
1.857582982652232539e+00
8.832357585362293761e-02
-6.285832703927252130e-01
-2.660064251983709216e-01
-1.154223220160170094e+00
-9.333274499944979041e-01
2.096486774559025434e-02
-5.611647967607762411e-01
-5.867703191878241853e-01
1.147925738567850518e+00
4.793183299744827597e-01
-1.772445404104918021e+00
-2.563908893849118797e+00
-8.034846219436402315e-01
6.454245407466783213e-01
-7.723573750281758077e-01
3.209954004490147561e-01
2.241211535802080324e+00
3.508549790829387671e+00
2.207834967206593113e+00
4.031036959218412541e-01
2.457691867231687866e+00
5.749902368553494902e+00
4.282430988686400042e+00
7.055308878423121044e-01
-2.935458908359145802e+00
-2.826474226313103522e+00
-2.368037128716404816e-01
-2.464468775688828828e+00
-6.170541929275132453e+00
-6.622853029882140419e+00
-4.424829575058060627e+00
-2.312744562481348076e-01
3.014370177246229687e+00
3.111761131774334554e+00
2.337254305293121615e+00
1.017836055594149025e+00
1.158436679334833741e+00
-3.727704711963930606e-02
5.954110925904783080e-01
-4.361652038751582250e-01
-4.168319171078024965e+00
-2.370249655306166048e+00
1.147476356659615337e+00
4.487483193583753582e+00
4.723399294207728083e+00
2.220895660225538304e+00
2.491399024196308432e+00
2.491500892107133325e+00
7.761240596022604965e-01
-3.624064138258904499e-01
-2.670370826814959742e+00
-5.185000396436357128e+00
-3.586967824327445875e+00
-1.504134900172340084e+00
4.858771651600988228e-01
7.394693047378666506e-01
1.673900966199747931e+00
1.741660225151990815e+00
2.034833006808963951e+00
7.696128835986999484e-01
-1.175453572732929608e-01
6.024977120507331030e-01
-1.235350218436801484e+00
-2.534897321873569975e+00
-8.227559255312681952e-01
-2.143242066490813613e-01
-1.558155006558250344e+00
-2.750895657756688983e-01
1.700861270251139867e+00
6.844882226383395274e-01
-2.202769912374203720e+00
-5.048443428987576809e-01
8.971734351112119477e-01
-5.494639178011149205e-01
-1.552198953774999390e+00
-1.756796616354527885e-02
-6.862904553101689675e-01
-1.853802222132232336e+00
-1.690573495361278322e-01
7.724227054717890395e-01
-1.576107760324363838e+00
-2.086091124894414506e+00
-7.892626483937807969e-01
-8.894875349219316663e-02
-6.014849748222722559e-01
1.183042032043979397e-02
9.473073227970518762e-02
-1.128650432487172228e+00
-1.074069737083389375e+00
9.220622716729043322e-01
1.685518434309381863e+00
2.715320098918461156e-01
1.299426524072781142e+00
9.473507757419641351e-01
-9.956757062892973575e-01
1.465670336122517625e+00
1.987399234584916519e+00
1.434273424431419697e+00
5.158589297538813678e-01
-1.406149639088359216e+00
7.870669206176286181e-01
4.036111456657758279e-01
-3.556379287548987467e-01
2.326002612372818135e+00
-5.265100418226069667e-01
-1.036653942975683584e+00
-9.688239279508367163e-01
-1.422805019309145713e+00
1.398169819333331398e+00
5.136748859745896567e-01
-1.094402824970364119e+00
1.825401965707062590e+00
1.157116160810191641e+00
-9.666867138394812375e-01
1.552759580117651472e+00
2.568084524639638655e+00
9.412416344443277350e-01
5.551088117295299718e-02
-1.444638784085210625e+00
-2.213384933991587200e+00
-1.455979783553107421e-01
-1.474861189953250662e+00
1.371738216368255880e+00
6.792665647313687494e+00
4.022133629757869144e+00
1.499521823579937685e+00
1.564054926915126043e+00
-4.331800976737598674e-02
8.301274350392565671e-01
5.927252773005320385e-01
5.101488079538334386e-01
1.533715529784860143e+00
-1.603726286306579762e+00
-5.721233571488236080e+00
-5.695264781269366416e+00
-1.391054508385603405e+00
-5.115488536490175875e-01
9.507318269120574872e-01
2.172696026682857884e+00
-5.995073820525289587e-01
2.067490293290676462e+00
2.224345939257451388e+00
2.027202184601931911e+00
1.271570226627567024e+00
2.568496508376100884e+00
2.279872636139250730e-01
-1.154369420670064761e+00
-1.691818510765803474e-01
-1.233807251976915875e+00
-4.069419076826124027e-01
4.223070116750941239e+00
1.951682098451535730e+00
7.236878853076156304e-02
1.887631051790738645e+00
2.772259580641238230e+00
1.450456283604656615e+00
-4.408068401427198690e-01
-1.447073563800712392e+00
-3.035607410065691347e+00
-1.793925698897101739e+00
-2.789735842162124335e+00
-5.169803561118698099e+00
-5.578355345072864679e+00
-6.380986877459895013e+00
-6.033849418613432825e+00
-5.335326425513080117e+00
-4.507918850520700182e+00
-1.721534418517680187e+00
0.000000000000000000e+00
0.000000000000000000e+00
0.000000000000000000e+00
0.000000000000000000e+00
0.000000000000000000e+00
0.000000000000000000e+00
0.000000000000000000e+00
0.000000000000000000e+00
0.000000000000000000e+00
0.000000000000000000e+00
0.000000000000000000e+00
0.000000000000000000e+00
0.000000000000000000e+00
0.000000000000000000e+00
0.000000000000000000e+00
0.000000000000000000e+00
0.000000000000000000e+00
0.000000000000000000e+00
0.000000000000000000e+00
0.000000000000000000e+00
0.000000000000000000e+00
0.000000000000000000e+00
0.000000000000000000e+00
0.000000000000000000e+00
0.000000000000000000e+00
0.000000000000000000e+00
0.000000000000000000e+00
0.000000000000000000e+00
0.000000000000000000e+00
0.000000000000000000e+00
0.000000000000000000e+00
0.000000000000000000e+00
0.000000000000000000e+00
0.000000000000000000e+00
0.000000000000000000e+00
0.000000000000000000e+00
0.000000000000000000e+00
0.000000000000000000e+00
0.000000000000000000e+00
0.000000000000000000e+00
0.000000000000000000e+00
0.000000000000000000e+00
0.000000000000000000e+00
0.000000000000000000e+00
0.000000000000000000e+00
0.000000000000000000e+00
0.000000000000000000e+00
0.000000000000000000e+00
0.000000000000000000e+00
0.000000000000000000e+00
0.000000000000000000e+00
0.000000000000000000e+00
0.000000000000000000e+00
0.000000000000000000e+00
0.000000000000000000e+00
0.000000000000000000e+00
0.000000000000000000e+00
0.000000000000000000e+00
0.000000000000000000e+00
0.000000000000000000e+00
0.000000000000000000e+00
0.000000000000000000e+00
0.000000000000000000e+00
0.000000000000000000e+00
0.000000000000000000e+00
0.000000000000000000e+00
0.000000000000000000e+00
0.000000000000000000e+00
0.000000000000000000e+00
0.000000000000000000e+00
0.000000000000000000e+00
0.000000000000000000e+00
0.000000000000000000e+00
0.000000000000000000e+00
0.000000000000000000e+00
0.000000000000000000e+00
0.000000000000000000e+00
0.000000000000000000e+00
0.000000000000000000e+00
0.000000000000000000e+00
0.000000000000000000e+00
0.000000000000000000e+00
0.000000000000000000e+00
0.000000000000000000e+00
0.000000000000000000e+00
0.000000000000000000e+00
0.000000000000000000e+00
0.000000000000000000e+00
0.000000000000000000e+00
0.000000000000000000e+00
0.000000000000000000e+00
0.000000000000000000e+00
0.000000000000000000e+00
0.000000000000000000e+00
