1.798492431640625000e+00
1.099006052999123906e+00
7.988431788937084832e-01
8.380120169122702301e-01
-9.071445282481175321e-01
-6.351656338920512734e-01
3.848385696515932430e-01
9.083308588433043340e-01
1.199697454500731730e+00
5.908972823100226979e-01
6.394497593665279256e-01
3.091703513884739962e+00
4.184157426699401938e+00
3.439557109586703021e+00
8.105788979313466314e-04
-1.697402562731863185e+00
2.345443685833823455e-01
3.788632500602366893e-01
-8.049169155374363838e-01
-3.618668791306571819e-01
7.144612925430158246e-01
4.630456016200971803e+00
-1.052712047957676589e+00
-7.552626664254629141e+00
9.764273175020212747e-01
2.645720377997434536e+00
-2.171985731729556335e+00
2.438962463069982434e-01
-3.984259636964448958e-01
9.678133312286609780e-01
1.985324273092010428e+00
1.249957153575228519e+00
2.471247120423474275e+00
3.535864814083493624e+00
5.464529635491212289e+00
3.558033816747152578e+00
4.064905796304305596e-01
-2.789745094705474937e+00
-2.155181111729208343e+00
1.666362664841772645e+00
-1.562284031695011954e+00
-3.144869071138018946e-01
1.740133799811546922e+00
5.239739706551231890e+00
4.251684923310682152e+00
-9.060002893693130943e-02
2.035320158862518269e+00
-1.364596723786997146e-01
1.245310972509624747e+00
5.307978868377813519e+00
1.622973628599220675e+00
1.725979565002123239e+00
3.135658724638328732e+00
3.216400442517073799e+00
3.677816521513012304e+00
-1.472275551932000326e+00
-2.359756269764155867e+00
-3.708157436640344695e-01
4.711608381617158336e-01
8.804385199046464994e-01
4.309621354571653296e-01
2.990458019544204316e+00
3.074811689897523515e+00
1.632980724700510144e+00
1.827438508807357698e+00
5.367246141669990145e-02
-2.344143487492918343e+00
-1.982837627951241188e+00
1.939388475469339124e-01
2.696792414425466244e+00
2.586373862911375721e+00
2.274628500867237335e+00
-3.343280345365007289e-01
-4.121776793591198640e-01
2.826053629487965679e-01
-6.221261113363014683e-01
-1.059502612425626600e+00
1.676376082587660576e-01
1.417718496468751699e-01
3.803802360744526490e-01
1.410253823692017683e+00
2.089024126360951694e+00
1.470221314391482403e+00
3.753240488483384762e-01
-4.907556774556327550e-01
-8.338610856001159588e-01
2.012180312345711597e-01
7.545798440553389552e-01
8.674093272268694754e-01
1.415382703186575997e+00
8.016201108043619072e-01
2.280042545874620408e-01
8.392659538360325300e-03
-2.258324727933257448e-01
-4.984607306473745059e-01
-2.774643112240917642e-01
-1.652600955095591129e-01
-1.905878214964077388e-01
6.629940823529074656e-01
1.446805001843975091e+00
1.810377489099680215e+00
1.914772645650419491e+00
8.167730244917157378e-01
-7.665808328676194661e-01
-5.347390948277550571e-01
-2.541269326303132736e-01
1.530874560561475750e+00
6.602994814005888280e+00
9.448364828101304624e+00
6.361759796453257287e+00
3.836677351939019598e-01
1.708242331937732450e+00
1.568292108035229671e-01
9.293118411343890273e-01
-4.567806950785460174e-01
-2.761382076299698340e+00
1.447755192640041599e+00
5.133835195860452671e+00
5.746613540117354368e+00
4.759774472816142854e-01
2.480412556094736543e-01
7.539789625463234612e-01
-2.577882016614652105e-01
8.101087841126244360e-01
-4.034026085392554251e+00
-5.132574979792959624e+00
-2.247853314300485295e-02
3.756635577762351907e+00
1.948751865779428716e+00
-8.297876993066530815e-01
1.290485425478390180e+00
-7.029356936622024321e-01
-4.787046275961190922e-01
-1.263549142946641668e-01
-3.078023942147650516e+00
-3.258407384562766573e+00
-1.955751865739717488e+00
-3.050908828252447691e-01
-5.351829514578145819e-01
3.319368563358723323e-01
8.485575612880565943e-01
4.898673384512993723e-01
3.037966018178606120e-01
1.310246772759185996e-01
-9.776279788216657440e-02
-7.292249713577114711e-01
-9.019124618297142959e-01
2.212571962057706676e-01
1.099609767998291021e+00
1.472735365311883093e+00
2.061370208349499578e+00
1.384400964474849838e+00
1.802160870749634491e-01
6.444235527338798564e-02
7.348285978910945593e-02
1.032325184893827519e-01
4.316071290488692203e-01
8.865890869224146709e-01
1.139310225230522944e+00
1.315053489324618852e+00
4.001304052029642788e-01
-2.275310048057814782e-01
1.017521748859071540e-01
-4.188105110782203155e-02
5.283312260269787952e-01
-4.319442452334065763e-03
3.181904057216566883e-02
5.980700292603913226e-01
1.442201542113322965e+00
3.126367985071148325e+00
3.090532293147277176e+00
7.293371650884857837e-01
6.100445631640752930e-01
1.029168456159183398e+00
7.618947716418417171e-02
-3.562975195238393677e-02
-8.205909190344740090e-02
6.473705319413582959e-01
4.022052850200164564e-01
4.212682224496433481e-02
6.801736602325650916e-01
1.572552637169489786e-01
-4.093767342770866513e-01
-2.170802914847523302e-01
-6.886034027896706378e-02
-9.519232100151431286e-02
-1.736556620255200190e-01
-1.160640696556982654e-01
3.481955426436426082e-01
5.176552333999209221e-01
1.386444834543374416e+00
1.461152498618621731e+00
3.407837625638299173e-02
1.313596299937791478e+00
2.008356873633515338e+00
1.388481597554712454e+00
1.491753052064760832e+00
1.634735618879391339e+00
1.681187872248738335e+00
1.709146853907980601e+00
1.060705526424145173e+00
3.456785688266226231e-01
1.172680737097310244e-01
1.120253401655653569e+00
2.047114404315613090e+00
1.626914449165318022e+00
8.399415739868774100e-01
9.082172798405034886e-01
1.695452837999069651e+00
2.062436530582361094e+00
1.484608776814867692e+00
2.226043038490732873e-01
1.902148607402839309e-01
9.978247313341201963e-01
1.519336835495530114e+00
1.656777223936584109e+00
1.916886676016867685e+00
1.268912179686195074e+00
1.231143261116958154e+00
2.077414451672956908e+00
1.326746351810156099e+00
2.927065755369906430e-01
1.554126517752214109e+00
1.389284679687130986e+00
5.354118872003843510e-01
4.365871823634959736e-01
2.933935967046968907e-01
1.308514855250848541e-01
3.694232810056382599e-01
-1.927297662377759901e-01
6.845677746715211898e-02
6.289443495220580216e-01
1.102910438128036574e+00
7.653012924760554947e-01
4.367810969119529929e-01
4.854303931981504561e-01
5.669924750012635961e-01
4.062334341099816948e-01
5.287102257396156801e-01
3.868611839748919978e-02
9.677458137994858767e-01
7.664623239818241229e-01
8.255069040560077953e-01
3.159839107187465856e+00
3.029814290272241806e+00
1.297565055297017045e+00
7.437346443319987621e-01
3.795473694326660929e-01
4.068673472449370054e-01
5.396742128361152746e-01
-4.253146222261844356e-01
1.997312111852478922e-01
3.369435724619717076e-01
3.596462910106356659e-01
1.118549961629619283e+00
9.648969522409533983e-01
3.662794937248926574e-01
4.400817340747168460e-01
6.316658767075721270e-01
-1.189961719278568308e-01
-7.727868893791923766e-01
-3.576231995567872302e-01
1.612449201255495623e+00
1.565993154029848622e+00
1.290275746631460274e+00
8.643583492948796465e-01
7.492502963683711492e-02
-2.951891370039365081e-01
2.483980524827249514e-01
4.209991943307441198e-01
1.788096522942528299e-01
5.578116029577925294e-01
1.069265334457619288e+00
9.873494491470602430e-01
7.699149848250598227e-01
3.199679567774649236e-02
1.263585761133214191e+00
3.082580419968276253e+00
3.283219534216137436e+00
1.347647454367745690e+00
1.942020363756469248e-01
1.003631736042574829e+00
9.887481879551787145e-01
2.423477375772618458e+00
1.750397481863475324e+00
3.054280679943805588e+00
7.963663109887286318e+00
7.856756094096468246e+00
2.952462507159081539e+00
7.499879240725815244e-01
1.368675946167213331e+00
6.269650414529017723e-01
1.511720399798678782e+00
8.571451746211208311e-01
2.041079815534418529e+00
5.263485953102807535e+00
6.710722959484938244e+00
4.563523366834035144e+00
5.663527926488144404e-01
1.572052163571689531e+00
1.377849025439951136e+00
1.760751616796942809e-01
1.517109102409781141e+00
4.626837604399060000e-01
6.175303031310789059e+00
7.903034852737835791e+00
1.907748071944442181e+00
-4.431951767821269428e+00
-3.865516768517808899e+00
-1.723461905767531555e-02
-1.820613440093296287e+00
-7.946730801095975849e-01
7.742333444109172902e-01
-4.760717860343532948e-01
6.252796554798183415e-01
-3.741405608626506840e+00
-7.707912882058609583e+00
-7.553584076818286697e+00
-4.294536825789047718e+00
-2.256112126628753156e-01
-4.157409652769376018e-01
-2.454684998259634154e-01
-2.486220511224520591e-01
-4.756223179867957729e-01
1.324916014928449126e+00
-1.520332258724116148e+00
-3.050596972891965741e+00
-3.108097577919559207e+00
-2.235356295181451181e+00
-1.493114201076697345e-01
1.016751951582442359e+00
2.040698124017380266e+00
1.393367069767610600e+00
9.926104197074238078e-01
6.713897441202365535e-02
-1.327781656230119234e-01
4.179469626767174928e-01
-5.630942099203697371e-01
-3.991540940290876360e-01
6.003657917465501370e-01
8.483903342264147440e-01
6.853445840057830196e-01
1.592035732280494109e+00
2.824051669831874722e+00
2.492361342161378168e+00
4.876988697358533020e-01
-9.069051494323207008e-01
-6.342447868924349086e-01
7.628011606189388782e-01
2.212126252453309849e+00
3.339512921877017426e+00
4.231483496269492939e+00
3.304798727894453947e+00
1.285671699950730273e+00
1.037575229670739674e+00
7.383311028670006548e-01
5.378785539807354743e-01
1.305877343636072663e-01
-1.788588229375953631e-02
3.229257448479712522e+00
5.531858223031284716e+00
5.381774957437341023e+00
1.812763589167981859e+00
3.026616740168406761e+00
5.018563943085156076e+00
1.928710569937324815e+00
5.672568742971346722e-01
2.133394487305306786e+00
7.592433235279556492e-01
4.069996966479297207e+00
6.049640152839332430e+00
4.247408352133530407e+00
-4.126806003468235229e-01
9.050065195267192886e-02
8.364860845400674538e-01
-7.048408232577108024e-01
-3.899709245638542932e-01
4.531915471315770105e+00
6.788189622236674658e+00
5.588456343680840099e+00
5.163671232758926699e+00
4.755727597301806497e+00
1.269568920918984656e+00
1.725862277329025085e+00
1.456798225207717623e+00
5.075126027205261181e-01
1.945836385926512424e+00
1.444443448288315501e+00
4.214025777957742136e+00
2.335980815692863644e+00
-1.679789409414732315e+00
4.675291676339898395e+00
4.206469412922828610e+00
1.816969995483341815e+00
-6.669532469446093348e-01
-2.199424832343558123e+00
-6.045106959104318278e-02
-1.208670850100523886e-01
-3.331349106349912326e-01
1.200739250839097494e+00
4.098300066564971367e+00
6.322023738412473115e+00
2.524695936825916753e+00
8.657593699316242786e-01
-2.144269022347850218e+00
-3.292090896930319310e+00
-4.151637173835875494e+00
-2.622869031261635620e+00
-1.003881165960438304e+00
-2.538323508265126982e+00
-5.958075932362083549e-01
1.669134145880487141e+00
2.162601828065624510e+00
-1.383782940258023064e+00
-2.596396566825017516e+00
-5.259921479739138483e+00
-6.469397518234536903e+00
-2.479922505788986431e+00
-4.440071070660276398e+00
-8.238687803660319275e+00
-6.144921101418683307e+00
-1.263530246335780927e+00
-1.440019013069992804e+00
-1.548834332949216686e+00
-8.469914145244903381e-01
-1.227664627811903664e+00
-1.885955845802684161e+00
-2.884036364164655808e+00
-3.358072530104839082e+00
-3.173087688678818630e+00
-2.713440114663184577e+00
-1.397671616120937932e+00
-7.779598332964327012e-01
-9.724386643840141620e-01
-7.865867163341365709e-01
-1.026379510120861482e+00
-1.705822143040333305e+00
-2.068535530955864843e+00
-1.553939034434180799e+00
-1.572904431356213273e+00
-1.785151431252420373e+00
-1.427467670690830914e+00
0.000000000000000000e+00
0.000000000000000000e+00
0.000000000000000000e+00
0.000000000000000000e+00
0.000000000000000000e+00
0.000000000000000000e+00
0.000000000000000000e+00
0.000000000000000000e+00
0.000000000000000000e+00
0.000000000000000000e+00
0.000000000000000000e+00
0.000000000000000000e+00
0.000000000000000000e+00
0.000000000000000000e+00
0.000000000000000000e+00
0.000000000000000000e+00
0.000000000000000000e+00
0.000000000000000000e+00
0.000000000000000000e+00
0.000000000000000000e+00
0.000000000000000000e+00
0.000000000000000000e+00
0.000000000000000000e+00
0.000000000000000000e+00
0.000000000000000000e+00
0.000000000000000000e+00
0.000000000000000000e+00
0.000000000000000000e+00
0.000000000000000000e+00
0.000000000000000000e+00
0.000000000000000000e+00
0.000000000000000000e+00
0.000000000000000000e+00
0.000000000000000000e+00
0.000000000000000000e+00
0.000000000000000000e+00
0.000000000000000000e+00
0.000000000000000000e+00
0.000000000000000000e+00
0.000000000000000000e+00
0.000000000000000000e+00
0.000000000000000000e+00
0.000000000000000000e+00
0.000000000000000000e+00
0.000000000000000000e+00
0.000000000000000000e+00
0.000000000000000000e+00
0.000000000000000000e+00
0.000000000000000000e+00
0.000000000000000000e+00
0.000000000000000000e+00
0.000000000000000000e+00
0.000000000000000000e+00
0.000000000000000000e+00
0.000000000000000000e+00
0.000000000000000000e+00
0.000000000000000000e+00
0.000000000000000000e+00
