-1.261230468749998446e+00
3.541280941548660133e-01
1.950926878516596297e+00
1.822393555274220756e+00
1.016390053591663456e+00
-1.321909089771173829e-01
5.910144397218535239e-01
5.064857536288631668e-01
1.045697653549426676e-02
2.801260930804905236e-01
8.707881719154326738e-01
1.043555407563815152e+00
-1.208538190414164326e+00
-2.269172297292124885e+00
-6.529294631245663449e-01
3.631624733225704560e-01
-2.045551602703421068e+00
2.324206011356674040e+00
5.555734735253010648e+00
3.424460977292890007e+00
-7.744584232721027917e-01
3.978200203412023850e+00
4.802635760130630871e+00
1.321461507871770191e+00
-9.002945792613057385e-01
8.988192736669291527e-01
3.746741319333910525e-01
-5.711041908585712257e-02
-3.722742199528517038e-01
-3.117938715289907403e-01
1.039814565239294941e+00
1.541473766424628966e+00
3.113545130723837095e-01
-2.097442826065476496e-02
1.529080404537674909e+00
1.425430295179957785e+00
1.295878444832212928e+00
1.389729173845963173e+00
6.488229782095360498e-01
1.458669531990663071e+00
3.014549960355567659e+00
2.486974319732617289e+00
-1.691040400488169837e+00
1.427307482753445989e-01
1.485540387261093720e+00
9.000992764784574440e-01
9.355074282984374712e-01
1.329652447773197688e+00
1.970387042821690748e-01
5.139094970023538878e-01
4.029231215865691773e-01
-5.569018479712336545e-01
1.812742982775579215e-01
5.835158368460513501e-01
1.302348383772070628e+00
8.811517059467329771e-01
-5.190795563604444496e-01
7.466018634031701406e-02
1.726457553917087884e-01
-2.672408155732731161e-01
3.303499424104603954e-01
8.398515335723709674e-01
4.455987551257404866e-01
4.428103174793122099e-01
2.951301333614084754e-01
-3.580257304799344675e-02
-9.976498729723912162e-02
2.169727719477174133e-02
2.465296711993228973e-01
7.685449149175090922e-01
6.941984220709667142e-01
-7.390398344286519539e-02
-6.188404930669733073e-02
3.578293136336729852e-01
1.808321678715416048e-01
1.919283707253553184e-01
-7.230412716533815010e-01
-1.524585123435337142e+00
-1.566527952693251180e+00
1.246054994577959096e+00
2.987936222315901169e+00
2.418202772456951699e+00
1.145556061195496467e+00
-5.412962935242138229e-02
2.240146101443318827e-01
-1.460692704401977404e-01
6.141942537268633151e-01
6.679947889414351581e-01
1.166215057989886117e-01
-1.111770569524924424e-01
3.240261020278583093e-01
9.127389801611351938e-02
-5.623541485155469921e-02
2.829216303200434712e-01
-3.370421949244993831e-01
-7.710719122294035222e-01
3.200319262716940782e-01
1.429928062839931791e+00
9.754449961993093554e-01
3.368884535698123961e-01
-1.897726206052154918e-01
-6.006295512293036154e-04
1.055284761180030340e-01
2.875841129727153556e-01
1.460396907334172711e-01
4.085977483356406648e-02
-5.453202062282138662e-01
-1.135215613216360442e-01
-1.871785136908806213e-01
-9.939820112115859141e-01
-1.437125123360765588e+00
-1.590279971827296857e+00
-1.804919197338583636e-01
1.063005523078039083e+00
1.490859208647099976e+00
7.283269691839273641e-01
-4.613115632444443892e-01
-7.126141498520290884e-01
1.470001395009590262e-01
5.376665252666256167e-01
5.673520392594681994e-01
1.911154865135127556e+00
2.212606569441581517e+00
2.086124521405139376e-01
-9.513794505525097200e-02
2.633465610221985553e-01
-5.499552865775486632e-01
8.169794606941320758e-01
1.581608053150129756e+00
1.507290079137242333e+00
1.216824264280892853e+00
-1.621052341217300574e-01
-4.843714270289506407e-01
-3.816844123365378816e-02
-1.790617130290583781e-01
-3.880801715687133280e-01
-5.416034928885370414e-01
-4.906319913363544893e-01
-8.805357617385467517e-01
-1.000886121252281047e+00
-2.891079195721484307e-01
-4.242183583384284695e-02
-5.349363933901589707e-01
2.763188220382615246e-01
8.225138012159004530e-01
4.311088216596006273e-01
3.846887627042794300e-01
-4.123094625132017743e-02
-1.836656457716212554e-01
8.365817923631601039e-01
4.572240764022605930e-02
-8.055806365394291291e-02
3.895946342538065821e-01
-2.264105520517468051e+00
-3.380525074479016290e+00
-5.955087357424940109e+00
-9.139134434513303873e+00
-8.439032854562894315e+00
-5.332539609051395679e+00
1.816824799421322467e+00
4.475043457541014291e+00
6.414870396376174178e+00
5.704517325209037537e-01
-6.100094816387963803e+00
-3.410870084610027053e+00
-4.723190146796818478e-01
1.421146237849606475e+00
4.408749758556133713e+00
5.332388521616563182e+00
2.416546323187206191e+00
-1.410207464532750032e-01
-1.019897393180986267e-01
-4.923450205698733928e-01
-9.542295495190671328e-01
-3.725109028053020799e-01
-3.142213282373187422e-01
-7.871209023348724187e-02
1.119050584492139677e+00
6.915477563001897199e-01
-8.160347062981526678e-01
-8.584508404572714912e-01
4.311707106155463487e-01
-2.803715947115414941e-01
-2.041281197015997195e-01
9.830081541929526212e-01
4.911426794166553478e-01
3.831020043711980128e-01
-1.518861748106550280e+00
-4.548138436878816471e+00
-6.220541542171149629e+00
-3.542808869100984914e+00
-5.748997741632034808e-01
-1.508867049977138830e+00
2.626308070439492770e+00
-3.649521588800430649e-01
-5.027078006039362279e+00
-7.924421701159587883e+00
-5.314995313822031164e+00
-2.738684106499861048e+00
-2.139866776653970071e+00
4.541655604379510436e+00
6.376312126044837214e+00
5.432703063968506996e+00
2.387499685847020103e+00
3.880167515968224734e-01
1.193659803813395648e+00
-6.986734047317753049e-01
-1.119642910286384963e+00
2.779175156521714873e-01
-2.727683169829497878e-02
-4.972954518267165280e-01
-7.424082608743076683e-02
-1.582206629052189673e-01
-5.374141708307005327e-01
-9.935613580223821018e-01
-1.593746609122500546e-01
1.278668425107417406e+00
1.427172289814272244e+00
1.108854998897145450e+00
7.793175860042209635e-01
9.403640002710766943e-02
4.857362157744898878e-01
1.018368076743678463e+00
1.894394448011488263e-01
1.918235654517405075e-01
2.577043489475297489e-01
-9.457784020634338873e-01
-1.176754815459868153e+00
-9.738814672509110704e-01
-4.351165702773027721e-01
-3.234714497519950438e-01
-7.266474047741173781e-01
1.535761268604716179e-01
1.840256803804136032e+00
1.179048709138500239e+00
-5.462946019571024436e-02
-3.361190715923615402e-01
1.468057152279326649e+00
1.255889658928157182e+00
3.522756628450974814e-01
1.656462933066949361e+00
1.397922338963307753e+00
-4.090479989545567907e-01
-9.690587918241386767e-01
4.445529908756344906e-01
-1.660467279284570941e-01
-3.921570660277651776e-01
9.196558860078339892e-01
1.224032343712917026e+00
1.328942855407744261e+00
8.188085917190009999e-01
2.586732909598354890e-02
5.097393224780489840e-01
2.360678598000860995e-01
-8.865393089951351113e-02
3.923450953731949520e-01
-4.726919875708590069e-01
-8.657913911035397536e-01
-2.885587509337070866e-01
2.946041700922393813e-01
-2.855911828508051475e-01
-2.753547118257249626e-01
-1.841239449907535186e-01
5.101407880721042787e-01
1.138414714585276100e+00
1.353507680300535254e+00
8.558861628706819769e-01
-2.034265825050293186e-01
-1.138320895399056454e-01
2.239659599647372823e-01
8.436127356105910247e-02
-1.328390928618199407e-01
1.188613330733174767e-01
-7.874936209256538922e-01
-1.541413621376354737e+00
-1.286224775790387742e+00
-5.989210255241920189e-01
1.705894886690143830e-01
3.524785584640579006e-01
4.134378953957099090e-02
1.091043218179790220e+00
2.556563140952470725e+00
3.173113581201200795e+00
1.944651231250226875e+00
4.622302552459833791e-02
5.652177875605729485e-01
4.172681330552133194e-01
-8.136618140725376813e-02
3.099825400897675554e-01
4.821777824001305390e-01
1.496359030059396522e-01
4.683813667195265706e-01
6.611680533236401480e-01
4.973786786779055280e-01
1.611263818631913924e-02
-6.426344567728349277e-01
-6.102137921970784973e-01
-6.466240984006882409e-02
-1.894440699639285963e-01
-9.845636177319869731e-01
-7.902918027349704611e-01
-2.625049419736452672e-01
-8.019550492461581248e-01
-1.551707294408940729e+00
-7.448337889913276832e-01
-5.242985629782326296e-01
-1.888510364041696699e+00
-1.057131854392945547e+00
-6.139098703794467760e-01
-9.661341120187563192e-01
-1.322144089578729753e+00
-1.080215773165827287e+00
-8.843763780445146327e-01
-1.652280629875987561e+00
-1.830208799985262980e+00
9.477097825925409058e-01
2.281873198311350492e+00
2.694329322147666961e+00
3.499175894711876289e+00
2.003872319605718211e+00
3.358687176613667225e-01
3.573940755948415315e+00
5.264015198787191707e+00
4.646439707441710532e+00
3.507807978872139465e+00
2.534040619905617131e+00
7.182651425283528290e-01
3.744536625033756394e-02
-7.106887588429398050e-01
-1.578709349202466194e+00
-9.099127681955145874e-01
5.292143634085482162e-01
4.019751251601741959e-01
-1.093285337223403264e+00
-9.790609816247198838e-01
-1.186135600304450310e+00
-8.563228804656288773e-01
7.074229909081135581e-01
2.223595529836754903e-01
1.186668373378171104e+00
4.929109380388521089e+00
4.003069793399128606e+00
-2.670295500102497943e+00
2.270416522789646230e+00
5.240227184416643702e+00
2.202156046546273060e+00
-1.707995271763772749e+00
9.530721317563679573e-01
7.692133569472895394e-01
-1.971714536079925972e-01
4.170924460321261962e-01
1.888349031386079346e+00
3.860320980070855779e+00
3.006852221293491834e+00
1.667161101961687653e+00
2.406926781841952856e+00
2.890498249376005635e+00
1.521861480063116723e+00
1.428204098233511132e+00
2.662154541926966989e+00
2.376115688699449446e+00
1.107193053667885563e+00
0.000000000000000000e+00
0.000000000000000000e+00
0.000000000000000000e+00
0.000000000000000000e+00
0.000000000000000000e+00
0.000000000000000000e+00
0.000000000000000000e+00
0.000000000000000000e+00
0.000000000000000000e+00
0.000000000000000000e+00
0.000000000000000000e+00
0.000000000000000000e+00
0.000000000000000000e+00
0.000000000000000000e+00
0.000000000000000000e+00
0.000000000000000000e+00
0.000000000000000000e+00
0.000000000000000000e+00
0.000000000000000000e+00
0.000000000000000000e+00
0.000000000000000000e+00
0.000000000000000000e+00
0.000000000000000000e+00
0.000000000000000000e+00
0.000000000000000000e+00
0.000000000000000000e+00
0.000000000000000000e+00
0.000000000000000000e+00
0.000000000000000000e+00
0.000000000000000000e+00
0.000000000000000000e+00
0.000000000000000000e+00
0.000000000000000000e+00
0.000000000000000000e+00
0.000000000000000000e+00
0.000000000000000000e+00
0.000000000000000000e+00
0.000000000000000000e+00
0.000000000000000000e+00
0.000000000000000000e+00
0.000000000000000000e+00
0.000000000000000000e+00
0.000000000000000000e+00
0.000000000000000000e+00
0.000000000000000000e+00
0.000000000000000000e+00
0.000000000000000000e+00
0.000000000000000000e+00
0.000000000000000000e+00
0.000000000000000000e+00
0.000000000000000000e+00
0.000000000000000000e+00
0.000000000000000000e+00
0.000000000000000000e+00
0.000000000000000000e+00
0.000000000000000000e+00
0.000000000000000000e+00
0.000000000000000000e+00
0.000000000000000000e+00
0.000000000000000000e+00
0.000000000000000000e+00
0.000000000000000000e+00
0.000000000000000000e+00
0.000000000000000000e+00
0.000000000000000000e+00
0.000000000000000000e+00
0.000000000000000000e+00
0.000000000000000000e+00
0.000000000000000000e+00
0.000000000000000000e+00
0.000000000000000000e+00
0.000000000000000000e+00
0.000000000000000000e+00
0.000000000000000000e+00
0.000000000000000000e+00
0.000000000000000000e+00
0.000000000000000000e+00
0.000000000000000000e+00
0.000000000000000000e+00
0.000000000000000000e+00
0.000000000000000000e+00
0.000000000000000000e+00
0.000000000000000000e+00
0.000000000000000000e+00
0.000000000000000000e+00
0.000000000000000000e+00
0.000000000000000000e+00
0.000000000000000000e+00
0.000000000000000000e+00
0.000000000000000000e+00
0.000000000000000000e+00
0.000000000000000000e+00
0.000000000000000000e+00
0.000000000000000000e+00
0.000000000000000000e+00
0.000000000000000000e+00
0.000000000000000000e+00
0.000000000000000000e+00
0.000000000000000000e+00
0.000000000000000000e+00
0.000000000000000000e+00
0.000000000000000000e+00
0.000000000000000000e+00
0.000000000000000000e+00
0.000000000000000000e+00
0.000000000000000000e+00
0.000000000000000000e+00
0.000000000000000000e+00
0.000000000000000000e+00
0.000000000000000000e+00
0.000000000000000000e+00
0.000000000000000000e+00
0.000000000000000000e+00
0.000000000000000000e+00
0.000000000000000000e+00
0.000000000000000000e+00
0.000000000000000000e+00
0.000000000000000000e+00
0.000000000000000000e+00
0.000000000000000000e+00
0.000000000000000000e+00
0.000000000000000000e+00
0.000000000000000000e+00
0.000000000000000000e+00
0.000000000000000000e+00
0.000000000000000000e+00
0.000000000000000000e+00
0.000000000000000000e+00
0.000000000000000000e+00
0.000000000000000000e+00
0.000000000000000000e+00
0.000000000000000000e+00
0.000000000000000000e+00
0.000000000000000000e+00
0.000000000000000000e+00
0.000000000000000000e+00
0.000000000000000000e+00
0.000000000000000000e+00
