-5.869750976562500000e-01
-7.344314394618738362e-01
-5.474493977607464146e-03
-5.209294554030097224e-02
-1.547599695992030844e+00
-2.554912335565356685e+00
-2.556675071825237566e+00
-1.440959897839316994e+00
2.862989729943992145e-01
2.601723078565581826e+00
4.375692432955764488e+00
2.787853728950861587e+00
2.229990541213342059e+00
1.529820260285096545e+00
-8.111329167375567195e-01
-5.976126737221085783e-01
2.183208009055412901e+00
2.060323183370326383e+00
-2.474441307092716702e+00
-1.969158862227692541e+00
6.918697066786663186e-01
2.383034067305998427e+00
2.958616948124279222e+00
1.667937509955935038e+00
3.898578710055526919e-01
-7.500341353154484914e-01
-5.246324035803122676e-01
1.084759171674098521e+00
2.104038559390272400e+00
5.492753267143928309e-01
-1.658141139713981360e+00
4.344911226199219545e-01
1.920917314430444556e+00
2.047847478221100914e-01
-2.347436169308360299e+00
-4.767643138841748396e+00
-6.063341066301360271e+00
-5.442264780820236680e+00
-7.094591804588217254e-01
1.129400137706753515e+00
-1.617404012285396986e+00
-3.064887153337894521e+00
-2.855359263364861455e+00
-1.875278764511041363e+00
-4.544763757195521281e-01
-4.159361675510991896e-01
-1.789960758791706574e+00
-2.451796880701101244e+00
-2.295686560081426908e+00
-1.545791358254407388e+00
-1.027947417155846699e-01
1.887152961787111893e-01
-2.687783996053063618e-01
-3.774191444354704217e-01
-2.967839091401252016e-01
7.255367643652999021e-02
7.144477169561742613e-01
8.713717317725975242e-01
5.492187869840048364e-01
1.663695247152461310e-01
-1.671086310867968550e-01
-3.724986873355589090e-01
-3.869705687633437918e-01
-2.336712526812365631e-01
3.888095163009408495e-02
2.840490918459825931e-01
3.536003823132420898e-01
4.054471873094278589e-01
4.025294995993438096e-01
2.208041307296511047e-01
-2.246867002457508811e-02
-4.075138306722692061e-02
-6.739313728823337346e-02
-4.373698700137550466e-01
-6.842363550067943612e-01
-7.024891535614525839e-01
-5.604085575850039636e-01
-2.916222769350231836e-01
-1.765034571563606214e-02
9.716387039039520168e-02
5.798705086521183105e-02
1.490526241323980594e-01
2.540107198023859869e-01
2.762864993652793810e-01
2.987598756176900183e-01
2.103490820368604242e-01
-1.782829911532490819e-02
-7.634903028341888387e-02
-2.789696821295413187e-01
-1.592945157222880326e-01
4.371509012467855726e-01
6.930910405154930842e-01
6.356953632285966549e-01
3.610971033717245149e-01
3.282248443217294920e-02
1.605041616962594730e-01
2.797273337433936469e-01
3.224314029966448558e-01
2.939301322395695415e-01
1.357208206832996034e-01
3.804343144910404817e-02
1.331521632237731012e-02
-1.608665544156434590e-01
8.688276257778915213e-02
3.437526623518613045e-01
1.589739599674899750e-03
-2.193720023728744639e-01
2.802840907404254844e-01
2.553719691750573340e-01
-2.585566860167891612e-01
-4.365097132312518724e-01
4.061534241210473795e-03
2.469800049130013164e-01
-1.331790170741093959e-01
-4.353189149597516128e-01
-2.616627536257047915e-01
5.468313346813680198e-02
2.951671056894464851e-01
3.196008283493452229e-01
2.172861686196407849e-01
2.241982494323988551e-01
1.882898930348526623e-01
1.653799905692805439e-01
2.202173323380092196e-01
2.721750247906797870e-01
2.151365605547237436e-01
1.810793500189435967e-01
4.645875495708017278e-01
3.868958119357972514e-01
2.175382968387196136e-01
4.651693119297117818e-02
-5.853677339633578391e-02
-6.301750628802715859e-02
3.096085499600720325e-02
1.757778832558356541e-01
3.194157976245316499e-01
3.895659839647058753e-01
-4.161194649171725546e-01
-3.345553300108907724e-01
-2.307875936758896351e-01
-1.201993703256856172e-01
-7.720381712621238179e-03
7.094013900086371116e-02
-2.578605535010260463e-01
-3.410036775064567705e-01
-2.995940029597297105e-01
-1.648082575488323265e-01
5.742638401020461192e-02
2.314449696464767614e-01
1.199367380991471221e-01
6.443386154120400722e-02
-7.186961506345460049e-02
1.918095466747746503e-01
4.375242025555291514e-01
5.138129785513310122e-01
4.781145049532494751e-01
2.911910605533699070e-01
4.335598278485197632e-02
-1.307743924756373244e-01
-5.335064044700266184e-02
-5.155032236418000124e-02
-8.256873161956052032e-02
-8.256873161956052032e-02
-5.155032236418000124e-02
-5.335064044700266184e-02
-1.307743924756373244e-01
4.335598278485197632e-02
2.911910605533699070e-01
4.781145049532494751e-01
5.138129785513310122e-01
4.375242025555291514e-01
1.918095466747746503e-01
-7.186961506345460049e-02
6.443386154120400722e-02
1.199367380991471221e-01
2.314449696464767614e-01
5.742638401020461192e-02
-1.648082575488323265e-01
-2.995940029597297105e-01
-3.410036775064567705e-01
-2.578605535010260463e-01
7.094013900086371116e-02
-7.720381712621238179e-03
-1.201993703256856172e-01
-2.307875936758896351e-01
-3.345553300108907724e-01
-4.161194649171725546e-01
3.895659839647058753e-01
3.194157976245316499e-01
1.757778832558356541e-01
3.096085499600720325e-02
-6.301750628802715859e-02
-5.853677339633578391e-02
4.651693119297117818e-02
2.175382968387196136e-01
3.868958119357972514e-01
4.645875495708017278e-01
1.810793500189435967e-01
2.151365605547237436e-01
2.721750247906797870e-01
2.202173323380092196e-01
1.653799905692805439e-01
1.882898930348526623e-01
2.241982494323988551e-01
2.172861686196407849e-01
3.196008283493452229e-01
2.951671056894464851e-01
5.468313346813680198e-02
-2.616627536257047915e-01
-4.353189149597516128e-01
-1.331790170741093959e-01
2.469800049130013164e-01
4.061534241210473795e-03
-4.365097132312518724e-01
-2.585566860167891612e-01
2.553719691750573340e-01
2.802840907404254844e-01
-2.193720023728744639e-01
1.589739599674899750e-03
3.437526623518613045e-01
8.688276257778915213e-02
-1.608665544156434590e-01
1.331521632237731012e-02
3.804343144910404817e-02
1.357208206832996034e-01
2.939301322395695415e-01
3.224314029966448558e-01
2.797273337433936469e-01
1.605041616962594730e-01
3.282248443217294920e-02
3.610971033717245149e-01
6.356953632285966549e-01
6.930910405154930842e-01
4.371509012467855726e-01
-1.592945157222880326e-01
-2.789696821295413187e-01
-7.634903028341888387e-02
-1.782829911532490819e-02
2.103490820368604242e-01
2.987598756176900183e-01
2.762864993652793810e-01
2.540107198023859869e-01
1.490526241323980594e-01
5.798705086521183105e-02
9.716387039039520168e-02
-1.765034571563606214e-02
-2.916222769350231836e-01
-5.604085575850039636e-01
-7.024891535614525839e-01
-6.842363550067943612e-01
-4.373698700137550466e-01
-6.739313728823337346e-02
-4.075138306722692061e-02
-2.246867002457508811e-02
2.208041307296511047e-01
4.025294995993438096e-01
4.054471873094278589e-01
3.536003823132420898e-01
2.840490918459825931e-01
3.888095163009408495e-02
-2.336712526812365631e-01
-3.869705687633437918e-01
-3.724986873355589090e-01
-1.671086310867968550e-01
1.663695247152461310e-01
5.492187869840048364e-01
8.713717317725975242e-01
7.144477169561742613e-01
7.255367643652999021e-02
-2.967839091401252016e-01
-3.774191444354704217e-01
-2.687783996053063618e-01
1.887152961787111893e-01
-1.027947417155846699e-01
-1.545791358254407388e+00
-2.295686560081426908e+00
-2.451796880701101244e+00
-1.789960758791706574e+00
-4.159361675510991896e-01
-4.544763757195521281e-01
-1.875278764511041363e+00
-2.855359263364861455e+00
-3.064887153337894521e+00
-1.617404012285396986e+00
1.129400137706753515e+00
-7.094591804588217254e-01
-5.442264780820236680e+00
-6.063341066301360271e+00
-4.767643138841748396e+00
-2.347436169308360299e+00
2.047847478221100914e-01
1.920917314430444556e+00
4.344911226199219545e-01
-1.658141139713981360e+00
5.492753267143928309e-01
2.104038559390272400e+00
1.084759171674098521e+00
-5.246324035803122676e-01
-7.500341353154484914e-01
3.898578710055526919e-01
1.667937509955935038e+00
2.958616948124279222e+00
2.383034067305998427e+00
6.918697066786663186e-01
-1.969158862227692541e+00
-2.474441307092716702e+00
2.060323183370326383e+00
2.183208009055412901e+00
-5.976126737221085783e-01
-8.111329167375567195e-01
1.529820260285096545e+00
2.229990541213342059e+00
2.787853728950861587e+00
4.375692432955764488e+00
2.601723078565581826e+00
2.862989729943992145e-01
-1.440959897839316994e+00
-2.556675071825237566e+00
-2.554912335565356685e+00
-1.547599695992030844e+00
-5.209294554030097224e-02
-5.474493977607464146e-03
-7.344314394618738362e-01
0.000000000000000000e+00
0.000000000000000000e+00
0.000000000000000000e+00
0.000000000000000000e+00
0.000000000000000000e+00
0.000000000000000000e+00
0.000000000000000000e+00
0.000000000000000000e+00
0.000000000000000000e+00
0.000000000000000000e+00
0.000000000000000000e+00
0.000000000000000000e+00
0.000000000000000000e+00
0.000000000000000000e+00
0.000000000000000000e+00
0.000000000000000000e+00
0.000000000000000000e+00
0.000000000000000000e+00
0.000000000000000000e+00
0.000000000000000000e+00
0.000000000000000000e+00
0.000000000000000000e+00
0.000000000000000000e+00
0.000000000000000000e+00
0.000000000000000000e+00
0.000000000000000000e+00
0.000000000000000000e+00
0.000000000000000000e+00
0.000000000000000000e+00
0.000000000000000000e+00
0.000000000000000000e+00
0.000000000000000000e+00
0.000000000000000000e+00
0.000000000000000000e+00
0.000000000000000000e+00
0.000000000000000000e+00
0.000000000000000000e+00
0.000000000000000000e+00
0.000000000000000000e+00
0.000000000000000000e+00
0.000000000000000000e+00
0.000000000000000000e+00
0.000000000000000000e+00
0.000000000000000000e+00
0.000000000000000000e+00
0.000000000000000000e+00
0.000000000000000000e+00
0.000000000000000000e+00
0.000000000000000000e+00
0.000000000000000000e+00
0.000000000000000000e+00
0.000000000000000000e+00
0.000000000000000000e+00
0.000000000000000000e+00
0.000000000000000000e+00
0.000000000000000000e+00
0.000000000000000000e+00
0.000000000000000000e+00
0.000000000000000000e+00
0.000000000000000000e+00
0.000000000000000000e+00
0.000000000000000000e+00
0.000000000000000000e+00
0.000000000000000000e+00
0.000000000000000000e+00
0.000000000000000000e+00
0.000000000000000000e+00
0.000000000000000000e+00
0.000000000000000000e+00
0.000000000000000000e+00
0.000000000000000000e+00
0.000000000000000000e+00
0.000000000000000000e+00
0.000000000000000000e+00
0.000000000000000000e+00
0.000000000000000000e+00
0.000000000000000000e+00
0.000000000000000000e+00
0.000000000000000000e+00
0.000000000000000000e+00
0.000000000000000000e+00
0.000000000000000000e+00
0.000000000000000000e+00
0.000000000000000000e+00
0.000000000000000000e+00
0.000000000000000000e+00
0.000000000000000000e+00
0.000000000000000000e+00
0.000000000000000000e+00
0.000000000000000000e+00
0.000000000000000000e+00
0.000000000000000000e+00
0.000000000000000000e+00
0.000000000000000000e+00
0.000000000000000000e+00
0.000000000000000000e+00
0.000000000000000000e+00
0.000000000000000000e+00
0.000000000000000000e+00
0.000000000000000000e+00
0.000000000000000000e+00
0.000000000000000000e+00
0.000000000000000000e+00
0.000000000000000000e+00
0.000000000000000000e+00
0.000000000000000000e+00
0.000000000000000000e+00
0.000000000000000000e+00
0.000000000000000000e+00
0.000000000000000000e+00
0.000000000000000000e+00
0.000000000000000000e+00
0.000000000000000000e+00
0.000000000000000000e+00
0.000000000000000000e+00
0.000000000000000000e+00
0.000000000000000000e+00
0.000000000000000000e+00
0.000000000000000000e+00
0.000000000000000000e+00
0.000000000000000000e+00
0.000000000000000000e+00
0.000000000000000000e+00
0.000000000000000000e+00
0.000000000000000000e+00
0.000000000000000000e+00
0.000000000000000000e+00
0.000000000000000000e+00
0.000000000000000000e+00
0.000000000000000000e+00
0.000000000000000000e+00
0.000000000000000000e+00
0.000000000000000000e+00
0.000000000000000000e+00
0.000000000000000000e+00
0.000000000000000000e+00
0.000000000000000000e+00
0.000000000000000000e+00
0.000000000000000000e+00
0.000000000000000000e+00
0.000000000000000000e+00
0.000000000000000000e+00
0.000000000000000000e+00
0.000000000000000000e+00
0.000000000000000000e+00
0.000000000000000000e+00
0.000000000000000000e+00
0.000000000000000000e+00
0.000000000000000000e+00
0.000000000000000000e+00
0.000000000000000000e+00
0.000000000000000000e+00
0.000000000000000000e+00
0.000000000000000000e+00
0.000000000000000000e+00
0.000000000000000000e+00
0.000000000000000000e+00
0.000000000000000000e+00
0.000000000000000000e+00
0.000000000000000000e+00
0.000000000000000000e+00
0.000000000000000000e+00
0.000000000000000000e+00
0.000000000000000000e+00
0.000000000000000000e+00
0.000000000000000000e+00
0.000000000000000000e+00
0.000000000000000000e+00
0.000000000000000000e+00
0.000000000000000000e+00
0.000000000000000000e+00
0.000000000000000000e+00
0.000000000000000000e+00
0.000000000000000000e+00
0.000000000000000000e+00
0.000000000000000000e+00
0.000000000000000000e+00
