3.129394531249998224e+00
6.131923914480141846e-02
1.659282886061922646e+00
1.062136604653273508e+01
1.440695654648343549e+01
1.342586102955543481e+01
5.183919717283198558e+00
-2.763892003556881694e+00
-2.128107892994281158e+00
-6.661066526329051385e-01
-2.547322548574153522e+00
-5.848928018107832472e+00
-4.594057789099879940e+00
-4.565818593190182462e+00
-6.154408258598464521e+00
-5.726886804456746916e+00
-1.012850943471946152e+00
1.145518565859164895e+00
2.628639572519542611e+00
1.815633322352306678e+00
-2.289502650160426533e-01
8.242361278959875470e-01
-2.672225984266112242e-01
-1.595372181623445851e+00
-5.819635355752423855e-01
-2.787194654967324325e+00
-2.437187355847864279e+00
-7.625178020134619761e-01
-1.022871360231002447e+00
-7.777563327414029892e-01
-4.522086481374525402e-01
-9.558316140177662845e-01
-1.403883080554411578e+00
-8.609232813422478259e-01
3.997363920239588309e-01
8.658938381216785274e-02
4.214897435885485155e-01
7.309704379349812875e-02
-3.942527302507112807e-01
-1.237806620684699377e+00
-2.287746323002452620e+00
-1.779078117869138609e+00
-6.885224869025321492e-01
3.485398152663711224e-01
1.462162005248830443e-01
-2.058496721430180809e-02
6.106270225941462515e-02
7.245746269896720104e-01
9.013495490138059285e-01
1.090633592369910643e-01
-3.365753913696294397e-01
-8.133078236804396344e-01
-1.447668809167047099e+00
-7.113806639337378890e-01
9.864505445647490101e-01
6.788530085509565382e-01
4.641189418386444387e-01
5.287546139894838682e-02
-5.724203891069015171e-01
-5.582667368418270382e-02
2.330233438060551610e-01
-6.514639218157023404e-01
-9.125170105925741737e-01
6.278005708390710371e-02
3.291301090381418826e-01
-5.412735627683061823e-01
-1.427212388868349002e+00
-1.210850431097206137e+00
-4.982874149778373507e-01
1.695954366372484645e-01
-1.292911443161466778e+00
-1.103239326618275173e+00
3.582566454350774032e-01
1.028117836424398135e-01
-4.138003463552122341e-01
-5.991345116021855599e-01
2.456620141327803264e-01
7.193325758452071561e-01
1.034163185064086665e+00
7.141552593317401776e-01
-5.385156684441878561e-01
-3.752821313726982799e-01
1.130826857623527526e-01
3.817633055665483610e-01
5.906905961755896106e-01
7.074112936715810651e-01
2.995438010875895452e-01
-3.745944655644493082e-01
2.788240175882310545e-01
1.547388845412919878e+00
2.094609293227642777e+00
1.747529883189242739e+00
5.334122569820087811e-02
-2.298803044504956983e+00
-2.677288896098534821e+00
-1.103378171712683598e+00
1.097796538945972067e+00
-3.400076810314507370e-01
-3.375638424583188524e+00
-2.535026727371527233e+00
-1.759839719715515782e+00
-2.496182488156402091e+00
-1.792336262558306803e+00
-1.150074661098936968e+00
-8.398323615957714594e-01
2.101563221194295394e+00
1.874558926545821791e+00
-3.830194894728995436e-01
-8.707584064437154936e-01
-4.262584591405365053e-01
-2.556308140573761101e+00
-4.705551794346821026e+00
-3.356640363190209975e+00
-2.992592664359952526e+00
-3.077351540349553716e+00
-5.096373858837952575e-01
1.485090088594445357e+00
-1.013127454430722052e+00
-1.373765549304615474e+00
1.779761281595639844e-01
-7.437820677881563647e-01
-1.186359815378545068e+00
-2.671354080958903143e-01
1.147757505030123193e+00
9.156740944443404473e-01
1.695373258581245324e-02
-6.096928828067300632e-01
-1.715393057379047459e+00
-8.442839520454736846e-01
-4.676660220022360592e-02
-1.278602163506690648e+00
-1.186230718797639305e+00
-5.554157539548885136e-01
-1.399638265323195352e-01
-7.051303573568878935e-01
-8.057422092379777911e-01
-3.212630847282057500e-01
-4.301700331323383697e-01
-1.125167419092340193e+00
-1.805299629912083370e+00
-1.305801502560655747e+00
4.284768950566038015e-01
1.424565007222739155e+00
1.045750500283257445e+00
2.149910583268621611e-01
2.440207969439852631e-01
-7.875792223489669341e-01
-2.622246342263500729e+00
-2.888129102474801702e+00
-1.468750906590329475e+00
1.013930484145106892e-01
1.206712921621531320e+00
-5.956839087735377181e-02
-8.168986057719791471e-01
-4.737961099858978287e-02
-5.064085831907572111e-01
-2.250057815015710228e-01
1.065609766630066346e+00
1.418171540922312346e+00
-6.222192766639500494e-02
7.121854461263416036e-01
1.028173402929283498e+00
5.281223592527504174e-01
-5.001441504849242214e-01
-9.434673857712413403e-01
-1.674837731748569425e+00
-2.149686538826870219e+00
-9.599953721762344294e-01
-1.262658429908246172e+00
-2.397879218309430183e+00
-1.787797779842875023e+00
-4.200031947588083181e-01
-8.512372602888603756e-01
-2.960263498247950320e+00
-2.860196459364229504e+00
-2.243474431766650401e+00
-1.348921606561273023e+00
1.996354792491199515e+00
1.424251933863903030e+00
9.700633484059206779e-02
-1.192035401061671163e+00
-2.114839901171844616e+00
-2.461922353544109487e+00
-1.453312653294597467e+00
1.636858181113741040e+00
1.827071066383795017e+00
-2.887873885463558388e+00
-5.249623093520672690e+00
-5.508870479071085846e+00
-4.537009767534188498e+00
-1.916449657766313264e+00
-5.063350883582800055e-01
-2.111280094807487018e+00
-2.394270274494921580e+00
-1.261562016552339793e+00
9.546154239765420879e-01
2.271273697071458209e+00
3.647164324953867443e+00
4.273182850169172653e+00
3.109559706897130571e+00
2.200234804669851663e+00
1.540214021278369927e+00
2.726550430529441904e+00
3.297367379238945517e+00
6.461055736305711950e-01
-1.328544720666054335e+00
-4.237492132092346431e-01
4.586920565096159752e-01
-2.402768997367330073e+00
-4.504451969233914888e+00
-5.434053619715437655e+00
-5.238607702962924328e+00
-4.695365642759906422e+00
-1.596234625314792765e+00
-2.665977797856120102e+00
-5.887553635625206283e+00
-5.510762033011063821e+00
-3.873859901015470619e+00
-3.530728989530778072e+00
-2.881972132037112111e+00
-1.315241572500251088e+00
6.146578928197190539e-01
-2.543747728035286038e+00
-3.213174945469310373e+00
-2.855252225925575260e+00
-2.362392369056970587e+00
-1.574047030691975158e+00
-5.595605333626271216e-01
-2.008995732034874582e+00
-1.860385715123606953e+00
-1.783776459086248156e-01
2.270501584389263972e-01
-1.182165787635105936e+00
-2.045634355743572996e+00
-1.468791705417126225e+00
-1.611666173666215229e-02
-2.652796197697002700e-01
1.790853313897480259e-01
1.332148765988668604e+00
1.373787113854022746e+00
1.371526461563164823e+00
8.608504217571233408e-02
-7.674022525338042300e-01
-4.434397489103814038e-01
-3.972040966062282408e-01
-7.105477080958952918e-01
-3.664452918024762584e-01
2.879060918254846002e-01
-9.112551333082881122e-01
-2.057500929598290007e+00
-2.887253152579011939e+00
-2.791494648652451893e+00
-1.001795934901067442e+00
4.009504862394820401e-01
-4.840264841466783707e-01
3.585450096235401896e-01
1.306919258537330819e+00
1.218496639922793001e+00
2.923687579112992374e-01
-1.216304901837312880e-01
1.933829252867556026e-01
5.977340012413087100e-01
4.702757930487767579e-01
1.428514328459309368e-01
8.772282395486927786e-01
1.637242105627949362e+00
5.656674425037429010e-01
-2.388623341910434128e-01
7.497914255239108705e-01
1.468456845285969647e+00
-4.857898147957502299e-01
4.123251055366110585e-01
1.321686676423048601e+00
6.622141586218215359e-01
2.789463460243896797e+00
4.382416017674226616e+00
1.905304835097143101e+00
-5.000619558504650897e-01
1.289702464269535387e+00
1.647665561412523072e+00
-1.797393938833365290e+00
-1.244320151193859969e+00
1.213579363421301016e+00
-1.291905803756118631e+00
-2.460873548508295539e+00
-2.701802236987527639e+00
-3.859972934194006555e+00
-5.198643575830964814e+00
-4.536145688046492097e+00
-2.266533607164057162e+00
-2.765698599100936406e-01
-4.066615910958848445e-02
7.572076408274392989e-01
1.013459796513049405e+00
-1.625380364985692827e+00
-3.737763355868982451e+00
-3.149114922583569953e+00
-2.198526840182726261e+00
-2.785685581082904427e+00
-4.001915626775716106e+00
-3.817257927528886707e+00
-1.960052761758467099e+00
-2.388949416023471439e-01
-6.522928194159105519e-01
-9.264732087056173349e-01
-1.020942566183234756e+00
-5.790255441029295014e-01
-3.202324082093945812e-01
-1.135426169000634866e+00
-1.874239938214414591e+00
-2.200012054153522634e+00
-1.530430496174759458e+00
1.866961853782695413e-01
2.665159829932348678e-01
-5.466216305285354071e-02
-1.118905191849262903e-01
3.230408045202864398e-01
6.424510044433906497e-02
-3.281671486621642320e-01
-2.391183066587531381e-01
-6.044832113572531362e-01
-6.792961174569076555e-01
-3.508461593664430334e-01
-5.927066077027751678e-01
-6.906040548649818867e-01
6.098799814208004655e-01
1.533940914641273690e+00
-4.259876762203296252e-02
-9.136291073663549422e-01
5.187781299464475637e-01
-3.138414647187159900e-02
-1.006837735062402706e+00
-7.087695191150558127e-01
1.387509558188515513e-01
5.517609878250100408e-01
-4.865599753395921656e-02
-9.221683042580917089e-01
-1.775057850336420051e-01
6.324579732974529023e-01
2.579283200362167960e-01
-1.738170621057902876e-01
-4.519041110556237251e-01
-9.568877930546282329e-02
2.689426766690981019e-01
8.261573676450258974e-01
-3.675400646581408193e-01
-1.544564945477534312e+00
-1.539020257234551492e+00
-8.111762737640826337e-01
-4.822190057967177812e-01
-1.808837004673379822e-01
6.346962505040147917e-01
1.009012941419205944e+00
1.095580101211213631e+00
3.879343065980276339e-01
2.211857791442886079e-01
-8.155457819109244166e-01
-1.823936807684131800e+00
-1.742747666828744713e+00
-2.481341350977541715e-01
1.247014792238839043e+00
2.424207256507918462e+00
3.522367700868918483e+00
3.576479774248567889e+00
3.366432641326429387e+00
5.100077092510035826e-02
5.119548037279293418e-01
3.589977384842544250e+00
3.333216489561119822e+00
3.871916448733565552e-01
-1.564206088340499790e+00
-1.170549986457545710e+00
-2.329633561551741394e+00
-2.469535134510045360e+00
2.219987777667692619e+00
8.243680561783971683e+00
1.433778631213392174e+01
1.607534947486646004e+01
1.056691438837407659e+01
3.582377994635961294e+00
1.432132204128214292e+00
-2.394701482170838336e+00
-2.270382206870141584e+00
-8.012653500735956058e+00
-1.104634454693863077e+01
-9.457276042578778075e+00
-7.264291141574762634e+00
-6.608812919322732959e+00
-3.131473547505133848e+00
-1.772090197756769792e+00
-3.532687278539919262e+00
-6.316092306412027568e+00
-5.452496047735171381e+00
-3.465826442355819825e+00
-4.273189258351250963e+00
-4.021977047132229366e+00
-4.270077042449588411e+00
-3.103635871035876015e+00
0.000000000000000000e+00
0.000000000000000000e+00
0.000000000000000000e+00
0.000000000000000000e+00
0.000000000000000000e+00
0.000000000000000000e+00
0.000000000000000000e+00
0.000000000000000000e+00
0.000000000000000000e+00
0.000000000000000000e+00
0.000000000000000000e+00
0.000000000000000000e+00
0.000000000000000000e+00
0.000000000000000000e+00
0.000000000000000000e+00
0.000000000000000000e+00
0.000000000000000000e+00
0.000000000000000000e+00
0.000000000000000000e+00
0.000000000000000000e+00
0.000000000000000000e+00
0.000000000000000000e+00
0.000000000000000000e+00
0.000000000000000000e+00
0.000000000000000000e+00
0.000000000000000000e+00
0.000000000000000000e+00
0.000000000000000000e+00
0.000000000000000000e+00
0.000000000000000000e+00
0.000000000000000000e+00
0.000000000000000000e+00
0.000000000000000000e+00
0.000000000000000000e+00
0.000000000000000000e+00
0.000000000000000000e+00
0.000000000000000000e+00
0.000000000000000000e+00
0.000000000000000000e+00
0.000000000000000000e+00
0.000000000000000000e+00
0.000000000000000000e+00
0.000000000000000000e+00
0.000000000000000000e+00
0.000000000000000000e+00
0.000000000000000000e+00
0.000000000000000000e+00
0.000000000000000000e+00
0.000000000000000000e+00
0.000000000000000000e+00
0.000000000000000000e+00
0.000000000000000000e+00
0.000000000000000000e+00
0.000000000000000000e+00
0.000000000000000000e+00
0.000000000000000000e+00
0.000000000000000000e+00
0.000000000000000000e+00
0.000000000000000000e+00
0.000000000000000000e+00
0.000000000000000000e+00
0.000000000000000000e+00
0.000000000000000000e+00
0.000000000000000000e+00
0.000000000000000000e+00
0.000000000000000000e+00
0.000000000000000000e+00
0.000000000000000000e+00
0.000000000000000000e+00
0.000000000000000000e+00
0.000000000000000000e+00
0.000000000000000000e+00
0.000000000000000000e+00
0.000000000000000000e+00
0.000000000000000000e+00
0.000000000000000000e+00
0.000000000000000000e+00
0.000000000000000000e+00
0.000000000000000000e+00
0.000000000000000000e+00
0.000000000000000000e+00
0.000000000000000000e+00
0.000000000000000000e+00
0.000000000000000000e+00
0.000000000000000000e+00
0.000000000000000000e+00
0.000000000000000000e+00
0.000000000000000000e+00
0.000000000000000000e+00
0.000000000000000000e+00
0.000000000000000000e+00
0.000000000000000000e+00
0.000000000000000000e+00
0.000000000000000000e+00
0.000000000000000000e+00
0.000000000000000000e+00
0.000000000000000000e+00
0.000000000000000000e+00
0.000000000000000000e+00
0.000000000000000000e+00
0.000000000000000000e+00
0.000000000000000000e+00
