-5.932617187500000000e-01
-8.029790637660813024e-01
-9.300808105631657163e-01
-5.991715385701666952e-01
-5.428865048016995321e-01
-9.777573461563660029e-01
-1.016722457759962728e+00
-5.782391557427271067e-01
-6.094137966439827636e-02
6.434358269729301139e-02
-4.172487400471694974e-01
-6.225509370382138474e-01
-6.458727930903449543e-01
-1.024307430574630473e+00
-1.454771371608320596e+00
-1.535884114853860449e+00
-1.550818424752397950e+00
-1.934899720825100644e+00
-2.295680478014076265e+00
-2.340623608650271414e+00
-2.461696787952378784e+00
-2.688823940447657268e+00
-2.363961047719007169e+00
-1.535088327917422557e+00
-6.199498904702898106e-01
-2.503999666759935128e-01
-2.977155298164628761e-01
1.244887809853802985e-01
6.385758549947129215e-01
9.084318982434455014e-01
5.609817351517409900e-01
-9.179774517568750625e-02
-4.313451184143763384e-01
-3.177543897069966539e-01
-4.358305564784046848e-01
-1.375338255774892549e+00
-2.070648195826052529e+00
-2.504616341444651173e+00
-2.228436733847744655e+00
-7.091779081471261126e-01
-5.341079852991930110e-01
-1.583489067022472163e+00
-1.610717569146443040e+00
-8.993402403797348121e-01
-9.308832998080776022e-01
-1.140970380329900502e+00
-1.975144640162169729e-01
-6.155465123043855069e-01
-1.783005007221748706e+00
-1.692853396737949989e+00
-9.324810882956783287e-01
-1.561695781260916016e+00
-9.299185692352029964e-01
8.907661075200641321e-01
5.938691093996542048e-01
-1.037104563075255115e+00
4.239514947187978944e-01
-1.351456350936408590e-01
-1.409610818054059855e+00
-2.188191355071729571e+00
-2.514782606023303835e+00
-1.959499981663448631e+00
-1.335143986794270710e+00
-3.580114854387441703e-01
4.176478677649826388e-01
-6.808004062998260775e-01
-1.779296128321400605e+00
-1.267254838204907141e+00
-7.295045523796130915e-01
-8.428978047999278189e-01
-6.445960827193446541e-01
-3.533797892385937001e-01
-6.981539101565530370e-01
1.624031358969784122e-01
3.988634816476732681e-01
-1.951857049348799666e+00
-3.175747889529130230e+00
-2.818871485679682820e+00
-2.445883163632662338e+00
-1.912265664972639945e+00
3.762063478712549536e-01
-6.475551431158876881e-01
-2.749754264507406010e+00
-4.003285092261346101e+00
8.780232720288503323e-01
1.129401862311379734e+00
-4.747723853816863127e-01
-1.384644647134223749e+00
-4.076179052131639891e-01
-1.802867441812445737e+00
-1.641876420202385667e+00
-6.261163158699467601e-02
1.367966816953990694e+00
-1.524229791078656637e+00
-3.319436532856019806e+00
-1.022536517783423582e+00
1.930345966240667455e-01
-8.546116810115651496e-01
-1.660736650741644116e+00
-2.973731267071971995e+00
-3.450342290931314615e+00
-1.815150800765385375e+00
3.501988669709039659e-01
-1.541498242359560233e+00
-1.162563389818072945e+00
-1.331906985185177472e+00
-3.104335600277194906e+00
-3.711095359918325620e+00
-2.558925409395208295e+00
-4.162548381754933580e-01
-4.486936678331570061e-01
-1.222258713048860024e+00
-9.959631035454825643e-01
6.786724434115454230e-02
1.126042802516554087e+00
-7.908975158392164140e-01
-1.817237213014918806e+00
-9.739673890862876604e-01
1.212585245465502837e-01
6.117664725542208970e-01
7.931968596778915526e-01
1.217937902093436886e+00
1.697748665751559916e+00
1.872123969673723742e+00
1.377440826414435548e+00
1.021056329727652923e+00
1.251339637043281883e+00
1.376683651825842514e+00
7.735642875927806195e-01
5.556259583995970530e-01
1.004047602754141622e+00
1.357113302863063975e+00
5.617195625363353706e-01
-6.507932262554936287e-01
-8.354902861267019532e-01
2.365698461388201501e-01
2.985956481770259963e-01
-6.947988129393003476e-01
-1.096000522134776389e+00
-1.125632286920720482e+00
-8.120557394440282017e-01
8.010663676545388689e-01
1.417734253499828956e+00
3.205110200301199974e-01
-5.094856991799154855e-01
-4.679352023086016388e-01
1.125668874366162475e+00
3.591083804212533703e-01
-9.932908785812966102e-02
5.556102647427140218e-01
5.889037919280157851e-01
-1.391124201580069553e-01
-6.764947463193289323e-01
-7.854818339835585306e-01
-6.259285746466021205e-01
-6.707362101941022337e-01
-5.080558979625373617e-01
-4.143079574582666513e-01
-6.800343569793751985e-01
-1.136369030720766116e+00
-1.038404117222344603e+00
-3.254571308715212830e-01
3.601268120769813841e-01
-9.915570353446019336e-01
-6.338780522321383337e-01
4.297278052640252088e-02
-1.214307305029973527e+00
-1.908804780474908647e+00
-2.114267228916118846e+00
-2.019757252186940022e+00
-1.744499234542067789e+00
-1.320021483845391863e+00
-7.938247896054129171e-01
-2.407892100451292094e-01
-1.128303259008778259e+00
-2.654222891006801976e+00
-3.550694548541158291e+00
-3.537368085181454624e+00
-3.136002749457133643e+00
-2.553006347777870388e+00
-1.105985668748676654e+00
-1.585797272262396085e+00
-2.096540457375192457e+00
-9.910888984502830290e-01
-1.573135300367123346e-01
-2.752304053071366496e+00
-3.750386815175147159e+00
-3.604084989627436286e+00
-2.973730366666115899e+00
-9.590048495620220326e-01
-5.666842482102025791e-01
-2.235190908650765529e+00
-2.957494924827372529e+00
-2.136846039949056753e+00
-8.505395677549780764e-01
-1.002521682499056599e+00
-4.332915369487337909e-01
-8.191159045642120162e-01
-2.159031986014309901e+00
-1.666225332432436979e+00
3.909945553468749946e-01
6.564424147835008494e-01
1.352600597974530139e+00
2.694205465583054959e+00
-4.311354612078628357e-01
-1.860983635320202279e+00
9.589041875665040848e-01
2.216280179547868379e+00
-4.512355225339437226e-03
-1.646626160699724561e+00
1.044263625685072139e+00
8.119614963152397280e-01
-1.844379864270835778e+00
-1.883525673865033223e+00
9.235617123823858243e-01
-3.162136735297638168e-01
-2.234123073564735051e+00
-3.203692117590758226e+00
-8.095116121301721979e-01
5.980474698812541234e-01
-1.208029790649832957e+00
-3.084045410156250000e+00
-1.208029790649832957e+00
5.980474698812541234e-01
-8.095116121301721979e-01
-3.203692117590758226e+00
-2.234123073564735051e+00
-3.162136735297638168e-01
9.235617123823858243e-01
-1.883525673865033223e+00
-1.844379864270835778e+00
8.119614963152397280e-01
1.044263625685072139e+00
-1.646626160699724561e+00
-4.512355225339437226e-03
2.216280179547868379e+00
9.589041875665040848e-01
-1.860983635320202279e+00
-4.311354612078628357e-01
2.694205465583054959e+00
1.352600597974530139e+00
6.564424147835008494e-01
3.909945553468749946e-01
-1.666225332432436979e+00
-2.159031986014309901e+00
-8.191159045642120162e-01
-4.332915369487337909e-01
-1.002521682499056599e+00
-8.505395677549780764e-01
-2.136846039949056753e+00
-2.957494924827372529e+00
-2.235190908650765529e+00
-5.666842482102025791e-01
-9.590048495620220326e-01
-2.973730366666115899e+00
-3.604084989627436286e+00
-3.750386815175147159e+00
-2.752304053071366496e+00
-1.573135300367123346e-01
-9.910888984502830290e-01
-2.096540457375192457e+00
-1.585797272262396085e+00
-1.105985668748676654e+00
-2.553006347777870388e+00
-3.136002749457133643e+00
-3.537368085181454624e+00
-3.550694548541158291e+00
-2.654222891006801976e+00
-1.128303259008778259e+00
-2.407892100451292094e-01
-7.938247896054129171e-01
-1.320021483845391863e+00
-1.744499234542067789e+00
-2.019757252186940022e+00
-2.114267228916118846e+00
-1.908804780474908647e+00
-1.214307305029973527e+00
4.297278052640252088e-02
-6.338780522321383337e-01
-9.915570353446019336e-01
3.601268120769813841e-01
-3.254571308715212830e-01
-1.038404117222344603e+00
-1.136369030720766116e+00
-6.800343569793751985e-01
-4.143079574582666513e-01
-5.080558979625373617e-01
-6.707362101941022337e-01
-6.259285746466021205e-01
-7.854818339835585306e-01
-6.764947463193289323e-01
-1.391124201580069553e-01
5.889037919280157851e-01
5.556102647427140218e-01
-9.932908785812966102e-02
3.591083804212533703e-01
1.125668874366162475e+00
-4.679352023086016388e-01
-5.094856991799154855e-01
3.205110200301199974e-01
1.417734253499828956e+00
8.010663676545388689e-01
-8.120557394440282017e-01
-1.125632286920720482e+00
-1.096000522134776389e+00
-6.947988129393003476e-01
2.985956481770259963e-01
2.365698461388201501e-01
-8.354902861267019532e-01
-6.507932262554936287e-01
5.617195625363353706e-01
1.357113302863063975e+00
1.004047602754141622e+00
5.556259583995970530e-01
7.735642875927806195e-01
1.376683651825842514e+00
1.251339637043281883e+00
1.021056329727652923e+00
1.377440826414435548e+00
1.872123969673723742e+00
1.697748665751559916e+00
1.217937902093436886e+00
7.931968596778915526e-01
6.117664725542208970e-01
1.212585245465502837e-01
-9.739673890862876604e-01
-1.817237213014918806e+00
-7.908975158392164140e-01
1.126042802516554087e+00
6.786724434115454230e-02
-9.959631035454825643e-01
-1.222258713048860024e+00
-4.486936678331570061e-01
-4.162548381754933580e-01
-2.558925409395208295e+00
-3.711095359918325620e+00
-3.104335600277194906e+00
-1.331906985185177472e+00
-1.162563389818072945e+00
-1.541498242359560233e+00
3.501988669709039659e-01
-1.815150800765385375e+00
-3.450342290931314615e+00
-2.973731267071971995e+00
-1.660736650741644116e+00
-8.546116810115651496e-01
1.930345966240667455e-01
-1.022536517783423582e+00
-3.319436532856019806e+00
-1.524229791078656637e+00
1.367966816953990694e+00
-6.261163158699467601e-02
-1.641876420202385667e+00
-1.802867441812445737e+00
-4.076179052131639891e-01
-1.384644647134223749e+00
-4.747723853816863127e-01
1.129401862311379734e+00
8.780232720288503323e-01
-4.003285092261346101e+00
-2.749754264507406010e+00
-6.475551431158876881e-01
3.762063478712549536e-01
-1.912265664972639945e+00
-2.445883163632662338e+00
-2.818871485679682820e+00
-3.175747889529130230e+00
-1.951857049348799666e+00
3.988634816476732681e-01
1.624031358969784122e-01
-6.981539101565530370e-01
-3.533797892385937001e-01
-6.445960827193446541e-01
-8.428978047999278189e-01
-7.295045523796130915e-01
-1.267254838204907141e+00
-1.779296128321400605e+00
-6.808004062998260775e-01
4.176478677649826388e-01
-3.580114854387441703e-01
-1.335143986794270710e+00
-1.959499981663448631e+00
-2.514782606023303835e+00
-2.188191355071729571e+00
-1.409610818054059855e+00
-1.351456350936408590e-01
4.239514947187978944e-01
-1.037104563075255115e+00
5.938691093996542048e-01
8.907661075200641321e-01
-9.299185692352029964e-01
-1.561695781260916016e+00
-9.324810882956783287e-01
-1.692853396737949989e+00
-1.783005007221748706e+00
-6.155465123043855069e-01
-1.975144640162169729e-01
-1.140970380329900502e+00
-9.308832998080776022e-01
-8.993402403797348121e-01
-1.610717569146443040e+00
-1.583489067022472163e+00
-5.341079852991930110e-01
-7.091779081471261126e-01
-2.228436733847744655e+00
-2.504616341444651173e+00
-2.070648195826052529e+00
-1.375338255774892549e+00
-4.358305564784046848e-01
-3.177543897069966539e-01
-4.313451184143763384e-01
-9.179774517568750625e-02
5.609817351517409900e-01
9.084318982434455014e-01
6.385758549947129215e-01
1.244887809853802985e-01
-2.977155298164628761e-01
-2.503999666759935128e-01
-6.199498904702898106e-01
-1.535088327917422557e+00
-2.363961047719007169e+00
-2.688823940447657268e+00
-2.461696787952378784e+00
-2.340623608650271414e+00
-2.295680478014076265e+00
-1.934899720825100644e+00
-1.550818424752397950e+00
-1.535884114853860449e+00
-1.454771371608320596e+00
-1.024307430574630473e+00
-6.458727930903449543e-01
-6.225509370382138474e-01
-4.172487400471694974e-01
6.434358269729301139e-02
-6.094137966439827636e-02
-5.782391557427271067e-01
-1.016722457759962728e+00
-9.777573461563660029e-01
-5.428865048016995321e-01
-5.991715385701666952e-01
-9.300808105631657163e-01
-8.029790637660813024e-01
0.000000000000000000e+00
0.000000000000000000e+00
0.000000000000000000e+00
0.000000000000000000e+00
0.000000000000000000e+00
0.000000000000000000e+00
0.000000000000000000e+00
0.000000000000000000e+00
0.000000000000000000e+00
0.000000000000000000e+00
0.000000000000000000e+00
0.000000000000000000e+00
0.000000000000000000e+00
0.000000000000000000e+00
0.000000000000000000e+00
0.000000000000000000e+00
0.000000000000000000e+00
0.000000000000000000e+00
0.000000000000000000e+00
0.000000000000000000e+00
0.000000000000000000e+00
0.000000000000000000e+00
0.000000000000000000e+00
0.000000000000000000e+00
0.000000000000000000e+00
0.000000000000000000e+00
0.000000000000000000e+00
0.000000000000000000e+00
0.000000000000000000e+00
0.000000000000000000e+00
0.000000000000000000e+00
0.000000000000000000e+00
0.000000000000000000e+00
0.000000000000000000e+00
0.000000000000000000e+00
0.000000000000000000e+00
0.000000000000000000e+00
0.000000000000000000e+00
0.000000000000000000e+00
0.000000000000000000e+00
0.000000000000000000e+00
0.000000000000000000e+00
0.000000000000000000e+00
0.000000000000000000e+00
0.000000000000000000e+00
0.000000000000000000e+00
0.000000000000000000e+00
0.000000000000000000e+00
0.000000000000000000e+00
0.000000000000000000e+00
0.000000000000000000e+00
0.000000000000000000e+00
0.000000000000000000e+00
0.000000000000000000e+00
0.000000000000000000e+00
0.000000000000000000e+00
0.000000000000000000e+00
0.000000000000000000e+00
