1.733398437500000000e-02
1.419802575982551440e+00
1.062260664699036017e+00
-8.880943493149859869e-01
-1.793833495257109556e+00
-1.760491670417063226e+00
-1.723962148995181076e+00
5.812940751395601069e-02
-1.441129819625404096e-01
-1.252584471590102444e+00
-2.007989004539700417e+00
-2.186884274684179008e+00
-4.529328636492343518e-01
-6.406812374394768028e-01
-1.137181673683403282e+00
-1.009235592843999108e+00
-7.995180133940360534e-01
2.001695474621278947e-02
6.276229741977248366e-01
-1.603654307925439504e+00
-2.767143289015417729e+00
-1.074052180953011693e+00
1.254107890461893859e+00
2.345686605926759150e+00
2.985317789956681178e+00
4.159332268619422290e-01
-1.760935658258702130e+00
-5.824404861839060921e-01
2.531246228999909587e+00
4.839086627193109891e+00
4.991351223278170046e+00
9.049400848846698153e-01
-4.435962097284559036e+00
-4.638964684246499104e+00
-2.618550923823426579e+00
-1.507273605430307972e+00
1.698804141558036829e+00
2.527056315596611924e-01
-2.945548983904337170e+00
-3.539413681198659845e-01
4.773762015092519739e+00
6.383804610804144630e+00
4.655129418829026200e+00
2.262632615700947536e+00
1.664652563765819604e+00
-6.556975337179407060e-01
-1.548315516591503904e+00
1.863065345261240235e+00
4.184716723100001978e+00
-1.986888509111930379e+00
-6.349488213945342352e+00
8.162475269597746497e-01
2.430693048605739648e+00
4.526696715005327221e-01
-3.060396760152990225e-01
-4.517426464848153245e-01
1.492355008239885095e+00
1.708620340599638077e+00
3.123921999277357031e-04
-6.666166706913383422e-01
-7.294193464274132399e-01
-2.629519222915527532e+00
-9.220191201307206263e-01
7.098625212726483724e-01
1.213918273107029489e+00
1.882125378184448028e+00
3.564746659205917823e+00
3.469704210835773406e+00
8.586708604301918069e-01
2.705066520265737573e-01
2.917441485378454935e+00
2.282858878435558125e+00
-3.744858143244327309e-01
-1.604543696930666119e+00
-6.856980178487677158e-01
3.579196725394597767e-01
-6.869956029396764308e-01
-4.988398114685534956e-01
3.926237495170088465e-01
8.235788899013520847e-01
2.285455075185194751e+00
6.575501062616786463e-01
-2.776489946159656164e+00
-2.405426677056511586e+00
-3.388113872891949097e-01
-2.386325449003074528e+00
-2.438636445295177424e+00
6.370213851564610064e-01
5.641519413565441177e-01
-1.706529400782075045e+00
-6.049773207554027810e-01
1.787281910759257686e+00
2.938306837128323856e+00
1.884796845889504802e+00
-7.486753134752834882e-01
-2.513605229505721184e+00
-2.849131670642280678e+00
-1.194839691474240295e+00
-7.280515550499873090e-01
-9.615566517992573115e-01
-2.558609381540959404e-01
1.583692143016094844e+00
2.942723673696288067e+00
2.003853429589379509e+00
-1.596082055425232848e+00
-1.911682400098005052e+00
6.404547926591499518e-01
-8.584285238400275464e-01
-2.709980076920653680e+00
-8.906758779822849803e-01
8.055986935021390849e-01
8.972438784439535908e-01
-3.641190980458213211e-01
-2.085542288457691740e+00
-1.115027851841597917e+00
-3.248184155865010414e-01
-1.995614019707917297e+00
-1.947331726065006041e+00
-5.071225938552026413e-01
-1.069646729957391962e+00
-2.626712511063014954e+00
7.268472937944356893e-01
1.914892147876739559e+00
2.737748013655281198e-01
-5.982705515443904609e-01
-5.127855583029405917e-01
-7.925954140422755145e-01
-1.541429339810218346e+00
-2.149243092353908313e+00
-5.507830391651036273e-01
1.639186983720345436e+00
1.656107418424909605e+00
8.544427595370803763e-01
-2.065502194765530541e-01
-1.451836536007487521e-01
-7.170228998110639296e-01
-1.010123287854291174e+00
-3.756793897724791664e-01
3.997809953573516761e-03
-4.932729894165479578e-01
-5.230374842628560117e-02
-2.344759920261085817e-02
6.043340407758295285e-01
1.243354328108255302e+00
7.374423632496409642e-01
1.078177273094184541e+00
-2.361197493482516396e-01
-8.233710119333390587e-01
2.396294110960202062e-01
4.686693856081664000e-01
-8.319437454953302336e-01
-3.050916335181900196e-01
-2.956890537832548294e-01
-1.419576278241129863e+00
-1.851605874653967643e-01
9.730269356559000382e-01
2.946546384126975671e-01
-5.241315561867283535e-01
-3.280274010364103709e-01
-3.487920976561165176e-02
2.019267072855996936e-01
9.537273195966324835e-01
9.613176710675734871e-01
2.076162714935319009e-01
7.517715197645866709e-01
1.360801573142149890e+00
1.329243464522828821e+00
1.259000883613087485e+00
1.615887904210549841e+00
1.449493565661318373e+00
1.336308154851294283e+00
1.450440391297134202e+00
1.753117668513785254e+00
1.039293759007899220e+00
-9.918596428785770858e-01
-1.314516476657773936e+00
-1.567038051081124372e-01
-1.174742676862303714e+00
-3.713756801179715072e-01
1.698624103487958337e+00
2.964869984198212904e+00
2.687227899920310303e+00
2.365686507886981982e+00
9.674072634308075180e-01
-9.360773222935008242e-01
-1.377679834369621048e+00
6.308014810320173860e-01
1.865422597878526823e+00
2.696807974189082024e+00
3.799850461801072221e+00
4.610297388441535915e+00
4.941437853329587071e+00
4.629890246665521403e+00
3.341933774827548831e+00
1.451200210308695171e+00
-4.683327554929588299e-01
-1.017276414527434891e+00
1.687565398264903482e+00
1.828198384254481557e+00
3.468371913778183213e-01
-1.689163639146113116e+00
-2.692935623361827346e+00
-7.160058791382040155e-01
2.153112945704559245e+00
-6.648239479915238892e-01
-2.659797025994137254e+00
2.994377651029145326e-02
3.238913695455438280e+00
3.229079939634158070e+00
1.916169450008549546e+00
4.436506547706224879e-01
-3.816548472060778963e-01
-8.574660916842806735e-01
-1.828050419666517712e+00
-2.154416474634527123e+00
-1.142412507858307613e+00
8.496187417299716493e-01
1.906879156180613544e+00
7.651435771392327556e-01
6.839361327967108384e-01
2.284756448407122775e+00
2.500974477923089800e+00
1.368065412812933923e+00
6.674248397115378761e-01
1.075623291645843471e+00
9.640683774778824322e-01
-3.400474252201761693e-01
-1.500972552984343178e+00
-1.582712939192104429e+00
-1.313114190398586345e+00
-1.750027876845448915e+00
-1.456186675396049068e+00
4.655731502055786564e-01
3.023450217016298236e+00
4.828318265856632152e+00
2.732327912592718455e+00
-7.168236624037183091e-01
-1.583211386287940670e+00
1.476909047233338601e+00
-4.835410485184934437e-01
-2.763439431126754720e+00
-3.154626034291648118e+00
-5.376585410327066050e-01
2.352064484560619118e+00
3.229087335259138936e+00
7.904488224457364431e-01
-1.447013184587548018e+00
-1.061170615930246974e-01
2.145832760015922602e+00
3.887307541222926766e+00
4.580024093814834885e+00
4.516196886687808387e+00
4.173648110347220275e+00
3.793673618380451806e+00
3.449816173021845067e+00
2.011304947768508544e+00
-4.607626669194573310e-01
-1.841260306524618695e+00
-8.448444866627542460e-01
1.387887345085951907e+00
2.955812755028769168e+00
3.503519872930948242e+00
2.082108297795069785e+00
5.876049787739621166e-01
-1.776613036990861705e-01
-4.662783573586105623e-01
-1.156275425218823205e+00
-1.623315496510177702e+00
-2.043850764506900397e-01
1.141229333457159267e+00
1.405709490842710352e+00
1.649715212534704101e+00
1.776580033286777160e+00
1.819748692487283659e+00
2.109797228135729341e+00
1.691372831966948542e+00
5.205350129476369325e-01
1.014731799263421053e+00
9.921390892878712009e-01
2.435981590149094433e-01
7.816454454676513564e-01
1.093295450397244073e+00
-6.187879668717570780e-01
-1.131909763179378414e+00
-2.893817674133596363e-01
5.128686687336696526e-01
1.049238959518579817e+00
5.357207108254884442e-01
-1.962126110965802805e-01
-7.485610184134389167e-01
-3.340044667153322377e-01
-6.443017858145717591e-01
-4.278086410938967132e-01
-2.196736884360597220e-01
-4.339968874906112717e-01
1.663499821611582608e-01
4.607397181181795975e-01
3.256741226656665322e-01
1.400114955722431498e+00
9.716568303532404638e-01
5.391252886774202668e-01
4.410023616526124179e-01
-4.837523998109984902e-01
8.998891198070496644e-02
-5.145498235126402253e-01
-1.086374118545889722e+00
-3.381483883114172473e-01
-1.493477458474808950e-01
-6.959182251099899075e-01
2.329716538987006702e-01
9.027662437368029202e-01
1.356518791493398046e+00
6.759385996399469576e-02
-1.757567124304870276e+00
-2.116683800966688622e+00
-1.047464797763007160e+00
5.832886244657187191e-02
1.751015166171110415e-01
-9.872664361371643604e-01
9.404887155926171527e-01
1.385440594218920296e+00
-6.998118608165344590e-01
-2.698357251274515534e+00
-1.649684774451029234e+00
-1.719105571182786729e+00
-1.263161110166101775e+00
1.668453327202872316e-01
-6.651646527682164578e-01
-1.505226824493196558e+00
-1.034744489543144352e+00
-3.518923570341372375e-01
1.907706277502203562e-01
-2.271068100151878433e-01
-1.323061627613401292e+00
-1.190291405419647619e+00
1.332179644131026297e-01
-9.225190324786378682e-01
-1.683838807733763376e+00
-8.320474664594290637e-02
2.118827250149047714e+00
2.313520670949330338e+00
9.413763712993241661e-01
-5.336588010063585408e-01
-4.932838206246568102e-01
-6.211440644286512214e-01
-2.114426475397489291e+00
-3.177178222846201550e+00
-1.630456597891243975e+00
8.665719906528482896e-01
2.139941873492358759e+00
2.204897604486140139e+00
1.133823634804735025e+00
-1.040393277330315724e+00
-6.778076300830571110e-01
6.988321461688851155e-01
-1.237533282956608804e+00
-2.261743930297020366e+00
-1.067848595507365550e+00
-1.949131837830147429e+00
-2.974874471332061621e+00
-9.282026291492164738e-01
1.719323786871443271e+00
1.391590469493900528e+00
7.783261161906982473e-01
-7.982402642941610615e-01
-4.174467945997517582e-01
7.145194781609418566e-01
-1.142761601398282867e+00
-1.572228504365693613e+00
-5.399356869793980884e-01
1.279177936474680033e+00
3.151932160851422360e+00
2.262070192723239170e+00
6.753825222496012692e-02
1.583353147603411948e+00
3.452952865074014888e+00
2.100708849826541602e+00
1.955355370111613311e-01
4.586314942044138476e-01
9.723059206473951832e-01
-5.715934656507153377e-01
-8.795232757482764896e-01
-2.790752362258532848e-01
-4.571250234063454876e+00
-1.497478097282827214e+00
2.246477245678232038e+00
1.977375866584094588e+00
-1.400840858263442179e+00
-7.717572663205372052e-01
3.635327399734961773e+00
3.625209322279443480e+00
-2.896859979006160657e+00
-5.444875235483328524e+00
1.910047234034301322e+00
2.414724383548758180e+00
1.021364427464988900e+00
8.385196464166639885e-01
-1.136339714917671051e+00
9.646072637297602448e-01
4.011255624567942490e+00
4.317650931853627583e+00
4.596048956550572662e+00
2.729377378858401926e+00
-1.061515066179475220e+00
-1.428126805128306032e+00
2.565833463029342898e+00
1.735119798686784343e+00
-4.102271216632168205e+00
-5.051724881885038876e+00
-4.718876815086259668e+00
-2.081972181894320428e+00
3.280556702487414711e+00
5.640107197497430391e+00
4.749556000674665768e+00
1.330952255606865364e+00
-8.963036464564075878e-01
3.049988727176897729e-01
5.747493445912845722e-01
-5.193573504097948046e-01
4.404980251985790574e-02
2.977055016857264036e-01
-4.981739313918538414e-01
-5.133571060817141429e-01
2.001603462468422912e+00
3.030642301835113628e-01
-2.620178897941644713e+00
-9.384624098860463448e-01
9.560874099620799704e-01
1.175559642229544011e+00
-1.054421801807815307e+00
-1.478905219425469486e+00
-2.777248749468419486e+00
-2.096211834251195061e+00
-3.613974516020548311e-01
7.879432025616157631e-01
-1.595323666619835379e+00
-2.656854653943055311e+00
-1.373111826707972938e+00
-1.042847733857312553e+00
-3.456571532978096606e-01
1.760371455648737316e+00
2.879327044794778967e+00
0.000000000000000000e+00
0.000000000000000000e+00
0.000000000000000000e+00
0.000000000000000000e+00
0.000000000000000000e+00
0.000000000000000000e+00
0.000000000000000000e+00
0.000000000000000000e+00
0.000000000000000000e+00
0.000000000000000000e+00
0.000000000000000000e+00
0.000000000000000000e+00
0.000000000000000000e+00
0.000000000000000000e+00
0.000000000000000000e+00
0.000000000000000000e+00
0.000000000000000000e+00
0.000000000000000000e+00
0.000000000000000000e+00
0.000000000000000000e+00
0.000000000000000000e+00
0.000000000000000000e+00
0.000000000000000000e+00
0.000000000000000000e+00
0.000000000000000000e+00
0.000000000000000000e+00
0.000000000000000000e+00
0.000000000000000000e+00
0.000000000000000000e+00
0.000000000000000000e+00
0.000000000000000000e+00
0.000000000000000000e+00
0.000000000000000000e+00
0.000000000000000000e+00
0.000000000000000000e+00
0.000000000000000000e+00
0.000000000000000000e+00
0.000000000000000000e+00
0.000000000000000000e+00
0.000000000000000000e+00
0.000000000000000000e+00
0.000000000000000000e+00
0.000000000000000000e+00
0.000000000000000000e+00
0.000000000000000000e+00
0.000000000000000000e+00
0.000000000000000000e+00
0.000000000000000000e+00
0.000000000000000000e+00
0.000000000000000000e+00
0.000000000000000000e+00
0.000000000000000000e+00
0.000000000000000000e+00
0.000000000000000000e+00
0.000000000000000000e+00
0.000000000000000000e+00
0.000000000000000000e+00
0.000000000000000000e+00
