-1.938049316406250000e+00
-2.161741887441093635e+00
-2.070895372743961627e+00
-9.050344607924023510e-01
-2.458798342175890217e-01
-9.467141734866442171e-01
-7.653248391378835169e-01
-5.044103012946297149e-01
-3.450591206496615992e-01
-2.579142214507137432e-01
-7.345508571877783499e-01
-1.131601242899557214e+00
-1.367472016243304056e+00
-1.407546548572302658e+00
-1.288574639804104027e+00
-8.502832616200750593e-01
9.479618874974216070e-02
1.421922413228861926e+00
2.496068790228223477e+00
1.463926853253628257e+00
9.210729806076334292e-01
1.052688588265649372e+00
1.189176411434408553e+00
4.598077668550153430e-01
-7.272013787096387460e-01
-8.669270585979749200e-02
1.115239980024672839e+00
1.453010138248414851e+00
9.035952718852628962e-01
4.674855183204922326e-01
5.448941423501505454e-01
1.026488139787129050e+00
1.838521242311689452e+00
4.401040800772504369e-01
-9.159445484272672466e-01
-8.672272159358245247e-01
-1.225678371653984300e+00
-2.693863482238680440e+00
-3.239360142002770893e+00
-1.314581129502330192e-01
1.129239450314762250e+00
9.696765890123804077e-02
-8.132136030351256872e-01
-1.411041817938507137e+00
-2.080403809198439369e+00
-2.226396541961078501e+00
-1.230306383309323959e+00
-9.607484486168682558e-02
1.837039258864878732e-01
-3.112337023304990735e-01
-2.788775615138534558e-01
-4.374487464498633127e-01
-9.734320213497662522e-01
1.525352751383911576e-01
7.789520483580683052e-01
5.106200636460322961e-02
-3.822326079007860589e-01
3.156125267351761465e-03
-2.756780757506072099e-02
8.878909234881349199e-02
3.391005946994009035e-01
-9.850849395842020684e-02
-5.356130217640584501e-01
-1.006817972622040536e-01
3.120247732368145455e-01
8.318243526732762572e-01
3.512245584845229418e-01
-4.623619085147737673e-01
-3.980458091960839551e-01
2.236648912974502912e-01
-2.931596563281396173e-01
-4.980100104671283390e-01
-9.327420470020580945e-02
6.471385761821790705e-02
-4.772071515925802032e-02
-4.972120952976866182e-02
-6.946021189408124741e-03
-5.652818802445364055e-01
-4.235091007282033582e-01
4.618372777406241081e-01
-6.338525942388184564e-02
-1.365210036802737781e+00
-1.134532279846072189e+00
-1.411298663041871349e+00
-1.654798452001052356e+00
-7.471276343869858172e-01
1.713848127196534454e-01
-8.446077216240783780e-01
-7.853045806797500639e-01
-1.632263300884700286e+00
-2.561380671803691556e+00
-1.830623852589591483e+00
-3.745439351519965765e-01
2.317421309324636525e-01
-1.491340483177581167e+00
-5.188151974053075044e+00
-7.804917004655852253e+00
-6.596720014981081626e+00
-3.629423217164280402e+00
-9.113960377787844180e-01
2.556037860146204821e+00
3.779456594399413838e+00
4.052438627392769277e-01
-3.453809637285508050e+00
-2.486779752654219688e+00
-7.736999316685637673e-01
2.316889503273907636e+00
3.245472609695580601e+00
2.308402992085694994e+00
3.159823907931777143e+00
2.520919582840358775e+00
-2.578771093171940976e-01
-5.727124679506676586e+00
-2.952819632687511131e+00
-1.078728813722378277e-01
-1.550445219551503939e-01
-2.037082678356451737e+00
-7.084343854094905524e-01
1.728020987137720343e+00
4.859355541310137028e+00
3.994645337007091790e+00
2.741737098159144459e+00
-1.085501056624987415e+00
4.673543260230168528e-01
1.309710519094385184e+00
-6.472042310309460422e-01
-1.232923638214595163e+00
6.710790778637262255e-01
-1.093429783409741285e+00
2.571151960487261245e-01
1.467144183774697241e+00
1.445547814290411015e+00
3.576557692858846060e-01
-8.570818980621446315e-01
-1.198859734152371459e+00
1.953897042190783084e-01
5.715232198571328359e-01
2.364881365487837561e-01
-1.586342095367188065e-02
1.937798894433215846e-01
8.167990752638771834e-01
6.038481317650941094e-01
2.817709997398467614e-01
-5.775697858059503087e-02
-4.496772871787227399e-01
-7.025474852218308586e-01
-3.270483194605056099e-02
1.512214785872601497e-01
-4.628865159545171304e-01
-4.415186492980914812e-01
-4.687391259068443006e-01
-6.526637161837693935e-01
-1.003796096191027720e+00
-8.651111463189673501e-01
1.180878811812661189e-01
-1.234609671459322433e+00
-2.755017611675527611e+00
-2.926470509700642708e+00
-6.641790576053046014e-01
1.156203628260288330e-01
-3.053137148790671329e+00
-2.565182870453124320e+00
-7.652564468008531406e-01
-2.576385441428585832e-02
-2.037281411991693769e+00
-2.072056942417671355e+00
-1.672635111707944322e+00
-1.468747325657850045e+00
-1.626798297413389438e+00
-2.309731972945500811e+00
-8.695954539637700265e-01
4.492925768452296076e-01
1.343574731973195879e+00
1.384881959068121393e+00
5.058918615475832548e-01
4.872352440242788685e-02
3.257726720586053837e-01
1.427633860710305402e+00
2.295917856111996169e+00
1.708617318370982963e+00
4.386450506644756775e-01
-4.227373091117951898e-01
-1.443535182404939166e+00
-2.455102957479720516e+00
-1.772409302130885989e+00
1.213541479479700591e-01
1.114714867176043178e+00
3.902336680614819642e-01
3.592541003913556352e-01
6.794988929136458466e-01
-1.616905713941781952e-01
1.439790119153185888e-01
1.487156618526559893e+00
1.281608661888594014e+00
5.287676626856182560e-01
2.888180573706422560e-01
-4.779693442261727654e-01
-1.670541084922156250e+00
-1.837095786616704807e+00
-1.481944262534512724e+00
-2.700513954470633138e+00
-3.457924945634570868e+00
-2.676097683648771319e+00
-9.492977778118230070e-01
1.126613839458354471e+00
-1.772474870550081461e+00
-3.521154040309690814e+00
-2.836431978086284111e+00
6.329837994825078251e-01
5.021995140378496814e-01
-1.470682827117056668e+00
-1.954486338129298950e+00
-9.192879254671972866e-01
6.134742495196987555e-02
-9.089965277152656231e-01
-3.522893470722099352e-03
1.611305212311215707e+00
2.046752514976739601e+00
1.156291401427140597e+00
-5.084816411581104534e-01
1.019138451969094694e+00
2.506971093079154667e+00
2.715108534536575302e+00
2.381226042596064296e+00
1.186615744544551543e+00
3.042564535084502086e-02
1.468037580802042052e+00
1.769998468243136447e+00
4.946886646349545336e-01
9.007026731943720277e-01
1.129415129937563655e+00
1.043307447600086313e+00
9.715505928850763917e-01
-1.005948736970354584e-01
-7.497510249742140864e-01
-1.621418349812544513e-01
-1.432513300833406777e-01
-8.781203555890326751e-01
-1.089998131987600205e+00
-6.402341713444376081e-01
-1.113151143163535473e-01
-1.173793715830462325e+00
-2.110843186321995635e+00
-2.472569807562906341e+00
-2.746780509252992442e+00
-2.151775521893356746e+00
1.800872102430519650e-01
1.000041195605250177e-01
9.504398893962665573e-01
-2.587057988189661373e+00
-4.683419280641953897e+00
-2.836541043877820023e+00
-1.519669779511124474e+00
-4.893368805896294305e+00
-6.988354148501601415e+00
-5.371429766532646255e+00
-2.619698638393600731e+00
4.297510059692539741e-01
1.817815679446463717e+00
-1.689035862714995062e+00
-2.565343116863325612e+00
7.002480992795315773e-01
-2.975846565587984216e+00
-3.435105865374866063e+00
-2.177126661350198056e+00
-2.207653252160708846e+00
-2.641133680613673818e+00
-2.063104092892871222e-01
1.531459721312255606e+00
8.039526455338057431e-01
-2.869668671604202359e+00
-4.805306003088228195e+00
-5.467829164648904339e+00
-8.179785721252534891e-01
4.536745689397718273e+00
2.635693834556733783e+00
-2.832666694073011193e+00
2.121378421750037546e-01
1.785623541733154962e+00
2.260481016587172487e+00
4.340196337540985994e+00
5.663262409828212718e+00
1.295101013244491339e+00
5.464260539271803552e-02
4.739947864620353002e-01
1.071408840667731122e+00
4.658743737644730487e+00
6.870016528257674615e+00
5.734506865269551668e+00
1.690923774147817804e+00
-3.044869629740374339e-01
7.842852225432666025e-01
8.644547324805054167e-01
1.355905398419156249e+00
1.439799195082303918e+00
1.052618678258340879e+00
4.340176799969104326e-01
6.075563218701156565e-01
1.077988185279154409e+00
7.565232120433662555e-01
4.340875927929398470e-01
2.778977258186792199e-01
2.364541180019250899e-01
2.069043739253407788e-01
2.297965127603911473e-01
2.306874445050213218e-01
-8.148334217248143219e-03
-7.301910269593139269e-01
-5.556720913275099427e-01
-2.099448775185339677e-01
8.071513871250812766e-02
-1.080731669351318036e+00
-1.305120259100498448e+00
-2.459312528783489382e-01
1.608890527051113351e-01
-7.889008143245009874e-01
-1.109480894062295775e+00
-6.200471374815308412e-01
-4.393043260250671378e-01
-8.844118087691814623e-01
-1.667643088766955772e+00
-2.019433833985925020e+00
-1.812975554447109783e+00
-1.186986725261896858e+00
-8.374378778826928604e-01
-9.998086602045392901e-01
-1.289869112708284415e+00
-5.003450458901773645e-01
-7.782573372762537911e-01
-2.193800992707079178e+00
-3.574083731935646213e+00
-4.525804873515911986e+00
-3.981775192839011712e+00
-2.179138279222676111e+00
-1.370986986166915500e-01
-1.250905214054622849e-01
-1.458386549707143542e+00
-1.479631531916816733e+00
-2.230456117340904765e+00
-2.245961586083069506e+00
-8.916028839946399387e-01
-4.590622807559863183e-01
-1.256952674273986492e+00
-1.724287268319923960e+00
-1.347618499984564178e+00
-1.740739140407628227e+00
-2.106417335585629935e+00
-1.300530876173516370e+00
4.095676075548497774e-01
1.434650464127285474e+00
-9.670200379373679045e-01
-4.570834664754457322e-01
5.125235769191669455e-01
4.095954639400956054e-01
-5.585385725623037700e-01
-7.861557763255988540e-01
5.484027511245384012e-01
1.847409428158011346e+00
2.318989557876828478e+00
1.923202199903984777e+00
1.921078032860956908e+00
2.011976087312548511e+00
1.951653139072627718e+00
1.872378316241639640e+00
7.185953638071285177e-02
-5.371288015129913607e-01
3.809762940439647139e-01
4.086993095258383946e+00
3.871118098659417583e+00
3.241467703697175740e+00
2.983698360557657914e+00
2.858948175760103627e+00
2.627946208559910790e+00
2.520621556075746117e+00
2.417501347997560668e+00
2.142071887571625144e+00
1.677043720623921041e+00
1.051036701855270650e+00
3.743740374140682170e-01
3.991326554305102414e-01
1.030448144537169819e+00
1.314694822634679516e+00
1.053327694841269535e+00
4.536539947389048311e-01
2.729086419680805675e-01
4.575633772478133743e-01
4.426130880862108596e-01
7.807265769165531166e-01
0.000000000000000000e+00
0.000000000000000000e+00
0.000000000000000000e+00
0.000000000000000000e+00
0.000000000000000000e+00
0.000000000000000000e+00
0.000000000000000000e+00
0.000000000000000000e+00
0.000000000000000000e+00
0.000000000000000000e+00
0.000000000000000000e+00
0.000000000000000000e+00
0.000000000000000000e+00
0.000000000000000000e+00
0.000000000000000000e+00
0.000000000000000000e+00
0.000000000000000000e+00
0.000000000000000000e+00
0.000000000000000000e+00
0.000000000000000000e+00
0.000000000000000000e+00
0.000000000000000000e+00
0.000000000000000000e+00
0.000000000000000000e+00
0.000000000000000000e+00
0.000000000000000000e+00
0.000000000000000000e+00
0.000000000000000000e+00
0.000000000000000000e+00
0.000000000000000000e+00
0.000000000000000000e+00
0.000000000000000000e+00
0.000000000000000000e+00
0.000000000000000000e+00
0.000000000000000000e+00
0.000000000000000000e+00
0.000000000000000000e+00
0.000000000000000000e+00
0.000000000000000000e+00
0.000000000000000000e+00
0.000000000000000000e+00
0.000000000000000000e+00
0.000000000000000000e+00
0.000000000000000000e+00
0.000000000000000000e+00
0.000000000000000000e+00
0.000000000000000000e+00
0.000000000000000000e+00
0.000000000000000000e+00
0.000000000000000000e+00
0.000000000000000000e+00
0.000000000000000000e+00
0.000000000000000000e+00
0.000000000000000000e+00
0.000000000000000000e+00
0.000000000000000000e+00
0.000000000000000000e+00
0.000000000000000000e+00
0.000000000000000000e+00
0.000000000000000000e+00
0.000000000000000000e+00
0.000000000000000000e+00
0.000000000000000000e+00
0.000000000000000000e+00
0.000000000000000000e+00
0.000000000000000000e+00
0.000000000000000000e+00
0.000000000000000000e+00
0.000000000000000000e+00
0.000000000000000000e+00
0.000000000000000000e+00
0.000000000000000000e+00
0.000000000000000000e+00
0.000000000000000000e+00
0.000000000000000000e+00
0.000000000000000000e+00
0.000000000000000000e+00
0.000000000000000000e+00
0.000000000000000000e+00
0.000000000000000000e+00
0.000000000000000000e+00
0.000000000000000000e+00
0.000000000000000000e+00
0.000000000000000000e+00
0.000000000000000000e+00
0.000000000000000000e+00
0.000000000000000000e+00
0.000000000000000000e+00
0.000000000000000000e+00
0.000000000000000000e+00
0.000000000000000000e+00
0.000000000000000000e+00
0.000000000000000000e+00
0.000000000000000000e+00
0.000000000000000000e+00
0.000000000000000000e+00
0.000000000000000000e+00
0.000000000000000000e+00
0.000000000000000000e+00
0.000000000000000000e+00
0.000000000000000000e+00
0.000000000000000000e+00
0.000000000000000000e+00
0.000000000000000000e+00
0.000000000000000000e+00
0.000000000000000000e+00
0.000000000000000000e+00
0.000000000000000000e+00
0.000000000000000000e+00
0.000000000000000000e+00
0.000000000000000000e+00
0.000000000000000000e+00
