-1.880096435546875888e+00
-2.079404738622032234e+00
-2.278700191756436233e+00
-2.148889042016255413e+00
-1.719273539282851537e+00
-1.192085915875761515e+00
-1.072580694005658808e+00
-2.044841482631531981e-01
2.056045231927517314e+00
1.718887956210250811e+00
4.108892319891577216e-02
-2.225495215083461265e+00
-3.031947844956961902e+00
-5.625359163638687932e-01
2.400509996755531450e+00
3.879265925091545331e+00
3.129219740831872265e+00
1.393004529693672167e+00
7.870619006654626659e-01
4.790088596541486332e-01
1.323406918423497558e-01
6.267779941315332337e-03
1.575663761194485701e-01
6.876949152540783317e-01
1.421010916752128761e+00
1.847749677325271289e+00
1.155409419367816826e+00
-6.957227376246450934e-01
-1.027953907599136851e+00
-1.710415682655349379e+00
-2.999731591548148835e+00
-3.432506889356722546e+00
-2.342114649600015586e+00
-6.793139189874861650e-01
7.561394720015575110e-01
1.302000958033620481e+00
1.749178136380756587e+00
2.314667831085353011e+00
3.059638988247160629e+00
3.522894082044475628e+00
2.960868627153347088e+00
1.652976366993534896e+00
1.593611219405647983e+00
2.075414137607475951e+00
2.068930820294482942e+00
1.338426382344149346e+00
1.100770222220941452e-01
-2.713048520911256478e-01
8.939114506517276126e-01
1.496853525579056932e+00
1.331440027410585314e+00
1.019769344035395875e+00
1.034439985793796923e+00
9.513405543844488665e-01
1.478515598160426436e-01
-1.772582203977579596e-03
4.256077134777314086e-01
5.767855031574296021e-01
4.633717004284574337e-01
1.541350625847409672e-01
-9.953146341375895823e-03
3.285368436335292519e-01
6.405670509329532969e-01
7.657219602154374805e-01
6.961530963605948585e-01
6.180499288658789503e-01
3.505235950192752137e-01
-4.127385464293731321e-02
-3.388954304353293256e-01
-4.568787417989906841e-01
-1.491975875168445320e-01
3.643242496971235145e-01
6.119367076326702737e-01
4.551637285929622800e-01
1.061724919249746879e-01
1.489117305451590489e-01
6.748491037120838421e-01
9.150316230021722230e-01
1.031159939865682773e+00
1.162804470716741978e+00
1.308578332762516450e+00
1.569488716263455430e+00
2.044417584689333545e+00
2.514205651183486268e+00
2.796944299128750977e+00
2.919682686642753655e+00
3.128155738468179514e+00
3.543340704298290955e+00
3.472469133715409217e+00
2.896033983624504593e+00
1.840196938074352584e+00
-6.096614834208158307e-02
8.600446511794304083e-01
1.317096000377007359e+00
2.818219431041426581e-01
-7.668558119559099051e-01
2.433608808533302970e+00
4.869114730940578006e+00
5.541615260340910787e+00
4.717858388285863569e+00
2.809804769242846501e+00
9.569152351018934688e-01
5.618127623150748207e-02
-1.642213326941972529e-01
3.286168588220306219e-02
-1.987439316143813084e-01
-8.090038168317783551e-01
-9.847806566311931853e-01
-6.903859907304634724e-01
-4.880597664563984805e-01
-4.924142525536537862e-01
-7.633366971272906865e-01
-1.535605033001624431e+00
-2.445697978070073830e+00
-2.952894356326867698e+00
-2.635980781713407772e+00
-1.537320910929065310e+00
-5.091463566851588407e-01
-1.463588939008496626e+00
-2.198005430030707252e+00
-2.365095996790039568e+00
-1.979838786372952963e+00
-3.359779968656503080e+00
-5.773803851572463230e+00
-6.958088006526368829e+00
-5.864862944231205688e+00
-2.870898539336185884e+00
4.973913954634711088e-01
-1.399621981846068008e+00
-2.535069752588173131e+00
-1.628743200498062871e+00
5.450347099229506664e-01
-3.301187666727829484e-01
-1.411665981381508672e+00
-1.562806644899752406e+00
-9.932448748948652373e-01
-2.829074493540584267e-01
2.142263447628339756e-02
-5.692301672925341727e-01
-1.257004318705619239e+00
-1.270933589144257470e+00
-2.379707848371421797e-01
1.455099689539663954e+00
1.486569493844049017e+00
1.082843803301810404e+00
8.925475593375553629e-01
1.181209532792617090e+00
1.967935427787506075e+00
2.151051730712992160e+00
-1.281477303006516966e+00
-2.820719298966722022e+00
-8.708417905181204954e-01
9.600796341652880761e-01
-3.165589891813801238e+00
-6.927685823850922020e+00
-6.687655055431497964e+00
-4.253079845070950604e+00
-1.284564006442032280e+00
-1.791485708885400818e-01
-1.385341394856832720e+00
-2.100458246324076406e+00
-1.450393870770476434e+00
3.679481857058213290e-01
-1.913629896806554598e-01
-1.338768594596835282e+00
-2.270863828304532817e+00
-2.622099225255365429e+00
-1.325366235421913785e+00
3.804712365736229174e-01
1.383205954122237236e+00
1.656059062058821363e+00
1.063787910047515162e+00
-1.329603083992687562e-01
-1.338920362125367580e+00
-4.840566178561498401e-01
3.285432718688350295e-01
4.716751318831076123e-01
-6.483189581092209108e-01
-3.750517046405512644e-01
1.377951345910858105e+00
3.022946554223119087e+00
3.960478657698617511e+00
3.846768907781761726e+00
2.709398004283068317e+00
1.102750289064169609e+00
6.176754024196040582e-02
1.611125639132622300e-01
8.126997206217843051e-01
1.397021838156012219e+00
1.009202697186701414e+00
7.350355366274263780e-02
8.592022863049267878e-01
1.986312061279461805e+00
2.251248727008425377e+00
1.820977279494119028e+00
1.031506004249801656e+00
2.073389867344417326e-01
-1.172952207544294412e-01
1.938829717874467340e-01
4.969474670732924038e-01
7.319534509115365184e-01
9.774356480846294604e-01
9.855321520103315081e-01
6.890205832713991452e-01
2.663676712017013504e-01
5.594250905181807898e-02
-8.435727581696528254e-03
-9.799995062379196487e-02
-2.575439472754728065e-01
-4.526939754185995146e-01
-4.109657847594572755e-01
-2.418400104934296246e-01
-7.355891888614263241e-02
1.042004945646912706e-01
9.814000915123449742e-02
-1.125123256522103654e-01
8.669569549943412223e-03
2.408491986933755657e-01
2.971604563778443286e-01
1.887346853472604558e-01
-6.867667757503037596e-02
-3.541740319670605430e-02
3.338109788953813606e-01
4.110055951064677249e-01
2.401440115894615257e-01
9.104925272034347650e-01
2.186422337771772195e+00
3.785926550617005670e+00
5.422427479775241643e+00
6.212548773270444080e+00
5.609646059793776729e+00
3.220115667937395010e+00
1.153302284494777119e-01
9.897618798116794014e-01
1.534955109579860366e+00
4.624696948602855517e-01
-9.463137393512153217e-01
1.143085713214432086e+00
2.595823448440579106e+00
3.570136903907021875e+00
2.974660074741272808e+00
1.872219007422442072e+00
1.417086110337963500e+00
1.435579764383883461e+00
1.216191171654670278e+00
1.762051148680345847e-01
-2.182590896438654227e+00
-4.099259460643515318e+00
-4.868399165676441598e+00
-4.694702143060358601e+00
-3.719621678735348880e+00
-2.402659338474993689e+00
-1.170469000733267428e+00
-2.403516946004522481e-01
-2.807042789153646467e-02
-6.107563647516507377e-01
-1.973800578242037584e+00
-3.378884873926048193e+00
-3.817137943151049928e+00
-3.375378156027700527e+00
-2.686542043303116856e+00
-1.838678023491856717e+00
-8.643401702263509012e-01
-2.479099417619943235e-01
-1.018646090961201622e+00
-2.656079889182422882e+00
-4.082083452213873365e+00
-4.622925341854836390e+00
-3.658398892339593811e+00
-1.842328548140761191e+00
-4.405313353308959456e-02
7.974282545300732661e-01
-8.831475155365098306e-01
-2.211791652838943634e+00
-2.944272013242445141e+00
-3.428064002310745373e+00
-3.234599410191830948e+00
-2.354914150005384954e+00
-1.441402334436532540e+00
1.598799906512306856e+00
7.105984901289563727e-01
1.288126268636191174e+00
2.586668373265036625e+00
3.356350603612623384e+00
3.280213708520015814e+00
2.577474028660477590e+00
2.393763016814931088e+00
3.201361299148339334e+00
4.229967291673095708e+00
4.645569340863856311e+00
4.454511805113416045e+00
3.947659267152318741e+00
3.488404745391799899e+00
3.426338982671426781e+00
3.718750200448867727e+00
3.561826506329143438e+00
2.933341225540779362e+00
2.910108024191392140e+00
3.121624013170229084e+00
2.375992515572503017e+00
1.129855051667306487e+00
2.142133288514854073e+00
3.057897165924207794e+00
3.412505240882285573e+00
3.823885780548619717e+00
4.227632906479496633e+00
4.261861133126231493e+00
4.074606096747172224e+00
3.910524370151329698e+00
3.551495406053948756e+00
3.354536203590223753e+00
4.613625580813499383e+00
6.161712376072578046e+00
6.099855351518795210e+00
4.178163248478369063e+00
1.931404500147998915e+00
2.089786584534811364e+00
3.032218786737102434e+00
3.157950128667670775e+00
2.506823677899748137e+00
1.322681329826979724e+00
1.635288157929763342e+00
2.881028971307491915e+00
3.090902636890520583e+00
2.544640861235259788e+00
1.827342006422900456e+00
1.308147437575288174e+00
0.000000000000000000e+00
0.000000000000000000e+00
0.000000000000000000e+00
0.000000000000000000e+00
0.000000000000000000e+00
0.000000000000000000e+00
0.000000000000000000e+00
0.000000000000000000e+00
0.000000000000000000e+00
0.000000000000000000e+00
0.000000000000000000e+00
0.000000000000000000e+00
0.000000000000000000e+00
0.000000000000000000e+00
0.000000000000000000e+00
0.000000000000000000e+00
0.000000000000000000e+00
0.000000000000000000e+00
0.000000000000000000e+00
0.000000000000000000e+00
0.000000000000000000e+00
0.000000000000000000e+00
0.000000000000000000e+00
0.000000000000000000e+00
0.000000000000000000e+00
0.000000000000000000e+00
0.000000000000000000e+00
0.000000000000000000e+00
0.000000000000000000e+00
0.000000000000000000e+00
0.000000000000000000e+00
0.000000000000000000e+00
0.000000000000000000e+00
0.000000000000000000e+00
0.000000000000000000e+00
0.000000000000000000e+00
0.000000000000000000e+00
0.000000000000000000e+00
0.000000000000000000e+00
0.000000000000000000e+00
0.000000000000000000e+00
0.000000000000000000e+00
0.000000000000000000e+00
0.000000000000000000e+00
0.000000000000000000e+00
0.000000000000000000e+00
0.000000000000000000e+00
0.000000000000000000e+00
0.000000000000000000e+00
0.000000000000000000e+00
0.000000000000000000e+00
0.000000000000000000e+00
0.000000000000000000e+00
0.000000000000000000e+00
0.000000000000000000e+00
0.000000000000000000e+00
0.000000000000000000e+00
0.000000000000000000e+00
0.000000000000000000e+00
0.000000000000000000e+00
0.000000000000000000e+00
0.000000000000000000e+00
0.000000000000000000e+00
0.000000000000000000e+00
0.000000000000000000e+00
0.000000000000000000e+00
0.000000000000000000e+00
0.000000000000000000e+00
0.000000000000000000e+00
0.000000000000000000e+00
0.000000000000000000e+00
0.000000000000000000e+00
0.000000000000000000e+00
0.000000000000000000e+00
0.000000000000000000e+00
0.000000000000000000e+00
0.000000000000000000e+00
0.000000000000000000e+00
0.000000000000000000e+00
0.000000000000000000e+00
0.000000000000000000e+00
0.000000000000000000e+00
0.000000000000000000e+00
0.000000000000000000e+00
0.000000000000000000e+00
0.000000000000000000e+00
0.000000000000000000e+00
0.000000000000000000e+00
0.000000000000000000e+00
0.000000000000000000e+00
0.000000000000000000e+00
0.000000000000000000e+00
0.000000000000000000e+00
0.000000000000000000e+00
0.000000000000000000e+00
0.000000000000000000e+00
0.000000000000000000e+00
0.000000000000000000e+00
0.000000000000000000e+00
0.000000000000000000e+00
0.000000000000000000e+00
0.000000000000000000e+00
0.000000000000000000e+00
0.000000000000000000e+00
0.000000000000000000e+00
0.000000000000000000e+00
0.000000000000000000e+00
0.000000000000000000e+00
0.000000000000000000e+00
0.000000000000000000e+00
0.000000000000000000e+00
0.000000000000000000e+00
0.000000000000000000e+00
0.000000000000000000e+00
0.000000000000000000e+00
0.000000000000000000e+00
0.000000000000000000e+00
0.000000000000000000e+00
0.000000000000000000e+00
0.000000000000000000e+00
0.000000000000000000e+00
0.000000000000000000e+00
0.000000000000000000e+00
0.000000000000000000e+00
0.000000000000000000e+00
0.000000000000000000e+00
0.000000000000000000e+00
0.000000000000000000e+00
0.000000000000000000e+00
0.000000000000000000e+00
0.000000000000000000e+00
0.000000000000000000e+00
0.000000000000000000e+00
0.000000000000000000e+00
0.000000000000000000e+00
0.000000000000000000e+00
0.000000000000000000e+00
0.000000000000000000e+00
0.000000000000000000e+00
0.000000000000000000e+00
0.000000000000000000e+00
0.000000000000000000e+00
0.000000000000000000e+00
0.000000000000000000e+00
0.000000000000000000e+00
0.000000000000000000e+00
0.000000000000000000e+00
0.000000000000000000e+00
0.000000000000000000e+00
0.000000000000000000e+00
0.000000000000000000e+00
0.000000000000000000e+00
0.000000000000000000e+00
0.000000000000000000e+00
0.000000000000000000e+00
0.000000000000000000e+00
0.000000000000000000e+00
0.000000000000000000e+00
0.000000000000000000e+00
0.000000000000000000e+00
0.000000000000000000e+00
0.000000000000000000e+00
0.000000000000000000e+00
0.000000000000000000e+00
0.000000000000000000e+00
0.000000000000000000e+00
0.000000000000000000e+00
0.000000000000000000e+00
0.000000000000000000e+00
0.000000000000000000e+00
0.000000000000000000e+00
0.000000000000000000e+00
0.000000000000000000e+00
