-2.533966064453125888e+00
-1.250570841328923155e+00
3.979863622598760475e-01
1.747425544223681682e+00
1.999729277582162901e-02
-1.438587097931291359e+00
-7.209622334499848906e-01
-3.301388095708960302e-01
-6.489924779383381415e-01
-1.090039958817793364e-01
1.456642707965857486e+00
1.242520914448779656e+00
6.491919855161132347e-02
-1.063094438125656627e+00
-1.344691331590539107e+00
1.192568794950097377e-01
1.155662215124692249e+00
-2.337243369698260853e-01
-1.582951885767469369e+00
-2.122023371728605667e+00
-7.515125875668807742e-01
9.629612406940940561e-01
1.306945229700851030e+00
5.277351913500468727e-01
5.437475073691449001e-01
-2.197712681504488952e-01
-5.690035809058211491e-01
1.919192758985897029e-01
6.463309597057154132e-01
4.941148790646732181e-02
-8.756772116005726581e-01
-1.075150666593594817e+00
-3.694980287630237337e-01
1.213403334530246958e-01
2.255839461740970497e-01
3.255094679714898298e-01
2.105687455213289816e-01
-5.099643993142910503e-02
-2.705929244758220609e-01
-4.573287821053477753e-01
-5.477646029578093767e-01
-4.844301692222043876e-01
-2.343288288449651979e-01
-1.833628936862345959e-01
-3.766838899185152023e-01
-5.114274473482516292e-01
-1.719722288320377768e-01
4.016966116983282653e-01
4.190235978303522568e-01
-9.815225338775146469e-02
-1.273980586303707918e-01
4.674285519598149197e-01
7.151969036203120744e-02
-1.949642168635858930e-01
-7.776770027898971538e-02
3.446504097257797605e-01
-1.132950123467059145e-01
-7.039802571674962373e-01
-5.721834633120249647e-01
-1.483489901724593940e-01
3.112720291433845876e-01
7.703650242432225070e-01
7.803361927151275523e-01
-1.784228255030797516e-01
-8.787203918023576144e-01
6.277028490005631678e-02
1.001243701575218248e+00
3.496447313324246853e-02
-6.149955257477176529e-01
-3.976592621154267926e-01
-2.124775965657887400e-01
-6.096750112267851351e-01
-5.687046392812999951e-01
-1.651613106292473265e-01
-5.925974590293616728e-01
-8.361218560412798650e-01
-6.892647276282665159e-01
-4.156452160295645015e-01
2.112603857891530712e-01
9.444949601740627587e-01
2.407665559894449636e-01
-1.245932945230007638e+00
-1.126527633671226436e+00
7.871222517519947948e-01
-4.539391820102300912e-02
-1.378195954698534953e+00
-7.696954256287286134e-01
1.762431631486138794e-02
-6.908947321663501118e-01
-9.207668352596509731e-02
7.891745145774100578e-01
5.468674703068709952e-01
-2.335309350337940737e-01
-7.260440229228914966e-02
4.747051991650478864e-01
-3.228814113714093548e-01
5.743005737350315165e-01
1.708174860174734633e+00
1.769230159818639514e+00
4.940605123613495131e-01
-9.662637929346133969e-01
1.924095893937565194e+00
1.485258112180442680e+00
-2.665338666938614764e-01
-1.660670457656722387e+00
-1.240871116148507314e+00
2.197493336568015765e-01
-8.769544710920817998e-01
-2.603726739035662430e+00
-3.476029168605116126e+00
-2.109178416872853123e+00
6.625775503387649756e-01
1.841527122119689830e+00
2.599285673668020102e+00
1.292638845391918423e+00
-7.720665730368554414e-01
-2.656326079894552272e+00
-1.312671223275055699e+00
2.726282725367837223e+00
1.634931369467126583e+00
1.115402733358635601e+00
4.769739660092922051e-01
-7.109308835563235007e-01
-1.917132082861527698e+00
9.871054757798192192e-01
1.796204046990792724e+00
4.308680930781640939e-01
-4.370639369488824588e-01
-4.519065215072159969e-01
-3.483153474879741029e-02
8.745259933726057255e-02
-6.759528995940311535e-02
-2.071399479990677639e-01
-7.869045113410300107e-02
-8.507175190881099969e-02
-4.174961743268449377e-01
7.909912281710496096e-02
5.898854782312032974e-01
5.183862855961454130e-01
-1.849790789879932618e-01
-8.135762925060396888e-01
-3.430052479362067919e-01
4.910353231660532503e-01
-3.241654390338122305e-01
-8.644193346193229655e-01
-8.207478332154332090e-01
-3.894766590488325519e-01
1.584465309314997405e-02
2.357741154577059906e-01
4.115396613163659900e-01
3.411640669057333097e-01
3.648363340682070355e-02
5.674007247463755954e-01
3.008521417902609851e-01
-4.378311739121105717e-01
-1.894074210111020840e-01
4.681385743825012824e-01
9.575860241812632623e-01
8.029530299206855126e-01
3.715944933105745918e-01
1.617030535105725697e-01
-3.281352796485816903e-01
-1.097346753801192065e+00
-1.755362741648117009e+00
-1.762166430327427147e+00
-1.332500839058485376e+00
-1.639072288502120056e+00
-2.761050534993685801e+00
-3.520381349739392984e+00
-3.174495671687596055e-01
1.311194282622645257e+00
-1.723355781689646093e-01
-1.084962539663678394e+00
-7.237367490982595797e-01
1.385684854675165223e+00
1.659282174572939805e+00
8.199788182170428819e-01
-4.259913088331288566e-01
4.412497489330572398e-01
5.351481000272242383e-01
-7.036744427564336490e-01
-1.960784224169475731e+00
-2.859258221680416767e+00
-4.049241383975130226e+00
-3.621328329945836089e+00
-3.247902209609390134e-01
3.607877822212795405e+00
1.414356258186746373e-01
-2.517412208105815452e+00
-1.273366162393952283e+00
-2.204813903835178834e-01
-1.073009795631195917e+00
-1.528094232270722053e+00
-1.683162254493567600e-01
1.191414985917084612e+00
-2.741712106032823115e-02
-6.137076368398652892e-01
-2.849866899576798396e-01
-1.447999708184739553e-01
-2.736055971104414120e-01
-7.160449426403596718e-01
-1.023697850585248093e+00
-6.051361580658987105e-01
-6.034622939714466838e-01
-7.856393597166088094e-01
3.636894150966922812e-01
4.095044854256300049e-01
-2.656047435583603900e-01
-1.170204236437342171e+00
-1.213093610536762013e+00
2.084145749398338410e-01
2.117359098070674683e-01
1.497975740287449398e-01
1.182562255730824408e+00
-2.251598445143402127e+00
-3.317453275682407110e+00
-2.863530727938444986e+00
-1.820841136045476372e+00
-1.747375839123521235e+00
-2.550439091082929544e+00
-4.315223826225913495e-01
2.877651952339623342e+00
1.684375072776118643e+00
-1.974206865536722866e-01
-1.172748671029842926e+00
3.008149586859582003e-01
3.844124582496044606e-01
-2.473178987199444734e-01
-4.412554870523026640e-01
-5.995038586246403955e-01
-7.509281786520616286e-02
-6.616537477747064244e-01
-1.823863155606487041e+00
-3.030279310821333283e+00
-2.832595582705038417e+00
-1.336082011589674767e+00
-4.439976324489736115e-02
1.216098184492060419e-01
-5.893908407527002069e-01
-5.751410508580487857e-01
7.183006638611302286e-01
1.269355025461447628e+00
2.190298533072487785e-02
-1.220419857279486875e+00
-8.917002822044430843e-01
-6.714324806826743597e-01
-7.067309428165748919e-01
8.199720684302372886e-01
1.441700347682549843e+00
9.068846364308494890e-01
4.544592484039882141e-01
1.173382110626097763e-02
-5.314517845430299925e-01
-9.532127261780476424e-01
-1.078416914287863015e+00
-1.028265299239884190e+00
-8.245448917881446071e-01
5.580993726963079382e-01
1.047556877069551806e+00
6.410390843442210773e-01
5.048056623593133452e-02
-6.113958039453808446e-01
-1.230461105592930871e+00
-9.637856165477800552e-01
-2.629751224019402089e-01
2.307849888134116401e-01
8.048975527884316694e-02
-8.061752631815799486e-02
1.552059169937789473e-01
5.663211521526780867e-01
9.556135668248494364e-01
1.061802737712322031e+00
6.291589818418668045e-01
-4.037333575934465291e-01
-2.667400128368138112e-01
2.661870132517477394e+00
2.734495810982219499e+00
1.758722911140747414e+00
4.343139192363842938e-02
-1.473691828369118273e+00
-2.299727637978457029e+00
1.046756335225061285e+00
1.139455789517501039e+00
-2.651535276077110481e-01
-9.573195361340549603e-01
-6.604038051821774502e-01
2.910873744445817701e-01
1.366580891169765777e-01
8.547964794590612314e-01
-1.699179125624019626e-01
-2.730733342359768834e+00
-4.708232013899955604e+00
-1.330993453961496042e+00
3.505981520926336525e+00
2.924083112729472411e+00
5.778047573747269183e-01
-2.657274371785724565e+00
-4.113458513187662646e+00
1.518719005355888996e+00
3.228213431852186677e+00
1.359511770382425766e+00
-7.427730423272369542e-01
-1.894117626256294429e+00
-8.061791391276961205e-01
-2.937885117343076447e-01
2.597054545178625884e-01
5.542898166405222371e-01
5.689309051345673440e-01
4.059226087894227120e-01
-2.398624096200230871e-01
-3.063496309943776197e-01
-2.996351400307498691e-01
-2.735572894701364111e-01
-3.056091196116290654e-01
-4.715196328113038238e-01
-4.702541232706594077e-01
4.154813623640974951e-01
4.450194719814293265e-02
-1.690050475190167933e-01
-8.219858592089201998e-02
-2.010930940050191795e-01
-9.104118233268058136e-01
-9.876231954777568989e-01
-7.066851549697485968e-01
-7.350189977032777211e-01
-7.906262869245090918e-01
-2.008964741161998468e-01
-2.830045153082961229e-01
-6.927022058776552971e-01
-1.650439148922629995e-01
4.043791133120570036e-01
1.412329833525123313e-01
-4.138106541158392826e-02
3.404737104829929084e-01
3.069605511934274666e-01
4.055698706829009570e-01
6.205917737219230901e-01
5.650561461668863750e-01
-1.572071301130074650e-01
-6.905913401334621282e-01
-8.081841405143292967e-01
-7.297423741068044256e-01
-3.980387040002349996e-01
2.716450857845202904e-01
5.590140303090587182e-01
-3.259566970287808285e-02
-3.594063535109122132e-01
-3.657746389549189070e-01
4.855501904939637514e-01
1.000115287153226840e+00
1.089304586141177200e+00
8.344167768098884608e-01
5.194497356962735068e-01
1.719472888496307306e-01
-3.297519903659340557e-02
-4.489617415197209027e-01
-9.848050656184588192e-01
-8.854989107655826253e-01
-5.694125050868865667e-01
-6.271844295058248697e-01
-7.606603094061816783e-01
-4.899622245422501354e-01
-2.030244956885591812e-01
-1.566069731741660531e-01
-2.127595444796253066e-01
3.354917064659523884e-02
4.162229450327308844e-01
4.710012582898002176e-01
2.396386956911640276e-01
-1.509086135332471379e-01
-5.885571798746529470e-01
-8.913663722753333296e-01
-8.012352377916776014e-01
-6.427389617099139585e-01
1.271625913639055083e-01
1.397219992457311655e+00
1.207174863029668588e+00
7.806072562006661775e-01
-8.305849539385790070e-02
-4.957365573890015753e-01
-1.006404413000513642e+00
-1.190042868779336294e+00
-8.354166142437422504e-01
5.778775589285367609e-02
1.313579748776652067e-01
-3.727150191615846708e-02
-4.063863820646629321e-02
-6.379867316504839181e-02
9.307952170410804804e-02
3.935423454050952508e-01
-2.999570651980355551e-01
-7.245940910844154148e-01
-8.297544507536080971e-01
6.231945514502101879e-02
3.685325560567389580e-01
7.448555916083643424e-01
1.088636636585908812e+00
-1.678205952427126446e+00
-2.669727840440533129e+00
0.000000000000000000e+00
0.000000000000000000e+00
0.000000000000000000e+00
0.000000000000000000e+00
0.000000000000000000e+00
0.000000000000000000e+00
0.000000000000000000e+00
0.000000000000000000e+00
0.000000000000000000e+00
0.000000000000000000e+00
0.000000000000000000e+00
0.000000000000000000e+00
0.000000000000000000e+00
0.000000000000000000e+00
0.000000000000000000e+00
0.000000000000000000e+00
0.000000000000000000e+00
0.000000000000000000e+00
0.000000000000000000e+00
0.000000000000000000e+00
0.000000000000000000e+00
0.000000000000000000e+00
0.000000000000000000e+00
0.000000000000000000e+00
0.000000000000000000e+00
0.000000000000000000e+00
0.000000000000000000e+00
0.000000000000000000e+00
0.000000000000000000e+00
0.000000000000000000e+00
0.000000000000000000e+00
0.000000000000000000e+00
0.000000000000000000e+00
0.000000000000000000e+00
0.000000000000000000e+00
0.000000000000000000e+00
0.000000000000000000e+00
0.000000000000000000e+00
0.000000000000000000e+00
0.000000000000000000e+00
0.000000000000000000e+00
0.000000000000000000e+00
0.000000000000000000e+00
0.000000000000000000e+00
0.000000000000000000e+00
0.000000000000000000e+00
0.000000000000000000e+00
0.000000000000000000e+00
0.000000000000000000e+00
0.000000000000000000e+00
0.000000000000000000e+00
0.000000000000000000e+00
0.000000000000000000e+00
0.000000000000000000e+00
0.000000000000000000e+00
0.000000000000000000e+00
0.000000000000000000e+00
0.000000000000000000e+00
0.000000000000000000e+00
0.000000000000000000e+00
0.000000000000000000e+00
0.000000000000000000e+00
0.000000000000000000e+00
0.000000000000000000e+00
0.000000000000000000e+00
0.000000000000000000e+00
0.000000000000000000e+00
0.000000000000000000e+00
0.000000000000000000e+00
0.000000000000000000e+00
0.000000000000000000e+00
0.000000000000000000e+00
0.000000000000000000e+00
0.000000000000000000e+00
0.000000000000000000e+00
0.000000000000000000e+00
0.000000000000000000e+00
0.000000000000000000e+00
0.000000000000000000e+00
0.000000000000000000e+00
0.000000000000000000e+00
0.000000000000000000e+00
0.000000000000000000e+00
0.000000000000000000e+00
0.000000000000000000e+00
0.000000000000000000e+00
0.000000000000000000e+00
0.000000000000000000e+00
0.000000000000000000e+00
0.000000000000000000e+00
0.000000000000000000e+00
0.000000000000000000e+00
0.000000000000000000e+00
0.000000000000000000e+00
0.000000000000000000e+00
0.000000000000000000e+00
0.000000000000000000e+00
0.000000000000000000e+00
0.000000000000000000e+00
0.000000000000000000e+00
0.000000000000000000e+00
