-1.967834472656249778e+00
-2.589014152664224078e+00
-2.674350645850683605e+00
-1.924096549531611799e+00
-1.793362737205205448e+00
-1.421271161771736624e+00
-2.645040128804022617e-01
6.091646349688510931e-01
3.943077739077824884e-01
-3.430322769595791077e-01
-1.698113495343668289e+00
-1.933804778937359581e+00
-1.155547521458607507e+00
-2.298304536470757498e+00
-2.320345209857519464e+00
-4.875741957746430044e-01
-8.045750888236042897e-01
-1.826712693228729645e+00
-1.387166655405381643e+00
-1.273065765914333514e-01
-1.082069998486522966e+00
-2.754220217418898997e-01
-1.477881760551052359e+00
-2.098580293614725534e+00
-1.602654020935285306e+00
-6.695531345699776704e-01
-4.279241067370178619e-01
-5.217253813643230043e-01
-1.301653714976757303e+00
-2.433541181133361153e+00
-1.872081298762232393e+00
-6.348947418014683208e-02
-9.314125334772509479e-01
-1.735076281396608522e+00
-1.163396241561982514e+00
-7.233682110553826261e-01
-2.144344108646459635e+00
-1.603206397330861677e+00
-1.082608302230248842e+00
2.050755153465295244e+00
5.076258969283347966e+00
4.790455039973237739e+00
1.022614134846589806e+00
2.418434643301416997e+00
5.403689171605665642e+00
5.328396569651475012e+00
2.209176495476166124e+00
-1.080496514662245833e-01
1.219958862400972510e+00
8.209729190833945367e-01
5.443767140795034987e-01
-5.747928463678697586e-01
-6.742471847314386313e-01
1.366411904134890998e-01
-7.714596833269725673e-01
-8.603145904746706263e-02
-1.439552081543198359e-01
-1.678679836823252725e+00
-9.287209988897824342e-01
-4.318665847392437751e-01
-1.825493913935056556e+00
-2.762888538658952786e+00
-4.269524357122085334e-01
1.039478272803208814e+00
-5.096729219794249310e-01
-1.815140225430603493e+00
-3.793071027629283387e-01
5.221214784729344416e-02
-6.108330703337552237e-01
-2.055994237017870763e-01
-2.838254373013282539e-01
-2.533591089003472963e-03
-4.486808251501998024e-01
-1.044285750839045512e+00
-4.488047292729372972e-01
-5.627874948794248100e-01
-1.500971103987975841e-01
9.409246056638355116e-01
1.289078151441047426e+00
4.755995672465108681e-01
4.321092409915086030e-01
-1.686087541928715794e-02
1.871479012875056913e-01
3.587050666033975155e-02
-9.251282416249118068e-01
-1.150287357178764180e-01
6.373710244835777416e-01
9.417321486062086855e-01
3.285364979467607638e-01
-3.168901908576010618e-02
4.666597146315849542e-01
4.766344273963816214e-01
8.933661381973617699e-01
7.426055668138837884e-01
-5.648359511618521456e-01
-8.160973071443566873e-01
-2.057277325853418937e+00
-3.962084385425427513e+00
-3.572362364834788639e+00
2.509426347837875326e-01
2.049783697966396367e-01
-3.167311373661016116e+00
-7.227944938425676646e+00
-9.719700258399157633e+00
-7.544904820072259710e+00
-2.081980400693463906e+00
-1.517695772830756074e+00
-7.806207827757171813e+00
-8.204809651315265739e+00
-5.486628701250330309e+00
-1.115476522993552599e+00
9.964095632066980457e-01
8.291462700171203792e-01
3.326984956208023814e+00
3.250280566136141580e+00
5.816716896517593050e-01
-4.415504435651471660e-01
1.564453677421250521e+00
-2.781740817088391715e-01
-1.166681230685080450e-01
-9.712596735333902664e-01
-4.526395101813344368e+00
-3.248526324254122688e+00
-1.023174148994035582e+00
-5.051989612992711098e-01
-9.003957665464382698e-01
-1.384280739009542405e+00
-8.020080972645344808e-01
-1.053828274794539777e+00
-7.493425731905145604e-01
-2.109493338171737786e+00
-2.817384811687083435e+00
-3.677169284749033373e-01
-5.425338944022225718e+00
-6.169594794196456178e+00
-3.941044256042930627e+00
-3.065807621377805603e+00
1.929696303556518444e-01
2.387524469886930234e-01
-2.389353811674972405e+00
-4.311556174087909810e+00
-4.103383398334310428e+00
-7.715868478350835780e-01
-3.596041588616608831e+00
-7.118302818924513886e+00
-5.705476001143606979e+00
-2.673029204763711419e+00
-9.670104881112902007e-01
-9.728123448170662435e-01
-2.345984005624051072e+00
-3.576512715963649391e+00
-3.496873904903837538e+00
-2.267335812494307046e+00
-2.527608009620158303e+00
-2.755473002315145692e+00
-1.540533609774032531e+00
-9.508854421158503545e-01
-1.335080161225945750e+00
-7.002446332492662240e-01
7.457609105366516111e-01
8.619781067165883659e-01
1.272413302476483654e+00
3.652262051793752629e-01
-7.001620259728095208e-01
-1.275117475180708726e-01
5.310353615721108422e-01
-2.836154850640504321e-02
-1.096921156908785555e+00
4.952008185493652626e-01
2.320776861266513613e+00
3.056729153012168965e+00
1.213124272998895359e+00
1.067269094237820681e+00
5.510874833211275359e+00
6.661163207435087052e+00
4.081136421993440067e+00
-4.169316702328491608e-01
2.701613684948000582e+00
2.907783419964292904e+00
7.865944534093749496e-02
-2.222742778259763519e+00
-8.892200769078226763e-01
-1.297032832099553668e+00
-7.616091551066084264e-01
-4.374465470269798262e-01
-7.559092291670629349e-01
3.996568046987096778e-01
1.388152470480378042e+00
5.390378362945693613e-01
7.426294319097794805e-01
7.959393013217996860e-02
-6.348685424691034029e-01
-2.576999508306634379e-01
3.240746288701848998e-01
5.244333299864514242e-01
2.459127745816410693e-01
5.133790454524280733e-01
7.512746955445498420e-01
3.892008597770104661e-01
1.865543105078549257e-01
-2.126320487747985766e-01
-2.021875972924551679e-01
-2.778272822218030846e-01
-7.619500349756430646e-01
-8.589030073862862213e-01
-1.725842623491726791e-01
3.558637470128508951e-01
4.477378424438005489e-02
8.495822560530355005e-01
1.186726795954999858e-01
-3.244155779045407861e-01
-1.687783238287166032e-01
-3.570689319145821106e-01
-1.622163475722555592e-01
-1.262636239346699440e-01
-1.208891137192678489e+00
-1.853589700319131062e+00
-7.787190620942877617e-01
-2.739066941674712652e-01
-6.658657547353021844e-01
-5.024380098413347984e-01
-1.407505159713729581e+00
1.267607347855110866e+00
3.501104092282567581e+00
2.909257845251909558e+00
-4.092347554344355487e-02
4.438323918079590591e+00
6.656833299676684135e+00
5.340270497311601972e+00
1.322762826297262162e+00
1.869353153512404830e+00
3.237007957113786194e+00
2.542036189117871103e+00
1.625841136151399580e+00
-3.288781359227211376e-01
-4.299596092332749198e-01
2.104408518897098457e-01
-4.762662914490226052e-01
-1.600121442633892777e+00
-9.730930750902844206e-01
-6.935639793777383932e-01
-1.537741466138914159e+00
-1.892066184091194536e+00
-2.544137229508367515e+00
-3.498620959375978057e+00
-3.159851397417037244e+00
-2.160801760658203730e+00
-1.942938507202315979e+00
-2.607756651080730403e+00
-3.634485397307281485e+00
-5.439196821847231078e+00
-6.909406369445640017e+00
-3.674426075780054202e+00
-1.375435690301287650e+00
-5.511935866174027865e+00
-8.163139258388621755e+00
-1.006802332367508335e+01
-8.137973987960737787e+00
-6.144331761599159947e+00
-8.564727489652062431e+00
-9.296273005123783406e+00
-7.715491838930926605e+00
-1.747951464592656379e-01
4.665936826894188982e+00
-1.404652511199229181e-01
2.525843160941837695e+00
6.490550414369909760e+00
3.866297328621068452e+00
5.272996757894246045e-01
2.108753521911328477e+00
2.981193265993693942e+00
1.945821885035186938e+00
-1.154006970064236359e+00
-3.530732086214522614e+00
-4.218904268900439902e+00
-3.668914703598393334e+00
-3.503415942236120628e+00
-2.485657423995869308e+00
1.325862847384174703e+00
1.652131768352695929e-01
-1.209613974107779821e+00
9.320877410321068979e-01
2.923854671925628868e+00
2.901939109026357766e+00
1.553797774406091570e-01
-4.478638038487430251e+00
-7.312027935550222679e+00
-6.053370296241037174e+00
-4.004655182058585616e+00
-3.011067506243481517e+00
-2.218442278664046974e+00
-4.677043085531559896e+00
-5.676879487079792952e+00
-4.598678993563883211e+00
-3.730963634324626632e+00
4.652216378374856021e-01
1.174609451520852499e+00
-2.561023229834680670e+00
-5.060904011305608741e+00
-4.618742315830377976e+00
-1.951869771039563162e+00
9.977858189196184835e-01
2.203809004070787392e+00
7.698647622637001531e-01
1.119235001698807075e+00
2.324678009417179503e+00
2.026756300647857945e+00
3.427335704310422448e-01
4.381076407151097141e-01
6.944506791400313350e-01
2.002150633522603584e-02
-3.634764471633511462e-02
-6.703246674719642861e-01
-7.328094332781209808e-01
2.162116731020229388e-01
1.076602338435022066e+00
1.454935189172235077e-01
-2.466859109499222047e-01
6.018054191542593356e-01
6.436113693132787805e-01
-4.004686442850124983e-02
-3.662924727630129107e-01
7.051224718412107961e-02
7.317457428768155969e-01
1.166738311590023169e+00
-1.052744911895031610e-02
-1.130832631579211878e+00
-1.960583888087641169e+00
-1.147370929805386464e+00
-5.821873623455722235e-01
-2.193771853439746344e+00
-1.265243909935688027e+00
8.669688881232550104e-01
1.709895635656184520e-01
-1.471685483858367949e+00
-2.342920554877563788e+00
-1.633031477028925149e+00
-8.643859777691558222e-01
-1.389255479824191841e-01
3.263431983221997124e-01
-4.231116080938825963e-01
1.573461259329467232e-02
1.047233696063233133e+00
2.477006010935525193e-01
-1.602375622079703410e+00
-1.035174401763069074e+00
-2.031038752689230620e+00
-1.352456889043183175e+00
2.778047837692315669e-01
-5.265597498671898968e-01
7.381688369342297440e-01
1.811547707473094793e+00
2.632136833997415160e+00
2.229596607783101980e+00
-9.228158827967614108e-02
2.308385618989345467e+00
4.495848562698897766e+00
4.237708304876488974e+00
2.974821110630863075e-01
-9.692699700053581946e-01
3.911754583503641136e+00
3.884448999983452389e+00
9.952693141795410092e-01
-1.857742200839335167e+00
-8.564116232710370369e-01
-2.681168648206653682e+00
-2.061419825188992583e+00
-1.200139884220514208e+00
-1.395864746588702410e+00
-6.377561292145930150e-01
-2.059634443521658476e-01
-8.946597936646738525e-01
-2.461011703624337077e+00
-2.135288368977259488e+00
-1.050561475760860564e-01
-8.087978436718890052e-02
8.795263188171164037e-01
-1.227739498685841646e+00
-1.794774506595691488e+00
-2.461679854379361654e-01
2.404087934218437361e-01
-2.043418174754999317e+00
-2.850563656465587847e+00
-1.910637137744293224e+00
-2.210005586410607847e+00
-1.185857395884385435e+00
-2.918963961871938739e-01
-7.455694044681188126e-02
6.648917387482220498e-01
2.896967494537385779e-01
-8.189331822437770914e-01
-1.622479122836975041e+00
-1.666253559060927092e+00
-2.017267934531072449e+00
-1.829504951061153850e+00
7.787216990794777471e-01
4.308590847740393914e-01
1.199548450069173877e-01
2.066478727167116725e-01
2.446693995244297593e-01
2.101094425634768836e-01
0.000000000000000000e+00
0.000000000000000000e+00
0.000000000000000000e+00
0.000000000000000000e+00
0.000000000000000000e+00
0.000000000000000000e+00
0.000000000000000000e+00
0.000000000000000000e+00
0.000000000000000000e+00
0.000000000000000000e+00
0.000000000000000000e+00
0.000000000000000000e+00
0.000000000000000000e+00
0.000000000000000000e+00
0.000000000000000000e+00
0.000000000000000000e+00
0.000000000000000000e+00
0.000000000000000000e+00
0.000000000000000000e+00
0.000000000000000000e+00
0.000000000000000000e+00
0.000000000000000000e+00
0.000000000000000000e+00
0.000000000000000000e+00
0.000000000000000000e+00
0.000000000000000000e+00
0.000000000000000000e+00
0.000000000000000000e+00
0.000000000000000000e+00
0.000000000000000000e+00
0.000000000000000000e+00
0.000000000000000000e+00
0.000000000000000000e+00
0.000000000000000000e+00
0.000000000000000000e+00
0.000000000000000000e+00
0.000000000000000000e+00
0.000000000000000000e+00
0.000000000000000000e+00
0.000000000000000000e+00
0.000000000000000000e+00
0.000000000000000000e+00
0.000000000000000000e+00
0.000000000000000000e+00
0.000000000000000000e+00
0.000000000000000000e+00
0.000000000000000000e+00
0.000000000000000000e+00
0.000000000000000000e+00
0.000000000000000000e+00
0.000000000000000000e+00
0.000000000000000000e+00
0.000000000000000000e+00
0.000000000000000000e+00
0.000000000000000000e+00
0.000000000000000000e+00
0.000000000000000000e+00
0.000000000000000000e+00
0.000000000000000000e+00
0.000000000000000000e+00
0.000000000000000000e+00
0.000000000000000000e+00
0.000000000000000000e+00
0.000000000000000000e+00
0.000000000000000000e+00
0.000000000000000000e+00
0.000000000000000000e+00
0.000000000000000000e+00
0.000000000000000000e+00
0.000000000000000000e+00
0.000000000000000000e+00
0.000000000000000000e+00
0.000000000000000000e+00
0.000000000000000000e+00
0.000000000000000000e+00
0.000000000000000000e+00
0.000000000000000000e+00
0.000000000000000000e+00
0.000000000000000000e+00
0.000000000000000000e+00
0.000000000000000000e+00
0.000000000000000000e+00
0.000000000000000000e+00
0.000000000000000000e+00
0.000000000000000000e+00
0.000000000000000000e+00
0.000000000000000000e+00
0.000000000000000000e+00
0.000000000000000000e+00
0.000000000000000000e+00
0.000000000000000000e+00
0.000000000000000000e+00
0.000000000000000000e+00
0.000000000000000000e+00
0.000000000000000000e+00
0.000000000000000000e+00
0.000000000000000000e+00
0.000000000000000000e+00
0.000000000000000000e+00
