-4.927978515625000000e-01
-5.756906392234262260e-01
-4.143863832155239013e-01
1.643477821996116583e-01
-1.110966730932795299e+00
-3.019374468243495535e+00
-3.531992352784337541e+00
-1.842502451190864976e+00
-1.292298453840216244e+00
-3.556620023401499964e+00
-4.073328641871784228e+00
-2.400644221319145011e+00
1.519597502753988749e-03
-1.056409941105116879e+00
-2.346986303066422863e+00
-1.857630448121404987e+00
-1.998834162993159413e-01
4.401917402410352453e-01
1.515506290050847582e-01
5.871847763834987521e-01
4.595816027154721040e-01
-1.451938862264268160e-02
-1.264374533015363511e+00
-8.151703199448501191e-01
7.014927722743924399e-02
-1.949609995489077319e+00
-2.572330044507212143e+00
-1.259155307368485133e+00
-2.906976950729427411e-01
-5.478954749966563620e-01
-6.893322727187041199e-01
-1.588485009662295111e+00
-1.925647259737014449e+00
-1.401239034405949768e+00
-2.845929539161031752e+00
-4.082253462482248629e+00
-4.515799105390371437e+00
-6.270502241054199288e+00
-6.760326116961250520e+00
-6.363956185694823020e+00
-7.735723696909037272e+00
-7.646183477190144906e+00
-5.153215257467449462e+00
-4.528900300995855943e+00
-5.270534691161429919e+00
-4.722924689338778848e+00
-3.595958208015590962e+00
-3.781769764468394079e+00
-3.230842972676660096e+00
-1.559917773825734155e+00
-3.034553524359032695e-01
-1.421966629243136326e+00
-1.890016127926341660e-02
6.998676833379628981e-01
-8.288025828350256141e-01
-2.197606499656080015e+00
-1.140205102777047896e+00
5.441294264088170074e-02
1.992379656083467232e-01
7.064885580445448010e-01
5.276535156649769798e-01
-1.952695654911708489e+00
-3.896442929874541772e-01
3.793535069289803996e-01
-1.833977655644394300e-01
1.143928733013350740e-01
6.638591429974627367e-01
6.772753479591838710e-01
-9.790394069961760870e-02
-2.223420813991493494e-01
9.098365031773514300e-02
5.066385450747175057e-01
1.618984457591942538e+00
2.447056458248207278e+00
2.832874830870832916e-01
-2.430671439460919458e+00
-2.228085886102888935e+00
-3.462737188438314018e-01
2.778754245746213325e-01
-1.276950710224951324e+00
-6.974036031906652999e-01
-1.276831179467298183e+00
-2.021640781883167648e+00
-2.272824043250930792e+00
-1.804015394286063945e+00
-2.082815274884442402e+00
-9.102111531508521036e-01
7.324931816362094672e-01
-1.560204598368324369e+00
-2.885716414011877617e+00
-3.190511816073488660e+00
-9.656962496729439849e-01
-1.015582261918356100e+00
-8.854290578468053674e-01
-8.259173962580268480e-01
-2.839892940505337027e+00
-3.315729302509555332e+00
7.443166748248764009e-02
1.204851717374745057e+00
6.575585592164310267e-01
5.676463129290354459e-01
-4.690816559287763754e-01
2.224900724688061437e-02
-8.414837601581441895e-01
-6.290621739583597272e-01
5.727971407274858873e-01
1.573572294633436064e+00
1.697289440877381539e+00
1.606595975880657168e+00
-3.920376879504228196e-01
-2.593556338969190467e+00
-9.828836492879546860e-01
2.224648589845982460e+00
1.142443966611373263e+00
6.036727558969980922e-01
3.415766642985718082e-01
-1.097932180116262035e+00
9.307393807682822207e-01
1.372722842640442531e+00
-6.938563338745096232e-01
-3.306417383340453320e+00
-3.507927990351848990e+00
-2.720244433553050456e+00
-4.785334982921972014e+00
-4.824801310843061408e+00
-3.163178090488006688e+00
-4.311070645819048863e+00
-5.923486913918562635e+00
-4.649613201832870857e+00
-2.996667602166851019e+00
-8.025326261142714301e+00
-8.193489402903777474e+00
-3.426888612780825127e+00
1.792308514336325320e+00
-2.641749842357333566e+00
-6.180771849576331967e+00
-5.349969488833244746e+00
-3.557306797130681097e+00
-4.592961788780336896e+00
-3.579536970696768794e+00
-1.581898234729071984e+00
-3.713811309886883016e-01
4.795697901503541694e-01
-1.227384021621211296e+00
-1.778746878693687750e+00
-3.704832152619195185e-01
1.269995809564127054e+00
2.926870323307375621e+00
2.171530361313796842e+00
-5.710440578392850242e-01
-4.212575768252241559e+00
-5.811946527601893564e+00
-5.950436607715252180e+00
-5.093293347837716922e+00
-4.871246540069488873e+00
-4.293793553117141393e+00
-1.909759629582726159e+00
-1.010574839181633600e+00
-1.231205372319978064e+00
-6.019105213661488651e-01
-6.055963727549658060e-01
7.852368765287938146e-01
5.522730073967641040e-01
-3.384061068702974850e+00
-6.004639752655300811e+00
-6.713254253049699471e+00
-6.640731147255511502e+00
-5.069581614685493953e+00
-3.075345747413780639e+00
-1.196064182638142626e+00
-4.301686794165680006e-01
-1.525165513195640976e-01
-6.516829422686956086e-01
-2.417854594830139092e+00
-1.475140092269561443e+00
1.441305504062240672e+00
2.381660784643956585e+00
2.047124196976029431e+00
2.245287979112167154e+00
2.339049089575057305e+00
8.787444167055067368e-01
-1.805198804798896273e+00
-3.300813684146415738e+00
-3.007406993920898497e+00
-1.755981484095304079e+00
8.047557913263048146e-01
2.496671090828304962e+00
2.727290891195427669e+00
2.024299345726227717e+00
1.963323483648432122e+00
3.214723756201097959e+00
4.070678920336899154e+00
3.441506302276075679e+00
2.854542699569425412e+00
2.546529018446262782e+00
1.633608389573657504e+00
5.063434643044959493e-01
-1.035459666153239588e+00
-2.427463034473832160e+00
-2.879012944488285708e+00
-2.756919372578299665e+00
-2.413264010246709113e+00
-2.023723644437815050e+00
-2.541876720493421615e+00
-2.305324212808130380e+00
-1.504534166336670697e+00
-1.429930767352773913e+00
-2.372611054030695499e+00
-3.069318349184551931e+00
-2.392418318685845868e+00
-1.117360983231614036e+00
-6.298882087999992940e-01
-2.486863962580190268e+00
-5.536723377736406881e+00
-6.847285465604298516e+00
-6.814768807684751906e+00
-8.243721670551391156e+00
-8.422535756065691714e+00
-5.579847652004249703e+00
-1.874430247126183335e+00
-2.114786081909677762e+00
-2.965058695622674989e+00
-1.549196156997236784e+00
-1.512620758800128362e+00
-1.881747352128249506e+00
-2.506011065575329599e+00
-4.929556551290191102e+00
-6.855841683971741318e+00
-7.600357348993741269e+00
-7.868449114708603531e+00
-6.589867587905579249e+00
-3.891231008929946888e+00
-2.104098462694641736e+00
-1.015405334310596430e+00
-1.391174033762541118e-01
-9.046913320607461451e-01
-1.648225692706689394e+00
-2.207604404070509840e+00
-2.019875334312040138e+00
-1.994571269981881834e+00
-3.969260385945697855e+00
-4.206429194119257531e+00
-4.203326738025847220e+00
-4.314219257024030973e+00
-3.231349440414792884e+00
-4.064057687860536561e+00
-5.279132725237003498e+00
-2.227282492748716702e+00
2.831573657959164603e+00
-1.283805275470439433e+00
-5.062111585761324584e+00
-4.245584662318020008e+00
-6.684109137165150649e-01
-2.782240680436603775e+00
-4.378319142954910426e+00
-3.194734775964682694e+00
-2.743126709562535126e+00
-4.959917628962386971e+00
-4.400555373786286140e+00
-2.189935254326964120e+00
-2.599365395610039542e+00
-1.090539699905436422e+00
2.153542296569098902e+00
4.173442290315675152e+00
4.236039005507185706e+00
3.463059995544626180e+00
3.736913621556323228e+00
5.403017949755082316e-01
-6.394527001321002047e-01
1.465798485453057243e+00
-1.057825017472986850e+00
-1.661114286358180703e+00
1.185434319211220000e+00
2.546584889168343135e+00
1.175382562222399452e+00
1.100803674901561502e-01
1.129397302893098365e+00
1.008657201828572436e+00
6.354674877140711331e-01
2.010057859724346141e+00
2.014364793971885170e+00
1.428133373252862937e+00
-5.093163097193242894e-01
-6.461175838580758279e-01
-4.438230911775005172e-01
-2.760625961637735326e+00
-2.658754204249712316e+00
-6.028709960373448418e-01
-3.275228632534190609e-01
-1.498163596450088342e-01
-4.062634475933757372e-02
-2.315821241670886099e+00
-1.712477007661195927e+00
5.865740589967454177e-01
3.324074158990288019e+00
1.543907954713069852e+00
-4.530311713297154874e-01
-1.975564025360988074e+00
-2.567352121132598253e+00
-8.112470035943175617e-03
2.261746647305804103e+00
1.885430910336497234e+00
-4.570494730519691906e-01
4.030793386058846295e-01
-3.033930347126441163e-01
-2.786690332886329280e+00
-1.520881618945760128e+00
1.873651178349419411e+00
3.594592585864849976e+00
1.908761873773497486e+00
7.809964159334970013e-02
-5.792081422432857618e-01
3.640048799018662518e-01
6.130902331864154231e-01
1.429805104284312289e+00
1.274112267933072529e+00
2.437674316172249167e-01
-8.117829838883336979e-01
-8.586250519620749477e-01
-1.407823927863359970e+00
-1.344701353946153644e+00
7.246901260687773627e-01
5.872846873450401350e-01
6.644945649638644980e-02
-1.480985994368317904e-01
-1.524818842769554372e+00
-1.342332709144906433e+00
6.101478570065610452e-01
2.528251444519542090e+00
1.914592630842557375e+00
3.793834343941338005e-02
1.745223132316980896e-01
-9.952798069747361698e-01
-1.828824046886876165e+00
-1.936649313012511087e+00
-2.072629396898772125e+00
-4.387894707253131799e+00
-5.959504956464477310e+00
-5.379939119089360844e+00
-5.777042154861627310e+00
-7.525345711641516111e+00
-6.703187022951630603e+00
-5.322491450379911448e+00
-6.080400430488765551e+00
-6.231499348777234104e+00
-4.973920216114328774e+00
-3.385655419740273064e+00
-9.970101154062995796e-01
9.374753155564345963e-01
3.527202074581659019e-01
-3.520154727202042810e-01
-1.027144564586035980e+00
1.176004698278454441e-02
1.057096888330860462e+00
8.641032100747292333e-02
-2.192944291016734049e+00
-2.278121412530076384e+00
-5.068766329018559169e-02
-6.307390299619386465e-01
-1.256403109582470368e+00
-5.440334104089254996e-01
3.883894330329916711e-01
9.978571412637613491e-01
7.022426916684879616e-01
9.924895731801457455e-01
-1.861545572936988968e-01
-2.556869477980225902e+00
-1.969909129913958168e+00
3.947053446935075982e-01
1.425956004628161189e+00
-2.207005221362972502e+00
-5.380526068376535243e+00
-4.705854961477387910e+00
-1.781205735322453076e+00
-2.193847624435457000e+00
-3.804690652413108332e+00
-2.941048386459203634e+00
-3.253260502062091941e-01
1.291964318609125417e+00
-1.283729386855172461e-01
-1.878396849038068472e+00
1.255454515972876939e+00
2.217973900339449411e+00
2.409171068972999485e+00
1.896489211587723434e+00
1.067011713116216010e+00
2.472544416071736084e-01
8.582480268914787214e-01
1.354420997651748726e+00
1.349605099887559057e+00
9.104414027480964844e-01
3.785390382772184648e-01
5.040643437660438098e-01
7.815508202383004699e-01
7.753780726618642039e-01
8.217428606167588301e-01
1.254432344640515229e+00
1.754487107333503104e+00
1.925634960540246521e+00
1.447751798676465418e+00
4.529733227585621691e-01
6.236731683558551786e-01
1.457726268488736876e+00
1.808219808258167083e+00
1.635764593736636519e+00
1.114864277234824730e+00
4.655683033365061729e-01
2.335171144707982871e-01
2.726244855933979694e-01
1.292536753614606515e-01
2.056208456203863777e-01
4.723375334759991051e-01
5.836718877245384851e-01
4.418067925909620053e-01
4.651976650040343109e-01
9.678111982315577011e-01
1.333664988735012491e+00
1.368071981434124673e+00
1.192525408520267893e+00
1.036037250922799302e+00
9.651758328296684564e-01
9.095573448519546078e-01
8.647660690620577739e-01
8.746835845277528554e-01
9.562689231755193697e-01
1.097117203884286241e+00
1.218078239956480457e+00
1.239193492270083574e+00
1.257471713580726291e+00
1.506877394890766553e+00
1.905699963781430029e+00
2.143870333503965941e+00
2.120623025205007117e+00
1.975685502975571772e+00
1.855511228998477646e+00
1.739440161045589628e+00
1.508813723075326685e+00
1.134743834736274826e+00
9.749605468775143224e-01
1.251606175247907293e+00
1.534538611193132729e+00
0.000000000000000000e+00
0.000000000000000000e+00
0.000000000000000000e+00
0.000000000000000000e+00
0.000000000000000000e+00
0.000000000000000000e+00
0.000000000000000000e+00
0.000000000000000000e+00
0.000000000000000000e+00
0.000000000000000000e+00
0.000000000000000000e+00
0.000000000000000000e+00
0.000000000000000000e+00
0.000000000000000000e+00
0.000000000000000000e+00
0.000000000000000000e+00
0.000000000000000000e+00
0.000000000000000000e+00
0.000000000000000000e+00
0.000000000000000000e+00
0.000000000000000000e+00
0.000000000000000000e+00
0.000000000000000000e+00
0.000000000000000000e+00
0.000000000000000000e+00
0.000000000000000000e+00
0.000000000000000000e+00
0.000000000000000000e+00
0.000000000000000000e+00
0.000000000000000000e+00
0.000000000000000000e+00
0.000000000000000000e+00
0.000000000000000000e+00
0.000000000000000000e+00
0.000000000000000000e+00
0.000000000000000000e+00
0.000000000000000000e+00
0.000000000000000000e+00
0.000000000000000000e+00
0.000000000000000000e+00
0.000000000000000000e+00
0.000000000000000000e+00
0.000000000000000000e+00
0.000000000000000000e+00
0.000000000000000000e+00
0.000000000000000000e+00
0.000000000000000000e+00
0.000000000000000000e+00
0.000000000000000000e+00
0.000000000000000000e+00
0.000000000000000000e+00
0.000000000000000000e+00
0.000000000000000000e+00
0.000000000000000000e+00
0.000000000000000000e+00
0.000000000000000000e+00
0.000000000000000000e+00
0.000000000000000000e+00
0.000000000000000000e+00
