4.004821777343750000e-01
-9.474610646187539009e-01
-1.682114515412192812e+00
-1.140843316844919908e+00
-1.991656818628295689e-01
-4.688918249754125966e-02
-1.220422095615545377e-01
-8.239348550920611025e-02
-4.456883934629807253e-02
4.597152491582234268e-01
7.451116755817560611e-01
6.618725220948865617e-01
1.032007611528852564e+00
4.537358232849473261e-01
-4.214702152241356359e-02
1.105777547637121216e-01
2.527972461020713268e-01
4.819204297973365136e-01
8.616633059546443540e-01
1.553974740538690558e+00
1.746941824480122030e+00
1.302766928048308515e+00
1.046204259330691499e+00
1.058396565573450854e+00
8.937020394947787771e-01
3.457037983339352749e-01
8.688287508812386761e-02
3.895095991793593448e-01
1.055517133982867950e+00
5.491467032874237653e-01
-6.111355749931641768e-01
-1.508548629034125454e-01
1.719273880273765265e+00
3.637247254262342633e+00
3.321821827900703017e+00
1.635285363902569511e+00
1.498018928066833233e+00
1.982540728108245665e+00
6.697270758558868664e-01
-8.535810239992436266e-01
-1.320415741836828527e+00
-1.164411609235339373e+00
-2.982917295200326890e-01
1.016388397147002798e-01
-1.346702023139299875e+00
-6.941850984208672859e-01
4.989668903089552465e-01
9.673556233496779511e-01
4.439127893766906530e-01
8.167421369722704938e-02
2.905205749657624459e-01
-5.904726453501228933e-01
-8.815244693496623318e-01
-4.123787130060476702e-01
2.153389620409620342e-01
3.511763435333656869e-01
-1.255497991519594070e-01
-7.209536620716070487e-01
-9.555129966636839445e-01
-7.307645411154564119e-01
-1.780753508939451335e-01
-1.411574552915643432e-01
-7.284760936360745731e-02
-5.157390486594997103e-01
-3.669867806166418056e-01
5.660169328595100469e-01
4.321433477099706488e-01
-3.946687060203379893e-02
7.128767311683170682e-02
-5.795756998192069798e-02
-1.559648968109285105e-01
3.919199149219474987e-01
-3.386859919150602138e-01
-8.156896678150836744e-01
-6.236161928620010952e-01
-7.452780778091305791e-02
-5.017247379674183438e-01
-1.595133142839966212e-02
5.472151066334336456e-01
-8.501573309413794632e-01
-5.136220383336311812e-01
-3.677080292379608650e-02
-1.432893273355006380e+00
-1.352384455141398156e+00
3.212236258981260306e-01
-6.290734007504856784e-01
-1.785298795703935237e+00
-2.089172997962360334e+00
-1.108559990388696237e+00
-3.834204036012813788e-01
-5.995990419936432225e-01
-6.260869794683621148e-01
-1.747636423076803780e+00
-1.506864350717255219e+00
-3.382721300681470478e-01
6.777692946198197177e-01
-2.762041065942133500e-01
1.807306963170978165e-01
6.525793531274359793e-03
-1.582343905571156339e+00
-1.348785130816253508e+00
1.377252447618934728e+00
-5.170215254871874944e-01
-1.749048024652559707e+00
-4.161061327551807132e-02
1.100689386287854621e+00
2.028829339429085721e-01
4.721946889595391994e-01
6.919946087902388854e-01
5.532140747618630172e-01
1.827377251518206069e+00
1.927082020210736379e+00
1.284706231602127158e+00
1.893025737225984440e+00
3.361872316733164112e+00
3.706194669528812824e+00
3.598371039178902997e+00
3.764626382138502425e+00
2.632480652144385758e+00
1.707277080956439486e+00
1.857956068772191438e+00
2.295901890932497302e+00
1.905575053786703110e+00
8.527290831480098809e-01
3.373212042534512456e-02
-4.761072340292141769e-01
-5.832080955583710535e-01
2.153162923406615192e-01
9.080736743735065009e-01
4.168567608943349878e-01
-6.787895341242561331e-01
-5.830874591006699470e-01
6.425775209428427059e-01
1.069814423363441902e+00
8.139368646336864188e-01
9.843491908422746794e-01
8.748537661536036625e-01
-2.080386992855709494e-02
-1.210722125253867798e+00
-1.646534143742394374e+00
-1.656983097561977258e+00
-1.974464062537167219e+00
-1.743297020166405087e+00
1.619988521088071565e-01
2.434622693021212481e+00
3.623544443601752985e+00
1.468338109621685650e+00
8.856450575167440498e-02
7.878776470431578804e-01
1.097713986668387820e+00
-1.707672308421655183e+00
-3.410461624901347299e+00
-2.224909051386792846e+00
-7.657775402359598971e-01
-1.843243925116817561e-01
1.888185378975570927e-02
6.533737090730862285e-01
1.638487450620234265e+00
3.308256154941675131e+00
4.938933163864136056e+00
4.007169289653565336e+00
1.845324579938188547e+00
-5.849551401019814634e-01
-4.751209058997731827e-01
-1.482316609385296857e-01
-2.114878830320785053e+00
-3.671629515360361751e+00
-3.647639167450283715e+00
-1.982716928156154967e+00
9.849154208173516167e-02
-9.136019909370256542e-01
-4.248510718014129051e-01
2.378768041748238637e+00
4.612184837189090558e+00
3.772707993101973578e+00
2.044635822680920700e+00
5.264450699124139099e-01
-4.150407340807311662e-01
-1.251699449797791353e+00
-6.478574455679930733e-01
2.225020433645341633e-01
4.454445595410749803e-01
9.413685723155384988e-02
9.676082897457952692e-01
2.025218788959902039e+00
2.203535720153524835e+00
1.295795950042361699e+00
1.422598361728475647e+00
2.583081027380918382e+00
2.721695675930438707e+00
1.552407456420292542e+00
-9.073350104079558331e-02
-2.952102537114320580e-01
-2.700685787736549770e-01
-4.445457884092344769e-01
3.541806475229616891e-01
1.136563450749491055e+00
9.775386092644040570e-01
1.649976600897546941e-01
-1.162103094794926239e-01
5.362638674803223982e-01
9.809299267883893059e-01
-2.886775552421260160e-01
-2.214239249773980456e-01
4.116215150821989077e-01
-7.014330393281786868e-01
-1.404767771363684359e+00
-7.744021854460633181e-01
-3.472115084122326945e-01
-8.790479229573998632e-01
2.875505822343842333e-01
9.968913567765698147e-01
9.542760786054134137e-01
1.883314589678821704e+00
1.319267743466336018e+00
3.423878347124600374e-01
1.733687288666769355e+00
4.007990934613195222e+00
1.961058121743394889e+00
1.702569131781737966e+00
2.749055774536287799e+00
2.508476457009215288e+00
1.616713316088481234e+00
1.924054488865886148e+00
1.869460185625413384e-01
-9.955081992768930466e-01
-1.506945864261153289e-01
7.726510976458549340e-01
1.026712830765932338e-01
-1.406058820209823423e-01
-5.425970718956274474e-01
-1.376629371546351122e+00
-1.605419144162118394e+00
-1.047643598300135759e+00
3.136239046698232613e-01
-2.392275971303099436e-01
-3.717517940064416493e-01
3.795789233032476062e-01
-2.766259704828017973e-01
-2.632971323153923127e-01
7.519158161338774793e-01
-1.108737357680378288e+00
-1.047798252619350334e+00
5.328983230699370077e-01
6.311060903553236123e-01
-7.714404907942153944e-01
-2.065861186704203156e-01
1.336395949838328656e+00
9.333805535422543542e-01
6.953285218831029013e-02
-7.827544305160379912e-01
-7.123069096907166387e-01
4.514993845781182236e-01
8.192201379488387447e-01
-3.589281186846895455e-01
-3.053896151790738145e-01
8.084135080903780413e-01
9.965775801182397142e-01
4.364797104611375378e-01
-7.469895168960943854e-01
-7.295224147773918810e-01
-9.038029734426322737e-01
-1.004397266377272224e+00
-7.097520341579185432e-01
-1.434048068872907367e-01
-1.807147351275895097e-02
-9.396922980667410386e-03
2.932206902864651354e-01
9.200121125062091787e-01
3.495949866575347453e-01
-9.917721846690696896e-02
-4.330700502142849073e-01
-1.148272462699573726e+00
-1.768762740368066799e+00
-1.726394361539973277e+00
-1.472988707060363112e-02
-2.939609787558346010e-01
-1.233089037936350829e+00
-1.889127009966742543e+00
-2.335780628841151341e+00
-1.861694141073102271e+00
-1.240113213969555872e+00
-1.821970023919597725e+00
-2.004477082668610244e+00
-1.524412203086788820e+00
-1.885739080421647840e+00
-3.130411701316440087e+00
-3.598988161250459505e+00
-2.902983529759565862e+00
-1.654512901441111294e+00
-1.285128339461894864e+00
-2.015036151702734202e+00
-2.114588195175939767e+00
-1.454807188653425509e+00
-5.174593640190860988e-01
-8.901595859966704438e-02
-1.302982087468476102e-01
-5.235555816482495572e-02
9.694498807272831087e-01
2.602217993630916215e+00
3.582512519408551643e+00
3.469563973457744588e+00
2.471323100245057969e+00
1.271434698688138631e+00
7.172834529358311784e-01
1.689054622598082256e+00
2.923484901157173521e+00
3.095750641594914310e+00
3.589755489864912885e+00
3.730625663525332758e+00
3.441910550024307902e+00
3.331222658802706516e+00
3.190036148242822556e+00
3.165785324468167961e+00
2.953276106377775712e+00
2.116017962759194404e+00
1.469403286564859190e+00
1.523589598012246027e+00
2.404031257666868093e+00
1.871679353992397932e+00
1.706782681319188422e+00
1.600331980030850865e+00
1.344386118391062146e+00
1.083581077159187611e+00
8.927187343953297827e-01
9.665623906616208627e-01
1.329739699160758848e+00
1.603312111690381014e+00
1.644623786545202471e+00
1.411781844695919608e+00
9.014245347270741782e-01
5.846700683183480018e-01
6.346112421162913853e-01
0.000000000000000000e+00
0.000000000000000000e+00
0.000000000000000000e+00
0.000000000000000000e+00
0.000000000000000000e+00
0.000000000000000000e+00
0.000000000000000000e+00
0.000000000000000000e+00
0.000000000000000000e+00
0.000000000000000000e+00
0.000000000000000000e+00
0.000000000000000000e+00
0.000000000000000000e+00
0.000000000000000000e+00
0.000000000000000000e+00
0.000000000000000000e+00
0.000000000000000000e+00
0.000000000000000000e+00
0.000000000000000000e+00
0.000000000000000000e+00
0.000000000000000000e+00
0.000000000000000000e+00
0.000000000000000000e+00
0.000000000000000000e+00
0.000000000000000000e+00
0.000000000000000000e+00
0.000000000000000000e+00
0.000000000000000000e+00
0.000000000000000000e+00
0.000000000000000000e+00
0.000000000000000000e+00
0.000000000000000000e+00
0.000000000000000000e+00
0.000000000000000000e+00
0.000000000000000000e+00
0.000000000000000000e+00
0.000000000000000000e+00
0.000000000000000000e+00
0.000000000000000000e+00
0.000000000000000000e+00
0.000000000000000000e+00
0.000000000000000000e+00
0.000000000000000000e+00
0.000000000000000000e+00
0.000000000000000000e+00
0.000000000000000000e+00
0.000000000000000000e+00
0.000000000000000000e+00
0.000000000000000000e+00
0.000000000000000000e+00
0.000000000000000000e+00
0.000000000000000000e+00
0.000000000000000000e+00
0.000000000000000000e+00
0.000000000000000000e+00
0.000000000000000000e+00
0.000000000000000000e+00
0.000000000000000000e+00
0.000000000000000000e+00
0.000000000000000000e+00
0.000000000000000000e+00
0.000000000000000000e+00
0.000000000000000000e+00
0.000000000000000000e+00
0.000000000000000000e+00
0.000000000000000000e+00
0.000000000000000000e+00
0.000000000000000000e+00
0.000000000000000000e+00
0.000000000000000000e+00
0.000000000000000000e+00
0.000000000000000000e+00
0.000000000000000000e+00
0.000000000000000000e+00
0.000000000000000000e+00
0.000000000000000000e+00
0.000000000000000000e+00
0.000000000000000000e+00
0.000000000000000000e+00
0.000000000000000000e+00
0.000000000000000000e+00
0.000000000000000000e+00
0.000000000000000000e+00
0.000000000000000000e+00
0.000000000000000000e+00
0.000000000000000000e+00
0.000000000000000000e+00
0.000000000000000000e+00
0.000000000000000000e+00
0.000000000000000000e+00
0.000000000000000000e+00
0.000000000000000000e+00
0.000000000000000000e+00
0.000000000000000000e+00
0.000000000000000000e+00
0.000000000000000000e+00
0.000000000000000000e+00
0.000000000000000000e+00
0.000000000000000000e+00
0.000000000000000000e+00
0.000000000000000000e+00
0.000000000000000000e+00
0.000000000000000000e+00
0.000000000000000000e+00
0.000000000000000000e+00
0.000000000000000000e+00
0.000000000000000000e+00
0.000000000000000000e+00
0.000000000000000000e+00
0.000000000000000000e+00
0.000000000000000000e+00
0.000000000000000000e+00
0.000000000000000000e+00
0.000000000000000000e+00
0.000000000000000000e+00
0.000000000000000000e+00
0.000000000000000000e+00
0.000000000000000000e+00
0.000000000000000000e+00
0.000000000000000000e+00
0.000000000000000000e+00
0.000000000000000000e+00
0.000000000000000000e+00
0.000000000000000000e+00
0.000000000000000000e+00
0.000000000000000000e+00
0.000000000000000000e+00
0.000000000000000000e+00
0.000000000000000000e+00
0.000000000000000000e+00
0.000000000000000000e+00
0.000000000000000000e+00
0.000000000000000000e+00
0.000000000000000000e+00
0.000000000000000000e+00
0.000000000000000000e+00
0.000000000000000000e+00
0.000000000000000000e+00
0.000000000000000000e+00
0.000000000000000000e+00
0.000000000000000000e+00
0.000000000000000000e+00
0.000000000000000000e+00
0.000000000000000000e+00
0.000000000000000000e+00
0.000000000000000000e+00
0.000000000000000000e+00
0.000000000000000000e+00
0.000000000000000000e+00
0.000000000000000000e+00
0.000000000000000000e+00
0.000000000000000000e+00
0.000000000000000000e+00
0.000000000000000000e+00
0.000000000000000000e+00
0.000000000000000000e+00
0.000000000000000000e+00
0.000000000000000000e+00
0.000000000000000000e+00
0.000000000000000000e+00
0.000000000000000000e+00
0.000000000000000000e+00
0.000000000000000000e+00
0.000000000000000000e+00
0.000000000000000000e+00
0.000000000000000000e+00
0.000000000000000000e+00
