2.183593750000000000e+00
1.908948188403966739e+00
8.296265207957524979e-01
6.414777046587261111e-02
-3.464064083279994044e-02
-3.803562180209785204e-01
-1.120073067039093706e+00
-1.192401293495777059e+00
-1.204857916996149303e+00
-1.319269827699447895e+00
-1.396107465071879439e+00
-3.602874094122816562e-01
1.260468634713155289e+00
1.278400953115375049e+00
1.175090661452031782e+00
9.846040932822717195e-01
9.941727044880153130e-01
1.099746241323112939e+00
1.361105024130320196e+00
2.518745777971895805e-01
-7.533768040751258610e-01
-1.208927323211133054e+00
-1.276601856148706027e+00
-5.586464162858670868e-01
-1.449579746154456839e-01
-9.435737618952333428e-02
-3.415201578079969380e-01
-7.986995281122788448e-01
-1.140782790263026758e+00
-9.557546902275255718e-01
7.765002414915511686e-02
3.839996800032519086e-01
-7.826048076761042971e-01
-1.366592418236136863e+00
-1.284332997775077922e+00
-8.932358543032981046e-01
-3.638368317344986558e-01
3.358169975699532017e-02
2.233287702391277829e-01
-1.201362431471237890e-01
-9.480399115607286431e-01
-6.097052922716061918e-01
6.348620476016542113e-02
1.389533530522411020e-01
9.119054384587022000e-02
3.511292616813799228e-02
-4.693140717954058516e-02
-1.504023210955149903e-01
-2.177545071290740708e-01
1.280004237318251858e-01
-6.528675342857570563e-02
-6.959428699928693618e-02
2.062889237582314905e-01
7.944935586776460390e-01
1.378774633979169995e+00
8.679899235884497299e-01
-1.573203213709548631e-01
-8.166721741745810448e-01
-1.277408065996436637e+00
-1.005126153720228066e+00
3.724494462818153107e-01
1.011175486682196034e+00
-5.537212834464589895e-01
-1.416614182091948670e-01
-2.686776780983781698e-01
-7.994450824208856332e-01
-9.094143745421503500e-01
1.315139438893265789e-01
-7.716071201706080629e-01
-9.292671085751400550e-01
-7.057598153716382328e-02
1.116747421878891533e+00
1.043867668692599615e-02
-6.024870052793200870e-01
5.443964571548327580e-01
4.121493936481654963e-01
1.622504463077527603e-01
2.877650524794677089e-01
3.301405382723898718e-01
3.710099404949869228e-01
4.256862434447459265e-01
-8.803267991953189764e-02
-8.583911720329115980e-01
-1.465750650455734938e+00
-1.478439644200807201e+00
-8.189540300633812997e-01
-3.022887687009154778e-01
-2.691922444451534391e-01
-6.271684909222511317e-01
-7.212171547677367345e-01
-8.637595774128347115e-01
-7.304720581405415025e-01
-2.405442637101370407e-01
-2.833493192737697175e-01
-3.248533191770028861e-01
-1.534569888695640483e-01
6.308300313930059744e-02
9.656087302133142813e-02
-2.201312829798032222e-01
-7.562953163978705096e-01
-1.346826257288285422e+00
-1.504593732791899008e+00
-1.239573785758725233e+00
-8.019927868569212137e-01
-2.182845400687613013e-01
8.945303758620848367e-02
-9.619487271404969508e-02
1.049231859918841048e-01
5.266940665885745387e-01
4.702731697684997547e-01
-1.621641894211056645e-02
-5.714669266862772989e-01
-6.500239250408655911e-01
7.273423899884396970e-01
9.465345907217298516e-01
2.238394501690130767e-01
-3.934832356751830629e-01
8.157152689832736225e-02
8.981707673960515059e-02
-2.020644929490214015e-01
-3.598765446013072467e-01
-2.739424959136363968e-01
-1.827815479356551531e-01
-6.471470465816420159e-02
-8.926013419588585407e-02
-5.576890293321408176e-01
-5.438980071747702150e-01
3.370402803022736760e-01
-1.763329630420304994e-01
-6.240481211229156333e-01
-4.291451706581619341e-01
2.093768664790566225e-01
-8.991265079400495575e-02
-5.817646973733899829e-01
-1.289338307866445543e-01
4.105524901454912223e-01
-2.254070440679213361e-01
-1.084181995675430388e+00
-1.409223703482664236e+00
-1.318193258508252974e+00
-1.030359370009965136e+00
-4.142702818084547101e-01
6.082035678956665414e-02
7.524114711644935838e-01
-7.698634365078466102e-01
-1.122222580562294514e+00
-6.034491139945339366e-01
-1.361025319606493644e+00
-1.571820641362773108e+00
-4.311493143056439603e-01
-2.668022813376622615e-01
-1.216535670228750643e+00
-1.078857784107138063e+00
1.538695512931591569e-01
1.050548588398583227e-01
-1.027253660735552021e-01
1.772581752780120201e-01
-1.513257908153035070e+00
-2.026760455015048645e+00
-4.694105889517112828e-01
3.031586834067812042e-01
-1.000022885487839019e-01
1.510583874923661085e-01
4.921990562460583085e-01
-8.395000241463181911e-01
-6.855493707299129547e-01
1.785930908645489978e-01
6.287289446276056459e-01
4.031406211044075150e-02
-1.688874349080138337e-01
-1.099439877856325243e-01
-3.461961864418823254e-01
-3.120010938498780639e-01
3.767271397606624106e-01
6.847116469019538521e-01
-2.256083223865965159e+00
-2.262305668499068556e+00
-1.295411563801285748e+00
4.808763364926061934e-01
-3.591815081699050172e-01
-8.786121363136878415e-01
-3.441436447524388598e-01
4.217353177526941277e-01
-9.437868699553766394e-01
-1.230893407355281965e+00
-2.794661978647332568e-01
6.061983922487272913e-01
-8.102083426583917003e-02
-1.353864260650398110e+00
-9.955173683375018179e-01
-4.726785400567434792e-02
-2.964996425917414413e-01
-7.771627113429984135e-01
-6.812170139514823752e-01
4.752272605362164448e-01
1.457102720864205558e+00
8.181229119772264191e-01
4.778891669115168384e-01
3.957453194354538795e-01
9.122314453125024425e-01
3.957453194354538795e-01
4.778891669115168384e-01
8.181229119772264191e-01
1.457102720864205558e+00
4.752272605362164448e-01
-6.812170139514823752e-01
-7.771627113429984135e-01
-2.964996425917414413e-01
-4.726785400567434792e-02
-9.955173683375018179e-01
-1.353864260650398110e+00
-8.102083426583917003e-02
6.061983922487272913e-01
-2.794661978647332568e-01
-1.230893407355281965e+00
-9.437868699553766394e-01
4.217353177526941277e-01
-3.441436447524388598e-01
-8.786121363136878415e-01
-3.591815081699050172e-01
4.808763364926061934e-01
-1.295411563801285748e+00
-2.262305668499068556e+00
-2.256083223865965159e+00
6.847116469019538521e-01
3.767271397606624106e-01
-3.120010938498780639e-01
-3.461961864418823254e-01
-1.099439877856325243e-01
-1.688874349080138337e-01
4.031406211044075150e-02
6.287289446276056459e-01
1.785930908645489978e-01
-6.855493707299129547e-01
-8.395000241463181911e-01
4.921990562460583085e-01
1.510583874923661085e-01
-1.000022885487839019e-01
3.031586834067812042e-01
-4.694105889517112828e-01
-2.026760455015048645e+00
-1.513257908153035070e+00
1.772581752780120201e-01
-1.027253660735552021e-01
1.050548588398583227e-01
1.538695512931591569e-01
-1.078857784107138063e+00
-1.216535670228750643e+00
-2.668022813376622615e-01
-4.311493143056439603e-01
-1.571820641362773108e+00
-1.361025319606493644e+00
-6.034491139945339366e-01
-1.122222580562294514e+00
-7.698634365078466102e-01
7.524114711644935838e-01
6.082035678956665414e-02
-4.142702818084547101e-01
-1.030359370009965136e+00
-1.318193258508252974e+00
-1.409223703482664236e+00
-1.084181995675430388e+00
-2.254070440679213361e-01
4.105524901454912223e-01
-1.289338307866445543e-01
-5.817646973733899829e-01
-8.991265079400495575e-02
2.093768664790566225e-01
-4.291451706581619341e-01
-6.240481211229156333e-01
-1.763329630420304994e-01
3.370402803022736760e-01
-5.438980071747702150e-01
-5.576890293321408176e-01
-8.926013419588585407e-02
-6.471470465816420159e-02
-1.827815479356551531e-01
-2.739424959136363968e-01
-3.598765446013072467e-01
-2.020644929490214015e-01
8.981707673960515059e-02
8.157152689832736225e-02
-3.934832356751830629e-01
2.238394501690130767e-01
9.465345907217298516e-01
7.273423899884396970e-01
-6.500239250408655911e-01
-5.714669266862772989e-01
-1.621641894211056645e-02
4.702731697684997547e-01
5.266940665885745387e-01
1.049231859918841048e-01
-9.619487271404969508e-02
8.945303758620848367e-02
-2.182845400687613013e-01
-8.019927868569212137e-01
-1.239573785758725233e+00
-1.504593732791899008e+00
-1.346826257288285422e+00
-7.562953163978705096e-01
-2.201312829798032222e-01
9.656087302133142813e-02
6.308300313930059744e-02
-1.534569888695640483e-01
-3.248533191770028861e-01
-2.833493192737697175e-01
-2.405442637101370407e-01
-7.304720581405415025e-01
-8.637595774128347115e-01
-7.212171547677367345e-01
-6.271684909222511317e-01
-2.691922444451534391e-01
-3.022887687009154778e-01
-8.189540300633812997e-01
-1.478439644200807201e+00
-1.465750650455734938e+00
-8.583911720329115980e-01
-8.803267991953189764e-02
4.256862434447459265e-01
3.710099404949869228e-01
3.301405382723898718e-01
2.877650524794677089e-01
1.622504463077527603e-01
4.121493936481654963e-01
5.443964571548327580e-01
-6.024870052793200870e-01
1.043867668692599615e-02
1.116747421878891533e+00
-7.057598153716382328e-02
-9.292671085751400550e-01
-7.716071201706080629e-01
1.315139438893265789e-01
-9.094143745421503500e-01
-7.994450824208856332e-01
-2.686776780983781698e-01
-1.416614182091948670e-01
-5.537212834464589895e-01
1.011175486682196034e+00
3.724494462818153107e-01
-1.005126153720228066e+00
-1.277408065996436637e+00
-8.166721741745810448e-01
-1.573203213709548631e-01
8.679899235884497299e-01
1.378774633979169995e+00
7.944935586776460390e-01
2.062889237582314905e-01
-6.959428699928693618e-02
-6.528675342857570563e-02
1.280004237318251858e-01
-2.177545071290740708e-01
-1.504023210955149903e-01
-4.693140717954058516e-02
3.511292616813799228e-02
9.119054384587022000e-02
1.389533530522411020e-01
6.348620476016542113e-02
-6.097052922716061918e-01
-9.480399115607286431e-01
-1.201362431471237890e-01
2.233287702391277829e-01
3.358169975699532017e-02
-3.638368317344986558e-01
-8.932358543032981046e-01
-1.284332997775077922e+00
-1.366592418236136863e+00
-7.826048076761042971e-01
3.839996800032519086e-01
7.765002414915511686e-02
-9.557546902275255718e-01
-1.140782790263026758e+00
-7.986995281122788448e-01
-3.415201578079969380e-01
-9.435737618952333428e-02
-1.449579746154456839e-01
-5.586464162858670868e-01
-1.276601856148706027e+00
-1.208927323211133054e+00
-7.533768040751258610e-01
2.518745777971895805e-01
1.361105024130320196e+00
1.099746241323112939e+00
9.941727044880153130e-01
9.846040932822717195e-01
1.175090661452031782e+00
1.278400953115375049e+00
1.260468634713155289e+00
-3.602874094122816562e-01
-1.396107465071879439e+00
-1.319269827699447895e+00
-1.204857916996149303e+00
-1.192401293495777059e+00
-1.120073067039093706e+00
-3.803562180209785204e-01
-3.464064083279994044e-02
6.414777046587261111e-02
8.296265207957524979e-01
1.908948188403966739e+00
0.000000000000000000e+00
0.000000000000000000e+00
0.000000000000000000e+00
0.000000000000000000e+00
0.000000000000000000e+00
0.000000000000000000e+00
0.000000000000000000e+00
0.000000000000000000e+00
0.000000000000000000e+00
0.000000000000000000e+00
0.000000000000000000e+00
0.000000000000000000e+00
0.000000000000000000e+00
0.000000000000000000e+00
0.000000000000000000e+00
0.000000000000000000e+00
0.000000000000000000e+00
0.000000000000000000e+00
0.000000000000000000e+00
0.000000000000000000e+00
0.000000000000000000e+00
0.000000000000000000e+00
0.000000000000000000e+00
0.000000000000000000e+00
0.000000000000000000e+00
0.000000000000000000e+00
0.000000000000000000e+00
0.000000000000000000e+00
0.000000000000000000e+00
0.000000000000000000e+00
0.000000000000000000e+00
0.000000000000000000e+00
0.000000000000000000e+00
0.000000000000000000e+00
0.000000000000000000e+00
0.000000000000000000e+00
0.000000000000000000e+00
0.000000000000000000e+00
0.000000000000000000e+00
0.000000000000000000e+00
0.000000000000000000e+00
0.000000000000000000e+00
0.000000000000000000e+00
0.000000000000000000e+00
0.000000000000000000e+00
0.000000000000000000e+00
0.000000000000000000e+00
0.000000000000000000e+00
0.000000000000000000e+00
0.000000000000000000e+00
0.000000000000000000e+00
0.000000000000000000e+00
0.000000000000000000e+00
0.000000000000000000e+00
0.000000000000000000e+00
0.000000000000000000e+00
0.000000000000000000e+00
0.000000000000000000e+00
0.000000000000000000e+00
0.000000000000000000e+00
0.000000000000000000e+00
0.000000000000000000e+00
0.000000000000000000e+00
0.000000000000000000e+00
0.000000000000000000e+00
0.000000000000000000e+00
0.000000000000000000e+00
0.000000000000000000e+00
0.000000000000000000e+00
0.000000000000000000e+00
0.000000000000000000e+00
0.000000000000000000e+00
0.000000000000000000e+00
0.000000000000000000e+00
0.000000000000000000e+00
0.000000000000000000e+00
0.000000000000000000e+00
0.000000000000000000e+00
0.000000000000000000e+00
0.000000000000000000e+00
0.000000000000000000e+00
0.000000000000000000e+00
0.000000000000000000e+00
0.000000000000000000e+00
0.000000000000000000e+00
0.000000000000000000e+00
0.000000000000000000e+00
0.000000000000000000e+00
0.000000000000000000e+00
0.000000000000000000e+00
0.000000000000000000e+00
0.000000000000000000e+00
0.000000000000000000e+00
0.000000000000000000e+00
0.000000000000000000e+00
0.000000000000000000e+00
0.000000000000000000e+00
0.000000000000000000e+00
0.000000000000000000e+00
0.000000000000000000e+00
0.000000000000000000e+00
0.000000000000000000e+00
