2.191772460937500000e+00
1.249999751903556167e+00
-6.220978656733753276e-01
-1.288535837176034704e-01
9.050442388480404166e-01
8.829930483798194008e-01
1.593761822754282687e-01
9.018050379613654632e-01
1.649584475576487463e+00
2.014587691108955081e+00
1.506048923230752568e+00
9.813945600342977027e-02
4.622495393720906787e-01
2.769111274222408881e-01
-7.123589118385402763e-01
-1.163934994521995225e+00
-1.403919182058643855e-02
-2.157251286226671283e-01
-8.274349108803986663e-01
-7.636177829542795115e-01
-4.775165755618216434e-01
-1.625218425779075826e+00
-2.025785120973542686e+00
-1.404134292650871529e+00
-4.968985372537990663e-01
4.896283740416063068e-02
4.789789526755320326e-01
-6.454966661107126580e-01
-9.614176766316988587e-01
-6.237484495361551584e-01
-7.690014165726948292e-01
-1.649369889170800185e+00
-2.245551172049206290e+00
-2.794815126569082597e+00
-2.741294349451866452e+00
-1.994408184322246980e+00
-9.429406834924525249e-01
-4.976038249410437153e-01
-1.014277108989736220e-02
5.006312440580815704e-01
-1.062684492413095372e+00
-2.607173085962045000e+00
-2.225522372894315204e-01
1.914950285991814383e-01
-1.790201715269415850e+00
-4.215849803849334165e-01
1.090969937439373094e+00
5.480502465869335760e-01
4.701133224216625939e-01
7.566939304867335014e-01
3.134651106658226105e-02
-9.992085090728436425e-01
-1.023224299651629643e+00
-9.406486783782617156e-01
-1.827957868792385199e+00
-1.638132635275171056e+00
1.597956459722171818e-01
4.730089310462226582e-02
-1.018251811801324402e+00
-9.302036157251094561e-01
-8.282145682004011800e-01
-1.505716230519746679e+00
-1.951574503972387076e+00
-2.033999884330547125e+00
-1.864651995511741545e+00
-1.545840667845100436e+00
-1.339031226365308358e+00
-1.019430568447493801e+00
-3.298980236162190049e-01
3.247915652194491853e-01
-1.570286311055996142e-01
-3.229756456149001087e-01
4.625243225212789522e-01
4.119967193445908116e-01
-3.007689105189117473e-01
-5.699189804006725701e-01
4.233118066798073897e-01
2.303311883965798668e+00
4.032390699457546468e+00
1.059044986572941216e+00
-2.212317312167469296e+00
-2.815103076433122631e+00
-1.482343029431791859e+00
-2.282114748361731005e-01
1.286458309028528868e+00
2.087370112977160463e+00
1.413089850930721258e+00
-5.182593194604478981e-01
-2.905445840520538336e+00
-3.716079549951155858e+00
-2.245083478924294162e+00
-9.320388048052934415e-01
-9.574087276111105105e-01
-1.701714720158471028e+00
-2.151327697934462879e+00
-1.289148808796511503e+00
6.656620302029918612e-01
7.317513141747914451e-01
4.290226250741463465e-01
1.376256935880219245e+00
2.754668083434733461e+00
3.787193544509988019e+00
4.375155666891721751e+00
3.971170323595646146e+00
2.718897020747795157e+00
7.249334841186585443e-01
-1.184371283013065046e+00
-1.405195701493358040e+00
-1.670132117280789252e-01
1.433909583807255750e-01
-1.802033093778553585e+00
-4.270300479507509905e+00
-6.016757265632366014e+00
-6.524820769407981835e+00
-6.079147922903555212e+00
-5.201449740983284720e+00
-3.894963196788516324e+00
-1.786614057750524953e+00
3.351456535904882017e-01
2.347016714790148839e-01
-1.044968424841966836e+00
-1.543334684043779603e+00
-9.233617431587328728e-01
3.373757253200238004e-01
4.687726989475997641e-01
-3.386626421533025511e-01
-4.567673977521483630e-01
-1.699893759298400919e-01
-2.800020077350089398e-01
1.592698524152236228e-01
1.143665359105290102e+00
3.363036738188014407e-01
-9.377694366706359475e-01
-1.659650053934956127e+00
-1.241503321874083854e+00
-1.368091945358680395e-01
2.190224844381138958e-02
-1.179069942904079182e+00
-1.368981175342454781e+00
-1.723151633145644901e+00
-1.745591809698204155e+00
-1.231041503447546148e+00
-9.807776578597811046e-01
-1.209288351004198070e+00
-1.175105034528698633e+00
-7.833120401615898398e-01
-3.585920669129410987e-01
4.038808045305368744e-01
2.912011763840547385e-01
1.914261376240313783e-01
3.870837570010026152e-01
1.043831563950616381e+00
1.309474677185511027e+00
9.251437909890067868e-01
1.134276476925726085e+00
2.093345580721376109e+00
2.966521296910176186e+00
3.388047676026658905e+00
2.295126843659548221e+00
6.321152712639792615e-01
-8.696448172084010331e-01
-1.029658583840032060e+00
-2.835444585203286127e-01
-1.934104707430095438e-02
-1.146590164048270966e+00
-2.234937446155724317e+00
-2.548884615077592120e+00
-2.195395063447826978e+00
-1.252394704387693736e+00
-5.221740897246149871e-01
-1.295433500872041233e+00
-3.240814113400954266e+00
-3.281904477168989143e+00
-3.126826154426594950e+00
-2.980505526060851285e+00
-1.525680615870216750e+00
3.108981109991326708e-01
1.220518417283709134e-01
1.322310786800150240e+00
2.669350686263317396e+00
2.513912643841786476e+00
1.070057450918877162e+00
3.337940250892379446e-01
3.734717802236966477e-01
1.186853131296081720e+00
2.224949136955117535e+00
2.469566934498123256e+00
1.746183849552216394e+00
1.151171675994107524e+00
2.023548514598432657e+00
2.216821495978443579e+00
8.536725676713170508e-01
1.824776505554424055e-01
1.133499094409998076e+00
2.236021169158635580e+00
1.536570007122928017e+00
-2.604513486153274826e+00
-2.377796457417475029e+00
-2.198088947172111673e+00
-2.198088947172111673e+00
-2.377796457417475029e+00
-2.604513486153274826e+00
1.536570007122928017e+00
2.236021169158635580e+00
1.133499094409998076e+00
1.824776505554424055e-01
8.536725676713170508e-01
2.216821495978443579e+00
2.023548514598432657e+00
1.151171675994107524e+00
1.746183849552216394e+00
2.469566934498123256e+00
2.224949136955117535e+00
1.186853131296081720e+00
3.734717802236966477e-01
3.337940250892379446e-01
1.070057450918877162e+00
2.513912643841786476e+00
2.669350686263317396e+00
1.322310786800150240e+00
1.220518417283709134e-01
3.108981109991326708e-01
-1.525680615870216750e+00
-2.980505526060851285e+00
-3.126826154426594950e+00
-3.281904477168989143e+00
-3.240814113400954266e+00
-1.295433500872041233e+00
-5.221740897246149871e-01
-1.252394704387693736e+00
-2.195395063447826978e+00
-2.548884615077592120e+00
-2.234937446155724317e+00
-1.146590164048270966e+00
-1.934104707430095438e-02
-2.835444585203286127e-01
-1.029658583840032060e+00
-8.696448172084010331e-01
6.321152712639792615e-01
2.295126843659548221e+00
3.388047676026658905e+00
2.966521296910176186e+00
2.093345580721376109e+00
1.134276476925726085e+00
9.251437909890067868e-01
1.309474677185511027e+00
1.043831563950616381e+00
3.870837570010026152e-01
1.914261376240313783e-01
2.912011763840547385e-01
4.038808045305368744e-01
-3.585920669129410987e-01
-7.833120401615898398e-01
-1.175105034528698633e+00
-1.209288351004198070e+00
-9.807776578597811046e-01
-1.231041503447546148e+00
-1.745591809698204155e+00
-1.723151633145644901e+00
-1.368981175342454781e+00
-1.179069942904079182e+00
2.190224844381138958e-02
-1.368091945358680395e-01
-1.241503321874083854e+00
-1.659650053934956127e+00
-9.377694366706359475e-01
3.363036738188014407e-01
1.143665359105290102e+00
1.592698524152236228e-01
-2.800020077350089398e-01
-1.699893759298400919e-01
-4.567673977521483630e-01
-3.386626421533025511e-01
4.687726989475997641e-01
3.373757253200238004e-01
-9.233617431587328728e-01
-1.543334684043779603e+00
-1.044968424841966836e+00
2.347016714790148839e-01
3.351456535904882017e-01
-1.786614057750524953e+00
-3.894963196788516324e+00
-5.201449740983284720e+00
-6.079147922903555212e+00
-6.524820769407981835e+00
-6.016757265632366014e+00
-4.270300479507509905e+00
-1.802033093778553585e+00
1.433909583807255750e-01
-1.670132117280789252e-01
-1.405195701493358040e+00
-1.184371283013065046e+00
7.249334841186585443e-01
2.718897020747795157e+00
3.971170323595646146e+00
4.375155666891721751e+00
3.787193544509988019e+00
2.754668083434733461e+00
1.376256935880219245e+00
4.290226250741463465e-01
7.317513141747914451e-01
6.656620302029918612e-01
-1.289148808796511503e+00
-2.151327697934462879e+00
-1.701714720158471028e+00
-9.574087276111105105e-01
-9.320388048052934415e-01
-2.245083478924294162e+00
-3.716079549951155858e+00
-2.905445840520538336e+00
-5.182593194604478981e-01
1.413089850930721258e+00
2.087370112977160463e+00
1.286458309028528868e+00
-2.282114748361731005e-01
-1.482343029431791859e+00
-2.815103076433122631e+00
-2.212317312167469296e+00
1.059044986572941216e+00
4.032390699457546468e+00
2.303311883965798668e+00
4.233118066798073897e-01
-5.699189804006725701e-01
-3.007689105189117473e-01
4.119967193445908116e-01
4.625243225212789522e-01
-3.229756456149001087e-01
-1.570286311055996142e-01
3.247915652194491853e-01
-3.298980236162190049e-01
-1.019430568447493801e+00
-1.339031226365308358e+00
-1.545840667845100436e+00
-1.864651995511741545e+00
-2.033999884330547125e+00
-1.951574503972387076e+00
-1.505716230519746679e+00
-8.282145682004011800e-01
-9.302036157251094561e-01
-1.018251811801324402e+00
4.730089310462226582e-02
1.597956459722171818e-01
-1.638132635275171056e+00
-1.827957868792385199e+00
-9.406486783782617156e-01
-1.023224299651629643e+00
-9.992085090728436425e-01
3.134651106658226105e-02
7.566939304867335014e-01
4.701133224216625939e-01
5.480502465869335760e-01
1.090969937439373094e+00
-4.215849803849334165e-01
-1.790201715269415850e+00
1.914950285991814383e-01
-2.225522372894315204e-01
-2.607173085962045000e+00
-1.062684492413095372e+00
5.006312440580815704e-01
-1.014277108989736220e-02
-4.976038249410437153e-01
-9.429406834924525249e-01
-1.994408184322246980e+00
-2.741294349451866452e+00
-2.794815126569082597e+00
-2.245551172049206290e+00
-1.649369889170800185e+00
-7.690014165726948292e-01
-6.237484495361551584e-01
-9.614176766316988587e-01
-6.454966661107126580e-01
4.789789526755320326e-01
4.896283740416063068e-02
-4.968985372537990663e-01
-1.404134292650871529e+00
-2.025785120973542686e+00
-1.625218425779075826e+00
-4.775165755618216434e-01
-7.636177829542795115e-01
-8.274349108803986663e-01
-2.157251286226671283e-01
-1.403919182058643855e-02
-1.163934994521995225e+00
-7.123589118385402763e-01
2.769111274222408881e-01
4.622495393720906787e-01
9.813945600342977027e-02
1.506048923230752568e+00
2.014587691108955081e+00
1.649584475576487463e+00
9.018050379613654632e-01
1.593761822754282687e-01
8.829930483798194008e-01
9.050442388480404166e-01
-1.288535837176034704e-01
-6.220978656733753276e-01
1.249999751903556167e+00
0.000000000000000000e+00
0.000000000000000000e+00
0.000000000000000000e+00
0.000000000000000000e+00
0.000000000000000000e+00
0.000000000000000000e+00
0.000000000000000000e+00
0.000000000000000000e+00
0.000000000000000000e+00
0.000000000000000000e+00
0.000000000000000000e+00
0.000000000000000000e+00
0.000000000000000000e+00
0.000000000000000000e+00
0.000000000000000000e+00
0.000000000000000000e+00
0.000000000000000000e+00
0.000000000000000000e+00
0.000000000000000000e+00
0.000000000000000000e+00
0.000000000000000000e+00
0.000000000000000000e+00
0.000000000000000000e+00
0.000000000000000000e+00
0.000000000000000000e+00
0.000000000000000000e+00
0.000000000000000000e+00
0.000000000000000000e+00
0.000000000000000000e+00
0.000000000000000000e+00
0.000000000000000000e+00
0.000000000000000000e+00
0.000000000000000000e+00
0.000000000000000000e+00
0.000000000000000000e+00
0.000000000000000000e+00
0.000000000000000000e+00
0.000000000000000000e+00
0.000000000000000000e+00
0.000000000000000000e+00
0.000000000000000000e+00
0.000000000000000000e+00
0.000000000000000000e+00
0.000000000000000000e+00
0.000000000000000000e+00
0.000000000000000000e+00
0.000000000000000000e+00
0.000000000000000000e+00
0.000000000000000000e+00
0.000000000000000000e+00
0.000000000000000000e+00
0.000000000000000000e+00
0.000000000000000000e+00
0.000000000000000000e+00
0.000000000000000000e+00
0.000000000000000000e+00
0.000000000000000000e+00
0.000000000000000000e+00
0.000000000000000000e+00
0.000000000000000000e+00
0.000000000000000000e+00
0.000000000000000000e+00
0.000000000000000000e+00
0.000000000000000000e+00
0.000000000000000000e+00
0.000000000000000000e+00
0.000000000000000000e+00
0.000000000000000000e+00
0.000000000000000000e+00
0.000000000000000000e+00
0.000000000000000000e+00
0.000000000000000000e+00
0.000000000000000000e+00
0.000000000000000000e+00
0.000000000000000000e+00
0.000000000000000000e+00
0.000000000000000000e+00
0.000000000000000000e+00
0.000000000000000000e+00
0.000000000000000000e+00
0.000000000000000000e+00
0.000000000000000000e+00
0.000000000000000000e+00
0.000000000000000000e+00
0.000000000000000000e+00
0.000000000000000000e+00
0.000000000000000000e+00
0.000000000000000000e+00
0.000000000000000000e+00
0.000000000000000000e+00
0.000000000000000000e+00
0.000000000000000000e+00
0.000000000000000000e+00
0.000000000000000000e+00
0.000000000000000000e+00
0.000000000000000000e+00
0.000000000000000000e+00
0.000000000000000000e+00
0.000000000000000000e+00
0.000000000000000000e+00
0.000000000000000000e+00
0.000000000000000000e+00
0.000000000000000000e+00
