5.096740722656245559e-01
-5.349589140588251190e-01
-1.050182446458645780e+00
-5.455691049493223144e-01
2.431398831347869605e-01
-4.701193055649977026e-01
-7.500953572116377810e-01
-4.234172100260070737e-01
3.768067998060655732e-01
-3.282266529609713102e-01
-7.859160024935344380e-01
-1.387759291853765120e-01
-2.504954066395896350e-01
-9.727006563438953535e-01
-7.189633790156527704e-01
-7.091600633594802305e-02
-4.295875501787508322e-01
-9.493882644892910339e-01
-9.062372115601244893e-01
-4.632214885941174920e-01
-9.433531447398666447e-01
-9.958789563834460346e-01
-8.423508962564048019e-01
-6.982664767977391218e-01
-5.796535144947208007e-01
-5.050477712370160521e-01
-1.283921628267211013e+00
-1.501806968802850140e+00
-5.548784424948824956e-01
-1.388427350866248133e-01
-2.062709892913321408e+00
-1.165889884574070834e+00
3.977393656905969799e-01
-4.626393785614011378e-01
-1.997080958543642204e+00
6.485127685571709932e-01
9.087331705484040789e-01
-1.010752186034862721e+00
-8.697866605977695453e-01
1.333985014683946257e+00
2.930869660573818258e-01
-8.642378487631929840e-01
6.145113045563947995e-01
1.335714720520266852e+00
1.407301844541741787e-02
-9.616984400913246578e-01
4.816652044273904143e-01
2.518681679735661483e-01
7.129661585241597876e-02
6.913421740682623717e-01
1.299794795794702029e+00
6.777109597436670185e-02
-6.730490222561269498e-02
2.064941553722833500e+00
1.673802326309208333e+00
2.038169466925539020e-01
-1.038657826884530566e+00
2.893809423284828819e-01
1.062850742734765319e+00
3.198315896570527173e-01
1.376451191481129488e-01
3.200630360220593218e-01
4.124730458534577870e-01
4.484004457355907913e-01
-1.247381292663508168e+00
-8.850013005189876214e-01
-3.010260239097739543e-02
1.138673682970544832e+00
2.068443026441547872e+00
6.196451676042211698e-01
6.282393303210018765e-01
2.023059220709990669e+00
1.362891192891689363e+00
5.478216401271660541e-01
1.519018575782327130e-01
1.818122562600756886e-01
5.467229267298490125e-01
6.926529333370111674e-01
2.027117553015969076e-01
-3.155971603589271535e-01
-6.288131989043084236e-01
-4.514437682303888977e-01
-6.395981869127975727e-02
-1.159772721002062745e+00
-1.320391894795838628e+00
-2.370017284279035685e-01
8.564308661383994714e-01
4.582079719267891371e-01
-7.444118514369832962e-01
-3.451917600531460573e-01
2.316710719421563591e-01
1.672147659301109757e-01
-9.467107481331948904e-02
-1.377000352684696338e-01
5.537990173451823317e-02
5.862649021659694926e-01
-1.003588131206947232e-01
-4.604542988388102831e-01
-6.035641144746404230e-01
-3.991605708772865135e-01
4.401374813214620207e-02
-9.011299634136248349e-01
-1.177162403289938375e+00
-5.025122781178270603e-01
3.076296751811085084e-01
7.614564331410733633e-02
-5.820252787704359720e-01
-4.771407952225101279e-01
-1.620857888387173262e-01
-2.481824191686550496e-01
-2.614502823324774683e-01
-1.519325800009154737e-01
-8.959105075873829982e-02
-1.455516637883475239e-01
-1.130265835665288376e-01
-2.377158456256378560e-01
-3.443617861650964951e-01
-2.930566118244429807e-01
-6.301549744010237486e-02
-5.214262791502024541e-01
-8.940576368416062181e-01
-8.305902605339091638e-01
2.848500274981126124e-01
-4.002493831420119719e-01
-1.043622408903449372e+00
-1.124444108369178741e+00
-6.825367366248051848e-01
-3.507172717745424828e-01
-5.770118453507313561e-01
-5.943496847018652218e-01
-4.553031929772903830e-01
-6.391224986187867829e-01
-8.224230124528983943e-01
-9.169105563224673183e-01
-6.347336245988999259e-01
-2.127352208242483389e-02
-7.892442815515279264e-01
-1.302630717761159129e+00
-1.294213492872859916e+00
-7.261349674951662614e-01
-3.089973770429592093e-01
-8.521097066217608873e-01
-1.005264225158709834e+00
-7.828912275542903032e-01
-3.792132281473886701e-01
3.286503083195946306e-02
-2.464025309749180437e-01
-2.274401193936718135e-01
1.156113145197446013e-02
-3.897345430239325115e-01
-8.434293925751803478e-01
-1.117616482546578638e+00
-1.219277440460550643e+00
-1.283980146830892899e+00
-1.546420253274525258e+00
-1.989916074899518605e+00
-2.331219234397842399e+00
-2.362778008294791121e+00
-2.009803755130688430e+00
-1.406375097866128243e+00
-9.027746719889413463e-01
-8.199804551611071801e-01
-8.637557973686096346e-01
-7.071653645342999006e-01
-4.265578245210316366e-01
-5.586517787048874695e-01
-7.929276974073937723e-01
-6.651026456222770555e-01
-3.517228380336054894e-01
-5.630023537886970075e-01
-8.051461693808730224e-01
-7.218658109506190801e-01
-4.687490293803049379e-01
-4.698384451120536376e-01
-5.482191882416391771e-01
-4.357870478481764565e-01
-1.900212007634215494e-01
-7.717126452347145005e-02
-2.703217900349541569e-02
-1.274293535721093829e-01
-2.718997628118255960e-01
-2.779996767122009382e-01
-1.390562262647454528e-02
-1.368349169074108418e-01
-3.766777766653109927e-01
-3.059102790393362636e-01
1.288092301503873660e-02
-1.171615658323952314e-01
-3.174517448242639706e-01
-3.907762522276105877e-01
-2.985411990156530138e-01
-1.011681196234844315e-01
-8.619513470362716312e-03
-6.865125619668199786e-02
-1.669309143431531028e-01
-2.595085433046973034e-01
-2.099440535500338711e-01
-4.588863273185267433e-02
-6.752510768682395970e-02
-1.927185058593742228e-01
-6.752510768682395970e-02
-4.588863273185267433e-02
-2.099440535500338711e-01
-2.595085433046973034e-01
-1.669309143431531028e-01
-6.865125619668199786e-02
-8.619513470362716312e-03
-1.011681196234844315e-01
-2.985411990156530138e-01
-3.907762522276105877e-01
-3.174517448242639706e-01
-1.171615658323952314e-01
1.288092301503873660e-02
-3.059102790393362636e-01
-3.766777766653109927e-01
-1.368349169074108418e-01
-1.390562262647454528e-02
-2.779996767122009382e-01
-2.718997628118255960e-01
-1.274293535721093829e-01
-2.703217900349541569e-02
-7.717126452347145005e-02
-1.900212007634215494e-01
-4.357870478481764565e-01
-5.482191882416391771e-01
-4.698384451120536376e-01
-4.687490293803049379e-01
-7.218658109506190801e-01
-8.051461693808730224e-01
-5.630023537886970075e-01
-3.517228380336054894e-01
-6.651026456222770555e-01
-7.929276974073937723e-01
-5.586517787048874695e-01
-4.265578245210316366e-01
-7.071653645342999006e-01
-8.637557973686096346e-01
-8.199804551611071801e-01
-9.027746719889413463e-01
-1.406375097866128243e+00
-2.009803755130688430e+00
-2.362778008294791121e+00
-2.331219234397842399e+00
-1.989916074899518605e+00
-1.546420253274525258e+00
-1.283980146830892899e+00
-1.219277440460550643e+00
-1.117616482546578638e+00
-8.434293925751803478e-01
-3.897345430239325115e-01
1.156113145197446013e-02
-2.274401193936718135e-01
-2.464025309749180437e-01
3.286503083195946306e-02
-3.792132281473886701e-01
-7.828912275542903032e-01
-1.005264225158709834e+00
-8.521097066217608873e-01
-3.089973770429592093e-01
-7.261349674951662614e-01
-1.294213492872859916e+00
-1.302630717761159129e+00
-7.892442815515279264e-01
-2.127352208242483389e-02
-6.347336245988999259e-01
-9.169105563224673183e-01
-8.224230124528983943e-01
-6.391224986187867829e-01
-4.553031929772903830e-01
-5.943496847018652218e-01
-5.770118453507313561e-01
-3.507172717745424828e-01
-6.825367366248051848e-01
-1.124444108369178741e+00
-1.043622408903449372e+00
-4.002493831420119719e-01
2.848500274981126124e-01
-8.305902605339091638e-01
-8.940576368416062181e-01
-5.214262791502024541e-01
-6.301549744010237486e-02
-2.930566118244429807e-01
-3.443617861650964951e-01
-2.377158456256378560e-01
-1.130265835665288376e-01
-1.455516637883475239e-01
-8.959105075873829982e-02
-1.519325800009154737e-01
-2.614502823324774683e-01
-2.481824191686550496e-01
-1.620857888387173262e-01
-4.771407952225101279e-01
-5.820252787704359720e-01
7.614564331410733633e-02
3.076296751811085084e-01
-5.025122781178270603e-01
-1.177162403289938375e+00
-9.011299634136248349e-01
4.401374813214620207e-02
-3.991605708772865135e-01
-6.035641144746404230e-01
-4.604542988388102831e-01
-1.003588131206947232e-01
5.862649021659694926e-01
5.537990173451823317e-02
-1.377000352684696338e-01
-9.467107481331948904e-02
1.672147659301109757e-01
2.316710719421563591e-01
-3.451917600531460573e-01
-7.444118514369832962e-01
4.582079719267891371e-01
8.564308661383994714e-01
-2.370017284279035685e-01
-1.320391894795838628e+00
-1.159772721002062745e+00
-6.395981869127975727e-02
-4.514437682303888977e-01
-6.288131989043084236e-01
-3.155971603589271535e-01
2.027117553015969076e-01
6.926529333370111674e-01
5.467229267298490125e-01
1.818122562600756886e-01
1.519018575782327130e-01
5.478216401271660541e-01
1.362891192891689363e+00
2.023059220709990669e+00
6.282393303210018765e-01
6.196451676042211698e-01
2.068443026441547872e+00
1.138673682970544832e+00
-3.010260239097739543e-02
-8.850013005189876214e-01
-1.247381292663508168e+00
4.484004457355907913e-01
4.124730458534577870e-01
3.200630360220593218e-01
1.376451191481129488e-01
3.198315896570527173e-01
1.062850742734765319e+00
2.893809423284828819e-01
-1.038657826884530566e+00
2.038169466925539020e-01
1.673802326309208333e+00
2.064941553722833500e+00
-6.730490222561269498e-02
6.777109597436670185e-02
1.299794795794702029e+00
6.913421740682623717e-01
7.129661585241597876e-02
2.518681679735661483e-01
4.816652044273904143e-01
-9.616984400913246578e-01
1.407301844541741787e-02
1.335714720520266852e+00
6.145113045563947995e-01
-8.642378487631929840e-01
2.930869660573818258e-01
1.333985014683946257e+00
-8.697866605977695453e-01
-1.010752186034862721e+00
9.087331705484040789e-01
6.485127685571709932e-01
-1.997080958543642204e+00
-4.626393785614011378e-01
3.977393656905969799e-01
-1.165889884574070834e+00
-2.062709892913321408e+00
-1.388427350866248133e-01
-5.548784424948824956e-01
-1.501806968802850140e+00
-1.283921628267211013e+00
-5.050477712370160521e-01
-5.796535144947208007e-01
-6.982664767977391218e-01
-8.423508962564048019e-01
-9.958789563834460346e-01
-9.433531447398666447e-01
-4.632214885941174920e-01
-9.062372115601244893e-01
-9.493882644892910339e-01
-4.295875501787508322e-01
-7.091600633594802305e-02
-7.189633790156527704e-01
-9.727006563438953535e-01
-2.504954066395896350e-01
-1.387759291853765120e-01
-7.859160024935344380e-01
-3.282266529609713102e-01
3.768067998060655732e-01
-4.234172100260070737e-01
-7.500953572116377810e-01
-4.701193055649977026e-01
2.431398831347869605e-01
-5.455691049493223144e-01
-1.050182446458645780e+00
-5.349589140588251190e-01
0.000000000000000000e+00
0.000000000000000000e+00
0.000000000000000000e+00
0.000000000000000000e+00
0.000000000000000000e+00
0.000000000000000000e+00
0.000000000000000000e+00
0.000000000000000000e+00
0.000000000000000000e+00
0.000000000000000000e+00
0.000000000000000000e+00
0.000000000000000000e+00
0.000000000000000000e+00
0.000000000000000000e+00
0.000000000000000000e+00
0.000000000000000000e+00
0.000000000000000000e+00
0.000000000000000000e+00
0.000000000000000000e+00
0.000000000000000000e+00
0.000000000000000000e+00
0.000000000000000000e+00
0.000000000000000000e+00
0.000000000000000000e+00
0.000000000000000000e+00
0.000000000000000000e+00
0.000000000000000000e+00
0.000000000000000000e+00
0.000000000000000000e+00
0.000000000000000000e+00
0.000000000000000000e+00
0.000000000000000000e+00
0.000000000000000000e+00
0.000000000000000000e+00
0.000000000000000000e+00
0.000000000000000000e+00
0.000000000000000000e+00
0.000000000000000000e+00
0.000000000000000000e+00
0.000000000000000000e+00
0.000000000000000000e+00
0.000000000000000000e+00
0.000000000000000000e+00
0.000000000000000000e+00
0.000000000000000000e+00
0.000000000000000000e+00
0.000000000000000000e+00
0.000000000000000000e+00
0.000000000000000000e+00
0.000000000000000000e+00
0.000000000000000000e+00
0.000000000000000000e+00
0.000000000000000000e+00
0.000000000000000000e+00
0.000000000000000000e+00
0.000000000000000000e+00
0.000000000000000000e+00
0.000000000000000000e+00
0.000000000000000000e+00
0.000000000000000000e+00
0.000000000000000000e+00
0.000000000000000000e+00
0.000000000000000000e+00
0.000000000000000000e+00
0.000000000000000000e+00
0.000000000000000000e+00
0.000000000000000000e+00
0.000000000000000000e+00
0.000000000000000000e+00
0.000000000000000000e+00
0.000000000000000000e+00
0.000000000000000000e+00
0.000000000000000000e+00
0.000000000000000000e+00
0.000000000000000000e+00
0.000000000000000000e+00
0.000000000000000000e+00
0.000000000000000000e+00
0.000000000000000000e+00
0.000000000000000000e+00
0.000000000000000000e+00
0.000000000000000000e+00
0.000000000000000000e+00
0.000000000000000000e+00
0.000000000000000000e+00
0.000000000000000000e+00
0.000000000000000000e+00
0.000000000000000000e+00
0.000000000000000000e+00
0.000000000000000000e+00
0.000000000000000000e+00
0.000000000000000000e+00
0.000000000000000000e+00
0.000000000000000000e+00
0.000000000000000000e+00
0.000000000000000000e+00
0.000000000000000000e+00
0.000000000000000000e+00
0.000000000000000000e+00
0.000000000000000000e+00
0.000000000000000000e+00
0.000000000000000000e+00
