-9.991760253906243339e-01
-9.646473428948457718e-01
-8.416289253953266325e-01
-5.689375353424519499e-01
-1.702484157278525423e-01
2.055336710889170693e-01
3.364349916479388858e-01
2.450384498835803115e-01
3.511723746080616104e-01
5.370784281999938514e-01
6.778783409425397366e-01
7.798171136567149109e-01
8.374221279116216277e-01
8.206489059922095208e-01
7.342246508085630285e-01
6.524297586208993582e-01
5.899822702838293242e-01
4.087167577868923707e-01
-1.482721125783634797e-01
-1.342849766691446289e-01
6.222636267798287157e-02
3.152679975321255323e-01
5.841100663430471851e-01
8.171880576286016939e-01
9.350231655316765256e-01
8.044199365770141608e-01
3.361191082548365960e-01
-3.778492922486482719e-01
-9.403507016238912275e-01
-1.129954263063615238e+00
-1.083215362563350936e+00
-1.009263814901731227e+00
-1.186085384079892391e+00
-9.408649531865317384e-01
-2.990043915298467025e-01
9.083721856493573998e-01
2.216319410874811879e+00
3.729219569242736565e+00
4.481034407539730147e+00
4.695997407352805020e+00
4.270344473892301096e+00
3.153902692575079048e+00
1.352406670844053194e+00
-5.645872960140330132e-01
-2.099167089751470705e+00
-1.651434469931072346e+00
-6.771922023769538779e-01
3.016683242658357855e-02
4.083318543829026481e-01
7.824260628097199355e-01
1.065628252802917508e+00
1.225366630579186822e+00
1.222819423986452714e+00
1.054778389490485635e+00
5.851734637430605623e-01
2.270973325716274527e-02
-1.120081485999010196e-01
3.952310753712330316e-01
7.549883156825675234e-01
7.931646629590947128e-01
6.784070872718406253e-01
5.552748586149678367e-01
5.378078803689068099e-01
5.708515443085866448e-01
6.206880504938034893e-01
6.455827313050588323e-01
6.014179536930436276e-01
3.360968212149793022e-01
-6.688819784607041852e-02
-3.617809701154179880e-01
-3.097457819133636603e-01
1.078195834530289998e-01
4.696072903781735586e-01
7.319193238263230761e-01
8.939708389576904723e-01
8.468744530334728626e-01
5.795973585465945543e-01
3.355380491184856151e-01
2.731803998350372797e-01
3.494540610090338673e-01
2.187946031308088402e-01
-6.121082773007059386e-01
-7.042354558605726789e-01
-6.096501520117396655e-01
-4.688155961745470446e-01
-2.950041541125263400e-01
-3.725638391845209618e-02
9.747896877690953588e-04
-7.493158665978616462e-02
-1.102812083116517794e-01
-9.922404600492074067e-02
-5.774418728101848863e-02
1.554019168186271393e-02
3.287813565155173201e-02
-2.303689307232903438e-01
-3.571827057248896375e-01
-4.617838107347684296e-01
-5.183260454715163945e-01
-7.264002890179344085e-02
2.758884961835914584e-01
3.274176009025360212e-01
3.304402373195320930e-01
3.144753690622059672e-01
3.386044942619913511e-01
-1.247830588555617348e-01
-7.005811825146111005e-01
-8.580279253042246701e-01
-9.429547684085641812e-01
-9.487982459448722761e-01
-6.130446797784250279e-01
1.303579426225148774e-01
7.613489571725696736e-01
5.768190741275269762e-01
3.092469755399960274e-01
-2.872565702272178445e-02
-3.883459543959437710e-01
-6.744247798233281577e-01
-2.510082641731614106e-01
-1.167766777442563741e-01
-1.186380335719550150e-01
-1.366024552937641356e-01
-1.457667925660099950e-02
3.497078835009825859e-02
-6.899501073382952043e-02
-2.403553073209299118e-01
-3.697073698842472389e-01
-3.596822984953765845e-01
-1.591862842826258229e-01
3.116135815417617194e-01
9.469700134401315417e-02
-7.347354126774674477e-02
-2.198586007970935174e-01
-3.135058739089314761e-01
-3.791047276748114592e-01
-1.633039695968768190e-01
4.176254060035905491e-01
5.962878627081802385e-01
5.042896909522009974e-01
3.832163902664221800e-01
3.314776658023503852e-01
1.844047731428330450e-01
-1.331610769430058294e-01
-2.925446072291966182e-01
-4.037638914798356016e-01
-4.062901957191041857e-01
-1.789993676605439177e-01
5.781324386202104648e-01
5.010349414978189087e-01
2.895051934670727078e-01
8.780730679234971525e-02
-8.514373344762993234e-02
-1.769629027630096330e-01
-2.038061438103948020e-01
-1.297769439491832655e-01
-2.581678582707529479e-01
-3.944381220844908054e-01
-4.470480009719324244e-01
-3.782789633380654326e-01
-1.569973038506753404e-01
-5.068012481751928977e-01
-9.523858418091719624e-01
-1.259749205874253430e+00
-1.279208928517957533e+00
-7.427126517042080822e-01
5.558687239362374299e-01
-1.742283943995466267e-01
-6.916074814929054071e-01
-8.696238444667860890e-01
-7.039624287655961155e-01
-1.726094053869289269e-01
-1.622944006533337813e-01
-1.210323255981487822e+00
-1.828315564992585962e+00
-1.908153809732384687e+00
-1.449993402735695991e+00
-5.837123308670874033e-01
-1.965606755277071738e-01
-8.255708370353791459e-01
-1.047565552354241092e+00
-9.161053686898754655e-01
-5.447003586359726590e-01
-4.471076164487008953e-02
-3.230073549678138534e-01
-6.824436071203447973e-01
-7.900147516630455780e-01
-6.438876408925322536e-01
-3.861523965523269153e-01
-4.748620067358537700e-01
-5.881822181711714448e-01
-5.511451734276898717e-01
-4.624692978311809588e-01
-3.481623052953826125e-01
-1.417137521936997491e-01
2.047737559862622403e-01
1.516942835260945976e-01
-1.613587711055652907e-01
-3.676419725474469047e-01
-3.808732697681267432e-01
-1.680460251303294017e-01
1.555480957031253331e-01
-1.680460251303294017e-01
-3.808732697681267432e-01
-3.676419725474469047e-01
-1.613587711055652907e-01
1.516942835260945976e-01
2.047737559862622403e-01
-1.417137521936997491e-01
-3.481623052953826125e-01
-4.624692978311809588e-01
-5.511451734276898717e-01
-5.881822181711714448e-01
-4.748620067358537700e-01
-3.861523965523269153e-01
-6.438876408925322536e-01
-7.900147516630455780e-01
-6.824436071203447973e-01
-3.230073549678138534e-01
-4.471076164487008953e-02
-5.447003586359726590e-01
-9.161053686898754655e-01
-1.047565552354241092e+00
-8.255708370353791459e-01
-1.965606755277071738e-01
-5.837123308670874033e-01
-1.449993402735695991e+00
-1.908153809732384687e+00
-1.828315564992585962e+00
-1.210323255981487822e+00
-1.622944006533337813e-01
-1.726094053869289269e-01
-7.039624287655961155e-01
-8.696238444667860890e-01
-6.916074814929054071e-01
-1.742283943995466267e-01
5.558687239362374299e-01
-7.427126517042080822e-01
-1.279208928517957533e+00
-1.259749205874253430e+00
-9.523858418091719624e-01
-5.068012481751928977e-01
-1.569973038506753404e-01
-3.782789633380654326e-01
-4.470480009719324244e-01
-3.944381220844908054e-01
-2.581678582707529479e-01
-1.297769439491832655e-01
-2.038061438103948020e-01
-1.769629027630096330e-01
-8.514373344762993234e-02
8.780730679234971525e-02
2.895051934670727078e-01
5.010349414978189087e-01
5.781324386202104648e-01
-1.789993676605439177e-01
-4.062901957191041857e-01
-4.037638914798356016e-01
-2.925446072291966182e-01
-1.331610769430058294e-01
1.844047731428330450e-01
3.314776658023503852e-01
3.832163902664221800e-01
5.042896909522009974e-01
5.962878627081802385e-01
4.176254060035905491e-01
-1.633039695968768190e-01
-3.791047276748114592e-01
-3.135058739089314761e-01
-2.198586007970935174e-01
-7.347354126774674477e-02
9.469700134401315417e-02
3.116135815417617194e-01
-1.591862842826258229e-01
-3.596822984953765845e-01
-3.697073698842472389e-01
-2.403553073209299118e-01
-6.899501073382952043e-02
3.497078835009825859e-02
-1.457667925660099950e-02
-1.366024552937641356e-01
-1.186380335719550150e-01
-1.167766777442563741e-01
-2.510082641731614106e-01
-6.744247798233281577e-01
-3.883459543959437710e-01
-2.872565702272178445e-02
3.092469755399960274e-01
5.768190741275269762e-01
7.613489571725696736e-01
1.303579426225148774e-01
-6.130446797784250279e-01
-9.487982459448722761e-01
-9.429547684085641812e-01
-8.580279253042246701e-01
-7.005811825146111005e-01
-1.247830588555617348e-01
3.386044942619913511e-01
3.144753690622059672e-01
3.304402373195320930e-01
3.274176009025360212e-01
2.758884961835914584e-01
-7.264002890179344085e-02
-5.183260454715163945e-01
-4.617838107347684296e-01
-3.571827057248896375e-01
-2.303689307232903438e-01
3.287813565155173201e-02
1.554019168186271393e-02
-5.774418728101848863e-02
-9.922404600492074067e-02
-1.102812083116517794e-01
-7.493158665978616462e-02
9.747896877690953588e-04
-3.725638391845209618e-02
-2.950041541125263400e-01
-4.688155961745470446e-01
-6.096501520117396655e-01
-7.042354558605726789e-01
-6.121082773007059386e-01
2.187946031308088402e-01
3.494540610090338673e-01
2.731803998350372797e-01
3.355380491184856151e-01
5.795973585465945543e-01
8.468744530334728626e-01
8.939708389576904723e-01
7.319193238263230761e-01
4.696072903781735586e-01
1.078195834530289998e-01
-3.097457819133636603e-01
-3.617809701154179880e-01
-6.688819784607041852e-02
3.360968212149793022e-01
6.014179536930436276e-01
6.455827313050588323e-01
6.206880504938034893e-01
5.708515443085866448e-01
5.378078803689068099e-01
5.552748586149678367e-01
6.784070872718406253e-01
7.931646629590947128e-01
7.549883156825675234e-01
3.952310753712330316e-01
-1.120081485999010196e-01
2.270973325716274527e-02
5.851734637430605623e-01
1.054778389490485635e+00
1.222819423986452714e+00
1.225366630579186822e+00
1.065628252802917508e+00
7.824260628097199355e-01
4.083318543829026481e-01
3.016683242658357855e-02
-6.771922023769538779e-01
-1.651434469931072346e+00
-2.099167089751470705e+00
-5.645872960140330132e-01
1.352406670844053194e+00
3.153902692575079048e+00
4.270344473892301096e+00
4.695997407352805020e+00
4.481034407539730147e+00
3.729219569242736565e+00
2.216319410874811879e+00
9.083721856493573998e-01
-2.990043915298467025e-01
-9.408649531865317384e-01
-1.186085384079892391e+00
-1.009263814901731227e+00
-1.083215362563350936e+00
-1.129954263063615238e+00
-9.403507016238912275e-01
-3.778492922486482719e-01
3.361191082548365960e-01
8.044199365770141608e-01
9.350231655316765256e-01
8.171880576286016939e-01
5.841100663430471851e-01
3.152679975321255323e-01
6.222636267798287157e-02
-1.342849766691446289e-01
-1.482721125783634797e-01
4.087167577868923707e-01
5.899822702838293242e-01
6.524297586208993582e-01
7.342246508085630285e-01
8.206489059922095208e-01
8.374221279116216277e-01
7.798171136567149109e-01
6.778783409425397366e-01
5.370784281999938514e-01
3.511723746080616104e-01
2.450384498835803115e-01
3.364349916479388858e-01
2.055336710889170693e-01
-1.702484157278525423e-01
-5.689375353424519499e-01
-8.416289253953266325e-01
-9.646473428948457718e-01
0.000000000000000000e+00
0.000000000000000000e+00
0.000000000000000000e+00
0.000000000000000000e+00
0.000000000000000000e+00
0.000000000000000000e+00
0.000000000000000000e+00
0.000000000000000000e+00
0.000000000000000000e+00
0.000000000000000000e+00
0.000000000000000000e+00
0.000000000000000000e+00
0.000000000000000000e+00
0.000000000000000000e+00
0.000000000000000000e+00
0.000000000000000000e+00
0.000000000000000000e+00
0.000000000000000000e+00
0.000000000000000000e+00
0.000000000000000000e+00
0.000000000000000000e+00
0.000000000000000000e+00
0.000000000000000000e+00
0.000000000000000000e+00
0.000000000000000000e+00
0.000000000000000000e+00
0.000000000000000000e+00
0.000000000000000000e+00
0.000000000000000000e+00
0.000000000000000000e+00
0.000000000000000000e+00
0.000000000000000000e+00
0.000000000000000000e+00
0.000000000000000000e+00
0.000000000000000000e+00
0.000000000000000000e+00
0.000000000000000000e+00
0.000000000000000000e+00
0.000000000000000000e+00
0.000000000000000000e+00
0.000000000000000000e+00
0.000000000000000000e+00
0.000000000000000000e+00
0.000000000000000000e+00
0.000000000000000000e+00
0.000000000000000000e+00
0.000000000000000000e+00
0.000000000000000000e+00
0.000000000000000000e+00
0.000000000000000000e+00
0.000000000000000000e+00
0.000000000000000000e+00
0.000000000000000000e+00
0.000000000000000000e+00
0.000000000000000000e+00
0.000000000000000000e+00
0.000000000000000000e+00
0.000000000000000000e+00
0.000000000000000000e+00
0.000000000000000000e+00
0.000000000000000000e+00
0.000000000000000000e+00
0.000000000000000000e+00
0.000000000000000000e+00
0.000000000000000000e+00
0.000000000000000000e+00
0.000000000000000000e+00
0.000000000000000000e+00
0.000000000000000000e+00
0.000000000000000000e+00
0.000000000000000000e+00
0.000000000000000000e+00
0.000000000000000000e+00
0.000000000000000000e+00
0.000000000000000000e+00
0.000000000000000000e+00
0.000000000000000000e+00
0.000000000000000000e+00
0.000000000000000000e+00
0.000000000000000000e+00
0.000000000000000000e+00
0.000000000000000000e+00
0.000000000000000000e+00
0.000000000000000000e+00
0.000000000000000000e+00
0.000000000000000000e+00
0.000000000000000000e+00
0.000000000000000000e+00
0.000000000000000000e+00
0.000000000000000000e+00
0.000000000000000000e+00
0.000000000000000000e+00
0.000000000000000000e+00
0.000000000000000000e+00
0.000000000000000000e+00
0.000000000000000000e+00
0.000000000000000000e+00
0.000000000000000000e+00
0.000000000000000000e+00
0.000000000000000000e+00
0.000000000000000000e+00
0.000000000000000000e+00
