2.156707763671875000e+00
2.135104145081745397e+00
1.735054263626222948e+00
9.428780559505078873e-01
2.853436510788234237e+00
3.699600067280438775e+00
2.753866018193005250e+00
1.229218683864608419e+00
9.062412224425031582e-02
-8.408123750010534359e-01
-1.917079017758789306e-01
1.882768323315348269e+00
3.670134689270826200e+00
4.133711247829955582e+00
2.944217043799502775e+00
1.511871113824909685e+00
8.575912908424392356e-01
1.531200496860897431e+00
2.440967166094882401e+00
1.718411994290661937e+00
3.729256372801583730e-01
1.051412002264135781e+00
2.599256092293138476e+00
2.657814284457282739e+00
2.481049184217507531e+00
1.779025286223281821e+00
1.742032145841855506e+00
2.403277717044238315e+00
2.170071724725222140e+00
4.423604531515903382e-01
-2.123781829232510354e+00
-4.099105329398776476e+00
-3.488128098663587640e+00
-3.489490249273770939e+00
-4.436628305713540499e+00
-2.825679797253929593e+00
-2.162032917606007132e+00
-2.901461557912896616e+00
-2.028801542799757662e+00
1.660712516067497369e-01
6.553691918928536975e-01
-2.436273066257918618e+00
-2.072419632907982479e+00
2.029825605616419892e-02
1.270981752903705964e+00
1.882984867327790912e+00
2.175811751951107098e+00
1.590714564989960111e+00
1.292222355690382685e+00
2.234872411626544153e+00
2.174685684960283361e+00
7.088569760240792661e-01
-5.055017305074600564e-01
1.186550360876359456e-01
1.588258996917243815e+00
1.776837814524239167e-01
-1.194891439410905143e+00
8.777661980822732968e-01
2.216623067304807293e+00
1.827999145127947811e+00
1.187402863740350867e+00
1.592020511375877634e+00
1.304435273129974204e+00
1.210966192358399196e+00
6.561770692356763135e-01
-2.559809737710629918e-01
-5.283242424759549971e-01
-1.841932684225122685e-02
-5.168251160645309650e-02
-3.169690248555596113e-01
6.298652976162354422e-01
5.480820464173770112e-01
3.912739815251797815e-01
1.166952407983501416e-02
-3.036177661040178499e+00
-4.559905667180410127e+00
-2.441201859094716653e+00
-7.286589283556872410e-01
-5.081794655215601253e-01
-3.123344512616754720e-01
-1.572910713123243376e-01
-3.143885887525046385e-01
-7.342537081955227141e-01
-9.893013363448239783e-01
-4.332111605131623300e-01
-1.271588757883959087e-01
5.544258379996311881e-01
8.679684092529074135e-01
-2.146584165079087114e+00
-5.484674501220063725e+00
-5.862238866791856573e+00
-4.228824029260379369e+00
-2.598641234046816351e+00
3.364752270449731242e-01
3.048674901159851292e+00
4.199323006270371472e+00
3.738441666130252194e+00
2.480610961699079020e+00
4.878397411382979776e-01
-1.726800781996874701e+00
-1.930122399713690928e+00
4.520110689675749249e-02
1.668940206543940485e+00
8.693980896966300165e-01
2.212609905974257440e+00
3.442187742840723708e+00
1.157185526834671574e+00
-1.892010220822232025e+00
-2.910048400841534821e+00
-1.512584277817070610e+00
-1.324671566416355972e+00
-7.723614274189745110e-01
-5.509279826626167775e-02
1.622046728519512371e+00
2.394247428275227296e+00
7.291851560074626981e-01
-9.607244519693693974e-01
-2.534209327192196159e+00
-5.278925568165373505e-01
1.411310086147260723e+00
-1.052766655580650301e+00
-3.274571100341254759e+00
-1.513052874752926158e+00
-1.521684180028289202e+00
-1.142926989474849275e+00
1.243158235763462738e+00
-1.137088538974539986e-01
-1.056307596469873378e+00
-8.033026657749391397e-01
-8.629482215097272757e-01
-3.661098684069879816e+00
-3.473651550316579240e+00
-1.475921477612784694e+00
-1.263830523399356087e+00
-1.665518907894272704e+00
-1.747578776513822874e-01
-1.319648090682181252e+00
-8.408232412818796853e-01
1.042696641895056064e+00
-2.506890731756477031e-01
1.207641388700209539e+00
3.171860877321446281e-01
-2.331281188629890977e+00
-4.007294298238228691e-01
1.748189132684357716e+00
7.303155915717343127e-01
1.673900499787417395e-02
-3.113505091876607178e+00
-4.058359557153901065e-01
4.888673621193204255e+00
2.847566207153791940e+00
2.468049792790737662e+00
4.409132365708681611e+00
1.559961306489579869e+00
-5.840597251661900913e-01
-7.560399284909857798e-01
-3.095634177800760334e+00
1.578865664746160968e+00
2.828233133534570065e-01
-2.965044973119753013e+00
-2.873157741219851680e-01
2.671365925431758548e+00
-1.098614215390489868e-01
-1.273139781407151006e-01
5.060664278623390189e-01
-7.970544933609602367e-01
-2.012913341194274786e+00
5.493987594387974571e-01
-1.593743127356246569e+00
-2.620338439292464905e+00
1.358428282331431536e+00
3.198675010019409903e+00
-1.892353665471981028e+00
-1.791133601295328281e+00
5.457802804813423059e-01
-5.523809769017480331e-01
2.084733729322064910e+00
3.449336935639740531e+00
2.421192504122217759e+00
1.725467384860674969e+00
-3.076730727464509485e-01
-1.756801391879710739e+00
7.496464991659657073e-02
4.408932208621219040e-01
-7.841022131390684713e-01
-4.546796379270121591e+00
-3.606747094461714820e+00
-3.538362375293663042e+00
5.797124376957838443e-01
4.164724917943593674e+00
2.497414422661600408e+00
1.712901247342445643e+00
3.776961757787430596e+00
-1.009083823315473083e-01
-3.850811300743425480e+00
-9.310209966971949580e-01
1.349464776443580760e-01
-3.673813984135598787e-01
8.810712636995221558e-01
2.804679800831855196e-01
4.914910571398491967e-01
5.852542131476510257e-01
-5.013259402809699949e-01
2.001414757308389802e+00
2.156721151044034279e-01
-2.493127550323583907e+00
-8.332833182166350383e-01
-1.070081515300711050e+00
-1.476419023637973504e+00
-1.209019324641735782e-01
-1.117084319245374324e+00
-2.647230987721488127e+00
-4.726798138833538943e-01
4.046935268515290396e-01
4.586879238852685781e-01
-3.585781013999045364e-01
-8.719462571827572006e-01
-1.420752916401315069e+00
1.851245644426930959e-01
3.577487291325462948e-01
-2.264482553021967881e+00
-2.428517004043776684e+00
4.793968165840691853e-01
1.492516104937225085e+00
-1.169418704712201329e+00
-1.199271722387313943e-01
2.844238212991444748e+00
2.784968778998339722e+00
1.122024562694144301e+00
9.275384877100405490e-01
6.763203411810621013e-01
-1.032411482902044764e-01
-1.076795508006214153e-01
-1.688948913582730693e+00
-1.142502474898280163e+00
1.465048522387260022e-01
1.278736285434334263e-01
-1.353361821138284071e+00
-3.504261158650444852e+00
-4.079437277984011345e+00
-2.664502367895726476e+00
-7.909044507490627929e-01
-1.364830420169021341e+00
-1.133590052370816448e-01
2.401009116832784507e+00
3.119338298199481940e+00
4.249936992231931221e+00
4.134210519629509584e+00
1.904462099283585896e+00
-1.115449222342304925e+00
-2.357184542997975640e+00
-2.229288821270581700e+00
-2.751249064194253968e+00
-2.882527339937634991e+00
-1.254228678566127630e+00
4.295881585451466478e-01
-7.822195988291169577e-01
-1.351404934609340636e+00
4.616806123864726219e-01
1.133198716277078244e+00
1.140270831440200805e+00
1.250536466518191503e+00
1.571818731218468601e+00
1.752080927912643693e+00
1.200156733986315727e+00
2.752983312928316550e-01
-5.441695383548093012e-01
8.474523992236226988e-01
1.048009354119009195e+00
1.228816550326568668e+00
1.220348936483660163e+00
-1.505909744720850263e-01
-1.518834709755935819e+00
-2.812897701680785456e-01
-1.048337244371946309e-01
-2.296749355207792220e+00
-2.860091510671737502e+00
-1.314797340641440160e+00
6.000160814064086079e-01
1.080001371943747568e+00
6.246680461825198094e-01
1.462580611960341725e+00
2.738483683632244148e+00
2.751273146024981298e+00
1.149529412311208088e+00
-2.074784576133562375e+00
-3.161879278550369321e+00
-1.283892311598454850e+00
1.933520891564280753e+00
6.822493256137414086e-01
-7.941527574203250950e-01
-1.320058609124254545e+00
-1.897465028692750799e+00
-3.264889777534016435e+00
-3.295363019708432262e+00
-2.237321043802438680e+00
-2.206337649513721022e+00
-3.782120703470772671e+00
-3.170091626827243658e+00
-8.406025009885662591e-01
9.453472376899829666e-01
8.423500556773499959e-01
1.768133722557433174e+00
1.792586780798872237e+00
3.936444062402770783e-01
4.890130320045589229e-01
1.234949479807184947e+00
2.353517641158231477e-02
-1.720294093055811491e+00
-2.662380107251196559e+00
-1.857911311386597486e+00
-1.051934485335418223e+00
-1.921101634769082356e+00
-2.473395964755762400e+00
-6.451419696594533626e-01
-8.152757019588232623e-01
-1.957228876165578946e+00
-8.071739085027402894e-01
4.114333967115246793e-01
7.226380558790652664e-01
-6.458160913842991846e-01
-8.757973176978151031e-02
2.287776896268922666e+00
4.463301062441471956e+00
5.682344570465087230e+00
5.777250442753985027e+00
5.960824066218588513e+00
5.920163806955377694e+00
7.676803396002958912e+00
8.297859759229254450e+00
7.324101948249579053e+00
4.789074147489623456e+00
2.601164290767653320e+00
3.029718677757365253e+00
4.844727057941291548e+00
6.122956085693984640e+00
5.806422944961966870e+00
3.586392550335280482e+00
1.605117649209240493e+00
2.536956176052419742e+00
3.163822748499136139e+00
0.000000000000000000e+00
0.000000000000000000e+00
0.000000000000000000e+00
0.000000000000000000e+00
0.000000000000000000e+00
0.000000000000000000e+00
0.000000000000000000e+00
0.000000000000000000e+00
0.000000000000000000e+00
0.000000000000000000e+00
0.000000000000000000e+00
0.000000000000000000e+00
0.000000000000000000e+00
0.000000000000000000e+00
0.000000000000000000e+00
0.000000000000000000e+00
0.000000000000000000e+00
0.000000000000000000e+00
0.000000000000000000e+00
0.000000000000000000e+00
0.000000000000000000e+00
0.000000000000000000e+00
0.000000000000000000e+00
0.000000000000000000e+00
0.000000000000000000e+00
0.000000000000000000e+00
0.000000000000000000e+00
0.000000000000000000e+00
0.000000000000000000e+00
0.000000000000000000e+00
0.000000000000000000e+00
0.000000000000000000e+00
0.000000000000000000e+00
0.000000000000000000e+00
0.000000000000000000e+00
0.000000000000000000e+00
0.000000000000000000e+00
0.000000000000000000e+00
0.000000000000000000e+00
0.000000000000000000e+00
0.000000000000000000e+00
0.000000000000000000e+00
0.000000000000000000e+00
0.000000000000000000e+00
0.000000000000000000e+00
0.000000000000000000e+00
0.000000000000000000e+00
0.000000000000000000e+00
0.000000000000000000e+00
0.000000000000000000e+00
0.000000000000000000e+00
0.000000000000000000e+00
0.000000000000000000e+00
0.000000000000000000e+00
0.000000000000000000e+00
0.000000000000000000e+00
0.000000000000000000e+00
0.000000000000000000e+00
0.000000000000000000e+00
0.000000000000000000e+00
0.000000000000000000e+00
0.000000000000000000e+00
0.000000000000000000e+00
0.000000000000000000e+00
0.000000000000000000e+00
0.000000000000000000e+00
0.000000000000000000e+00
0.000000000000000000e+00
0.000000000000000000e+00
0.000000000000000000e+00
0.000000000000000000e+00
0.000000000000000000e+00
0.000000000000000000e+00
0.000000000000000000e+00
0.000000000000000000e+00
0.000000000000000000e+00
0.000000000000000000e+00
0.000000000000000000e+00
0.000000000000000000e+00
0.000000000000000000e+00
0.000000000000000000e+00
0.000000000000000000e+00
0.000000000000000000e+00
0.000000000000000000e+00
0.000000000000000000e+00
0.000000000000000000e+00
0.000000000000000000e+00
0.000000000000000000e+00
0.000000000000000000e+00
0.000000000000000000e+00
0.000000000000000000e+00
0.000000000000000000e+00
0.000000000000000000e+00
0.000000000000000000e+00
0.000000000000000000e+00
0.000000000000000000e+00
0.000000000000000000e+00
0.000000000000000000e+00
0.000000000000000000e+00
0.000000000000000000e+00
0.000000000000000000e+00
0.000000000000000000e+00
0.000000000000000000e+00
0.000000000000000000e+00
0.000000000000000000e+00
0.000000000000000000e+00
0.000000000000000000e+00
0.000000000000000000e+00
0.000000000000000000e+00
0.000000000000000000e+00
0.000000000000000000e+00
0.000000000000000000e+00
0.000000000000000000e+00
0.000000000000000000e+00
0.000000000000000000e+00
0.000000000000000000e+00
0.000000000000000000e+00
0.000000000000000000e+00
0.000000000000000000e+00
0.000000000000000000e+00
0.000000000000000000e+00
0.000000000000000000e+00
0.000000000000000000e+00
0.000000000000000000e+00
0.000000000000000000e+00
0.000000000000000000e+00
0.000000000000000000e+00
0.000000000000000000e+00
0.000000000000000000e+00
0.000000000000000000e+00
0.000000000000000000e+00
0.000000000000000000e+00
0.000000000000000000e+00
0.000000000000000000e+00
0.000000000000000000e+00
0.000000000000000000e+00
0.000000000000000000e+00
0.000000000000000000e+00
0.000000000000000000e+00
0.000000000000000000e+00
0.000000000000000000e+00
0.000000000000000000e+00
0.000000000000000000e+00
0.000000000000000000e+00
0.000000000000000000e+00
0.000000000000000000e+00
0.000000000000000000e+00
0.000000000000000000e+00
0.000000000000000000e+00
0.000000000000000000e+00
0.000000000000000000e+00
0.000000000000000000e+00
0.000000000000000000e+00
0.000000000000000000e+00
0.000000000000000000e+00
0.000000000000000000e+00
0.000000000000000000e+00
0.000000000000000000e+00
0.000000000000000000e+00
