9.458007812500000000e-01
5.912346282174079093e-01
1.310699803782895412e-01
8.613443678892462874e-01
4.826917540612339907e-01
-9.699544458009845549e-02
-5.690553776046857193e-01
-5.751990132477777795e-01
1.859922214908463212e-01
9.500110937639927311e-02
-4.647050726631475892e-01
-6.077495467159916842e-01
-7.821987715622691351e-01
-8.385910260883165934e-01
-3.738008675264702374e-01
4.058927644006188329e-01
4.204747750645059234e-01
-3.566037245635223507e-01
-4.069562497276939528e-01
4.306615884781160863e-01
6.745377060876915909e-01
3.244014286202654418e-01
-6.802685276629702460e-02
4.128149761724241307e-01
5.076304563009501614e-01
4.389128787306410540e-01
3.151918968731783899e-01
1.145113041153417166e-01
-1.694184008591781421e-01
-4.587091706203061392e-01
-6.954386560305342302e-01
-7.168250740053268011e-01
-3.049524161356211849e-01
1.170037920356828964e-01
1.414595955302017094e-01
-1.958587982593446020e-01
-4.208590579797412135e-01
-2.029858439103267020e-01
-1.250343749362752277e-01
-4.162899478875717874e-01
-9.756381461932184251e-01
-7.835369329465143862e-01
-9.262727502324952233e-02
-3.649845616806968174e-02
-2.323710845805098124e-01
-1.287300439478802350e-01
2.434020935413492293e-01
2.299666914333415857e-01
-2.969941193614020758e-01
-1.198157886428226737e+00
-1.344933576539213416e+00
-7.585773179907711050e-01
-5.702550792530935997e-01
-1.743514249220816659e-01
6.707411778427789795e-01
1.092993163138570090e+00
9.663751614800042411e-01
6.159031399825838360e-01
9.215273853260996795e-02
-4.402836329805461801e-01
-2.500839464660128408e-01
1.941681767818269622e-01
1.489961464981890416e-01
5.215420155909167299e-02
1.272407246501149336e-01
2.141795890807398628e-01
4.340693485434585774e-01
8.949743780346599564e-01
2.417318089086247790e-01
-3.245136746085337531e-01
-8.187120299937047374e-01
-1.104851981533467198e+00
-1.099704404012335157e+00
-1.105399475823574118e+00
-1.162602124862110120e+00
-1.171979250559868291e+00
-1.010007579735125560e+00
-8.262328180357929597e-01
-1.222760059438638525e+00
-2.031924128870150170e+00
-7.687558235626799075e-01
-5.500648398858798416e-02
-5.977817239573768315e-01
-1.471191193721474333e+00
-1.413442780197849524e+00
-6.782704170487090511e-01
-4.135771207872598332e-01
-1.183756937933292175e+00
-2.358205868765588686e+00
-4.178479412578839369e-01
2.674608799093920464e+00
2.152571254037371595e+00
1.977702731171528505e+00
2.419505760420675777e+00
2.580013873847788908e+00
-1.311299024844883032e-01
-1.973925683235047801e+00
-1.588635327093585570e+00
-9.283070665359676177e-01
-6.273117537100887375e-01
5.014501813245209050e-02
1.352659185206486203e+00
1.451173197690163175e-01
-2.323470757815722543e+00
-3.360691215036586854e+00
-2.152926936572185479e+00
1.010101785781982731e-01
4.941964440984991658e-01
-2.139316947963296744e-01
-7.664672551716009696e-01
-8.767434440595543998e-01
-1.172307602042489849e+00
-1.665090458018487318e+00
-1.906191198419210364e+00
-1.260089359897777816e+00
1.198134139576160662e+00
2.674503387089680384e+00
2.532056395136232041e+00
1.279854388092483752e+00
4.960967439513730426e-02
-5.059355519397620293e-01
-2.658213222891662175e-01
-3.517711992306099544e-01
-1.151917274688241122e-01
8.820206311774552166e-01
1.222454961716164856e+00
5.673877213779765505e-01
-3.659700623011730158e-01
-1.206144892848172612e+00
-2.000162788616101750e+00
-1.154118691025026955e+00
-4.725163756150250194e-01
-6.525235878656867605e-01
-1.742953619902912754e+00
-2.713959325185055782e+00
-1.948696605970836604e+00
-8.067360112279424733e-01
-8.225507457264131794e-01
-1.595069124474734146e+00
-1.702887783362438512e+00
-5.472726405059384902e-01
7.373801513553761566e-01
9.054497245036259301e-01
4.563352570865752966e-01
8.472858662644453531e-01
2.219519684314783525e+00
2.957036142485257368e+00
1.534318634312985541e+00
-2.421814917210123319e-01
-4.841604195360849072e-01
-1.170859037689381266e+00
-1.762757103372302847e+00
-5.495324448790674943e-01
9.622373497339817838e-01
1.632022510062766107e+00
1.861081182485611052e-01
-1.539727752456770737e+00
-1.842370447761031205e+00
-1.340135942870524843e+00
-7.684659938798725776e-01
-9.275739669583558111e-01
-2.350099564231673543e+00
-3.146213806791316792e+00
-4.181517052894077047e-01
2.659285220991795651e+00
5.358670887670143657e+00
5.046702900393152724e+00
2.274650333788278633e+00
-3.974594592000935123e-02
-7.281763357288704164e-01
6.018462889292361950e-01
2.426948853450228150e+00
3.718652954732619698e+00
4.074754712917991739e+00
3.002968711957390902e+00
7.902293100182080643e-01
-7.939684237447441895e-02
1.823868182518683323e+00
3.058850679402329575e+00
2.973208576548744375e+00
2.154974906859074224e+00
1.448158261976207672e+00
1.588592588225776314e+00
1.851549371476319816e+00
2.310519015938839349e+00
2.664912271887208917e+00
1.974116632066001298e+00
-3.370969571982460611e-01
-2.385313311348745469e+00
-2.820218755158789836e-01
1.885386023404509004e+00
1.599984389162204312e+00
5.128864503101990824e-01
-2.626114661307222820e-01
-7.601131769945568273e-02
4.786781506175930012e-02
7.461533063135572519e-03
3.609195944462442185e-01
7.144536761143762682e-01
2.343635093262081970e-01
-5.527519629071899754e-01
-4.733253987879795233e-01
-2.185847525425654858e-01
-2.095233168616119634e-01
-4.984627875457674495e-01
-9.975835641025789791e-01
-8.863046614561296277e-01
1.414784450199497723e-01
1.253963856056907522e+00
1.599859783604123065e+00
1.024226664213079507e+00
2.223987569552120513e-01
4.836404538615289850e-01
3.938816876709239079e-01
3.607031275418748351e-02
1.468577292121011624e-01
4.773899100516842964e-01
-9.100319135780488011e-02
-2.117387554079286360e-01
6.422223143470576767e-01
1.287495481038941847e+00
7.182109369285827327e-02
-1.172772061920316133e+00
-1.222807997324183438e+00
-8.721746558381848757e-02
8.322368976441523181e-01
9.468061585396936319e-01
7.779416570210635484e-01
7.875212713278580967e-01
3.927967368819862415e-01
-9.979725714515319535e-02
3.538292158590521375e-01
2.429977897396384812e-01
-7.633550916319529200e-01
-2.073115322779788716e+00
-2.598320732452155557e+00
8.109937732350971373e-01
2.303439491047070131e+00
1.158680367625733343e+00
-2.760307796036474137e-01
-1.918109651389620751e+00
-2.995948141355840644e+00
-2.377066655686499441e+00
-1.084034173050062222e+00
2.126948665377437209e-01
9.796710616240318359e-01
6.746263651500963299e-01
-2.453080303038315257e-01
6.815749907824211196e-01
1.509208535943825424e+00
1.791600692094930558e+00
1.971401684310899682e+00
1.873323474498608920e+00
9.799667330699239898e-01
3.958131078051310148e-01
1.586821781305436829e+00
2.815768542325062018e+00
2.522298902700415901e+00
1.477131659953772491e+00
1.014009152516814893e-01
-1.773084542894098892e+00
-3.991142885311185218e+00
-3.371564295641940934e+00
-1.971361051492083405e+00
-1.081878840305778411e+00
-8.802342726140315321e-01
-1.645834426643765003e+00
-2.666548376333213621e+00
-2.217122253777556118e+00
-6.077329358877268106e-01
5.029207828910271516e-01
1.589921757309538108e-01
-1.245213920990858369e+00
-1.519123339234573988e+00
-9.662799357117364263e-01
-3.255766608149310848e-01
1.619271327071085231e+00
3.729326525138040527e+00
4.519978277585555482e+00
4.439618924659311183e+00
4.739243515180938005e+00
5.323710731173297184e+00
5.133254279014284549e+00
4.099742705284356248e+00
3.107610970636116132e+00
2.649432127613864374e+00
2.407913238593757832e+00
1.585470267464699878e+00
-2.161736133023128836e-01
-1.906484479971961576e+00
-1.947998875519953765e+00
-9.600733657293036849e-01
4.078335224430107431e-02
-5.789984525379765490e-01
-1.748167683456425703e+00
-2.552751447297756382e-01
6.972827395370850834e-01
-1.273657177613380931e-01
-1.033930588241450454e+00
-1.199922396862779905e+00
-5.603149491343595301e-01
-3.222979467117647046e-01
-1.723203922667627008e+00
-2.068429105934374235e+00
-8.827240022610074455e-01
5.505381326915181894e-01
1.804126998421367034e+00
2.621374042561245954e+00
2.716484261478786522e+00
-1.994993783568774770e-01
-7.005206819405811469e-01
4.794629490220143619e-01
1.726342251412500195e+00
-8.844381672229352231e-01
-2.065380722752909737e+00
-1.078237750716986021e+00
-6.738551707406699176e-01
-1.379651640923431621e+00
-2.445588982085229457e+00
-2.419550969759442172e+00
-1.327500995698739361e+00
-2.460525896825043191e-01
2.116583396017732710e-01
-4.534988107951365421e-02
-9.119350462754756137e-01
-2.357532676290212681e+00
-4.033059831835468678e+00
-4.896178937745935045e+00
-3.372952736354834613e+00
-9.829920845893238557e-01
1.033801965309520288e+00
2.020943727583478289e+00
2.244460327361289753e+00
1.780347611545407105e+00
6.925392883126171295e-01
3.885634762862279490e-01
1.011320855867111623e+00
1.205326074271736214e+00
1.026269193103230393e+00
6.230833201388551457e-01
5.902140452091516609e-01
1.096854773268685301e+00
1.189912472120819853e+00
2.447998653307075223e-01
-1.041718059618157888e+00
6.240716173749860651e-02
1.404434466274522730e+00
2.538275677865118318e+00
2.931669560728198398e+00
2.242259221924297385e+00
1.034699864577598660e+00
-2.796292219941598489e-02
-6.594489420926457068e-01
-8.195259144111730620e-01
-6.085237499383662207e-01
-2.589794271461415276e-01
-1.937367930050182263e-02
-8.593706301580805729e-02
-2.350504334889289559e-01
-3.088152468829257202e-01
-3.548287041657741669e-01
-3.670898025611623039e-01
-4.840847595486942323e-01
-8.040196057401853835e-01
-4.722839406627179493e-01
6.484946865776370917e-01
1.426237067681157100e+00
1.620253570951617483e+00
1.402939696834809791e+00
8.690371323686157945e-01
2.144746846357827863e-01
-7.349500108511786145e-02
-2.674642808672673677e-01
-7.733297680528303797e-01
-4.236149819623754587e-01
5.544355292605551710e-01
8.782786336961970752e-01
7.431779128892106456e-01
6.880140993286998352e-01
1.037022325528417666e+00
1.057877564842196749e+00
7.908491483330599703e-01
2.175173596346350324e-01
8.761802520185379972e-02
3.152795592955616177e-01
3.552876066799209864e-01
3.933659776209962322e-01
-1.030059947564931910e-02
-3.807954966214730508e-01
-3.981009114188109876e-01
-3.086954354334594530e-01
-2.428538436041380866e-01
-8.129606793132276854e-02
3.710580876749733914e-01
5.230954811993779874e-01
-5.226997024030954897e-02
-5.895582285209360895e-01
-5.913797915100021951e-01
8.963434310603535238e-03
7.744695335036513306e-01
-2.008437352734900316e-01
-8.088849550332111171e-01
6.343026140646201849e-01
9.002660170280389895e-01
7.520466789638629024e-01
2.671944745626539941e-01
4.005497119632460135e-01
8.649843136036793334e-01
9.626599837847112928e-01
7.455027636515444422e-01
5.566583533675940609e-01
5.082304345568775528e-01
3.436911943564409100e-01
1.149626549929922276e-01
3.542009957202738590e-01
4.112044194965416288e-01
2.020526770253535664e-01
7.206175321699873626e-01
1.283895404979825239e+00
1.364599487514241760e+00
9.015349458153922857e-01
8.160886232133464091e-01
1.565806208017686441e+00
0.000000000000000000e+00
0.000000000000000000e+00
0.000000000000000000e+00
0.000000000000000000e+00
0.000000000000000000e+00
0.000000000000000000e+00
0.000000000000000000e+00
0.000000000000000000e+00
0.000000000000000000e+00
0.000000000000000000e+00
0.000000000000000000e+00
0.000000000000000000e+00
0.000000000000000000e+00
0.000000000000000000e+00
0.000000000000000000e+00
0.000000000000000000e+00
0.000000000000000000e+00
0.000000000000000000e+00
0.000000000000000000e+00
0.000000000000000000e+00
0.000000000000000000e+00
0.000000000000000000e+00
0.000000000000000000e+00
0.000000000000000000e+00
0.000000000000000000e+00
0.000000000000000000e+00
0.000000000000000000e+00
0.000000000000000000e+00
0.000000000000000000e+00
0.000000000000000000e+00
0.000000000000000000e+00
0.000000000000000000e+00
0.000000000000000000e+00
0.000000000000000000e+00
0.000000000000000000e+00
0.000000000000000000e+00
0.000000000000000000e+00
0.000000000000000000e+00
0.000000000000000000e+00
0.000000000000000000e+00
0.000000000000000000e+00
0.000000000000000000e+00
0.000000000000000000e+00
0.000000000000000000e+00
0.000000000000000000e+00
0.000000000000000000e+00
0.000000000000000000e+00
0.000000000000000000e+00
0.000000000000000000e+00
0.000000000000000000e+00
0.000000000000000000e+00
0.000000000000000000e+00
0.000000000000000000e+00
0.000000000000000000e+00
0.000000000000000000e+00
0.000000000000000000e+00
0.000000000000000000e+00
0.000000000000000000e+00
0.000000000000000000e+00
0.000000000000000000e+00
0.000000000000000000e+00
0.000000000000000000e+00
0.000000000000000000e+00
0.000000000000000000e+00
0.000000000000000000e+00
0.000000000000000000e+00
0.000000000000000000e+00
0.000000000000000000e+00
0.000000000000000000e+00
0.000000000000000000e+00
0.000000000000000000e+00
0.000000000000000000e+00
0.000000000000000000e+00
0.000000000000000000e+00
0.000000000000000000e+00
0.000000000000000000e+00
0.000000000000000000e+00
