9.953308105468750000e-01
6.955088227717582949e-01
1.343368981692902864e-01
-4.289052165165028185e-01
-1.302754094980311805e+00
-1.907020730869124048e+00
-1.540895917147156791e+00
-5.728189736824309541e-01
1.038817231987265721e-01
7.427264103769908310e-01
1.494590539485311620e+00
2.090512051666254312e+00
2.110489642321493609e+00
1.400843585943137182e+00
2.759507358161364943e-01
-3.838425020069982097e-01
3.201279948202548908e-01
1.069610806109826395e+00
1.761730823524598755e+00
2.355682522688768987e+00
-1.240395709693563164e+00
-1.811490201004126055e+00
-1.456326290558817904e+00
-3.605961272743954948e-01
-5.306715192912925261e-03
-4.912398121481977853e-01
-1.530479261794626566e+00
-2.303670514350346643e+00
1.240392121132900538e-01
1.523487025522137994e+00
2.197268309921316387e-01
-7.090234961006247616e-01
-1.089438125053109552e+00
-9.921281582021252987e-01
-7.472023132870726503e-01
-5.495401675659270513e-01
-4.262632109255495294e-01
3.175170371445918960e-01
5.926017094386604178e-01
5.244772470118745922e-01
3.569601677126961192e-01
2.348418715199488416e-01
-9.975132912913781125e-02
-4.676790693616507122e-01
-5.257921469390194336e-01
-8.039644449852914043e-01
-1.209494464956844650e+00
-1.156621728321690190e+00
-5.442568861944390157e-01
-1.986739391115697195e-01
-1.728131065253553089e-01
-1.223863552485284778e-01
3.905081721513348203e-01
1.055091587533766084e+00
1.703095944960343111e+00
2.408641350285694038e+00
2.572739018581106762e+00
2.359120095719662302e+00
1.905816523434152199e+00
1.474961968637149123e+00
-1.728644249211983563e-01
-2.597342981310794663e+00
-2.018795234424863860e+00
-1.572167786510653587e+00
-1.735572023877309134e+00
-2.393550708229370549e+00
-1.931097685916168150e+00
-6.480774774758213397e-02
1.593886059462246596e+00
2.464345032125806689e+00
2.550482404498797706e+00
2.023446189420071040e+00
1.545056940097806031e+00
1.221166604820886237e+00
4.201497639986240262e-01
-2.563345770588725259e-01
-6.460771489238403831e-03
4.791346734197365898e-02
1.325066045370637546e+00
2.152407320608544339e+00
2.032867971609680691e+00
1.910599294858385200e+00
9.937417984023007023e-01
3.965903957436722749e-01
1.084068319589528429e-01
-3.582437241957023843e-01
-7.522319902005101255e-01
-1.600598442910061703e+00
-3.002064479228742311e+00
1.500694168260455763e+00
2.557355955722567131e+00
9.123064902554096633e-01
-1.858673506775758710e-01
-8.535853448643528907e-01
-1.430626411524885455e+00
-1.667203943889703055e+00
-1.006338316408867062e+00
4.404629315729970962e-01
1.035224765106509404e+00
2.686988157281651191e-01
-8.683228599506602752e-01
-5.953223646202896457e-01
1.189354305731741057e+00
2.358246686089080502e+00
1.971866442594556901e+00
9.144814969606425148e-01
-1.144784285057587336e-02
-7.661593688103898181e-01
-1.007905845611034801e+00
-8.995732748748322960e-01
-1.147432248200040972e+00
-1.277290841271236044e+00
-6.405627674715408393e-01
-1.467745499514383489e-02
1.972050870435269054e-01
-2.165975866334712840e-02
-2.409354869160995616e-01
4.175249656177271174e-01
8.523031900924569193e-01
8.275615303780700094e-01
8.331897626719011463e-01
3.273057889597146275e-01
3.052482310527421250e-01
6.361085629111584705e-01
7.843681901308698912e-01
8.372778138978000939e-01
9.782733791392510536e-01
1.064899658672803451e+00
9.206352763641036940e-01
4.930606162197279652e-01
-1.130551485283495250e-01
-6.698811700675794123e-01
-1.202687680003708959e+00
-8.470590818910757047e-01
3.898714991160274757e-01
1.316580707223336200e+00
4.859569201921901671e-01
-5.152483935102524226e-01
-6.427048873469750623e-01
6.927980416274100994e-01
1.820614019825707253e+00
1.570607686978108930e+00
1.296250584914008686e+00
1.503933449644351494e+00
9.403885562793203867e-01
2.690569086769172835e-01
8.998908084977774724e-03
5.793676976689512981e-02
-1.465971714901544987e-01
-1.243042514079645278e-01
1.707041207943538197e-02
3.384649556121610559e-03
-1.090033331701231734e-01
-1.355904073080795857e-01
1.240685368057377891e-01
4.653858736378476690e-01
5.570291337281330080e-01
3.502808698881462179e-01
2.968101216601687353e-02
-2.390199512076900401e-01
-2.933984859521618915e-01
-2.985798920863680372e-01
-2.511815319298061899e-01
-1.276092977637305337e-01
1.702362582514226064e-02
-7.698765303911853097e-02
-1.949429965362846073e-01
-7.390603527516725890e-02
1.608683404769926661e-01
3.068670840605390859e-01
2.753686852485274783e-01
1.631945334268089243e-01
2.066606737807891725e-01
3.742698357837594414e-01
3.525378207048573964e-01
1.334618914533067802e-01
-1.251184995756944307e-01
-2.212436364864750482e-01
-2.709333804683763391e-01
-2.873533408587056193e-01
2.651778580017222220e-01
1.104628125606133882e+00
1.394150768756996284e+00
1.345934030729538655e+00
1.729946066140801042e+00
1.936244520288886051e+00
1.001969608325349981e+00
2.581579503585420543e-01
7.114569092628302283e-01
6.065715399561145693e-01
4.763217928446628058e-02
-4.285440739695094425e-01
-5.606241347610807502e-01
1.726951805735526257e-01
1.954710012210011394e-01
1.047519966483656528e-01
4.532511966871792808e-01
9.914280664834014267e-01
1.303879671140902641e+00
1.359734400212883942e+00
1.263005790772200543e+00
9.717939738316743181e-01
2.035219332148663351e-01
-8.920339780166273158e-01
-1.309509849525924530e+00
-3.579372077393767615e-01
5.014803639867143614e-01
9.117757950556549806e-01
4.863882189620780672e-01
3.704288521410693535e-01
1.320862676593842489e+00
1.739668455376089051e+00
6.906910512836783589e-01
-5.609695101717537824e-01
-1.460745986953263964e+00
-1.452345180928508395e+00
-1.339771290711508467e+00
-1.477518446505464711e+00
-1.163527605857045844e+00
-3.208388964169242019e-01
6.975291385940989297e-01
1.861766831761662022e+00
2.356554201724930131e+00
1.487424819244315577e+00
-2.225972912829554673e-03
-3.180408306676848484e-01
1.075898797019072539e-01
3.088385557141126725e-02
2.768021468008303732e-01
1.484653449731513142e+00
3.563858320707859129e+00
4.209764541621774825e+00
2.593526726002038707e+00
2.706443548979233782e-01
-1.275582753372912492e+00
-2.092901586688914684e+00
-3.344813381617414372e+00
-4.515564799860500855e+00
2.131272637785497359e-01
2.573205571155851246e+00
1.284504205978024061e+00
1.542177076000754710e-01
-1.325452827038830161e+00
-2.424123115190014222e+00
-1.786527089958275916e+00
-3.941084978004827377e-03
1.390069699599550734e+00
1.407780047394114220e+00
2.744322922918263075e-01
6.857891662623352147e-01
7.567993540807719244e-01
9.266892921951022100e-01
1.357938343100792311e+00
1.439395794920468541e+00
1.993311911942911463e+00
3.009281742385943481e+00
3.386202360778842291e+00
2.515973327144690685e+00
5.857840116580796952e-01
-1.581684999886623810e+00
-1.964545934099724001e+00
-1.068591129817439311e+00
-8.984381315351319675e-01
-1.748988469071828700e+00
-3.248737505215850252e+00
-1.991931147911649713e+00
-6.706772698752820894e-01
9.130866002420083838e-01
2.570556060161500067e+00
2.824647448001420980e+00
1.450342456323011842e+00
4.654307855546573336e-01
4.422073908169723566e-01
6.864175562785356233e-01
8.217778745981645372e-01
1.251153562438201305e+00
1.283463566226038743e+00
4.399215393284516828e-01
-8.190142573641232548e-01
-1.338237653785947279e+00
-1.451907256123106560e+00
-1.976044238384784490e+00
-2.212510231494456026e+00
-1.830909443901705513e+00
4.404390748270681222e-02
1.760949766137327233e+00
2.929903432116652162e+00
1.740620808195961544e+00
-6.844734950393156492e-01
-1.581743579640343622e+00
-4.864157704924243486e-01
4.221969178146571799e-01
-3.631351842081271819e-01
-8.912996248971372104e-01
3.426646251908893603e-02
1.372841755031016575e+00
1.169142392504413319e+00
-1.278212219571437602e+00
-1.869144745726769585e-02
4.049976813512729201e+00
4.464810211332558509e+00
-1.828301735325648547e+00
-6.654781448321446469e+00
-4.990342247226021932e+00
-1.781550659436564432e+00
-7.605356953259789776e-02
-5.172860798650975589e-01
4.735444192390456664e-01
2.009268324218058677e+00
2.779326262252153068e+00
-1.455870706154994254e+00
-2.275722380503987896e+00
-3.288113199803421871e-01
2.557200559154290787e+00
4.014291860455587724e+00
3.763779358803156061e+00
1.810079022579849983e+00
-3.380604531760287301e-01
-1.720968205994741096e+00
-2.178849533284327400e+00
-1.851276611700762409e+00
-1.220975841429990272e+00
-9.712625128264420482e-01
-6.839802448810770041e-01
-1.597018862252868043e-01
-1.710972412272114163e+00
-1.551465175223977644e+00
-1.224351833246569488e+00
0.000000000000000000e+00
0.000000000000000000e+00
0.000000000000000000e+00
0.000000000000000000e+00
0.000000000000000000e+00
0.000000000000000000e+00
0.000000000000000000e+00
0.000000000000000000e+00
0.000000000000000000e+00
0.000000000000000000e+00
0.000000000000000000e+00
0.000000000000000000e+00
0.000000000000000000e+00
0.000000000000000000e+00
0.000000000000000000e+00
0.000000000000000000e+00
0.000000000000000000e+00
0.000000000000000000e+00
0.000000000000000000e+00
0.000000000000000000e+00
0.000000000000000000e+00
0.000000000000000000e+00
0.000000000000000000e+00
0.000000000000000000e+00
0.000000000000000000e+00
0.000000000000000000e+00
0.000000000000000000e+00
0.000000000000000000e+00
0.000000000000000000e+00
0.000000000000000000e+00
0.000000000000000000e+00
0.000000000000000000e+00
0.000000000000000000e+00
0.000000000000000000e+00
0.000000000000000000e+00
0.000000000000000000e+00
0.000000000000000000e+00
0.000000000000000000e+00
0.000000000000000000e+00
0.000000000000000000e+00
0.000000000000000000e+00
0.000000000000000000e+00
0.000000000000000000e+00
0.000000000000000000e+00
0.000000000000000000e+00
0.000000000000000000e+00
0.000000000000000000e+00
0.000000000000000000e+00
0.000000000000000000e+00
0.000000000000000000e+00
0.000000000000000000e+00
0.000000000000000000e+00
0.000000000000000000e+00
0.000000000000000000e+00
0.000000000000000000e+00
0.000000000000000000e+00
0.000000000000000000e+00
0.000000000000000000e+00
0.000000000000000000e+00
0.000000000000000000e+00
0.000000000000000000e+00
0.000000000000000000e+00
0.000000000000000000e+00
0.000000000000000000e+00
0.000000000000000000e+00
0.000000000000000000e+00
0.000000000000000000e+00
0.000000000000000000e+00
0.000000000000000000e+00
0.000000000000000000e+00
0.000000000000000000e+00
0.000000000000000000e+00
0.000000000000000000e+00
0.000000000000000000e+00
0.000000000000000000e+00
0.000000000000000000e+00
0.000000000000000000e+00
0.000000000000000000e+00
0.000000000000000000e+00
0.000000000000000000e+00
0.000000000000000000e+00
0.000000000000000000e+00
0.000000000000000000e+00
0.000000000000000000e+00
0.000000000000000000e+00
0.000000000000000000e+00
0.000000000000000000e+00
0.000000000000000000e+00
0.000000000000000000e+00
0.000000000000000000e+00
0.000000000000000000e+00
0.000000000000000000e+00
0.000000000000000000e+00
0.000000000000000000e+00
0.000000000000000000e+00
0.000000000000000000e+00
0.000000000000000000e+00
0.000000000000000000e+00
0.000000000000000000e+00
0.000000000000000000e+00
0.000000000000000000e+00
0.000000000000000000e+00
0.000000000000000000e+00
0.000000000000000000e+00
0.000000000000000000e+00
0.000000000000000000e+00
0.000000000000000000e+00
0.000000000000000000e+00
0.000000000000000000e+00
0.000000000000000000e+00
0.000000000000000000e+00
0.000000000000000000e+00
0.000000000000000000e+00
0.000000000000000000e+00
0.000000000000000000e+00
0.000000000000000000e+00
0.000000000000000000e+00
0.000000000000000000e+00
0.000000000000000000e+00
0.000000000000000000e+00
0.000000000000000000e+00
0.000000000000000000e+00
0.000000000000000000e+00
0.000000000000000000e+00
0.000000000000000000e+00
0.000000000000000000e+00
0.000000000000000000e+00
0.000000000000000000e+00
0.000000000000000000e+00
0.000000000000000000e+00
0.000000000000000000e+00
0.000000000000000000e+00
0.000000000000000000e+00
0.000000000000000000e+00
0.000000000000000000e+00
0.000000000000000000e+00
0.000000000000000000e+00
0.000000000000000000e+00
0.000000000000000000e+00
0.000000000000000000e+00
0.000000000000000000e+00
0.000000000000000000e+00
0.000000000000000000e+00
0.000000000000000000e+00
0.000000000000000000e+00
0.000000000000000000e+00
0.000000000000000000e+00
0.000000000000000000e+00
0.000000000000000000e+00
0.000000000000000000e+00
0.000000000000000000e+00
0.000000000000000000e+00
0.000000000000000000e+00
0.000000000000000000e+00
0.000000000000000000e+00
0.000000000000000000e+00
0.000000000000000000e+00
0.000000000000000000e+00
0.000000000000000000e+00
0.000000000000000000e+00
0.000000000000000000e+00
0.000000000000000000e+00
0.000000000000000000e+00
0.000000000000000000e+00
0.000000000000000000e+00
0.000000000000000000e+00
0.000000000000000000e+00
0.000000000000000000e+00
0.000000000000000000e+00
0.000000000000000000e+00
0.000000000000000000e+00
0.000000000000000000e+00
