-4.493133544921875000e+00
-1.848503014064192929e+00
8.309546174711885946e-01
1.966859230754253840e+00
5.430136734569101620e+00
2.528392826031235607e+00
1.280311275261784232e+00
1.416641120384439123e+00
-1.142250361940129189e-01
-3.876012281208103261e-01
1.079862268768402744e+00
-1.559701490455355222e+00
-1.128386364674349718e+00
8.507500472563409577e-01
2.973633213985262813e+00
4.714484577377705321e+00
2.699476283977821023e+00
-3.056332588627346247e-01
-2.532280671814026718e-01
1.009455105480256076e+00
-6.429161709437671846e-01
-4.254700007990357413e-01
8.337961038740975273e-01
6.218107979078484338e-01
-5.403506955937318335e-01
-1.206077550513775520e-01
1.172901150685006222e-01
-1.275292824117173707e+00
-1.133544044944220675e+00
6.200416332233797956e-01
-8.422107403353835675e-01
-1.238678259546149185e+00
6.531825823088852623e-01
5.228742571459498834e+00
5.935952156310174921e+00
3.157534465288194703e+00
6.383979861982823634e-01
-9.244382648674308589e-01
7.849606029491500436e-01
-3.048209487201209988e+00
-4.799396508276871032e+00
-2.039636513470150625e+00
9.574951354731289221e-01
6.470830512611480678e-01
8.518647860275211370e-01
1.214118888358048043e+00
-1.684007068947776187e+00
-1.950965977816166763e+00
1.093262055749702366e+00
1.840021422335043511e+00
-1.891119989060110029e+00
-3.345872570701754256e+00
-4.537005487154537331e-01
2.783832279784768104e-01
1.464945246154799596e+00
4.647525410950714697e-01
-8.738008866100477334e-02
2.501019859639574960e+00
-7.301341149955615784e-01
4.722071955340956251e-02
1.315262500183293159e+00
1.531767071211884712e-01
1.731277606212482389e-01
-1.257246485479714071e+00
6.449851845871377165e-01
7.352572624035763615e-01
-9.571294007403083892e-01
-5.186462830070595054e-01
1.637022315768421610e-01
-1.540980457666748515e-01
-8.852980410236543918e-01
3.114799069012090249e-01
-1.169753183274816033e+00
-1.261956456808984051e+00
-1.232966167935157786e+00
-1.383843526429672233e+00
-5.962220553145213264e-01
-3.914267042708008404e-01
3.305465981167068357e-01
1.014007086367792354e+00
-6.691908273726150380e-01
-7.394605119585335729e-01
-1.386909502416046491e+00
-1.615038801168203975e+00
2.057688490014557559e-01
1.296636498741626120e+00
4.219467633401401407e-01
-9.766940345229923048e-01
7.367972301225114151e-01
-6.004334930448012031e-01
-1.280146893817037501e+00
9.719054028654759980e-01
6.924512847307220387e-01
-1.129956344301362270e+00
-3.439021399491526410e-01
4.267142224244504511e-01
-9.142652934608084259e-01
-1.903449253872486757e-01
1.430800262524987154e-01
1.459253247039017154e+00
2.861537564703493075e+00
6.597803481282722426e-01
2.360943622745695691e+00
-4.797642759721130190e-01
-2.612791170366551619e+00
-1.879479478703349526e+00
-3.673855072104177388e+00
-1.143462139221031570e+00
6.166952853510618837e-01
1.187816411139080985e+00
2.666965897879387093e+00
2.353620156796866425e+00
7.931649579663342386e-01
2.690644017705414726e-01
2.984092871876367070e-01
4.597537338558268516e-01
5.726060611285772595e-01
-1.320811943376314579e+00
-4.249466746140571072e-01
-7.339845566437332991e-01
-2.170980040521065302e+00
-2.572237479004645611e+00
-2.162969291170538266e+00
6.734602235509412615e-01
2.350576768034157826e+00
1.378893577162793704e+00
-7.439036703092076763e-01
-1.964956379544124498e+00
-2.615189680127614658e+00
-2.887264200254093360e+00
-1.683277154271467735e+00
-1.144781857278919457e+00
-2.770150965139458243e+00
-2.818024736846854950e+00
2.400104661836452991e-01
3.233448393098991236e+00
5.252872824229994464e+00
3.630292109462206263e+00
1.924560003654698370e-01
1.286131424328228245e+00
3.316142485209478075e+00
3.127969125827993579e+00
5.890125037557569776e-01
-2.569437582669683806e+00
-6.983823506012907245e-01
6.663257052016176019e-01
-5.343611167248851768e-01
-1.324534716744433682e+00
-6.747256316511660579e-01
5.220910021501870002e-01
-9.824857626651746223e-01
-7.529711018974416525e-01
1.431157214784275933e+00
-7.082798501045362016e-02
-1.656620380543939675e+00
-1.153996425074803156e+00
5.621374429054888378e-01
1.376422346224591475e+00
1.723740081830889670e+00
3.042229327280041140e+00
2.262740288656113652e+00
5.593197140119454680e-01
1.104766383064835322e+00
2.495636965457885381e+00
8.580645272194424855e-01
-8.194595113615967819e-01
1.351315779737631617e+00
2.884791451690102981e-01
-2.222215252289013954e+00
-1.563885626797096418e+00
-9.013722419025254062e-01
-5.729955417602150547e-02
1.506385609370448408e+00
1.134526556666035635e+00
-6.764388732637840462e-01
-1.461697885543549624e+00
-7.650213856688088399e-01
-1.835156907129356085e+00
-7.801180409188765985e-01
1.116111337907828904e+00
1.570938450558710064e+00
1.196333564415392736e+00
1.121508045097883155e+00
1.822879357311339987e-01
-8.440971086260702361e-01
8.033098049770623916e-01
1.432348543991277090e+00
1.039663809312732834e+00
3.536899016916263960e-01
-3.664622367580259166e-01
4.939622620281534093e-01
1.554783384794483192e+00
9.018247805666526062e-01
-5.012833707574899655e-01
-1.105593453238530088e+00
-1.005459464487791665e+00
-1.204967015135132602e+00
-1.603656165809204781e+00
-1.173201455322880671e+00
-1.734423421535906673e-01
-4.925297717108387818e-01
-1.713848165696234993e+00
-1.675076470916690319e+00
-1.778710379228529703e-01
9.718279418462834052e-01
8.259253268241124601e-01
2.587418559143861430e-01
4.136643669140096513e-01
1.506603166123542392e+00
1.548838868047454520e+00
-1.209472503820752110e-03
-7.040618191715328766e-01
1.320949057366873181e+00
1.099921702819141478e+00
1.293969427994395627e+00
2.354221589665894676e+00
7.007049681609056613e-01
-1.943451086444532905e+00
-2.539511914567466278e+00
-5.014135216749968649e-01
-1.732733594739525707e+00
-4.625785993482591785e-01
1.639784353112555548e+00
1.990037002147064804e-01
-8.281032357472288830e-01
6.802771486173857518e-01
3.642057871800252755e-01
-2.210417869649023537e+00
-1.020523823945432618e+00
2.647879389559815166e-01
-9.963353262162064627e-01
1.143661237633317285e+00
1.019689707969032799e+00
-4.632716815880528749e-01
1.475615106324391634e+00
2.406329436118078036e+00
4.692161556997476168e-01
-1.018967078680745431e+00
-2.039873116250593199e+00
-2.995742149879294658e+00
-2.309819184190242680e+00
-1.224895887081976831e+00
1.479727318494843402e-01
8.312048680850381288e-01
-5.583408357047865422e-01
-1.113532967089840398e+00
-5.246461089303182668e-01
-1.041734099609764819e+00
-2.238746258535385003e+00
-2.841679991178875042e+00
-1.605923743921767954e+00
-1.129796145816879704e+00
-1.969694361510990754e+00
6.136887430233315399e-01
3.049868113547709036e+00
3.210213187791283396e+00
2.718788799754650043e-01
-2.344010179040366459e+00
-1.903396265737296034e-01
3.413953908577050278e+00
4.138107076301871246e+00
2.971378231885656085e+00
6.055447277245633586e-01
-7.895169563259021306e-01
-7.508566077571008357e-01
-1.966298247009462541e+00
-2.492436557738678449e+00
-3.914841370107333240e+00
-3.220871916009803382e+00
7.362396842302105782e-01
2.674517981905730757e+00
4.645451813144981124e+00
2.200544859005365783e+00
4.639002263597116205e-01
-6.091007077182095664e-01
-1.960869319682393197e+00
-3.139091182277020664e-02
-3.465113146943934463e-01
-2.405751957179592448e+00
3.562574038176016256e-01
3.186801557991270073e+00
3.062303415196441669e+00
1.888599368340627915e+00
2.410256744796769546e+00
3.608262805468422485e+00
2.816740391552185141e+00
1.459956504292708512e+00
1.709701842876446332e+00
1.770043864749575313e-01
-2.167763585638613932e+00
-3.116536187574512340e-01
5.121377650262168846e-01
3.278710557717702034e+00
2.561607809672775460e+00
1.286882458434304155e+00
3.011367950558478945e+00
1.976047118497797905e+00
2.863619397356089724e-01
3.013418790875799225e-01
5.552063180399366971e-01
2.143176580819533772e+00
4.361415557508643293e-01
5.436308565904667267e-01
1.003724813496653434e+00
-1.008522670249990094e+00
-1.016153761695770541e+00
2.001176000255695087e+00
9.213171451547697011e-01
-1.490197688376649676e+00
-1.466810245236596089e-01
3.809948327911980570e-01
1.035084214359418553e+00
-1.233643139598455285e+00
-9.143790644988307736e-01
3.067920246923336869e-01
-1.102104826486347333e+00
1.427296154841264375e-01
1.541074474651815684e-02
-6.842002493707071142e-01
-1.438780628158497832e+00
-3.568847926856584252e+00
-2.358969499819956184e+00
3.219018347197097896e-01
-1.593212944775286521e+00
-3.082489124333941621e+00
-3.410716702960912450e+00
-1.995545977011190297e+00
1.060842798415862376e+00
1.854942732016353624e-01
-1.190107462463229959e+00
-1.967442937847075024e+00
-4.068994573092989953e+00
-4.042918978179634415e+00
2.016818659780939438e+00
6.230538627038815225e-01
9.546661791932832264e-01
2.337323263276072094e-01
-2.864316891265399345e-01
1.388704688035720114e+00
-1.826586730707713713e+00
-2.276726014455313418e+00
8.674270420632228529e-01
5.341549328932690965e-01
-1.200168982690946073e+00
-1.834247860627359561e+00
-2.417776319390219086e+00
-1.083348621593241301e+00
1.471923603450716378e+00
1.480462687600551552e+00
3.200015238065054834e-01
9.336404771501016775e-01
-1.881209831520610942e+00
4.113467135122763629e-01
2.012028594026414652e+00
-1.582060548291596591e+00
-1.348225670445440949e+00
6.306508103335922710e-01
7.244685832231925193e-01
-1.298066912322689781e+00
-2.461839725151309111e+00
1.496049079325018738e+00
6.170756004017481366e+00
4.431989054334021461e+00
1.963601256557434560e+00
-4.069316329722387771e-01
-3.565092350578942693e+00
-1.928332063143103126e+00
8.478554134612874549e-01
-2.662208095644982286e+00
-1.016933099035073340e-01
1.899145757818585523e-01
1.487516252707354214e+00
9.172577275180563428e-01
2.711446547344216640e+00
2.491334938420547207e+00
2.689677137713349264e+00
3.372633285556542404e+00
1.092671984820196007e+00
2.634530926502640202e+00
5.270909685225547925e+00
5.441077152087622437e+00
3.395966415224087154e+00
2.777924139439177598e+00
2.663835565749819168e+00
1.554052816584371888e+00
2.386758316061310392e+00
2.054069406673277864e+00
2.030971368949180178e+00
4.514484636451276067e+00
5.986475456034084708e+00
6.136315575705857839e+00
5.978912526577563114e+00
5.927788417245505315e+00
4.322324164635291233e+00
1.193008567496687711e+00
0.000000000000000000e+00
0.000000000000000000e+00
0.000000000000000000e+00
0.000000000000000000e+00
0.000000000000000000e+00
0.000000000000000000e+00
0.000000000000000000e+00
0.000000000000000000e+00
0.000000000000000000e+00
0.000000000000000000e+00
0.000000000000000000e+00
0.000000000000000000e+00
0.000000000000000000e+00
0.000000000000000000e+00
0.000000000000000000e+00
0.000000000000000000e+00
0.000000000000000000e+00
0.000000000000000000e+00
0.000000000000000000e+00
0.000000000000000000e+00
0.000000000000000000e+00
0.000000000000000000e+00
0.000000000000000000e+00
0.000000000000000000e+00
0.000000000000000000e+00
0.000000000000000000e+00
0.000000000000000000e+00
0.000000000000000000e+00
0.000000000000000000e+00
0.000000000000000000e+00
0.000000000000000000e+00
0.000000000000000000e+00
0.000000000000000000e+00
0.000000000000000000e+00
0.000000000000000000e+00
0.000000000000000000e+00
0.000000000000000000e+00
0.000000000000000000e+00
0.000000000000000000e+00
0.000000000000000000e+00
0.000000000000000000e+00
0.000000000000000000e+00
0.000000000000000000e+00
0.000000000000000000e+00
0.000000000000000000e+00
0.000000000000000000e+00
0.000000000000000000e+00
0.000000000000000000e+00
0.000000000000000000e+00
0.000000000000000000e+00
0.000000000000000000e+00
0.000000000000000000e+00
0.000000000000000000e+00
0.000000000000000000e+00
0.000000000000000000e+00
0.000000000000000000e+00
0.000000000000000000e+00
0.000000000000000000e+00
0.000000000000000000e+00
0.000000000000000000e+00
0.000000000000000000e+00
0.000000000000000000e+00
0.000000000000000000e+00
0.000000000000000000e+00
0.000000000000000000e+00
0.000000000000000000e+00
0.000000000000000000e+00
0.000000000000000000e+00
0.000000000000000000e+00
0.000000000000000000e+00
0.000000000000000000e+00
0.000000000000000000e+00
0.000000000000000000e+00
0.000000000000000000e+00
0.000000000000000000e+00
0.000000000000000000e+00
0.000000000000000000e+00
0.000000000000000000e+00
0.000000000000000000e+00
0.000000000000000000e+00
0.000000000000000000e+00
0.000000000000000000e+00
0.000000000000000000e+00
0.000000000000000000e+00
0.000000000000000000e+00
0.000000000000000000e+00
0.000000000000000000e+00
0.000000000000000000e+00
0.000000000000000000e+00
0.000000000000000000e+00
0.000000000000000000e+00
0.000000000000000000e+00
0.000000000000000000e+00
0.000000000000000000e+00
0.000000000000000000e+00
0.000000000000000000e+00
0.000000000000000000e+00
0.000000000000000000e+00
0.000000000000000000e+00
0.000000000000000000e+00
0.000000000000000000e+00
0.000000000000000000e+00
0.000000000000000000e+00
0.000000000000000000e+00
0.000000000000000000e+00
