-1.133239746093748668e+00
-7.189833295471366181e-01
-8.307253206030080772e-01
-1.207625330034569178e+00
-3.854610850628629182e-01
7.524304262912245855e-02
-7.812127839845661725e-01
-8.264347758971686275e-01
-7.188036272235623914e-01
-7.024408703381432861e-01
-5.016609853712237221e-01
6.335236846631808749e-01
1.049937578984127429e+00
1.486285077766819063e-01
8.544756871975294210e-01
1.221407131167374205e+00
-4.200544416888991606e-01
-1.172256359062537889e+00
9.341035756796864931e-01
-2.525649537029610592e-01
-1.038291858785628685e+00
1.087400870325381241e+00
7.439582143824283733e-01
-1.394265392785289936e+00
8.883737959901041314e-01
5.156504057857822509e-01
-1.359564011638387804e+00
1.328777503478898669e+00
3.265452266910836787e+00
-1.006776072835217750e+00
-7.288683595140010851e-01
-3.851652206881173157e-01
-1.696947337827772184e+00
-2.861045733752866749e+00
-1.065419733274688641e+00
1.374348281461318821e+00
1.593661083831910741e+00
-1.347647562877821281e+00
-8.195159038949073604e-01
2.421451334871203009e-01
-1.556319479475438028e+00
-4.716039203810114877e+00
-6.407448435340992177e+00
-4.379961042365310142e+00
-2.283461261876472470e+00
-1.601283830863227564e+00
-8.009385604489271948e-01
6.463354625071540127e-01
2.941502974100815848e-01
-1.365349451994918084e+00
-2.360711333709115678e+00
-2.389587154859466267e+00
-2.522558745428236104e+00
-2.740115270235006228e+00
-3.451345061199875275e+00
-1.013304050941900458e+00
-3.301023062784860240e-01
-1.630343044156492116e+00
2.481961026939027981e-01
1.953560767498436768e-01
-1.595829582776077782e+00
9.752746193889318960e-01
1.002010843204494295e+00
5.275892956716881077e-01
3.051134411892302278e+00
2.677045824139079322e+00
1.204513822969106585e+00
2.245160684239402293e+00
2.114634525284186495e+00
5.467438131607664786e-01
4.982813126294577399e-02
-2.063568266926609773e-01
6.971211151109224513e-01
4.046590804134497787e-02
-1.442479756930172829e+00
-9.291978241159777330e-01
-8.786503154410947314e-01
-1.088040300681453854e+00
1.070108135602027888e+00
1.657609559472662308e+00
9.465895433315021368e-01
1.404081913004755489e+00
1.224632168031843715e+00
6.318399704163022434e-01
1.133556989577533258e+00
5.114354000914564935e-01
-1.200459507704443762e+00
-2.141945782602714399e+00
-1.711570750180170908e+00
-1.420708122214872082e+00
-7.636627859669857799e-01
3.168039087867817738e-01
1.394171301004882402e+00
2.329637507014049369e+00
3.052549082589936624e+00
3.042841302503101364e+00
2.023827369152146005e+00
1.770591674650024983e+00
2.229934908103961000e+00
1.805393355338053896e+00
1.104346264205229078e+00
9.580919428388308123e-01
5.769880840372515474e-01
-1.867652467601146338e-01
-4.129264602720377209e-01
-2.890320886108339593e-01
-3.926397754448984756e-01
-5.310839800741282701e-01
-5.942942016045061893e-01
-7.306826479307989564e-01
-1.203126870085645894e+00
-1.659931168221145947e-01
1.144876624606569138e+00
2.005300224566345602e+00
2.086614043531394458e+00
2.077130576729286915e+00
1.210700439358489255e+00
-3.181060423576762552e-01
-9.326170823088235640e-01
-1.646615693738647357e+00
-1.788439083609070002e+00
-1.464416949069280438e+00
-1.668118462902269616e+00
-1.166393475466791951e+00
-1.679441473868932277e-01
2.759262691408492785e-02
-3.707990848135864770e-01
-5.433354009935182916e-01
-6.132382349207583516e-01
-3.147575876484065560e-03
-1.205531137744030090e+00
-3.600480301034727937e+00
-5.524694436909176609e+00
-6.208491622319971093e+00
-6.070981198252429323e+00
-3.425606693715901763e+00
-3.040583620869687920e-01
1.617801421556850361e+00
2.448932007427748303e+00
1.078205078906578240e+00
8.861140198656793920e-01
1.270354025796382569e+00
9.748754185481054435e-01
9.911908450498012613e-01
7.607597107628274458e-01
1.181549813040816410e+00
3.362578943465961867e+00
4.325265880013624553e+00
3.779620235184773414e+00
2.639768012251155760e+00
1.229389321302510218e+00
2.553844318045407569e+00
3.882435789314733210e+00
4.298085507860234245e+00
4.368484219482374975e+00
3.256147501297936842e+00
1.052505886070762564e+00
-7.500261340597691451e-01
-1.634839488542511488e+00
-4.867534896434697611e-01
8.271489547757138183e-01
8.817520133120893000e-01
2.660511481902458897e-01
9.108937651965121063e-02
-8.949840636653185744e-01
-1.190469844350162232e+00
-2.245927116588846140e-01
-2.280403734164107021e-01
-1.720767254099773158e-01
8.235704817633542341e-01
8.873856746359296555e-01
4.342146638677207293e-01
7.908485970294892864e-01
4.696594408224123995e-01
9.446696640353824392e-02
-4.988640301473026284e-01
1.558786907741958050e-01
1.413616519220047829e+00
3.623451818358260912e-01
-1.543194446471694459e+00
-8.657798449190745593e-01
-1.734830197369877869e+00
-4.281588109969758360e-01
9.366424569804836509e-01
1.483356721047364157e-01
-2.664672727680130748e-01
8.226021964761374150e-01
-3.208002208056548454e-02
-4.896469133121297279e-01
1.026039834789246985e+00
-5.314560955387825913e-02
-1.100761881496387762e+00
7.054861750851602054e-01
4.604333638502291493e-01
-1.136422080732267581e+00
2.523791970334894330e-01
5.442021573746185226e-01
-1.157904865677165107e+00
1.730935748929968820e+00
2.582590484066704661e+00
-1.516950666800507941e+00
7.989089408982872342e-01
2.245337092630424802e+00
4.097298072914066225e-01
9.886363103470894309e-01
1.877885151955270837e+00
-2.464025780708750668e-01
9.832194974228802842e-02
-9.719019171949554448e-01
-1.869097367691721967e+00
7.603918360022521306e-02
4.762426983817625858e-01
-3.029779499956815059e-01
-1.027933994692357134e+00
-6.292343033756426784e-01
7.778496920447286467e-01
1.508503658425917604e-01
8.209645676902641576e-01
1.833428831955612237e+00
1.067242967530931397e+00
1.710675314190788221e-01
1.470982968371637778e+00
1.585985990062027451e+00
3.700763591801904395e-01
4.953764550325203686e-01
1.488286039587980891e+00
1.033633222224998427e+00
2.175543027098877924e-02
3.419785073489084448e-01
-8.728574698497437723e-02
-5.576879163728297728e-01
-1.063359599884691420e+00
-6.015918689861197155e-01
3.740113685909476349e-01
1.483490855493163618e-02
-1.050360113281481711e+00
-1.186922479694670463e+00
-1.888679984450931659e-01
5.493359368840251555e-01
5.985906080730877266e-01
7.446172427734131238e-01
1.143126153382752808e+00
7.751590784245414589e-01
6.269661433861462019e-02
6.823999845326101932e-01
1.122363624253524650e+00
7.178933689820911068e-01
3.699959971059346708e-01
1.088964645500838824e+00
1.040103242552453011e+00
3.965172062221988258e-01
-4.005956940329096216e-01
4.306585480280578082e-01
1.102285044145314252e+00
5.086762154059354391e-01
-8.644154876616199079e-01
-7.488373397373454532e-01
-5.094105612944987982e-02
2.500359509919032330e-01
4.204885577383998818e-02
1.660864685148890629e-01
2.007691385491545688e-01
-2.263977089939173126e-01
-1.348816481921931709e-01
8.876386750136070480e-01
1.052579315323447062e+00
-1.383660970962434233e-01
-4.892903039953595545e-01
-1.201173524909476820e-01
-6.592527506303991203e-02
-5.064508938150367179e-01
-6.477942797040978640e-01
-6.687267862133250418e-04
9.428310955883001387e-02
-2.790143493950134612e-01
-7.872278818891786933e-01
1.286694606897355708e+00
1.186908801222786414e+00
-7.990643124081402426e-01
-1.092360640041705855e+00
1.115764302745209546e+00
2.236056337444660702e+00
-7.487901151329309224e-01
-6.746214897082738471e-01
4.507641589681830041e-01
1.388022630379313060e-01
-4.101668273900827000e-01
1.042490741363921503e+00
5.693006818994021945e-01
-1.028438588533455711e-01
-1.047179933289019482e+00
-1.940274326395789117e+00
-6.002955583402467266e-01
-1.019349348358772334e+00
-2.809975855711770443e-01
-1.130339332224568949e+00
-3.045855468362257845e+00
-9.913927497900911767e-01
-1.373281126454790391e+00
-1.358792993757823808e+00
1.141688678492923881e+00
2.159357932910426214e-01
-2.006846898921544664e+00
1.801789728288327286e+00
1.197971862639958474e+00
-6.377248095393828198e-01
1.836290806770004558e+00
1.730668008158229743e+00
2.161077777288438195e-01
1.771800132764171476e+00
1.947813733655728630e+00
-1.087992772980630463e-01
6.644050695500949288e-01
1.701633040633144356e+00
5.064606237075286455e-01
1.341774578574854493e+00
1.971576266686920986e+00
3.551421277062183357e-01
4.971544956273687976e-01
1.664241940420850829e+00
1.233856152750119062e+00
4.142977911528106238e-02
2.668588368946511746e-01
-1.191017718042997275e+00
-1.604064301661405345e-01
2.125238104056048627e-01
-1.100908997902867448e+00
-1.569658330405425239e+00
-8.831034541388829151e-01
-5.525248492556757984e-01
-4.443189549184793918e-01
-5.626013688371247490e-01
2.169157372595242883e-01
3.515768168335404731e-01
-2.789334232029321292e-01
1.536165143220986629e-01
5.857346971758219389e-01
-6.410634201664477949e-02
4.084409335439491695e-01
1.388450461425938975e+00
1.388281509966414751e+00
1.881880535564181889e+00
1.980692811379415552e+00
6.921963674938267364e-01
-7.652087222297316860e-01
-4.331883374118803420e-01
5.284661793787579498e-01
1.514244873192051699e+00
1.323329588596772410e+00
3.221319086048719527e-01
-2.854030210497242592e-01
-8.910248287844488857e-01
-9.107492958661767002e-01
1.938549098369431345e+00
3.321818878613593373e+00
2.873611273443879899e+00
1.000054006125652428e+00
-1.914082574277004234e+00
-3.226563835148674286e+00
-3.831793348880506045e+00
-3.855747472375685270e+00
-2.518809000195340708e+00
-1.369439921536933724e+00
2.164842156651656246e-01
2.833228075502253862e+00
2.873344372719010664e+00
2.044835686899123761e+00
9.123692452108045359e-02
-1.334094028023650402e+00
-5.500989949280756797e-01
-4.805088700919002420e-02
3.386698072858616015e-01
4.301421566357892523e-01
-4.693860173814488057e-01
-1.622468079849965772e+00
-2.982977849323906749e-01
9.952904747616495573e-01
2.306189393258778253e+00
2.999906537282805541e+00
2.653521605790964522e+00
1.697129981802778076e+00
1.191904171574496019e+00
2.017971280025590008e-01
-1.565562039259935645e-01
1.038013846944154661e-01
8.776509596536841151e-02
8.550569374444825232e-01
1.191278691511531207e+00
9.302326435789411985e-01
8.192445563114050255e-01
7.494200780989154209e-01
1.122104544333221154e-01
-4.683256680932307292e-01
2.415602360728717479e-01
3.520486068947176750e-01
2.860784529508899610e-01
6.502840785868976292e-01
9.861057463947262569e-01
4.773732479733098222e-01
1.881632935690213948e-02
8.176919377041946824e-02
-1.075032334903225362e-01
-4.980662243954321333e-01
-3.393661439656652234e-01
-1.990393035663333698e-01
-4.293080905339969888e-01
3.109839716308113733e-01
2.100101241175853950e+00
3.022346899790754549e+00
2.391852531087939493e+00
1.633548973573188512e+00
1.097123532236474741e+00
7.434953917924023159e-01
4.360524007116032275e-01
-3.731960133417863146e-01
-1.733259273013569635e+00
-1.832081968938251038e+00
-1.060854197826244238e+00
-7.446448754690182525e-01
-3.951170090517091005e-01
9.861163707234148479e-01
1.480784912906896844e+00
1.147118811698281782e+00
1.753287019721212925e+00
1.148015525978404616e+00
-6.954527031949847560e-01
-1.976082050755278985e-03
4.879685262327102535e-01
2.162311946133854690e-01
9.973116058044080301e-01
6.400104107391182406e-01
-9.840455561972987208e-01
-1.364762863261928194e+00
-1.006134231468415852e+00
1.166229796218076764e+00
1.821690147729796649e+00
6.657485753881049462e-01
1.130257538900528935e+00
1.891297180585702620e-01
-2.716271633728394974e+00
-1.717198591045521194e+00
-8.619375173761016917e-01
-2.625800547494316017e+00
-3.847498834940701329e-01
-2.298578883290649522e-01
-2.377715572725740856e+00
-1.706067177481610520e+00
-3.135962712070321068e+00
-6.265556888646191425e+00
-6.056084932567962653e+00
-5.868748889932817292e+00
-4.855750449219448761e+00
-2.880536543025786322e+00
-9.709763811541067824e-01
-3.011634171190382681e-01
8.016398470007493060e-01
1.983615054074613582e+00
2.235989153042272193e+00
1.899497180679656338e+00
1.450239187179280798e-01
-2.550997216885066976e+00
-2.691795920576602441e+00
-1.626230821531114090e+00
4.340708975000100445e-01
1.914962517403549835e+00
-7.031621256226554539e-01
-6.389400167439989175e-01
-5.311140569076981954e-01
-1.061008459414086280e+00
-1.686947304976958550e+00
-3.991178963206496455e-01
7.094208043324998769e-01
1.584927041047468066e-02
-1.017128592986140667e+00
1.774353822187532348e+00
1.141310481944803445e+00
-1.832628394566475638e-01
2.466926958222166455e+00
2.770701879534153811e+00
9.385778210446815706e-02
2.965524994660846403e+00
3.707923613770049975e+00
8.930103951862369271e-01
8.664255333153625394e-01
1.959456838133710299e+00
-1.220117258446069552e-01
3.933682738499175713e-01
1.911246808612662829e+00
5.599432460908267961e-01
-8.360468826167799516e-01
-2.045777771875800788e-01
-2.996020669720297347e-01
3.189902918729128345e-01
2.421845720731818918e-01
2.080448685201459202e-01
3.131569521506108456e-01
2.682426844801416022e-01
4.685321846237787136e-01
3.666120171248543613e-01
2.304537541020849345e-01
