4.953826904296875000e+00
4.617152917725041661e+00
3.905613773346241491e+00
2.965705177883683596e+00
1.846754349340915091e+00
1.076989188837135902e+00
1.037546299817795337e+00
1.554978616224078847e+00
7.339708090818879427e-01
7.306420211140807197e-03
-3.729104300926522342e-01
-7.558961948616573778e-01
-1.080625494062655179e+00
-1.097800600947920202e+00
-6.860406526995821430e-01
5.514424733177143434e-01
1.472646301162486182e+00
-8.757342323337558021e-02
-2.217392731761560043e+00
-2.646136231352291368e+00
-1.442439789314398091e+00
1.283853651888244851e-01
1.149941486556942838e+00
4.095359962902755946e-02
5.527664394773961209e-01
1.686175894455719693e+00
3.246843539313160942e+00
4.294834741566339709e+00
1.657197873454971937e+00
-4.939056745232530687e-01
3.952155579768334981e-01
1.820217533277589839e+00
-1.098413205509856105e+00
-4.611063931594369336e+00
-5.648457384192820285e+00
-3.419720184316829226e+00
-2.425319445664682050e+00
-3.563921796771747363e+00
-3.061319860348260313e+00
-7.926479156374259816e-01
4.052072672995203906e-01
1.125055491357142223e+00
-5.035730604819782519e-01
-9.684191013757476041e-01
1.562115434442572504e-01
8.549723007630741778e-01
4.581250644982102771e-01
1.350948409971658437e-02
6.596218323765523639e-02
2.462126457153318848e-01
2.026598463793249649e-01
1.793427753179454576e-01
1.086273383591296327e-01
-2.670154139619768108e-01
-5.699560269438812554e-01
-3.578579913219529507e-01
1.686563826904946550e-02
-4.558849434918353372e-01
-8.969053324826516960e-01
-6.908133157181950423e-01
-6.798542992705992605e-01
-8.358657833316870400e-01
-6.716423143182277400e-01
-4.561726664444911705e-01
-7.366044326410580156e-01
-9.757385250295613766e-01
-1.368635319913772408e+00
-1.507336224066717190e+00
6.469732711732775199e-01
1.091346787568820753e+00
2.343138397927175820e-01
-4.008986903400424406e-01
-3.281135763492127877e-01
4.535982487458544155e-01
1.147899755736574656e+00
1.019817602298692005e+00
3.374179861750895015e-01
-8.393394140780546797e-02
-2.092265312034257696e-01
-2.841475501848747531e-01
4.342227644224254668e-01
1.259966283799627051e+00
1.694711600691610531e+00
1.825660528495271606e+00
2.446578608182806480e+00
3.151360491459319846e+00
2.564173985332811601e+00
1.799101681220097504e+00
2.178466263239932310e+00
2.133621415330455129e+00
1.158256290973061819e+00
1.070142784178500950e+00
2.237795043600260048e+00
1.694087024673484265e+00
9.493373066298493868e-02
-2.242880260930064651e-01
1.281925329447911821e+00
1.558584606845978993e+00
7.570690059252402904e-01
9.370352715073648753e-02
1.680589565302923916e+00
1.630687633080354804e+00
-3.674350379652651100e-01
-2.530507577419762288e+00
-2.984654852473643594e+00
-1.962638897339235911e+00
-1.144844291094005317e+00
8.081972826674936883e-01
2.731193755570056503e+00
2.719828660354390859e+00
1.979334855212853128e+00
1.045719872790350724e+00
-2.290412094894542783e-01
-1.293432027808928408e+00
-1.142267606147400194e+00
-1.108443676397795841e+00
9.795516522248681746e-02
1.910874245319081677e+00
2.004502367857972533e+00
1.746950973680379438e+00
9.001737630291102299e-01
-1.633118338523482649e-01
9.636411343550710384e-02
1.179498301780719682e+00
1.747137419313947504e+00
1.151651549186193613e+00
-1.301513007757799656e-01
-7.275931326882207895e-01
7.895477813560045632e-01
2.337058114702876388e+00
2.494758495107691321e+00
1.793218199827803172e+00
1.257679834242998673e+00
1.001728653506982702e+00
3.356350517119959243e-01
-7.441996310737375442e-01
2.409730973558155132e-01
1.852764012898539869e+00
2.491836455399507155e+00
2.156531336019757106e+00
1.505729495106733484e+00
8.236872053363035739e-01
1.529362390469557464e-01
-3.146639578447950614e-01
-5.741693034051662536e-01
4.399823088969090912e-01
1.016176945587759839e+00
8.123023151844305234e-01
3.146707006026027154e-01
2.493169586011521055e-01
2.944700034652345533e-01
2.239856355757630091e-02
-5.418722234596584642e-02
3.359693273685127046e-01
4.303735505432925157e-01
1.921906712471617151e-01
4.134067197269786220e-02
9.620481188851393028e-02
3.678221596019248807e-02
-1.645917140990901251e-01
-2.001829968027791784e-01
1.408533275012446295e-01
1.826553444592700082e-01
-2.276436934498282660e-01
-4.242467486314784875e-01
-1.366275608923612772e-01
-2.629909596296009511e-02
-4.980770482814961264e-01
-1.047187152687860001e+00
-1.241071477380940591e-01
6.343428884428956582e-01
1.090880524184707490e+00
1.188765091691080134e+00
1.034742434839060365e+00
6.364538756418411936e-01
-2.002523913991303139e-01
-1.154065644075209951e+00
-1.307559670626362136e+00
1.570108786207904394e-01
1.104890447540165521e+00
1.767582769665186238e+00
2.464008893175082981e+00
2.701766203331157357e+00
2.081288105064190042e+00
7.182338400587524596e-01
-3.799014231950301745e-01
2.707613336444421037e-01
1.426777835749020173e+00
2.405040872934715246e+00
2.872747542344660676e+00
1.481159678392722556e+00
-9.824073382937115184e-03
5.229357980227264946e-01
1.226050782232996461e+00
6.365887107173797688e-01
-1.114146790559558120e+00
-2.947725841925143531e+00
-2.783808177911396342e+00
-1.969229134233029477e+00
-2.531809454152403660e+00
-1.677759132000671727e+00
2.121665866955941837e-01
1.667756216668951907e+00
2.205660051919076103e+00
2.138714299029113697e+00
1.713554486299567525e+00
1.255319090801663151e+00
-4.217620097800267587e-02
-2.083187823273567219e+00
-1.738916986395184772e+00
6.956370556229112267e-01
2.039476863524058103e+00
1.097243328168321597e+00
2.966472990496247242e-01
2.846300409195651859e+00
4.361037421785447066e+00
2.582473742352430879e+00
4.633169080970096498e-01
1.266835909241508240e+00
3.163190032001408802e+00
2.969004647551816145e+00
1.092610654198367337e+00
2.117049660135297717e+00
3.268984777955950882e+00
2.712263699874002842e+00
1.749955020093731717e+00
2.308213631820593470e+00
3.120346516263813097e+00
2.568589401898637270e+00
2.156402033474670965e+00
2.356568669819043560e+00
2.018392183123828953e+00
8.999894565062770413e-01
-4.276963989032159241e-01
-1.013586254590936875e+00
-1.394128425224612000e+00
-1.067097538586000205e+00
1.506794477486566031e-01
6.080649325144859008e-01
-7.287424853961301796e-01
-1.473453186974588380e+00
-6.855961134518520073e-01
5.580791809834766415e-01
5.177598927701094755e-01
-3.202485854022443235e-01
-1.174210021518305780e+00
-2.146533963883587859e-01
-5.069089896887346569e-02
-3.491311571945656667e-01
3.628134111240014503e-01
8.264119289462645845e-01
2.579183386542036049e-01
-3.788586900286989856e-01
-6.799898945986806442e-01
-6.555135249955953425e-01
-4.858709218259316120e-02
1.179881396574254671e-01
-5.655236705886350357e-02
8.095465366536863661e-02
4.644020380338757525e-01
5.005362628460059415e-01
-2.451135649513624948e-02
-8.786449694179849779e-01
-1.153231451888652170e+00
-8.144874214598479822e-01
-1.869463193933043055e-01
-7.273318785414953913e-01
-1.190773130925607770e+00
-2.523544808922866256e+00
-3.951835595693776071e+00
-3.554770495478023928e+00
-3.402401072999284626e+00
-4.214733221801091112e+00
-4.178340172893372895e+00
-3.329469496715328880e+00
-9.408584075942887370e-01
-9.773440676086744272e-01
-1.875448441332861815e+00
-1.877841047130641705e+00
7.709208758555265995e-01
1.353152939313530201e+00
1.359566548132784547e+00
1.298673890863685232e+00
1.853383331060173944e+00
3.908560657250427894e+00
3.334983133064259864e+00
1.961796273089146947e+00
4.584561810365261891e-01
-5.255268405711643886e-01
-3.717962366568201560e-01
8.924499282010852630e-01
5.269547298161558757e-01
-1.473113534950778902e+00
-3.730538663888214757e+00
-4.603049049629263756e+00
-3.728607426052852336e+00
-2.887495082005122171e+00
-2.025227293659352945e+00
9.955741576897381151e-02
2.440644076819412867e+00
2.052750571000345303e+00
1.296078076542673596e+00
9.952789093289826639e-01
5.998808885848299077e-01
2.528867652507083008e-01
5.593208162922995719e-01
3.259837779645232025e+00
4.233551440405615374e+00
5.205217070670147272e+00
6.124267770042136405e+00
6.650606562210463757e+00
6.755585196599268372e+00
0.000000000000000000e+00
0.000000000000000000e+00
0.000000000000000000e+00
0.000000000000000000e+00
0.000000000000000000e+00
0.000000000000000000e+00
0.000000000000000000e+00
0.000000000000000000e+00
0.000000000000000000e+00
0.000000000000000000e+00
0.000000000000000000e+00
0.000000000000000000e+00
0.000000000000000000e+00
0.000000000000000000e+00
0.000000000000000000e+00
0.000000000000000000e+00
0.000000000000000000e+00
0.000000000000000000e+00
0.000000000000000000e+00
0.000000000000000000e+00
0.000000000000000000e+00
0.000000000000000000e+00
0.000000000000000000e+00
0.000000000000000000e+00
0.000000000000000000e+00
0.000000000000000000e+00
0.000000000000000000e+00
0.000000000000000000e+00
0.000000000000000000e+00
0.000000000000000000e+00
0.000000000000000000e+00
0.000000000000000000e+00
0.000000000000000000e+00
0.000000000000000000e+00
0.000000000000000000e+00
0.000000000000000000e+00
0.000000000000000000e+00
0.000000000000000000e+00
0.000000000000000000e+00
0.000000000000000000e+00
0.000000000000000000e+00
0.000000000000000000e+00
0.000000000000000000e+00
0.000000000000000000e+00
0.000000000000000000e+00
0.000000000000000000e+00
0.000000000000000000e+00
0.000000000000000000e+00
0.000000000000000000e+00
0.000000000000000000e+00
0.000000000000000000e+00
0.000000000000000000e+00
0.000000000000000000e+00
0.000000000000000000e+00
0.000000000000000000e+00
0.000000000000000000e+00
0.000000000000000000e+00
0.000000000000000000e+00
0.000000000000000000e+00
0.000000000000000000e+00
0.000000000000000000e+00
0.000000000000000000e+00
0.000000000000000000e+00
0.000000000000000000e+00
0.000000000000000000e+00
0.000000000000000000e+00
0.000000000000000000e+00
0.000000000000000000e+00
0.000000000000000000e+00
0.000000000000000000e+00
0.000000000000000000e+00
0.000000000000000000e+00
0.000000000000000000e+00
0.000000000000000000e+00
0.000000000000000000e+00
0.000000000000000000e+00
0.000000000000000000e+00
0.000000000000000000e+00
0.000000000000000000e+00
0.000000000000000000e+00
0.000000000000000000e+00
0.000000000000000000e+00
0.000000000000000000e+00
0.000000000000000000e+00
0.000000000000000000e+00
0.000000000000000000e+00
0.000000000000000000e+00
0.000000000000000000e+00
0.000000000000000000e+00
0.000000000000000000e+00
0.000000000000000000e+00
0.000000000000000000e+00
0.000000000000000000e+00
0.000000000000000000e+00
0.000000000000000000e+00
0.000000000000000000e+00
0.000000000000000000e+00
0.000000000000000000e+00
0.000000000000000000e+00
0.000000000000000000e+00
0.000000000000000000e+00
0.000000000000000000e+00
0.000000000000000000e+00
0.000000000000000000e+00
0.000000000000000000e+00
0.000000000000000000e+00
0.000000000000000000e+00
0.000000000000000000e+00
0.000000000000000000e+00
0.000000000000000000e+00
0.000000000000000000e+00
0.000000000000000000e+00
0.000000000000000000e+00
0.000000000000000000e+00
0.000000000000000000e+00
0.000000000000000000e+00
0.000000000000000000e+00
0.000000000000000000e+00
0.000000000000000000e+00
0.000000000000000000e+00
0.000000000000000000e+00
0.000000000000000000e+00
0.000000000000000000e+00
0.000000000000000000e+00
0.000000000000000000e+00
0.000000000000000000e+00
0.000000000000000000e+00
0.000000000000000000e+00
0.000000000000000000e+00
0.000000000000000000e+00
0.000000000000000000e+00
0.000000000000000000e+00
0.000000000000000000e+00
0.000000000000000000e+00
0.000000000000000000e+00
0.000000000000000000e+00
0.000000000000000000e+00
0.000000000000000000e+00
0.000000000000000000e+00
0.000000000000000000e+00
0.000000000000000000e+00
0.000000000000000000e+00
0.000000000000000000e+00
0.000000000000000000e+00
0.000000000000000000e+00
0.000000000000000000e+00
0.000000000000000000e+00
0.000000000000000000e+00
0.000000000000000000e+00
0.000000000000000000e+00
0.000000000000000000e+00
0.000000000000000000e+00
0.000000000000000000e+00
0.000000000000000000e+00
0.000000000000000000e+00
0.000000000000000000e+00
0.000000000000000000e+00
0.000000000000000000e+00
0.000000000000000000e+00
0.000000000000000000e+00
0.000000000000000000e+00
0.000000000000000000e+00
0.000000000000000000e+00
0.000000000000000000e+00
0.000000000000000000e+00
0.000000000000000000e+00
0.000000000000000000e+00
0.000000000000000000e+00
0.000000000000000000e+00
0.000000000000000000e+00
0.000000000000000000e+00
0.000000000000000000e+00
0.000000000000000000e+00
0.000000000000000000e+00
0.000000000000000000e+00
0.000000000000000000e+00
0.000000000000000000e+00
0.000000000000000000e+00
0.000000000000000000e+00
0.000000000000000000e+00
0.000000000000000000e+00
0.000000000000000000e+00
0.000000000000000000e+00
0.000000000000000000e+00
0.000000000000000000e+00
0.000000000000000000e+00
0.000000000000000000e+00
0.000000000000000000e+00
