-3.351135253906250000e-01
-3.635826862509041746e-01
-4.325231378392437875e-01
-5.395563374471450402e-01
-6.832285572623382208e-01
-7.414689395946856276e-01
-3.216620198074398029e-01
8.501315851319002359e-01
1.068466270150829178e+00
1.547015147507529331e+00
1.493525630579751518e+00
1.488927629105713635e+00
1.502429884548955652e+00
1.585193143766644663e+00
1.173349498161759374e+00
-6.736627047455656658e-02
-1.701675574726615459e-01
-1.623052096009134360e-01
-1.542199313885270762e-01
2.227523538309317264e-01
4.624928367746040658e-01
3.235749592196883739e-01
6.814976322368115902e-02
-1.888035766325286691e-01
-2.231576260676551016e-01
-9.274694359781965325e-02
5.889976447355097511e-01
2.421094675211401537e-01
-2.275160108946991944e-01
1.244534793605159284e-01
3.602657924789864907e-02
-7.869410917740444766e-01
-1.006802783017722636e+00
-8.150210463269371708e-01
-3.178830308667408566e-01
-1.474687548729420872e-01
7.345269286118316643e-02
-2.499330871150112210e-01
-5.453649836662330941e-01
-5.603428714170873848e-01
3.238917567628333272e-01
1.772132553863154936e-01
4.454051042216411460e-02
-2.134704900671513528e-02
1.136038352747723579e-01
1.059190701047191818e-01
-2.825619792109073103e-01
1.787046021895303816e-01
-6.294495755061757514e-02
-1.234230072372000109e-01
-4.383546367443691416e-02
-4.707068964550131795e-02
-2.628966034402901997e-02
5.911776434404710651e-02
-2.621185054987402729e-01
-2.744576524176225440e-01
-4.731433395416577148e-01
-3.567327151678267860e-01
-8.902552960299725537e-02
4.293106476460188947e-01
1.180930719028987497e-01
-9.751128985155066431e-02
-4.444557008127818509e-01
-1.360791519228783386e-01
-8.494234190301264142e-02
-3.128410149493698889e-01
-5.717874330883621070e-01
-5.217006612422077083e-01
-1.399792584245869165e-01
-4.485258797925353869e-01
-4.970995660650334713e-01
-5.907612241479918147e-01
-5.331110769245996917e-01
1.931410071521397764e-01
5.273593616734384426e-02
-1.154694686478605625e-01
-7.529564967453516999e-02
-1.580652227804303922e-01
-3.776915582569633223e-01
-2.433115443362980912e-01
-3.348865426865408335e-01
-1.051048568719386012e+00
-1.318735888453522520e+00
-1.086525304042931239e+00
-6.891399688069688168e-01
-3.677493489251637548e-01
-4.439905517497111376e-02
5.630588925251855947e-02
-7.821502292381321553e-02
-1.532232433095259694e-02
-2.035079830296024905e-01
-3.894303470753621710e-01
-2.691003501400132114e-01
-1.888876606595668584e-01
-3.120282321044460794e-01
-1.802457553530043555e-01
-1.239241963149151360e-02
-1.765396673690584617e-01
-5.894365814030555484e-01
-7.072295933930337064e-01
-1.949629860318244923e-01
2.567352476845128351e-01
-8.751228226448454217e-01
-1.252545948290518574e+00
-9.826866416777235713e-01
-7.088553092954921198e-01
-8.624000111716192407e-01
-3.623698823827989912e-01
-4.006213462371173151e-01
-9.576095408272315979e-01
-3.780982747726602256e-01
-1.870040355168152146e-01
-7.104533927732887832e-01
-1.011755209991926918e+00
-5.841927198674774502e-01
-3.080292748436574968e-01
3.471511666900362059e-02
3.172436020283311287e-01
-8.908171145458725348e-01
-1.054421394635467912e+00
-1.305731291012600881e+00
-9.758037915799573359e-01
-9.261642521791721983e-01
-6.663217302536361686e-01
-4.427633658219392032e-01
-2.023985298559547452e-01
2.527148777721532902e-02
-4.148975753263505206e-01
-4.149218731718922193e-01
-3.365881281137613756e-01
-2.745070507117031156e-01
-2.502809328732050198e-01
-3.155698022300327810e-01
-2.681406830039527733e-01
-9.097407821749303736e-02
-1.523101784659735003e-01
-2.986537521777838933e-01
-3.372843209214337890e-01
-1.471717883869900767e-01
-1.621115471911918071e-01
-1.945632836445649883e-01
9.367004989556027006e-02
3.320841357262174776e-01
-2.613602211289112742e-01
-2.181066837462469765e-01
-4.566868600649429122e-02
-1.512238574932174284e-01
-2.616776929924728989e-01
-2.833467916207190740e-01
-1.945297652809783173e-01
-4.591819788298145966e-03
1.771922837952999430e-01
-1.334793022228160098e-01
-4.152487441349250741e-01
-1.003766789623317113e-01
-2.122720250301139977e-01
-6.463134227064085691e-01
-5.661549935170171466e-01
-1.840291241166609471e-01
4.776231984318375368e-01
-4.076299480000427078e-01
-6.263681138014784988e-01
1.878515239264073600e-01
3.047652189280002366e-01
-4.703924303499727455e-01
-1.335144193508153165e-02
-1.081878081700353711e-01
-2.662151994752379736e-01
-1.983074510492439657e-01
-1.649684895228715753e-01
-1.143293494048818193e-01
1.270294740427462266e-01
3.362361295764060287e-01
3.081951853680897635e-01
3.837488209207544632e-01
1.026874901095325310e+00
2.009329386421012664e+00
2.480426585489979185e+00
1.884966567574309027e+00
3.920107396345762218e-01
-3.302092103071575524e-01
-2.139625445463396725e-01
-2.578663662522240330e-02
-1.529903747918315293e-01
-7.727759627404677811e-01
-9.133843080412836768e-01
-5.516612763358175187e-02
3.624664463352895716e-01
6.286345459684532511e-01
-8.595617504623709326e-02
-5.489703622196324684e-01
-6.487121582031245559e-01
-5.489703622196324684e-01
-8.595617504623709326e-02
6.286345459684532511e-01
3.624664463352895716e-01
-5.516612763358175187e-02
-9.133843080412836768e-01
-7.727759627404677811e-01
-1.529903747918315293e-01
-2.578663662522240330e-02
-2.139625445463396725e-01
-3.302092103071575524e-01
3.920107396345762218e-01
1.884966567574309027e+00
2.480426585489979185e+00
2.009329386421012664e+00
1.026874901095325310e+00
3.837488209207544632e-01
3.081951853680897635e-01
3.362361295764060287e-01
1.270294740427462266e-01
-1.143293494048818193e-01
-1.649684895228715753e-01
-1.983074510492439657e-01
-2.662151994752379736e-01
-1.081878081700353711e-01
-1.335144193508153165e-02
-4.703924303499727455e-01
3.047652189280002366e-01
1.878515239264073600e-01
-6.263681138014784988e-01
-4.076299480000427078e-01
4.776231984318375368e-01
-1.840291241166609471e-01
-5.661549935170171466e-01
-6.463134227064085691e-01
-2.122720250301139977e-01
-1.003766789623317113e-01
-4.152487441349250741e-01
-1.334793022228160098e-01
1.771922837952999430e-01
-4.591819788298145966e-03
-1.945297652809783173e-01
-2.833467916207190740e-01
-2.616776929924728989e-01
-1.512238574932174284e-01
-4.566868600649429122e-02
-2.181066837462469765e-01
-2.613602211289112742e-01
3.320841357262174776e-01
9.367004989556027006e-02
-1.945632836445649883e-01
-1.621115471911918071e-01
-1.471717883869900767e-01
-3.372843209214337890e-01
-2.986537521777838933e-01
-1.523101784659735003e-01
-9.097407821749303736e-02
-2.681406830039527733e-01
-3.155698022300327810e-01
-2.502809328732050198e-01
-2.745070507117031156e-01
-3.365881281137613756e-01
-4.149218731718922193e-01
-4.148975753263505206e-01
2.527148777721532902e-02
-2.023985298559547452e-01
-4.427633658219392032e-01
-6.663217302536361686e-01
-9.261642521791721983e-01
-9.758037915799573359e-01
-1.305731291012600881e+00
-1.054421394635467912e+00
-8.908171145458725348e-01
3.172436020283311287e-01
3.471511666900362059e-02
-3.080292748436574968e-01
-5.841927198674774502e-01
-1.011755209991926918e+00
-7.104533927732887832e-01
-1.870040355168152146e-01
-3.780982747726602256e-01
-9.576095408272315979e-01
-4.006213462371173151e-01
-3.623698823827989912e-01
-8.624000111716192407e-01
-7.088553092954921198e-01
-9.826866416777235713e-01
-1.252545948290518574e+00
-8.751228226448454217e-01
2.567352476845128351e-01
-1.949629860318244923e-01
-7.072295933930337064e-01
-5.894365814030555484e-01
-1.765396673690584617e-01
-1.239241963149151360e-02
-1.802457553530043555e-01
-3.120282321044460794e-01
-1.888876606595668584e-01
-2.691003501400132114e-01
-3.894303470753621710e-01
-2.035079830296024905e-01
-1.532232433095259694e-02
-7.821502292381321553e-02
5.630588925251855947e-02
-4.439905517497111376e-02
-3.677493489251637548e-01
-6.891399688069688168e-01
-1.086525304042931239e+00
-1.318735888453522520e+00
-1.051048568719386012e+00
-3.348865426865408335e-01
-2.433115443362980912e-01
-3.776915582569633223e-01
-1.580652227804303922e-01
-7.529564967453516999e-02
-1.154694686478605625e-01
5.273593616734384426e-02
1.931410071521397764e-01
-5.331110769245996917e-01
-5.907612241479918147e-01
-4.970995660650334713e-01
-4.485258797925353869e-01
-1.399792584245869165e-01
-5.217006612422077083e-01
-5.717874330883621070e-01
-3.128410149493698889e-01
-8.494234190301264142e-02
-1.360791519228783386e-01
-4.444557008127818509e-01
-9.751128985155066431e-02
1.180930719028987497e-01
4.293106476460188947e-01
-8.902552960299725537e-02
-3.567327151678267860e-01
-4.731433395416577148e-01
-2.744576524176225440e-01
-2.621185054987402729e-01
5.911776434404710651e-02
-2.628966034402901997e-02
-4.707068964550131795e-02
-4.383546367443691416e-02
-1.234230072372000109e-01
-6.294495755061757514e-02
1.787046021895303816e-01
-2.825619792109073103e-01
1.059190701047191818e-01
1.136038352747723579e-01
-2.134704900671513528e-02
4.454051042216411460e-02
1.772132553863154936e-01
3.238917567628333272e-01
-5.603428714170873848e-01
-5.453649836662330941e-01
-2.499330871150112210e-01
7.345269286118316643e-02
-1.474687548729420872e-01
-3.178830308667408566e-01
-8.150210463269371708e-01
-1.006802783017722636e+00
-7.869410917740444766e-01
3.602657924789864907e-02
1.244534793605159284e-01
-2.275160108946991944e-01
2.421094675211401537e-01
5.889976447355097511e-01
-9.274694359781965325e-02
-2.231576260676551016e-01
-1.888035766325286691e-01
6.814976322368115902e-02
3.235749592196883739e-01
4.624928367746040658e-01
2.227523538309317264e-01
-1.542199313885270762e-01
-1.623052096009134360e-01
-1.701675574726615459e-01
-6.736627047455656658e-02
1.173349498161759374e+00
1.585193143766644663e+00
1.502429884548955652e+00
1.488927629105713635e+00
1.493525630579751518e+00
1.547015147507529331e+00
1.068466270150829178e+00
8.501315851319002359e-01
-3.216620198074398029e-01
-7.414689395946856276e-01
-6.832285572623382208e-01
-5.395563374471450402e-01
-4.325231378392437875e-01
-3.635826862509041746e-01
0.000000000000000000e+00
0.000000000000000000e+00
0.000000000000000000e+00
0.000000000000000000e+00
0.000000000000000000e+00
0.000000000000000000e+00
0.000000000000000000e+00
0.000000000000000000e+00
0.000000000000000000e+00
0.000000000000000000e+00
0.000000000000000000e+00
0.000000000000000000e+00
0.000000000000000000e+00
0.000000000000000000e+00
0.000000000000000000e+00
0.000000000000000000e+00
0.000000000000000000e+00
0.000000000000000000e+00
0.000000000000000000e+00
0.000000000000000000e+00
0.000000000000000000e+00
0.000000000000000000e+00
0.000000000000000000e+00
0.000000000000000000e+00
0.000000000000000000e+00
0.000000000000000000e+00
0.000000000000000000e+00
0.000000000000000000e+00
0.000000000000000000e+00
0.000000000000000000e+00
0.000000000000000000e+00
0.000000000000000000e+00
0.000000000000000000e+00
0.000000000000000000e+00
0.000000000000000000e+00
0.000000000000000000e+00
0.000000000000000000e+00
0.000000000000000000e+00
0.000000000000000000e+00
0.000000000000000000e+00
0.000000000000000000e+00
0.000000000000000000e+00
0.000000000000000000e+00
0.000000000000000000e+00
0.000000000000000000e+00
0.000000000000000000e+00
0.000000000000000000e+00
0.000000000000000000e+00
0.000000000000000000e+00
0.000000000000000000e+00
0.000000000000000000e+00
0.000000000000000000e+00
0.000000000000000000e+00
0.000000000000000000e+00
0.000000000000000000e+00
0.000000000000000000e+00
0.000000000000000000e+00
0.000000000000000000e+00
0.000000000000000000e+00
0.000000000000000000e+00
0.000000000000000000e+00
0.000000000000000000e+00
0.000000000000000000e+00
0.000000000000000000e+00
0.000000000000000000e+00
0.000000000000000000e+00
0.000000000000000000e+00
0.000000000000000000e+00
0.000000000000000000e+00
0.000000000000000000e+00
0.000000000000000000e+00
0.000000000000000000e+00
0.000000000000000000e+00
0.000000000000000000e+00
0.000000000000000000e+00
0.000000000000000000e+00
0.000000000000000000e+00
0.000000000000000000e+00
0.000000000000000000e+00
0.000000000000000000e+00
0.000000000000000000e+00
0.000000000000000000e+00
0.000000000000000000e+00
0.000000000000000000e+00
0.000000000000000000e+00
0.000000000000000000e+00
0.000000000000000000e+00
0.000000000000000000e+00
0.000000000000000000e+00
0.000000000000000000e+00
0.000000000000000000e+00
0.000000000000000000e+00
0.000000000000000000e+00
0.000000000000000000e+00
0.000000000000000000e+00
0.000000000000000000e+00
0.000000000000000000e+00
0.000000000000000000e+00
0.000000000000000000e+00
0.000000000000000000e+00
0.000000000000000000e+00
0.000000000000000000e+00
0.000000000000000000e+00
0.000000000000000000e+00
0.000000000000000000e+00
0.000000000000000000e+00
0.000000000000000000e+00
0.000000000000000000e+00
0.000000000000000000e+00
0.000000000000000000e+00
0.000000000000000000e+00
0.000000000000000000e+00
0.000000000000000000e+00
0.000000000000000000e+00
0.000000000000000000e+00
0.000000000000000000e+00
0.000000000000000000e+00
0.000000000000000000e+00
