-3.495208740234375888e+00
-3.280544334549123420e+00
-2.596691257990512813e+00
-1.277397815148342497e+00
-6.859312409423030665e-01
-3.655112073292920982e-02
9.752887745173988154e-01
4.246748619027853611e-01
2.324650794822920030e-01
8.227374942904057686e-01
2.421375640956995312e-01
-2.831849354426729803e-01
-3.086134257246793133e-01
-9.395234153216547313e-02
9.131529692159379152e-02
-7.447609064141420543e-01
-1.661664931787804278e+00
-5.192261502755848301e-01
-3.775737819203350276e-01
4.850786004436176135e-01
5.798139418815779766e-01
-2.581750398910940270e-01
-6.433414751101489415e-01
-6.811336377697645439e-01
-1.248731207963931888e+00
-9.655679931280578554e-01
6.991351951242705809e-01
2.346096117903710088e+00
2.098643831120079462e+00
4.694132845764542594e-02
-3.210517213214981957e+00
-1.514661350319516320e+00
4.319582427001533276e+00
3.319060020075704109e+00
-2.476890859455513905e-01
1.373731405730943322e+00
4.282132819954576064e-02
-2.098652801637538978e+00
-6.743392388230637913e-01
2.623235367009303598e+00
1.504214666303700820e+00
1.509589893467691013e-01
-1.309985767577448001e+00
-2.902532697907235892e+00
5.494023550039806025e-03
2.152835056146060744e+00
8.440725866307692282e-01
1.554251186730239098e+00
5.679314803388346711e-01
-1.086153630628786892e+00
-1.071775193875803556e+00
1.186594367940555061e+00
3.667298812123338525e-01
-5.343447801118965668e-01
-4.925132224011496973e-01
2.195517790103201916e-01
-1.953798316349426578e-01
9.042581947274133114e-01
-8.861044917540039645e-01
-3.301911054332004269e+00
-2.819133636174834479e+00
8.358931781986955745e-01
-1.972828343378074667e-01
-1.017719390315753980e+00
9.479336940608587003e-01
6.975793623633015361e-01
1.588253486532773540e-01
4.512908873512335717e-01
9.113070615171684485e-01
3.058101502655197201e-01
-2.949948177789549764e-01
-7.370440847248957983e-01
-8.378958422548028473e-01
-4.409922767030045598e-01
-3.035948649061988025e-01
8.358351130960897102e-01
5.600747565692592023e-01
-2.771172880915373504e-02
4.665394001109491873e-01
4.285286468789518688e-01
1.617868134219686116e+00
1.255122551556333566e-01
-1.881666733234668376e+00
1.433061203409862205e-01
1.205711623672656385e+00
-4.627453789029802866e-01
-9.303839414042121003e-01
-3.954420747458661234e-01
9.831241313627669953e-02
-4.586697273789553941e-01
-1.076694762680254325e+00
6.779591891682252847e-01
1.826775421733233706e+00
8.326819481054141825e-01
-8.468601699432154462e-02
1.939563009239320124e-01
5.815772418394749010e-01
-1.051892921413880799e+00
-1.685657928914613635e+00
3.280177540573872008e-01
-5.974184872659860090e-02
-9.696458558320979471e-01
9.736799548281100947e-01
6.749861685082190199e-01
-9.134747697794054488e-01
-3.966721332269873557e-01
-5.883109738562048996e-01
-1.692888842370332103e+00
-1.660978415268984598e+00
1.582697500766111265e+00
2.012033747129566397e+00
-5.165707446766543143e-02
-3.182220139754012411e+00
-4.762534352209087274e+00
-2.270338506721801153e+00
-2.458681212618494261e+00
-1.383423680270660316e+00
2.935978131407007030e+00
3.536489865934297594e+00
3.308899929817163965e-01
-2.337201262009855895e+00
-2.634134760832790079e+00
-2.552383328343399427e-01
2.063898195919791068e+00
6.028053829332158386e-02
-2.041173050789798715e+00
-2.886811451836330811e+00
-3.324935673710490924e+00
-2.584078611628598310e+00
-3.827215304150932695e-01
1.665919107691124834e+00
1.293125449448038200e+00
-1.108798387376400241e+00
-2.792019645441166986e+00
-3.007421809700546067e+00
-3.105069882868237485e+00
-3.732307235254896938e+00
-3.583184539530112733e+00
-1.358121387594512397e+00
1.628345347426599865e+00
-6.193187441131233761e-01
-3.369049561666835224e+00
-4.625200422486370755e+00
-3.732821595337144416e+00
-1.419597687438495015e+00
4.034527978033120021e-01
6.222969024615578881e-01
-8.801711660626621025e-02
-2.928053288160326062e-01
-1.391474150702527446e-01
-5.783034634656671891e-01
-1.300747204726456996e+00
-1.119951037335364052e+00
-4.062768415973510017e-01
-6.321260664214385372e-01
-1.813974920718156358e+00
-2.535118929460709936e+00
-1.549020457706538956e+00
1.958196297398522301e-01
1.073958281946371551e+00
1.111344888858776470e+00
8.462612970429008730e-01
-7.404765390220394150e-02
2.166405558623898941e-01
8.122003252418042996e-01
7.097805989097083490e-01
3.660515486745063995e-02
-3.375598770335448418e-01
4.098791436081716810e-03
5.306289118844793595e-01
2.163213620224672118e-01
-9.800770052939475896e-01
-9.291964101153168398e-01
-1.968003725290501382e-02
6.159613211337154892e-01
7.329542099858397108e-01
-9.022010216900923085e-01
-2.118006693378613026e+00
-1.560315384460392973e+00
-4.531532770325785719e-02
2.369297828221109681e-01
2.141658310375742502e-01
-3.329937437437182624e-01
-2.861139849062925844e-01
5.082048955279464542e-01
2.287774545523573178e-01
-6.088197462888438327e-01
-9.456284370172670650e-01
6.861644252524767840e-02
1.360756444262188447e+00
2.117592181719436084e+00
1.754539655791378827e+00
9.981690050027274275e-01
9.904619967976370232e-01
1.225249596944873343e+00
1.609991465315202541e+00
1.131578359744983553e+00
-2.869094880869709208e-01
-1.327503396768193511e+00
-1.270297490426301579e+00
-9.877295658856128924e-01
-1.206244504595771261e+00
-1.296169958877988471e+00
-5.777966560342679969e-01
3.735390185314404476e-01
3.727348350554460232e-01
-4.893552671485772443e-01
-7.201857141016088093e-01
-1.696577172960083146e-01
-3.528251810035665237e-01
-1.765583915102319601e+00
-3.761592819250588526e+00
-5.175419231797798503e+00
-4.425003060905094543e+00
-1.953814928406835127e+00
1.049725004494931335e-01
-2.431537476001796261e+00
-3.227996011237943108e+00
-2.351237368027214725e+00
-1.388039248965839967e+00
-1.457647420313347375e+00
-1.830635367990553819e+00
-5.631109698735903279e-01
2.021069415947726711e+00
2.930216894774935632e+00
2.059402282164221276e+00
1.049730950431156273e+00
6.724037796886594975e-02
-1.489954428517954454e-01
8.700519228983232267e-01
2.969031539213444759e+00
4.052140784759956205e+00
-4.432556851538258513e-01
-6.468366417588693906e+00
-8.913423444627005310e+00
-6.387481850412820350e+00
-2.731453340971387256e+00
9.335639275525142722e-01
1.182567530287678359e+00
1.133201501415100232e+00
-1.021974762703899753e+00
-4.651631637324014967e+00
-4.367007218621961506e+00
-1.986177977475179546e+00
3.562332477168013156e-01
1.792959920660823769e+00
1.135737243383081463e+00
5.610017658970356536e-02
-9.412225347624731953e-01
6.893633981282456524e-01
5.233032743287138189e-01
-6.213921838923828211e-01
8.152612415711466554e-01
1.969959539776149349e+00
1.253416323758208772e+00
-2.703548354290643552e-01
-1.647200927630445122e+00
-2.477985126895215995e+00
-3.271642760279072526e+00
-4.285403826600145294e+00
-2.967518702112862616e+00
-1.329043999357643280e+00
1.510606364724753625e-01
3.145135001552537002e-01
3.066850582446640772e-01
1.305222134681999213e+00
1.261538809838135267e+00
-7.953497953013277666e-01
-7.526301493052298675e-01
-4.818369267443511905e-01
-3.848696942548768263e-02
-6.049271988346185402e-01
-7.544960156708457877e-01
4.465763788129226697e-01
1.968948548146845168e+00
1.262211939017751750e+00
5.216457181397534670e-01
-1.051362469082141482e+00
-1.296549873622885318e-01
1.615991012777491243e-01
-4.777487996850011687e-01
2.278610265380816013e-01
-1.801667711391985449e-01
-3.374704397187924254e-01
6.035326214432659153e-01
7.277072282940453274e-01
-2.175889053174521193e-01
6.731983027387902219e-01
6.469546480510459663e-01
-8.634400593826105919e-01
-2.071378995306225601e-01
2.454500415714537809e-01
2.160984346424605906e-01
-4.732472284603262969e-01
-2.781703223705596528e+00
-3.031059566145536621e+00
-8.972653609988474610e-01
1.593202337730441398e+00
1.318824084956060183e+00
7.771475517099478703e-01
3.683584257160774644e-01
4.449699834091846995e-01
4.244390632534849050e-01
1.395185259990092463e+00
4.179975169180694117e-01
-1.445528785673837691e+00
-8.815718342822964626e-01
2.659762651921692811e+00
1.475952014091897135e+00
1.396377172870501671e+00
1.474140195191088631e+00
-1.927949701843320707e+00
-1.986428600911889220e-01
5.060593764351871471e+00
4.887775065443334732e+00
1.418904233742658505e+00
5.141751430708995763e+00
1.579647336632155508e+00
-4.699015829881449946e+00
-6.080720182767080928e-01
4.228307528129332304e+00
1.327706129814687941e+00
4.945834312368257990e-01
-1.555943544342359708e+00
-5.258429805347511810e+00
-5.409797822839337300e+00
-5.553271700679549561e-01
2.496113833727027220e+00
1.373151279425480098e+00
1.071207801551961047e-01
-8.429875695068971275e-01
-3.966673430392047006e+00
-3.913307528388866086e+00
-3.386642090897256541e+00
-6.671998193299084612e-01
1.657966911165814849e+00
2.276086890081826297e+00
1.008599022889449470e+00
7.870503893965272724e-01
1.192853167848074047e+00
1.690269364467176239e-01
-1.628607598697909165e+00
-1.881999665423900181e+00
-1.172382139931614109e+00
-1.051519232864399411e+00
-6.249318575415043764e-01
6.009591747799554184e-01
1.772516922617568103e+00
1.251405592822994128e+00
-1.934907200157845564e+00
-1.952922484375139600e+00
-3.065426756316178558e+00
-5.215116897973520516e+00
-5.688883078668513171e+00
0.000000000000000000e+00
0.000000000000000000e+00
0.000000000000000000e+00
0.000000000000000000e+00
0.000000000000000000e+00
0.000000000000000000e+00
0.000000000000000000e+00
0.000000000000000000e+00
0.000000000000000000e+00
0.000000000000000000e+00
0.000000000000000000e+00
0.000000000000000000e+00
0.000000000000000000e+00
0.000000000000000000e+00
0.000000000000000000e+00
0.000000000000000000e+00
0.000000000000000000e+00
0.000000000000000000e+00
0.000000000000000000e+00
0.000000000000000000e+00
0.000000000000000000e+00
0.000000000000000000e+00
0.000000000000000000e+00
0.000000000000000000e+00
0.000000000000000000e+00
0.000000000000000000e+00
0.000000000000000000e+00
0.000000000000000000e+00
0.000000000000000000e+00
0.000000000000000000e+00
0.000000000000000000e+00
0.000000000000000000e+00
0.000000000000000000e+00
0.000000000000000000e+00
0.000000000000000000e+00
0.000000000000000000e+00
0.000000000000000000e+00
0.000000000000000000e+00
0.000000000000000000e+00
0.000000000000000000e+00
0.000000000000000000e+00
0.000000000000000000e+00
0.000000000000000000e+00
0.000000000000000000e+00
0.000000000000000000e+00
0.000000000000000000e+00
0.000000000000000000e+00
0.000000000000000000e+00
0.000000000000000000e+00
0.000000000000000000e+00
0.000000000000000000e+00
0.000000000000000000e+00
0.000000000000000000e+00
0.000000000000000000e+00
0.000000000000000000e+00
0.000000000000000000e+00
0.000000000000000000e+00
0.000000000000000000e+00
0.000000000000000000e+00
0.000000000000000000e+00
0.000000000000000000e+00
0.000000000000000000e+00
0.000000000000000000e+00
0.000000000000000000e+00
0.000000000000000000e+00
0.000000000000000000e+00
0.000000000000000000e+00
0.000000000000000000e+00
0.000000000000000000e+00
0.000000000000000000e+00
0.000000000000000000e+00
0.000000000000000000e+00
0.000000000000000000e+00
0.000000000000000000e+00
0.000000000000000000e+00
0.000000000000000000e+00
0.000000000000000000e+00
0.000000000000000000e+00
0.000000000000000000e+00
0.000000000000000000e+00
0.000000000000000000e+00
0.000000000000000000e+00
0.000000000000000000e+00
0.000000000000000000e+00
0.000000000000000000e+00
0.000000000000000000e+00
0.000000000000000000e+00
0.000000000000000000e+00
0.000000000000000000e+00
0.000000000000000000e+00
0.000000000000000000e+00
0.000000000000000000e+00
0.000000000000000000e+00
0.000000000000000000e+00
0.000000000000000000e+00
0.000000000000000000e+00
0.000000000000000000e+00
0.000000000000000000e+00
0.000000000000000000e+00
0.000000000000000000e+00
0.000000000000000000e+00
0.000000000000000000e+00
0.000000000000000000e+00
0.000000000000000000e+00
0.000000000000000000e+00
0.000000000000000000e+00
0.000000000000000000e+00
0.000000000000000000e+00
0.000000000000000000e+00
0.000000000000000000e+00
0.000000000000000000e+00
0.000000000000000000e+00
0.000000000000000000e+00
0.000000000000000000e+00
0.000000000000000000e+00
0.000000000000000000e+00
0.000000000000000000e+00
0.000000000000000000e+00
0.000000000000000000e+00
0.000000000000000000e+00
0.000000000000000000e+00
0.000000000000000000e+00
0.000000000000000000e+00
0.000000000000000000e+00
0.000000000000000000e+00
0.000000000000000000e+00
0.000000000000000000e+00
0.000000000000000000e+00
0.000000000000000000e+00
0.000000000000000000e+00
0.000000000000000000e+00
0.000000000000000000e+00
0.000000000000000000e+00
0.000000000000000000e+00
0.000000000000000000e+00
0.000000000000000000e+00
0.000000000000000000e+00
0.000000000000000000e+00
0.000000000000000000e+00
0.000000000000000000e+00
0.000000000000000000e+00
0.000000000000000000e+00
0.000000000000000000e+00
0.000000000000000000e+00
0.000000000000000000e+00
0.000000000000000000e+00
