2.853576660156250000e+00
3.583406120278485929e+00
4.778900423416737375e+00
5.316487139010532381e+00
5.406001479036328661e+00
5.687186673254615243e+00
5.821041670463379170e+00
5.075596690733846117e+00
3.591863356475587299e+00
2.077077768085579201e+00
1.590553422601861833e+00
1.327756938141230414e+00
9.390566004023406244e-01
5.614767329536163309e-01
4.884205770247596057e-01
6.534192846606665661e-01
3.820541015583609479e-01
-6.573157384479646481e-01
-1.697374647289424665e+00
-6.664036290695958265e-01
5.102286575811612046e-01
8.859511616520316934e-01
7.913777944694255773e-02
-6.715302682311486970e-01
3.798508531197586358e-02
1.138786842892867579e+00
9.839259659848975659e-01
6.169552853912014800e-01
4.025114894647099928e-01
2.411647071848457835e-01
1.849438919297874406e-02
-3.199483925754309510e-03
6.846418249680774615e-02
1.869357912069640193e-01
2.446640377360753682e-01
7.804870453556400633e-02
-3.263629129397975781e-01
-6.723318069918418072e-01
-4.319029762406632056e-01
2.843654715517622833e-01
3.574349087107100420e-01
-5.589743634056743016e-02
3.207381247821533554e-02
2.374655430803154221e-01
5.075735841077055888e-02
-1.100817275688601438e-01
-1.160446026123553853e-01
-1.622122219911279473e-01
-3.000769348083799914e-01
-2.135264112374105627e-01
-1.695838211843003762e-02
2.029910677718382850e-02
1.261471308951536141e-01
3.443868543739363464e-01
2.878294784766067815e-01
-1.486991279671417976e-01
-3.324591877168056042e-01
-1.801864459995413670e-01
1.770129455736815238e-01
2.263069839205985589e-01
-1.331846124478706095e-01
-5.306426192210187409e-01
-4.224096797197123276e-01
-2.988562478915837151e-01
-4.845786561488178990e-01
-3.100274881384128545e-01
-7.501891982806618842e-02
1.701626365844491895e-01
2.424987275497880734e-01
1.065995726960000667e-01
-3.056509858492528764e-02
-4.095397088171170985e-02
-1.439559541585921920e-03
-1.258839992889446702e-01
-3.036964059205865540e-01
-1.151343537586380084e-01
1.454312470532661550e-01
1.628840605366956851e-01
1.552711165316604802e-01
1.974802908970982873e-01
2.340037484363064468e-01
2.700595363762092749e-01
2.269477015393293051e-01
2.596189973269602547e-02
-2.962788456170868390e-01
-4.000714392096181848e-01
-2.096827002287134922e-01
-3.677077750013801882e-02
2.865008040262346789e-01
4.227882260676663062e-01
2.207005563628616773e-01
-6.098100660009997398e-02
-1.949908897101448879e-01
-3.211824563805021349e-01
-3.450416165137064617e-01
-3.199685121811457478e-01
-6.992442214590421923e-01
5.252759070171655331e-01
1.223509682047673408e+00
3.922212859645175520e-01
-3.094216806221379290e-01
6.561457954198046671e-02
1.877545731187562073e-01
-6.405358202530696543e-01
5.369028008649533446e-01
6.857273116406941149e-01
-1.092662522962024596e-01
-8.012632717582754971e-01
-8.572220263095455817e-01
8.453862851391706901e-01
1.914260472016899861e-01
-1.450468210143713854e-01
7.891972737135855009e-01
5.789930545516250859e-01
-4.377135781869512243e-02
-7.939550037089970758e-02
-1.669734892487495515e-02
-3.117796706267292883e-01
-2.139237592095257767e-01
2.747319651715574018e-02
-2.559610302179944341e-01
-3.225547927292049533e-01
1.414173671160243728e-01
-1.456254921795901991e-01
1.239982188676429953e+00
1.822182054535558482e+00
6.091510651575102742e-01
-8.865752640246302718e-01
-1.291615914370884965e-01
1.570827965661965031e-01
-1.320565445880133915e+00
-1.665465125697520810e+00
1.082005899134612648e-01
-5.287833105882189244e-02
-5.395758427261965195e-02
2.049792850733172855e+00
1.594264935170171871e+00
3.340945476374659773e+00
4.559773353153921072e+00
1.366844544588709631e+00
-5.538841111942360840e-01
2.325873273645553851e+00
1.250893531236067169e+00
-2.396594057441674863e+00
-2.257757355992408232e+00
2.220977660332024151e+00
4.223080926026465676e-01
-1.143435158557493336e+00
8.162581552764014425e-02
-6.593311918102782165e-01
-9.346382277349105649e-01
-8.821348929219126056e-01
-9.093592697246688505e-01
6.807491241842364982e-01
-2.320764046358991806e-02
-1.607456041621467824e+00
1.249634710942134186e+00
2.318178176558215675e+00
9.192312521785743762e-01
3.673373564347081288e+00
4.394449236821998284e+00
3.319064088738148843e+00
2.270031235327485852e+00
2.887682917017290851e+00
3.259510848442262798e+00
1.605110206479477331e+00
2.934357557135380823e-01
9.440133311934983951e-01
2.162041773360303232e+00
1.598445088321140517e+00
1.279805180761421468e+00
5.736684472905273502e-01
-1.351191814843867967e+00
-1.357915431660227323e+00
1.016484810741589362e+00
2.093249972638542289e+00
9.857939729110691829e-01
6.766791230900714993e-02
-6.591286102793580959e-01
-4.820442523564707482e-01
2.247162969355374518e+00
2.165358031626477775e+00
1.319952202031197785e+00
1.579271984121112471e+00
2.300485471749846411e+00
7.669976484161287189e-01
2.925820858911922784e-01
4.678943235524334554e+00
4.603939734389934202e+00
-1.016050838848125970e+00
-5.535527319389588641e+00
-3.077716670462396387e+00
5.839867484894631922e-01
4.513143412970732626e-01
-2.258233113045775564e-01
6.206949265388572723e-02
1.760117919196554581e+00
1.965302374315617273e+00
1.239437681384090606e+00
1.578965901600799970e+00
4.242279735990196698e+00
3.366940206300623295e+00
-1.956435343832829687e-03
-2.548215177522273223e+00
-1.110865564685209250e+00
8.127547690597900498e-01
-5.698200601884746419e-01
-1.347310401303180249e+00
3.874604876642619988e-01
2.587187793018551840e+00
2.366362029554023305e+00
-2.053597189018108171e-01
-4.727492473085761482e-01
3.555498417505194464e+00
3.456821990957123170e+00
-8.451143732774344386e-01
-2.812577527901924945e+00
1.119430353195962624e+00
2.919678600639666222e+00
9.950811661529623819e-02
3.585302367418599090e-01
1.751498273794149796e+00
3.921698853634691950e-01
-1.240082048160775718e+00
6.870805071808328002e-01
2.798854867717521344e+00
1.036151014290841221e+00
-6.748303451141359766e-01
-1.214509101335840224e+00
-1.421466016399158594e+00
4.795680415802732188e-01
1.650880118700747579e+00
1.183399820672299541e+00
8.706754545662818146e-01
8.274722454232694702e-01
3.206513009902987044e-01
1.237362952827639084e+00
3.731532937828809793e+00
4.087094479677046088e+00
2.552810075090077291e+00
2.550798502766456810e+00
4.421041942177899031e+00
4.185338546984652908e+00
1.178537903447254287e+00
-7.590220365461703977e-01
1.225059125061273679e+00
1.635454568220480187e+00
-2.940531773489392098e-01
1.959119271528422912e+00
1.053709388322597418e+00
-2.907602750978419692e+00
-1.296204148661143307e+00
9.431948838285479919e-01
1.192925956082704353e+00
-1.193077528699757028e+00
-2.417171179060765063e+00
-3.791494698378898853e-01
1.844460126367037711e+00
-1.418214009701657119e-01
2.115241573681869713e+00
6.724582701568920129e+00
4.219934820416561649e+00
6.982990941841009658e-01
2.103762036206293651e+00
2.551054731449719171e+00
-2.171176496372702047e+00
-3.918011478414977766e+00
-1.082142409013371331e+00
-6.079003633834734188e-02
7.711335549074012086e-01
1.183825791982039410e+00
-1.114558766962105318e+00
-1.243313326859523116e-01
1.455894407177098060e+00
3.504928094794834692e-01
-4.608041947852727915e-01
9.935712677389090253e-01
6.266008533255384982e-01
-2.407681842451538934e+00
-3.237509495862548548e+00
-8.559550632687364935e-01
6.971946519826938138e-01
6.869870984294101923e-01
6.410195864520684683e-01
3.635323938527168508e-01
4.568531752212325880e-01
9.860859945323030562e-01
9.617287704321748620e-01
5.807005914177221229e-01
2.577498709390098064e-01
-4.302151961174045525e-01
-1.079176401003173691e+00
-3.841739912509782862e-01
-2.632589251630346183e-02
-1.499635955995940906e+00
-7.124669713872449073e-01
8.701921008718893624e-01
4.632712785532357991e-01
-1.018583398613184476e+00
-1.459911712551723362e+00
3.689186476717094543e-01
1.283437418510347428e+00
5.028601125153675522e-01
6.702674802849843960e-01
3.102654709329681904e-01
-1.185426638099446484e+00
-1.233654796279875843e+00
7.967637091710937369e-01
1.594244930580400732e+00
6.059032063970166693e-01
-1.945319412892465571e-01
-5.164863015832616977e-01
-2.730726350231087451e-01
-1.112784186550985766e-01
-4.485205201721385038e-01
-7.776637005115283330e-01
-6.132384134234357687e-01
-1.699769234006133223e-01
4.717776653309244672e-01
9.801884990858746871e-01
9.055164855828241599e-01
4.658320942007596610e-01
-4.056939343687715471e-02
-5.042368959393257466e-01
-7.113585874467518444e-01
-5.283717404517453975e-01
-2.671011285494664378e-01
-3.113124940313791722e-01
-2.472437081333883624e-01
8.369930184763685332e-02
2.368479798846281348e-01
1.527435242981394214e-01
6.091461393669805879e-02
-2.820873392949918568e-02
-1.152234674229377642e-01
-8.053712182603334213e-02
-7.092281143963963252e-02
-3.028427296160626225e-01
-8.008759802900089486e-01
-7.866593594246935606e-01
-6.980238867391931334e-01
-3.792581007186286435e-01
1.852977974305572983e-01
2.033753510451228319e-01
-4.655840027355406807e-02
-4.321260530400605759e-02
1.886775406889618090e-01
2.537707763745556955e-01
2.259782822178797446e-01
3.305046579625676717e-01
5.968276272791055437e-01
6.066251028516881361e-01
-3.227553606725797053e-02
-9.882441272512972885e-01
-1.015767480006188883e+00
-2.874482184108747562e-01
3.411164464736646806e-01
4.824357902412698129e-01
5.028017190794488167e-01
1.168686317993203883e-01
-9.870330770117634600e-01
-6.716301841736350697e-01
4.792191290786300684e-01
1.155004779406509252e+00
5.125814565746633633e-01
5.860953775060442350e-01
1.082125929093564531e+00
7.956846264323877982e-01
9.353895077581197981e-02
-3.135007427097544763e-01
-4.478962127086507650e-01
-6.896201631212452998e-01
-1.117213398941456326e+00
-1.396101817918085519e+00
-6.791763820479077562e-01
8.136909215996281919e-01
2.053949245511191624e+00
1.526245024652905791e+00
-3.716531528316449062e-01
-5.086500615527848046e-01
7.289686722411470310e-01
1.213528742191740895e+00
6.490559641209798780e-01
1.584484690179666089e-01
-3.819402716509040507e-01
-2.460497454104215720e-02
4.697493782222794678e-01
9.382546160489924070e-01
1.271589312159687069e+00
1.400430074357522425e+00
1.160616291182312576e+00
4.937028048804159575e-01
-1.533302201263433417e-01
-1.187637320914909367e-01
1.738862098280199664e+00
4.503874804661948339e+00
6.303063289633787036e+00
6.363577657997141479e+00
5.264191269358828862e+00
4.847757113646346205e+00
4.701027935253526024e+00
4.142685893753401238e+00
-7.567335624527030680e-01
-1.028119516042486303e+00
-1.374461162483924470e+00
0.000000000000000000e+00
0.000000000000000000e+00
0.000000000000000000e+00
0.000000000000000000e+00
0.000000000000000000e+00
0.000000000000000000e+00
0.000000000000000000e+00
0.000000000000000000e+00
0.000000000000000000e+00
0.000000000000000000e+00
0.000000000000000000e+00
0.000000000000000000e+00
0.000000000000000000e+00
0.000000000000000000e+00
0.000000000000000000e+00
0.000000000000000000e+00
0.000000000000000000e+00
0.000000000000000000e+00
0.000000000000000000e+00
0.000000000000000000e+00
0.000000000000000000e+00
0.000000000000000000e+00
0.000000000000000000e+00
0.000000000000000000e+00
0.000000000000000000e+00
0.000000000000000000e+00
0.000000000000000000e+00
0.000000000000000000e+00
0.000000000000000000e+00
0.000000000000000000e+00
0.000000000000000000e+00
0.000000000000000000e+00
0.000000000000000000e+00
0.000000000000000000e+00
0.000000000000000000e+00
0.000000000000000000e+00
0.000000000000000000e+00
0.000000000000000000e+00
0.000000000000000000e+00
0.000000000000000000e+00
0.000000000000000000e+00
0.000000000000000000e+00
0.000000000000000000e+00
0.000000000000000000e+00
0.000000000000000000e+00
0.000000000000000000e+00
0.000000000000000000e+00
0.000000000000000000e+00
0.000000000000000000e+00
0.000000000000000000e+00
0.000000000000000000e+00
0.000000000000000000e+00
0.000000000000000000e+00
0.000000000000000000e+00
0.000000000000000000e+00
0.000000000000000000e+00
0.000000000000000000e+00
0.000000000000000000e+00
0.000000000000000000e+00
0.000000000000000000e+00
0.000000000000000000e+00
0.000000000000000000e+00
0.000000000000000000e+00
0.000000000000000000e+00
0.000000000000000000e+00
0.000000000000000000e+00
0.000000000000000000e+00
0.000000000000000000e+00
0.000000000000000000e+00
0.000000000000000000e+00
0.000000000000000000e+00
0.000000000000000000e+00
0.000000000000000000e+00
0.000000000000000000e+00
0.000000000000000000e+00
0.000000000000000000e+00
0.000000000000000000e+00
0.000000000000000000e+00
0.000000000000000000e+00
0.000000000000000000e+00
0.000000000000000000e+00
0.000000000000000000e+00
0.000000000000000000e+00
0.000000000000000000e+00
0.000000000000000000e+00
0.000000000000000000e+00
0.000000000000000000e+00
0.000000000000000000e+00
0.000000000000000000e+00
0.000000000000000000e+00
0.000000000000000000e+00
0.000000000000000000e+00
0.000000000000000000e+00
0.000000000000000000e+00
0.000000000000000000e+00
