1.056274414062500000e+00
7.070483305840831179e-01
-5.566853575304686608e-02
-5.443171674579388997e-01
-2.544607970294197052e-01
2.442267607969719201e-01
6.633992368711185694e-01
5.421066641101695005e-01
-7.938979444606958369e-02
-5.766335827517755641e-01
6.054133312348858320e-02
1.062425299766333264e+00
1.558672681364359214e+00
1.957502639883893725e+00
2.267312419727479877e+00
1.983220060290929565e+00
9.666155988423041912e-01
8.119971870128492863e-01
2.620888421314861993e+00
3.449589522642981354e+00
3.189227981001027779e+00
1.912534110624007688e+00
3.748654310798062994e-01
1.463175199971586071e+00
2.439954721381642599e+00
2.187801450950886739e+00
1.356876171304936651e+00
2.357469322395522315e-02
7.315571239786933244e-01
1.537034502821206683e+00
1.594185925161484496e+00
1.038256972682801704e+00
5.948697827334512578e-01
5.343801517945578894e-01
6.892458976802365855e-01
6.272588888708625632e-01
-1.347283800125885778e-01
2.996307722606948998e-01
1.322747166023180654e+00
2.418119343825049672e+00
1.947119035019542643e+00
9.544866235338623772e-01
5.867013103410069208e-01
1.201407850188534354e+00
1.926445599174443357e+00
1.965412785436314369e+00
1.130224511795003384e+00
2.695140896893093996e-01
-1.146726611633458459e-02
7.924149715237693847e-03
-2.293118593723414422e-01
-5.426789851612909832e-01
-2.230590310761496053e-01
4.996942868961968820e-01
3.151337706426171614e-01
-3.792650618789237260e-01
-1.250227917550419177e+00
-2.180008734962224803e+00
-1.585891070382114298e+00
-6.228968390897262619e-01
-1.337957289282942774e-01
-3.730910961107301027e-01
-1.105598960907248518e+00
-1.360649818810159672e+00
-7.154945234709848556e-01
2.961683984124354740e-01
3.638688395104257012e-01
-7.579406044301706391e-01
-1.518059159934124880e+00
-1.496917367316993985e+00
-1.105390425182623426e+00
-4.189181077701793487e-01
4.338615236310894296e-02
-4.006173305427562781e-02
-4.604927624613592840e-01
-8.230982632873193872e-01
-6.205465066857820400e-01
2.622176317568196691e-01
-1.417133456500576649e-01
-5.423740344440624028e-01
-6.313693679565027805e-01
-1.282280493036507929e+00
-2.037361458397673353e+00
-2.659693225274757822e+00
-2.414853995892151328e+00
-1.296827137884477565e+00
5.825278590859028771e-01
-1.735965314947783833e+00
-3.680339490251361312e+00
-3.805353120158152969e+00
-2.419255330016066630e+00
-1.216801140285245220e+00
-7.523894950748719612e-01
-1.954796138525800586e-01
1.035317553388583889e-01
-1.497797819806631958e+00
-2.486209384296869551e+00
-2.294415303818506668e+00
-1.175537537311331926e+00
2.132997159169344181e-01
1.367810150882571296e-01
-9.988028632117236238e-01
-2.096094920420643604e+00
-3.129069893343919162e+00
-3.915919126153474039e+00
-3.838757716219923566e+00
-3.062018470543491855e+00
-2.128653718070188994e+00
-1.350248275067285952e+00
-9.893914865570563322e-01
-9.755531532643444415e-01
-9.605349109030916210e-01
-7.893503558490166938e-01
-7.540479974122775708e-01
-9.566458096204821793e-01
-1.245454984431464407e+00
-1.194973947014644544e+00
-4.034773174892074543e-01
8.557160810261321693e-01
9.298801067920847707e-01
6.414173005759282731e-01
2.183166712320989689e-01
-4.958745065774716743e-01
-8.950543591415378586e-01
-2.441146969362393282e-01
7.438428423192662287e-01
1.609649869368592334e+00
1.882183386342001663e+00
9.853907891146037601e-01
1.586499018557705476e-01
-3.688786784768822713e-01
-9.793764670443030340e-01
-1.525663216977328762e+00
-2.146124883106900860e+00
-3.233587366874100422e+00
-4.009952861083830200e+00
-3.682530646091357607e+00
-2.821931879481523353e+00
-2.043550557162828518e+00
-9.468016506984326952e-01
6.698702607408173471e-01
2.200915862053798300e+00
2.688716697282046653e+00
1.573569023791047794e+00
-2.504715205809926459e-02
-1.418794974182498780e+00
-2.372377189454757396e+00
-2.149547549846537287e+00
-6.766739557669714245e-01
4.498948941272473689e-01
9.777808050090852632e-01
1.055324872128455160e+00
1.526071411158112401e+00
9.909505102104954055e-01
9.530645387573626337e-01
1.387683318127113541e+00
2.107576909751498029e+00
2.847289913053288934e+00
1.695579099701149728e+00
-8.725099791912871439e-01
-3.165000904755889355e+00
-3.081725471931990867e+00
-2.102686012354279654e+00
-9.919726599366240904e-01
1.126665553320462809e-01
4.416205229941563282e-01
-2.130471943115972433e-01
-3.153134239927444238e-01
3.759862235629674032e-02
6.701378120346463962e-01
1.220536756226199948e+00
2.461829261081542874e-01
1.946825829976894795e-02
-1.932683278785316539e-01
-8.547693818577157820e-01
-2.221739730032488147e+00
-3.402502497395976988e+00
-2.375552826313122701e+00
-5.948784523147168102e-01
1.238952818437617509e+00
2.353845536509385994e+00
1.908190452866514342e+00
4.788204095360404366e-01
-1.288676571075981325e+00
-2.498278937121088283e+00
-2.745983985863738042e+00
-2.757451781106099009e+00
-2.511299197589028420e+00
-1.976524609593830917e+00
-1.574758936181409386e+00
-3.786725512086652756e-01
1.208385998386970694e+00
2.280265114539362870e+00
2.727340312515186938e+00
3.181442260013064960e+00
3.562403856047345663e+00
2.664453355038228111e+00
1.397056312219140395e+00
4.084633189867794556e-01
-7.523278931093428934e-01
-1.868654747780726044e+00
-2.492384377923245520e+00
-2.437118300092124379e+00
-1.843008798476978738e+00
-1.716530233106016823e+00
-2.970455481333121206e+00
-3.858769802244633951e+00
-3.601911282914834977e+00
-2.531951144240080609e+00
-1.745306856109410720e+00
-1.762135588676967846e+00
-2.263636271699276836e+00
-2.685377960568803957e+00
-2.365680179184372900e+00
-1.314492125911374654e+00
-6.944894291163414835e-01
-7.413057896929835522e-01
-1.151601758209732207e+00
-1.295316376922198920e+00
-6.945671124084475956e-01
4.373838864791568248e-01
1.446967593488736270e+00
2.318520191979164924e+00
2.151656598946120269e+00
8.044560923479862069e-01
-6.635151629954094687e-03
-2.576477659477660609e-03
7.283369247596480633e-01
1.662168263859118866e+00
4.708453120606559406e-01
-9.973941532073751226e-01
-2.270392816922154555e+00
-3.788496460263434784e+00
-4.899136669392174959e+00
-4.447201636083014442e+00
-2.013571777891044690e+00
9.053785773701232831e-01
-5.661167508268500903e-01
-1.944661664592475026e+00
-2.567120050195550895e+00
-1.851389001745445295e+00
-6.794237460994678734e-01
-4.564441968843913067e-01
-5.216909339424624648e-01
8.489832067126124038e-02
1.046945491599017508e+00
3.844236183712630428e-01
-4.967919409933991837e-01
-7.808204369386821941e-01
-8.057045221853311734e-01
-8.996915039563719851e-01
-1.222993452006365889e+00
-1.607663230526372278e+00
-1.988147984818704916e+00
-2.368276187769461139e+00
-2.149841026160663304e+00
-6.494189216189864000e-01
-5.098773511930856372e-01
-1.581665030752969159e+00
-2.770082951434253538e+00
-2.911321685550242844e+00
-1.626948346706762472e+00
-5.796749132424561246e-01
-2.582058251074932365e-01
-6.126470247477615594e-01
-1.158482869862109688e+00
-1.035371457948041529e+00
-3.260102911146296467e-01
5.102620389566039361e-01
1.276584480969433777e+00
1.399026259315854448e+00
1.420656260488776024e+00
1.417281733387721676e+00
1.634527239190106229e+00
2.044587202830172146e+00
2.283396012780143369e+00
2.161662618632421040e+00
1.709279153116936678e+00
6.536509676672151992e-01
-2.439642961213941974e-01
3.196901131125396978e-01
6.447887125434258460e-01
7.440957025651826484e-01
7.560887586507025748e-01
-2.317661617118668693e-01
-4.917859889359690873e-01
5.112308266012055569e-03
2.517015839244270414e-01
-3.497565450142596788e-01
-5.438898971446147756e-01
2.704335291796440277e-01
1.223997771275305846e+00
1.386859313011777006e+00
9.309345035662128787e-01
5.364272209206732978e-01
1.170577028897807903e+00
2.318455507500266854e+00
2.309543456112273851e+00
1.608976986364010431e+00
5.950970203099741340e-01
-2.473272543640828713e-01
1.902314594446623541e-01
6.645412271449517849e-01
1.096034986208150208e+00
1.461587532920928911e+00
1.476840783004619961e+00
1.454509444607529289e+00
1.105513697268081907e+00
1.536044555617197549e-01
-5.944026439935887751e-01
8.779848652795249064e-01
2.165930211659103488e+00
2.205542475586581119e+00
1.157555533999528041e+00
3.761324483284563813e-01
2.360326574425361645e+00
3.638978197075442900e+00
3.426580467446220357e+00
2.128144188041955598e+00
4.417109885122053603e-01
1.163810124067218288e+00
2.655338797535245821e+00
3.471085264780032098e+00
2.913550682338010844e+00
2.085952404455552855e+00
1.259429182160206162e+00
5.567115411847982642e-01
9.050734251936769226e-02
4.915874570603442906e-01
8.796246455918660390e-01
1.022445019613335226e+00
8.663096056824884927e-01
5.250032105805235716e-01
2.502308452815431572e-01
6.335689517466840393e-01
1.229882585209374657e+00
0.000000000000000000e+00
0.000000000000000000e+00
0.000000000000000000e+00
0.000000000000000000e+00
0.000000000000000000e+00
0.000000000000000000e+00
0.000000000000000000e+00
0.000000000000000000e+00
0.000000000000000000e+00
0.000000000000000000e+00
0.000000000000000000e+00
0.000000000000000000e+00
0.000000000000000000e+00
0.000000000000000000e+00
0.000000000000000000e+00
0.000000000000000000e+00
0.000000000000000000e+00
0.000000000000000000e+00
0.000000000000000000e+00
0.000000000000000000e+00
0.000000000000000000e+00
0.000000000000000000e+00
0.000000000000000000e+00
0.000000000000000000e+00
0.000000000000000000e+00
0.000000000000000000e+00
0.000000000000000000e+00
0.000000000000000000e+00
0.000000000000000000e+00
0.000000000000000000e+00
0.000000000000000000e+00
0.000000000000000000e+00
0.000000000000000000e+00
0.000000000000000000e+00
0.000000000000000000e+00
0.000000000000000000e+00
0.000000000000000000e+00
0.000000000000000000e+00
0.000000000000000000e+00
0.000000000000000000e+00
0.000000000000000000e+00
0.000000000000000000e+00
0.000000000000000000e+00
0.000000000000000000e+00
0.000000000000000000e+00
0.000000000000000000e+00
0.000000000000000000e+00
0.000000000000000000e+00
0.000000000000000000e+00
0.000000000000000000e+00
0.000000000000000000e+00
0.000000000000000000e+00
0.000000000000000000e+00
0.000000000000000000e+00
0.000000000000000000e+00
0.000000000000000000e+00
0.000000000000000000e+00
0.000000000000000000e+00
0.000000000000000000e+00
0.000000000000000000e+00
0.000000000000000000e+00
0.000000000000000000e+00
0.000000000000000000e+00
0.000000000000000000e+00
0.000000000000000000e+00
0.000000000000000000e+00
0.000000000000000000e+00
0.000000000000000000e+00
0.000000000000000000e+00
0.000000000000000000e+00
0.000000000000000000e+00
0.000000000000000000e+00
0.000000000000000000e+00
0.000000000000000000e+00
0.000000000000000000e+00
0.000000000000000000e+00
0.000000000000000000e+00
0.000000000000000000e+00
0.000000000000000000e+00
0.000000000000000000e+00
0.000000000000000000e+00
0.000000000000000000e+00
0.000000000000000000e+00
0.000000000000000000e+00
0.000000000000000000e+00
0.000000000000000000e+00
0.000000000000000000e+00
0.000000000000000000e+00
0.000000000000000000e+00
0.000000000000000000e+00
0.000000000000000000e+00
0.000000000000000000e+00
0.000000000000000000e+00
0.000000000000000000e+00
0.000000000000000000e+00
0.000000000000000000e+00
0.000000000000000000e+00
0.000000000000000000e+00
0.000000000000000000e+00
0.000000000000000000e+00
0.000000000000000000e+00
0.000000000000000000e+00
0.000000000000000000e+00
0.000000000000000000e+00
0.000000000000000000e+00
0.000000000000000000e+00
0.000000000000000000e+00
0.000000000000000000e+00
0.000000000000000000e+00
0.000000000000000000e+00
0.000000000000000000e+00
0.000000000000000000e+00
0.000000000000000000e+00
0.000000000000000000e+00
0.000000000000000000e+00
0.000000000000000000e+00
0.000000000000000000e+00
0.000000000000000000e+00
0.000000000000000000e+00
0.000000000000000000e+00
0.000000000000000000e+00
0.000000000000000000e+00
0.000000000000000000e+00
0.000000000000000000e+00
0.000000000000000000e+00
0.000000000000000000e+00
0.000000000000000000e+00
0.000000000000000000e+00
0.000000000000000000e+00
0.000000000000000000e+00
0.000000000000000000e+00
0.000000000000000000e+00
0.000000000000000000e+00
0.000000000000000000e+00
0.000000000000000000e+00
0.000000000000000000e+00
0.000000000000000000e+00
0.000000000000000000e+00
0.000000000000000000e+00
0.000000000000000000e+00
0.000000000000000000e+00
0.000000000000000000e+00
0.000000000000000000e+00
0.000000000000000000e+00
0.000000000000000000e+00
0.000000000000000000e+00
0.000000000000000000e+00
0.000000000000000000e+00
0.000000000000000000e+00
0.000000000000000000e+00
0.000000000000000000e+00
0.000000000000000000e+00
0.000000000000000000e+00
0.000000000000000000e+00
0.000000000000000000e+00
0.000000000000000000e+00
0.000000000000000000e+00
0.000000000000000000e+00
0.000000000000000000e+00
0.000000000000000000e+00
0.000000000000000000e+00
0.000000000000000000e+00
0.000000000000000000e+00
0.000000000000000000e+00
