2.795715332031250000e-01
8.126916701094555329e-02
-2.515516252022387267e-01
-5.778351073750134237e-01
1.219744540792101484e-01
8.866081778478481779e-01
9.335660214169031468e-01
8.044813540444307742e-01
3.715030951072882393e-01
-3.193853501885451918e-01
1.826594492112370016e-01
7.810535680563785998e-01
8.804346139726806353e-01
-2.325471773831501165e-01
-1.377186795789701046e+00
-8.647045651658999965e-01
4.195895689170701104e-01
4.224509812369126038e-02
-2.037124086488483865e+00
-1.807163298129222717e+00
-2.323590788860412371e-01
7.834360642226834148e-01
-9.482145228787515201e-01
-1.339952149092908051e+00
9.295616018140276937e-01
3.798042486000394735e-01
-1.150926758389448690e+00
-8.691743021698405958e-01
-3.209512846765827376e-02
-1.380177328681361004e+00
-3.427489478575814541e+00
-3.507840664876637593e+00
-1.272076750916170340e+00
-6.800736126060060727e-01
-1.105844415426540994e+00
9.631797750340016506e-01
3.964796839297832332e+00
7.988406038474007431e-01
-5.348115077430839470e-01
5.152865889959601375e-01
2.040429543631550935e+00
8.757398436378489581e-01
-6.835898739433490245e-01
-1.012696967217914024e+00
-5.719238255867413745e-01
4.934187147338890966e-01
1.766097109607894566e+00
9.207974093501793966e-01
-1.473313675928437982e+00
-1.495732907830549907e+00
5.771409592053653448e-01
2.716399075582563327e+00
2.313397500192931222e+00
5.053262755321430433e-02
-9.696310781242438726e-01
4.693354248680159380e-02
-4.777721511066546078e-02
-3.574747145276723215e-01
9.721248162859796871e-03
-6.465276656954115353e-01
-1.626900741859658384e+00
-2.309634832695921958e+00
-1.127963001605510440e+00
2.191159169526644135e-01
1.382287783038824269e+00
1.465375482982070432e+00
9.430107514404201252e-01
-1.912318376295457090e-01
-1.555762992570668413e+00
-2.353911094301485374e+00
-2.770040062017982585e+00
-2.326860892576205764e+00
-2.077445745424027379e+00
-1.720486326925197096e+00
-7.971454569978821958e-01
4.554482203555823006e-01
1.356637660745747986e+00
1.315544047783587356e+00
2.500355184197160519e-01
-1.030548988084810436e+00
-1.782910639042567080e+00
-1.884197921954873012e+00
-1.304296499492637373e+00
-6.147508806317447672e-02
7.786274795672702975e-01
7.902750940469367436e-01
2.297960114789561192e-01
-6.579747268529269055e-01
-1.027675064140351147e+00
-9.746373882295128466e-01
-2.815877154628663170e-01
1.055757751196831462e+00
1.387060469504592497e+00
5.451370530695314187e-01
-1.047625955510558260e+00
-2.269168348331082274e+00
-2.373270819989512059e+00
-2.501236076799383312e+00
-2.833793713355557742e+00
-3.461216188392570281e+00
-2.512104001373156148e+00
-3.368951248222336048e-01
7.113786999086966212e-01
2.834525194597721232e-01
-5.822250196925216059e-01
1.725161354838453676e-01
1.377142603619063266e+00
2.096116249475151960e+00
1.969321241191480887e+00
8.979290538766058205e-01
-6.063815089036244110e-01
-1.645465986161115168e+00
-1.187234975607026843e+00
-1.038223077979767428e-01
1.781882316720568848e-01
1.926068975492227775e-01
4.328019686689117407e-01
2.751953017927171175e-01
-3.545793640216592379e-01
-7.395404344419451714e-01
3.004304702250523151e-01
1.071575237836856154e+00
1.041175110669217085e+00
3.288232105055495236e-01
-6.341458552756724654e-01
-1.139221246411452837e+00
-7.374976741409168257e-01
5.173089365212835133e-02
5.800820024494655058e-01
7.048830647955703910e-01
6.512430952687644492e-01
-3.924202801245280092e-02
-1.050572299110249963e+00
-1.989635169753982691e+00
-2.559983522675874923e+00
-2.603357974333390779e+00
-2.184835631407966439e+00
-1.615042320572174228e+00
-1.179839514546162427e+00
-9.734233818525179771e-01
-1.028721228122735365e+00
-1.315676197997313945e+00
-1.785612325493524111e+00
-2.241452823426744345e+00
-2.311556801312588671e+00
-1.898582157671107495e+00
-1.338554165964365161e+00
-8.610705394383675326e-01
-4.087964573621309938e-01
1.530733432351603085e-01
8.136664111791751530e-01
1.531884707427885406e+00
2.299293839017837016e+00
2.826128432351911801e+00
1.890655013703690379e+00
1.109296673679686096e+00
6.459547496979551884e-01
5.969927563460512010e-01
-7.604478181205620579e-02
-1.561614575653798020e+00
-2.364179662441619811e+00
-2.477556901091255703e+00
-2.204222228683170748e+00
-1.786949101951024854e+00
-1.599359011358560956e+00
-1.471886692234631866e+00
-1.029223084289036194e+00
-8.741863714428910193e-01
-7.277774366362779190e-01
-3.279558883684448034e-01
8.856127340188812980e-04
-1.538094356105434990e-01
-3.240116588217574201e-01
-9.779480699247455888e-02
6.221863568903868158e-01
1.295513549130584474e+00
9.920411958532392438e-01
6.179781640477656213e-01
4.732012888000851070e-01
4.788691667861144086e-01
3.258666812859847828e-01
7.772238924935426230e-02
6.068782345829060176e-02
2.265433056895766462e-01
2.823299122241322290e-01
9.736648607826625668e-02
-2.385626503280602884e-01
-1.206728629837366396e-01
3.062498978922132964e-01
-2.805939297351042749e-01
-1.233380271393244465e+00
-1.563068692975200014e+00
-1.655970796633766007e+00
-1.934918243843167796e+00
-2.520016321706025852e+00
-2.691019718905255154e+00
-2.217076268726363875e+00
-1.580825519450366645e+00
-1.487531671735837335e+00
-1.790531227129045888e+00
-2.069825615691746279e+00
-2.418293236405759217e+00
-2.487902554854854120e+00
-1.763269742904680415e+00
-6.382603319724711177e-01
2.736482235457526890e-01
2.240566034172905008e-01
-1.106418577061802910e-01
2.929395563346197662e-01
1.148874898696546243e+00
2.149549672563511926e+00
1.467794076445982032e+00
2.390369112176706778e-01
-1.052408904180580418e+00
-2.204261164360738157e+00
-2.981870350113109414e+00
-2.808250039281658061e+00
-2.650242404071959434e+00
-2.987441095640057220e+00
-3.424965581390337466e+00
-3.595721128461355498e+00
-3.259488000787700734e+00
-2.361714226548640383e+00
-1.576456161671192957e+00
-1.023384406722561701e+00
-6.191499159848028455e-01
-2.994426129877503229e-01
-8.944293387675550377e-03
3.960805651990981779e-01
9.338868919059395424e-01
1.355756530805525273e+00
1.608097231520726700e+00
1.868043358823662237e+00
2.081264927734990167e+00
1.994956901372770597e+00
1.891801030117833404e+00
1.326570442030609254e+00
5.712817322047896162e-01
1.726644488448356718e-01
2.917324577023965304e-01
7.781443204877209752e-01
1.221843015639460628e+00
1.185772565909888332e+00
5.373049086098949934e-01
-4.758476534231086408e-01
-1.316642903787267338e+00
-1.577442662172433785e+00
-1.359159982043872894e+00
-9.032422463918583500e-01
-4.740455385132396060e-01
-7.705282215532147649e-01
-1.830033673969234664e+00
-2.847717112067142509e+00
-3.364169199435544044e+00
-3.538804257463680436e+00
-3.449303586298008817e+00
-3.051407877318854212e+00
-2.401248441825567959e+00
-1.529053937491697157e+00
-1.092951942186528802e+00
-1.876211362725647369e+00
-2.802600803356446235e+00
-2.334223025056008982e+00
-2.205497282363923173e+00
-2.779414381788956501e+00
-3.598698473528827435e+00
-3.711967529482822492e+00
-2.835365565535124865e+00
-1.948949661857849236e+00
-8.432384693836194600e-01
1.379338838187063043e+00
3.799452814055465755e+00
5.161702554301963453e+00
4.816650715407487127e+00
3.455267006522603879e+00
1.517172501259121731e+00
5.693527472590715899e-01
2.165884457347182490e+00
3.023484597194959100e+00
2.216797811787100336e+00
2.801318751371475457e-01
-5.890685140148386179e-01
1.456701178586086165e-01
4.753705793687412751e-01
1.568941351156816211e-01
-2.573108479949695049e-01
6.340140478119358214e-01
1.275256576702187061e+00
6.224785348388812700e-01
-8.906601378309004780e-01
-2.376009653125081833e+00
-2.751524323983608245e+00
-2.516973683891787328e+00
-2.251143998339256935e+00
-1.462494746870059537e+00
-1.213168221512324063e-01
1.250481827264304346e+00
1.073668165768553617e+00
3.261140378381580662e-01
-1.053463794010297550e-01
-7.960950825126735797e-01
-1.009645834484535598e+00
-6.264889006221789902e-01
2.612431109206485580e-01
1.275169722327323507e+00
2.056225092727302695e+00
1.508139252544125508e+00
9.755687518769672328e-01
7.624110045648971878e-01
-1.464544883907361594e-01
-1.089386821446144626e+00
-2.964325251282990403e-01
-6.035749381973113392e-01
-2.192427053544114379e+00
-1.989258869295932763e+00
-8.121595191751420639e-01
7.534808346056522943e-01
8.564228792134581658e-01
-5.852420036421082106e-01
-1.883256803368684285e+00
-2.073543724580525272e+00
-1.871092051036957082e+00
-1.101489187480880094e+00
-9.004544903755165031e-01
-2.372399214683561297e+00
-3.242100669764827803e+00
-2.590781350462629362e+00
1.227821451064570635e+00
-1.343585013763277658e-01
-2.054688121575578563e-01
1.279733749727228087e+00
-6.977187728247684628e-01
-3.581255561830615441e+00
-2.311234956078153324e+00
3.078128430505731039e-01
8.892120489373016579e-01
-1.046399519205648554e+00
-1.514947682162348874e+00
2.554806270215874697e-01
1.684040182679563458e+00
8.391340992420404099e-01
1.649167130861384667e+00
3.008198166792837913e+00
2.205408149829856335e+00
1.778381324038051492e+00
1.670326115598948835e+00
1.412695030771459415e+00
-3.628047184581095763e-02
-8.148866653211306321e-01
-4.786332194359987913e-01
8.454139563168716620e-02
4.364145426107612913e-01
4.154302331618673350e-01
7.262459962572842542e-01
1.328463931686180821e+00
1.687299893275021834e+00
1.080115055276422265e+00
3.626797089520771289e-01
7.506878009273024732e-01
1.023198405355842944e+00
3.441359590235193444e-01
-5.623751958396473460e-01
-7.292355881802864426e-01
1.446204769499527476e+00
1.736773902459248564e+00
1.192689639035444227e+00
5.055627060809428919e-01
9.249126762537877022e-01
1.485900709394834651e+00
1.590249783815124829e+00
1.117718143023928246e+00
3.501067851913295392e-01
7.914013143056183308e-01
1.426557462308135404e+00
1.602548596088320343e+00
1.280695835364450419e+00
5.393857806238527841e-01
3.869474916990742197e-01
1.024069037424513606e+00
1.247327165697020845e+00
0.000000000000000000e+00
0.000000000000000000e+00
0.000000000000000000e+00
0.000000000000000000e+00
0.000000000000000000e+00
0.000000000000000000e+00
0.000000000000000000e+00
0.000000000000000000e+00
0.000000000000000000e+00
0.000000000000000000e+00
0.000000000000000000e+00
0.000000000000000000e+00
0.000000000000000000e+00
0.000000000000000000e+00
0.000000000000000000e+00
0.000000000000000000e+00
0.000000000000000000e+00
0.000000000000000000e+00
0.000000000000000000e+00
0.000000000000000000e+00
0.000000000000000000e+00
0.000000000000000000e+00
0.000000000000000000e+00
0.000000000000000000e+00
0.000000000000000000e+00
0.000000000000000000e+00
0.000000000000000000e+00
0.000000000000000000e+00
0.000000000000000000e+00
0.000000000000000000e+00
0.000000000000000000e+00
0.000000000000000000e+00
0.000000000000000000e+00
0.000000000000000000e+00
0.000000000000000000e+00
0.000000000000000000e+00
0.000000000000000000e+00
0.000000000000000000e+00
0.000000000000000000e+00
0.000000000000000000e+00
0.000000000000000000e+00
0.000000000000000000e+00
0.000000000000000000e+00
0.000000000000000000e+00
0.000000000000000000e+00
0.000000000000000000e+00
0.000000000000000000e+00
0.000000000000000000e+00
0.000000000000000000e+00
0.000000000000000000e+00
0.000000000000000000e+00
0.000000000000000000e+00
0.000000000000000000e+00
0.000000000000000000e+00
0.000000000000000000e+00
0.000000000000000000e+00
0.000000000000000000e+00
0.000000000000000000e+00
0.000000000000000000e+00
0.000000000000000000e+00
0.000000000000000000e+00
0.000000000000000000e+00
0.000000000000000000e+00
0.000000000000000000e+00
0.000000000000000000e+00
0.000000000000000000e+00
0.000000000000000000e+00
0.000000000000000000e+00
0.000000000000000000e+00
0.000000000000000000e+00
0.000000000000000000e+00
0.000000000000000000e+00
0.000000000000000000e+00
0.000000000000000000e+00
0.000000000000000000e+00
0.000000000000000000e+00
0.000000000000000000e+00
0.000000000000000000e+00
0.000000000000000000e+00
0.000000000000000000e+00
0.000000000000000000e+00
0.000000000000000000e+00
0.000000000000000000e+00
0.000000000000000000e+00
0.000000000000000000e+00
0.000000000000000000e+00
0.000000000000000000e+00
0.000000000000000000e+00
0.000000000000000000e+00
0.000000000000000000e+00
0.000000000000000000e+00
0.000000000000000000e+00
0.000000000000000000e+00
0.000000000000000000e+00
0.000000000000000000e+00
0.000000000000000000e+00
0.000000000000000000e+00
0.000000000000000000e+00
0.000000000000000000e+00
0.000000000000000000e+00
0.000000000000000000e+00
0.000000000000000000e+00
0.000000000000000000e+00
0.000000000000000000e+00
0.000000000000000000e+00
0.000000000000000000e+00
0.000000000000000000e+00
0.000000000000000000e+00
0.000000000000000000e+00
0.000000000000000000e+00
0.000000000000000000e+00
0.000000000000000000e+00
0.000000000000000000e+00
0.000000000000000000e+00
0.000000000000000000e+00
0.000000000000000000e+00
0.000000000000000000e+00
0.000000000000000000e+00
0.000000000000000000e+00
0.000000000000000000e+00
