-3.212280273437500000e-01
-2.944837453475080413e-01
-2.430595391401977334e-01
-2.212063605284798062e-01
-2.215179350550957604e-01
-8.796524579819531287e-02
1.463225424911389627e-01
3.442410578269098353e-01
3.557127553634630290e-01
-3.915375810188018724e-01
-1.206741152177105869e+00
-1.364203823683241001e+00
-1.310858919053144556e+00
-1.665088877174260906e+00
-2.149341981520333178e+00
-2.068895972188427912e+00
-1.393063289026588158e+00
-6.295402092314796860e-01
-9.764963254572003315e-01
-1.466013702312534139e+00
-1.607757102577279440e+00
-1.382666338358873315e+00
-1.236207111547362292e+00
-1.461097697573465748e+00
-2.538589417227600897e+00
-3.384867897434464368e+00
-3.512648401319656166e+00
-3.465195168056441233e+00
-3.183600768304614803e+00
-2.587797715945340471e+00
-1.798729230766245912e+00
-1.331705350158668200e+00
-1.050089758010243735e+00
-8.735187007460476494e-01
-7.291362670395857837e-01
-7.129309741939091616e-01
-8.581589156798079543e-01
-1.062119420735180508e+00
-1.141693698125400447e+00
-8.203348078074419458e-01
-4.937815347344525208e-01
-3.440410546050509666e-01
-2.670611695491491577e-01
-1.383634505094670786e-01
-1.123030556603130670e-01
-1.241505962979174704e-01
-2.418266227535803559e-02
5.941556471361120195e-02
-4.568238532190616041e-02
-1.672911455904408928e-01
-1.455907701519103536e-01
-6.911574934401731873e-02
-1.312923345167241740e-01
-1.744737713853604655e-01
-1.051447807046406169e-01
-1.741106576321094224e-02
1.303628573093140730e-02
2.243999491825632298e-03
1.714393609752973280e-02
1.620074889937617169e-02
-7.234107561477021164e-02
-1.435531469160640228e-01
-1.280068091403229191e-01
-4.919504623816628452e-02
3.521235188619387113e-02
5.405063057380166125e-02
1.616714733873625409e-02
-6.128277559356010151e-02
-1.123428522027921650e-01
-1.450534732945897298e-01
-1.970596441977366942e-01
-2.472495856222562405e-01
-2.315954059117033559e-01
-1.958358600908280955e-01
-1.446909060702985528e-01
-1.184491474559077884e-01
-1.246035488194677798e-01
-1.408603027120053364e-01
-1.989597336676586781e-01
-2.319575518564920280e-01
-1.830336364481592870e-01
-1.029066829623096480e-01
-4.124517793560733558e-02
-6.151884715008298921e-02
-1.009025128248962067e-01
-7.254691949044900223e-02
-4.198430016343535076e-02
-1.629598323406949989e-02
2.786159972393109641e-02
5.724889370864422178e-02
6.364118662804368887e-02
3.387613827761404295e-02
-3.267828972789013631e-02
-1.363077537719717958e-01
-1.552705456284837748e-01
-1.364142160883584365e-01
-1.005157816447719843e-01
-3.150312150903264441e-02
-1.433158685253324571e-02
-6.546750654039099060e-02
-1.242765824499556526e-01
-1.928515101728727477e-01
-2.186985596552980249e-01
-2.097074411960423990e-01
-1.566518031018029611e-01
-5.028105343164143703e-02
6.027149364116765606e-02
1.703123742395467044e-01
1.868468927666448176e-01
8.504851463302262604e-02
2.659122583493181424e-02
3.868909843001344662e-02
5.437298832054285325e-02
9.070980558001859317e-02
1.431939095293860986e-01
7.992299914285548590e-02
-4.450882243853107600e-02
-1.122090630197420391e-01
-1.498550462735597499e-01
-1.927585040149044082e-01
-2.764973497458716456e-01
-3.494496210392456503e-01
-3.016185256095824663e-01
-2.362215435424649124e-01
-1.807167845708390064e-01
-2.028224069252179684e-01
-2.740950627020633523e-01
-3.084722386087959123e-01
-3.183977756606328757e-01
-2.969609992407156729e-01
-1.854944303339098322e-01
-1.487543388021572710e-01
-1.676293855405413258e-01
-2.211551630989960493e-01
-2.517727464512407032e-01
-2.271894802150053738e-01
-1.889098930375659735e-01
-1.875804072909189879e-01
-1.902242632680191947e-01
-1.638618607695937479e-01
-1.868445477071605521e-01
-2.604474502542608594e-01
-3.320231163091083015e-01
-3.761446205679379040e-01
-3.757802328593361496e-01
-3.616245781035696272e-01
-4.000179679853611558e-01
-3.945995785254235999e-01
-3.483988006658702563e-01
-3.332049319191732195e-01
-3.411041220572036403e-01
-3.794206246374646208e-01
-4.015209798073989256e-01
-4.240540311008760277e-01
-4.057612060378928409e-01
-3.529596814640174607e-01
-3.190350563369344083e-01
-3.347067589737268145e-01
-3.301004026790014811e-01
-3.544411930222728935e-01
-4.029362325594671446e-01
-4.404717843541064437e-01
-4.247039625513936434e-01
-3.998202613860348253e-01
-4.464831712375110229e-01
-5.585666247562565134e-01
-6.715510214428623836e-01
-7.405243477264760177e-01
-7.764145314703403411e-01
-7.650450833725874755e-01
-7.309871568378528695e-01
-7.468343579386302888e-01
-8.254966144261026706e-01
-8.601174912620720425e-01
-8.531600057700605699e-01
-8.770997000691787004e-01
-1.040079639211871410e+00
-1.193760619026310144e+00
-1.209111011632905130e+00
-1.294840934604920557e+00
-1.360436757365039551e+00
-1.270198949281904799e+00
-1.303532868185109939e+00
-1.505775495476723069e+00
-1.700383732414588733e+00
-1.616475826363154233e+00
-1.536297250431891470e+00
-1.672542050149654402e+00
-1.913896678105911464e+00
-2.236083332616270347e+00
-2.560124390435586150e+00
-2.843612593638368935e+00
-3.200821868362196732e+00
-3.653808911402681936e+00
-3.708800918230332755e+00
-3.426448031858331689e+00
-3.034584279708785637e+00
-2.575121421118145459e+00
-1.975067278644438762e+00
-1.239592695224666308e+00
-1.362128046871488918e+00
-2.030058827481478367e+00
-2.587879020750615489e+00
-2.728679370140355331e+00
-2.445170987161020104e+00
-1.950638473141379503e+00
-2.254997035171559805e+00
-2.295604795554826438e+00
-2.011412328344631018e+00
-1.529076101505819185e+00
-1.105820978775580388e+00
-9.293478264388184140e-01
-5.438223381237166087e-01
1.647352524814118535e-01
8.137033386220651199e-01
1.008991504489048729e+00
1.144587564419444536e+00
1.285886663801441676e+00
1.475269610216601857e+00
1.580026954350257196e+00
1.512316348491411055e+00
1.291198326910359739e+00
1.474464520213665253e+00
9.412735019553049032e-01
4.863785491118018389e-01
1.208424983200074299e-01
4.075821097676435301e-01
8.299797189080138082e-01
1.194776345676717533e+00
1.740165202908581232e+00
2.181653726966525486e+00
2.562060619428710329e+00
2.804506606084919973e+00
2.694564634135720560e+00
2.281561228915170769e+00
1.742557021460342526e+00
1.382735273257823749e+00
1.291032589184008872e+00
1.128153833355152846e+00
7.707652567969619506e-01
4.300695214360987784e-01
5.573833719467423675e-01
7.967049294231379752e-01
8.864154460872055719e-01
8.181319107331338492e-01
6.812894996509483159e-01
5.525930710724624717e-01
4.767781047213737744e-01
4.360364131049824232e-01
3.443114215521702604e-01
0.000000000000000000e+00
0.000000000000000000e+00
0.000000000000000000e+00
0.000000000000000000e+00
0.000000000000000000e+00
0.000000000000000000e+00
0.000000000000000000e+00
0.000000000000000000e+00
0.000000000000000000e+00
0.000000000000000000e+00
0.000000000000000000e+00
0.000000000000000000e+00
0.000000000000000000e+00
0.000000000000000000e+00
0.000000000000000000e+00
0.000000000000000000e+00
0.000000000000000000e+00
0.000000000000000000e+00
0.000000000000000000e+00
0.000000000000000000e+00
0.000000000000000000e+00
0.000000000000000000e+00
0.000000000000000000e+00
0.000000000000000000e+00
0.000000000000000000e+00
0.000000000000000000e+00
0.000000000000000000e+00
0.000000000000000000e+00
0.000000000000000000e+00
0.000000000000000000e+00
0.000000000000000000e+00
0.000000000000000000e+00
0.000000000000000000e+00
0.000000000000000000e+00
0.000000000000000000e+00
0.000000000000000000e+00
0.000000000000000000e+00
0.000000000000000000e+00
0.000000000000000000e+00
0.000000000000000000e+00
0.000000000000000000e+00
0.000000000000000000e+00
0.000000000000000000e+00
0.000000000000000000e+00
0.000000000000000000e+00
0.000000000000000000e+00
0.000000000000000000e+00
0.000000000000000000e+00
0.000000000000000000e+00
0.000000000000000000e+00
0.000000000000000000e+00
0.000000000000000000e+00
0.000000000000000000e+00
0.000000000000000000e+00
0.000000000000000000e+00
0.000000000000000000e+00
0.000000000000000000e+00
0.000000000000000000e+00
0.000000000000000000e+00
0.000000000000000000e+00
0.000000000000000000e+00
0.000000000000000000e+00
0.000000000000000000e+00
0.000000000000000000e+00
0.000000000000000000e+00
0.000000000000000000e+00
0.000000000000000000e+00
0.000000000000000000e+00
0.000000000000000000e+00
0.000000000000000000e+00
0.000000000000000000e+00
0.000000000000000000e+00
0.000000000000000000e+00
0.000000000000000000e+00
0.000000000000000000e+00
0.000000000000000000e+00
0.000000000000000000e+00
0.000000000000000000e+00
0.000000000000000000e+00
0.000000000000000000e+00
0.000000000000000000e+00
0.000000000000000000e+00
0.000000000000000000e+00
0.000000000000000000e+00
0.000000000000000000e+00
0.000000000000000000e+00
0.000000000000000000e+00
0.000000000000000000e+00
0.000000000000000000e+00
0.000000000000000000e+00
0.000000000000000000e+00
0.000000000000000000e+00
0.000000000000000000e+00
0.000000000000000000e+00
0.000000000000000000e+00
0.000000000000000000e+00
0.000000000000000000e+00
0.000000000000000000e+00
0.000000000000000000e+00
0.000000000000000000e+00
0.000000000000000000e+00
0.000000000000000000e+00
0.000000000000000000e+00
0.000000000000000000e+00
0.000000000000000000e+00
0.000000000000000000e+00
0.000000000000000000e+00
0.000000000000000000e+00
0.000000000000000000e+00
0.000000000000000000e+00
0.000000000000000000e+00
0.000000000000000000e+00
0.000000000000000000e+00
0.000000000000000000e+00
0.000000000000000000e+00
0.000000000000000000e+00
0.000000000000000000e+00
0.000000000000000000e+00
0.000000000000000000e+00
0.000000000000000000e+00
0.000000000000000000e+00
0.000000000000000000e+00
0.000000000000000000e+00
0.000000000000000000e+00
0.000000000000000000e+00
0.000000000000000000e+00
0.000000000000000000e+00
0.000000000000000000e+00
0.000000000000000000e+00
0.000000000000000000e+00
0.000000000000000000e+00
0.000000000000000000e+00
0.000000000000000000e+00
0.000000000000000000e+00
0.000000000000000000e+00
0.000000000000000000e+00
0.000000000000000000e+00
0.000000000000000000e+00
0.000000000000000000e+00
0.000000000000000000e+00
0.000000000000000000e+00
0.000000000000000000e+00
0.000000000000000000e+00
0.000000000000000000e+00
0.000000000000000000e+00
0.000000000000000000e+00
0.000000000000000000e+00
0.000000000000000000e+00
0.000000000000000000e+00
0.000000000000000000e+00
0.000000000000000000e+00
0.000000000000000000e+00
0.000000000000000000e+00
0.000000000000000000e+00
0.000000000000000000e+00
0.000000000000000000e+00
0.000000000000000000e+00
0.000000000000000000e+00
0.000000000000000000e+00
0.000000000000000000e+00
0.000000000000000000e+00
0.000000000000000000e+00
0.000000000000000000e+00
0.000000000000000000e+00
0.000000000000000000e+00
0.000000000000000000e+00
0.000000000000000000e+00
0.000000000000000000e+00
0.000000000000000000e+00
0.000000000000000000e+00
0.000000000000000000e+00
0.000000000000000000e+00
0.000000000000000000e+00
0.000000000000000000e+00
0.000000000000000000e+00
0.000000000000000000e+00
0.000000000000000000e+00
0.000000000000000000e+00
0.000000000000000000e+00
0.000000000000000000e+00
0.000000000000000000e+00
0.000000000000000000e+00
0.000000000000000000e+00
0.000000000000000000e+00
0.000000000000000000e+00
0.000000000000000000e+00
0.000000000000000000e+00
0.000000000000000000e+00
0.000000000000000000e+00
0.000000000000000000e+00
0.000000000000000000e+00
0.000000000000000000e+00
0.000000000000000000e+00
0.000000000000000000e+00
0.000000000000000000e+00
0.000000000000000000e+00
0.000000000000000000e+00
0.000000000000000000e+00
0.000000000000000000e+00
0.000000000000000000e+00
0.000000000000000000e+00
0.000000000000000000e+00
0.000000000000000000e+00
0.000000000000000000e+00
0.000000000000000000e+00
0.000000000000000000e+00
0.000000000000000000e+00
0.000000000000000000e+00
0.000000000000000000e+00
0.000000000000000000e+00
0.000000000000000000e+00
0.000000000000000000e+00
0.000000000000000000e+00
0.000000000000000000e+00
0.000000000000000000e+00
0.000000000000000000e+00
0.000000000000000000e+00
0.000000000000000000e+00
0.000000000000000000e+00
0.000000000000000000e+00
0.000000000000000000e+00
0.000000000000000000e+00
0.000000000000000000e+00
0.000000000000000000e+00
0.000000000000000000e+00
0.000000000000000000e+00
0.000000000000000000e+00
0.000000000000000000e+00
0.000000000000000000e+00
0.000000000000000000e+00
0.000000000000000000e+00
0.000000000000000000e+00
0.000000000000000000e+00
0.000000000000000000e+00
0.000000000000000000e+00
0.000000000000000000e+00
0.000000000000000000e+00
0.000000000000000000e+00
0.000000000000000000e+00
0.000000000000000000e+00
0.000000000000000000e+00
0.000000000000000000e+00
0.000000000000000000e+00
0.000000000000000000e+00
0.000000000000000000e+00
0.000000000000000000e+00
0.000000000000000000e+00
0.000000000000000000e+00
0.000000000000000000e+00
0.000000000000000000e+00
