1.760986328125000000e+00
1.235776385649842712e+00
2.279499843419214855e-01
2.656706682299367905e-01
1.281225104853184193e-01
-2.861711558284707468e-02
-2.755850644741641986e-01
-7.463760720483579858e-01
-9.698990622924077432e-01
-1.607131139215699500e-01
-8.198492649074300420e-01
-1.420552003914607342e+00
-1.063917238921138209e+00
-4.771260169576508892e-01
7.439458085347241401e-01
2.084684885214373118e+00
2.175938044568454188e+00
8.825448955566095322e-02
-1.962332749349487093e+00
-2.159836623713793813e+00
-1.881448349333803893e+00
-3.104511431440073466e-01
1.722460242874535474e+00
1.912209799068665950e+00
-1.107574156766712115e+00
-1.428122165345910188e+00
-6.944032575542200547e-01
2.161925151264777689e+00
4.923286372979983838e+00
5.867772533923723444e+00
7.707964081717885385e+00
6.798045517328106691e+00
1.695915000807764805e+00
-2.400493649801305196e+00
-2.206631401194675046e+00
-2.953990340530600722e+00
-7.575459703401987710e-02
3.520602463153268857e+00
2.901339419610736936e+00
1.079558301037637058e+00
1.525218598827384753e-01
9.487525005213770513e-01
1.256010085212963423e+00
6.916036597140216013e-01
4.191973791344111300e-01
-1.708019561673213005e-01
-8.724337457721009770e-01
6.587342845383468148e-01
1.290218450673687567e+00
2.500482055200055065e-01
-3.193919030446294993e-01
-2.931882150795475095e-01
3.212066976568572763e-02
7.503901367631191643e-01
1.270393808296535587e+00
5.749642148823499443e-01
-8.614987626911846386e-01
1.251116850034342587e+00
1.943483849865809354e+00
5.859250189862562630e-01
-1.673661955427760972e-01
6.146976615046345627e-01
4.428540231654124470e-01
5.036231777006655586e-01
6.000509242936367116e-01
6.446962604069012004e-01
4.057019702373766412e-01
-1.146739950048715206e-01
5.402230208987398585e-01
1.377270822234700764e+00
1.673289666739417036e+00
1.126537789844622939e+00
1.347265340934027389e-01
7.996793668340944627e-01
1.377550663943347908e+00
2.412663922600649657e-01
-5.236751883119568074e-01
4.487413095096081106e-01
8.375440056527267974e-01
-5.283323007531031124e-01
-1.181037971505285444e+00
-2.037137694877562577e+00
-2.841749996305272141e+00
-2.740233750507726107e+00
-2.061872038083336633e+00
-1.383400396446907488e+00
-4.514046487996146162e-01
-2.291094860416440504e-01
-2.667939987244851707e-01
7.418202253365250298e-01
8.662501817641059532e-01
-8.479909457415022445e-01
-3.224351487587072462e+00
-1.771774842245889436e+00
-3.927666194727184035e-01
-3.124690171017075802e+00
-4.911888360155480804e+00
-7.504524255229361174e-01
3.042040984587241148e+00
3.901173587249696872e+00
2.099002349435639125e-01
-7.795865481051333923e-01
3.816567775066221468e+00
4.681388156820208479e+00
1.776800643807748825e+00
1.825260917694704554e+00
2.896858669404547726e+00
1.618669859962059032e+00
-5.935244639274541711e-01
7.510417937885720541e-01
1.362822876958566409e+00
3.628240647863052448e-01
-3.162250991890380725e-02
1.213488025618187027e+00
1.279328030826566875e+00
6.289278274876026753e-01
-2.506475677777320055e-02
5.754787704012832572e-01
6.565980867653923303e-01
2.741066548225474797e-01
-4.058135150703690019e-02
3.327634904362497537e-03
2.801513634920479445e-01
3.699310801094151113e-01
-3.293117709452267894e-01
-8.315451316554183236e-01
-6.025794059642572975e-01
-3.145811097895427899e-01
-4.472879686632635909e-02
2.648844536278047723e-01
-1.162913454154343995e-01
-3.078403087706337304e-01
-1.517285571744175776e-02
4.936567791725692267e-01
3.138191273529318814e-01
4.328376661249813684e-01
6.386567379279324275e-01
3.900992828872883456e-01
3.906455215244378776e-01
4.715972449855125315e-01
3.414254343389160895e-01
6.330560511604764740e-01
4.717709854414575688e-01
1.405937412519799867e-01
1.637778744647959694e-01
5.862939130043803848e-01
9.336159623932136498e-01
8.635720529235879628e-01
6.130064471674498972e-01
1.053845912439069110e+00
1.661341772911208325e+00
1.624268800274048630e+00
1.313115945755403136e+00
1.106574261376013890e+00
7.272210655005107993e-01
3.722241527932265148e-01
5.426224439575301206e-01
1.053204865125864531e+00
5.706463718897610837e-01
-7.994141289983247578e-02
-3.219658055062859514e-01
2.547020337200205375e-01
5.108831411960448321e-01
2.296908885418541546e-01
3.334773527263312776e-02
-4.869321237009020809e-02
-1.681398791010644544e-01
-3.838592452469111738e-01
-4.947843362568611902e-01
-2.713063677710868538e-01
-2.890911990581629398e-02
-5.047072827790509697e-01
-4.979882805495263742e-01
-3.442394466335569891e-01
-4.390424783054386326e-02
3.131701500793818704e-01
2.151938722021786987e-01
-1.006056064065345285e-01
-2.453328562624790821e-01
-7.146757488663818547e-02
3.041948131613969597e-02
-1.660719591502520243e-01
-4.054431206030482127e-01
-7.427828025355961428e-01
-9.419890959787904361e-01
-4.407371622829309166e-01
6.051207273171044232e-02
-1.483316301392019199e-01
-1.507846920529019863e-01
-3.982468101630933788e-01
-3.866208032314072951e-01
1.789740510573176735e-01
1.691900235635057093e-01
2.138336162920244088e-01
4.517561567660500765e-01
-1.832375695281967531e-01
-1.243927589942145362e-01
4.076069847514767197e-01
1.011993255556099314e+00
5.361882061346123773e-01
5.722969593085824869e-03
2.447008560042562841e-02
3.015982051209409320e-01
7.460541787539793912e-01
1.552983219366713241e+00
1.537860165084278030e+00
7.924447950910209482e-01
2.554917655244434149e-01
4.958829078686037839e-01
7.529753863469362818e-01
7.554803558861126200e-01
7.663784354240443797e-01
8.894943249416791264e-01
8.596010953984258851e-01
6.377465912877082754e-01
2.409769080310630862e-01
-2.907320287014448779e-01
-8.934767831712809860e-01
-1.268800357911857191e+00
-1.120740291836891833e+00
-6.188235327730270408e-01
-3.512214348359216087e-01
-3.098509957712908269e-01
-6.124363983822294077e-01
-4.487936805514225469e-01
-1.097356873374536690e+00
-2.451675811728709853e+00
-2.496633515874980169e+00
-1.565285525483736784e+00
-2.676957206434295244e+00
-5.043652022789092193e+00
-5.936203947721972796e+00
-4.801857465445590556e+00
-3.130025559953473646e+00
-2.942725125314987977e+00
-3.188280865424958144e+00
-2.212360097749793475e+00
-6.655243313072920497e-01
1.099657045787708620e-01
-1.025072091954521758e+00
-1.817323411093557439e+00
-1.619666148083089841e+00
-1.543557374385064129e+00
-2.509182877732349493e+00
-1.907340346116728647e+00
-4.472736269144905741e-01
-2.723347625650229809e-01
-7.769131325684357492e-01
2.202287699444915425e+00
3.888933916571176486e+00
1.953384373972078425e+00
1.832660127160053332e+00
4.924832125730046251e+00
5.295942088859669106e+00
1.915226400254897543e+00
2.826404695686544954e+00
5.891294239307050873e+00
6.291886821708414956e+00
4.514717488681266211e+00
1.293095608204106517e+00
1.847932052930444158e+00
2.653735933079621301e+00
9.956071844296697781e-01
-7.202141793541727566e-03
1.832582112745885006e+00
2.536238797620379515e+00
1.312922308813718519e+00
2.625859326251717141e-01
1.571054477908998326e+00
2.009043194373232311e+00
7.469307034980469107e-01
-4.752277193474588879e-01
-1.176908245436302014e+00
-1.103651443966161327e+00
-3.200316067299204814e-01
2.218008604535370853e-02
-1.088832076731447884e+00
-7.531986595286261910e-01
1.843157362089464790e-02
1.713087177203684863e-01
3.291887099862337296e-01
3.331463935067611182e-01
-2.110589840739012235e-01
-1.327580923877529351e-01
9.977893169654652450e-01
5.722985555728088425e-01
-6.559362528368624101e-01
-2.281329077790573923e+00
-2.775727492510511318e+00
-9.769413127196924229e-01
-1.779464231429945809e-01
-2.628990225030447547e+00
-4.294517916701249050e+00
-4.689597141077112674e+00
-4.109345251149662204e+00
-3.363551014503111780e+00
-7.536545794335953730e-01
1.378067657790632339e+00
8.611906581404049632e-01
6.690929061041367421e-02
9.052694289561298291e-01
2.626977681285311839e-01
-8.783611984557992969e-01
-1.184281394454814063e+00
-1.869823855424612713e-01
-1.482343114947684226e+00
-2.899507340573871605e+00
-3.287733793228418300e+00
-3.309126758786468336e+00
-3.176712275290286769e+00
-1.040980982577808245e+00
7.480861814045169922e-02
7.260414335376477180e-01
2.131342171252657902e+00
1.981387939044961355e+00
1.461958909089750902e+00
2.529023828956049158e+00
3.896577738011639980e+00
4.556608853218958366e+00
2.752464698936555099e+00
9.475636818212218593e-01
1.857665221536217715e+00
1.753614776418753518e+00
5.070897101830068365e+00
8.737548826187152784e+00
8.603879567404705497e+00
6.413135221938974340e+00
5.399148290224909275e+00
3.697281610138937857e+00
2.201363155092158852e+00
1.655972282972183907e+00
1.023826919210836905e+00
3.216105656589991924e+00
4.598414373117948095e+00
4.049587519645720057e+00
3.033763858493752519e+00
2.421420952128947590e+00
1.561209344678908151e+00
2.197794268997983913e+00
3.206687534748388746e+00
2.546430980383509457e+00
1.104643376762916018e+00
6.029661384923147294e-01
5.213243074222662088e-01
1.831388642811728473e-01
2.639325287292030864e-01
4.199431306707743783e-01
1.273000840110476151e-01
7.107010293474350648e-01
1.075119052337307313e+00
9.355011841367979475e-01
8.024970425538874297e-01
5.772570685475294505e-01
5.256584344448256285e-01
1.880673901726479746e+00
0.000000000000000000e+00
0.000000000000000000e+00
0.000000000000000000e+00
0.000000000000000000e+00
0.000000000000000000e+00
0.000000000000000000e+00
0.000000000000000000e+00
0.000000000000000000e+00
0.000000000000000000e+00
0.000000000000000000e+00
0.000000000000000000e+00
0.000000000000000000e+00
0.000000000000000000e+00
0.000000000000000000e+00
0.000000000000000000e+00
0.000000000000000000e+00
0.000000000000000000e+00
0.000000000000000000e+00
0.000000000000000000e+00
0.000000000000000000e+00
0.000000000000000000e+00
0.000000000000000000e+00
0.000000000000000000e+00
0.000000000000000000e+00
0.000000000000000000e+00
0.000000000000000000e+00
0.000000000000000000e+00
0.000000000000000000e+00
0.000000000000000000e+00
0.000000000000000000e+00
0.000000000000000000e+00
0.000000000000000000e+00
0.000000000000000000e+00
0.000000000000000000e+00
0.000000000000000000e+00
0.000000000000000000e+00
0.000000000000000000e+00
0.000000000000000000e+00
0.000000000000000000e+00
0.000000000000000000e+00
0.000000000000000000e+00
0.000000000000000000e+00
0.000000000000000000e+00
0.000000000000000000e+00
0.000000000000000000e+00
0.000000000000000000e+00
0.000000000000000000e+00
0.000000000000000000e+00
0.000000000000000000e+00
0.000000000000000000e+00
0.000000000000000000e+00
0.000000000000000000e+00
0.000000000000000000e+00
0.000000000000000000e+00
0.000000000000000000e+00
0.000000000000000000e+00
0.000000000000000000e+00
0.000000000000000000e+00
0.000000000000000000e+00
0.000000000000000000e+00
0.000000000000000000e+00
0.000000000000000000e+00
0.000000000000000000e+00
0.000000000000000000e+00
0.000000000000000000e+00
0.000000000000000000e+00
0.000000000000000000e+00
0.000000000000000000e+00
0.000000000000000000e+00
0.000000000000000000e+00
0.000000000000000000e+00
0.000000000000000000e+00
0.000000000000000000e+00
0.000000000000000000e+00
0.000000000000000000e+00
0.000000000000000000e+00
0.000000000000000000e+00
0.000000000000000000e+00
0.000000000000000000e+00
0.000000000000000000e+00
0.000000000000000000e+00
0.000000000000000000e+00
0.000000000000000000e+00
0.000000000000000000e+00
0.000000000000000000e+00
0.000000000000000000e+00
0.000000000000000000e+00
0.000000000000000000e+00
0.000000000000000000e+00
0.000000000000000000e+00
0.000000000000000000e+00
0.000000000000000000e+00
0.000000000000000000e+00
0.000000000000000000e+00
0.000000000000000000e+00
0.000000000000000000e+00
0.000000000000000000e+00
0.000000000000000000e+00
0.000000000000000000e+00
0.000000000000000000e+00
0.000000000000000000e+00
0.000000000000000000e+00
0.000000000000000000e+00
0.000000000000000000e+00
0.000000000000000000e+00
0.000000000000000000e+00
0.000000000000000000e+00
0.000000000000000000e+00
0.000000000000000000e+00
0.000000000000000000e+00
0.000000000000000000e+00
0.000000000000000000e+00
0.000000000000000000e+00
0.000000000000000000e+00
0.000000000000000000e+00
0.000000000000000000e+00
0.000000000000000000e+00
0.000000000000000000e+00
0.000000000000000000e+00
0.000000000000000000e+00
0.000000000000000000e+00
0.000000000000000000e+00
0.000000000000000000e+00
0.000000000000000000e+00
0.000000000000000000e+00
0.000000000000000000e+00
0.000000000000000000e+00
0.000000000000000000e+00
0.000000000000000000e+00
0.000000000000000000e+00
0.000000000000000000e+00
0.000000000000000000e+00
0.000000000000000000e+00
0.000000000000000000e+00
0.000000000000000000e+00
0.000000000000000000e+00
0.000000000000000000e+00
0.000000000000000000e+00
0.000000000000000000e+00
0.000000000000000000e+00
0.000000000000000000e+00
0.000000000000000000e+00
0.000000000000000000e+00
0.000000000000000000e+00
0.000000000000000000e+00
