-4.700714111328125000e+00
-3.077870954458020059e+00
9.297051790079180478e-02
1.860198694286898657e+00
1.873400119420215226e+00
1.509503948577731514e+00
1.303834937039408004e+00
9.118898614508599287e-01
-3.505664292166117413e-01
-1.692817479767741773e+00
-1.449738673711680192e-01
1.207589184943569371e+00
1.719835122274505856e+00
8.503020910806671218e-01
-5.309259204512386532e-01
1.845803205390805335e+00
3.418219785283161727e+00
3.920892080214963826e-01
-1.927792523717301476e+00
-1.262588211058210952e-01
-1.810172886483850885e+00
-2.103065162680876288e+00
-1.079688203966480131e+00
-2.052775590793639360e+00
-1.110744140599527752e+00
3.499926879790113965e-01
9.105542981403993430e-01
-5.055722801599809024e-01
-6.307040163606252303e-01
-1.036489844761036005e+00
-3.342921316267913667e+00
-2.968518429170984518e+00
-2.047753206931137271e+00
9.015443849462636550e-01
1.669121189684433126e+00
-2.110111094764679507e-01
-1.437591670823077816e+00
-3.290577003776066878e+00
-2.120838370391469496e+00
-1.424115105098187284e+00
-3.601970475256740301e+00
-2.767191342974957280e+00
1.390158864904204483e+00
1.141057041508020564e+00
3.544253947666036186e-01
-1.071172179486189702e+00
-3.900451522901748014e+00
-1.434441459080045611e+00
3.001808921930584795e+00
1.219264990610113175e+00
-2.993539930672152405e+00
-3.623715874630015321e+00
-4.550827045037351137e-01
3.662150373648476176e-02
6.070922518457906314e-01
1.035760648899882952e+00
-9.021983581317836176e-01
-4.014862828399778927e-01
-1.462862042166408472e+00
2.830363945446379148e-02
7.891061201146738480e-01
3.757784092682570076e-01
1.204856286341643212e+00
-1.686772587202322260e+00
-4.010605561894728943e-01
7.573323392836955881e-01
1.142477273570545737e-01
2.025849487203043253e+00
5.126779571900073051e-01
-6.062243644990881197e-01
-4.926246580933721364e-01
-8.632795366894772116e-01
-8.349329034512695813e-01
-1.880450878647654811e+00
-3.291136076337218164e+00
-1.527236715239987053e+00
-7.930087319318963601e-01
-6.131962716669667746e-01
-6.942762573779237556e-02
-1.194704091784041466e+00
-2.086942959705041289e+00
-1.817117799559213376e+00
-1.075463564018223517e+00
-7.943154201392486069e-01
-5.424138610093121038e-02
7.972620285812497265e-01
-3.450205758391389210e-02
-1.202650758019319310e+00
1.195764322278358938e+00
-4.042423586920205203e-01
-2.715136837676334292e+00
-6.738588937162812709e-01
1.855198878373216509e+00
-8.665663464673933891e-01
-2.163247550095648286e-01
1.593140240116294404e+00
2.026538319079213224e+00
3.156863285555666643e-01
-8.631218263323274797e-01
2.176669923645639493e+00
9.302870554326703179e-01
-1.162809108223994414e+00
1.398050715961501655e+00
-9.961153594936797973e-01
-2.904195737625145490e+00
-6.081049612569202623e-01
-1.294191124214111088e+00
5.579930440804583558e-01
1.975076843576749841e+00
1.183838020228423771e+00
1.577080272066412547e+00
1.631586860747542111e+00
2.927460915930937269e+00
2.846669716106323023e+00
2.099003280761260193e+00
1.409909974846228486e+00
-1.562844331073813375e+00
-4.290598028093207006e+00
-7.885152524047913669e-01
1.654507334827640674e+00
6.881374579596677421e-02
7.085780683897913157e-02
-9.987372669354321886e-02
2.459392742874003002e+00
2.944687472649504478e+00
1.259032380937366469e+00
-6.012913433309878819e-01
-1.708114800177177539e+00
-1.828640694418512735e+00
-9.962113251591131480e-01
-6.775141288311450349e-01
-1.390260882013450772e+00
-2.558345747453689256e+00
-1.815067107841233041e+00
1.416959404901570796e+00
4.903297051708483068e+00
5.124047839384806124e+00
3.217457269650616070e+00
8.048966310485394793e-01
-2.637343259940907458e-01
7.684963275904337365e-01
1.454617444553361949e+00
-9.884879801672328270e-01
-2.316260968759286776e+00
4.610682455067869334e-01
-4.912894521674160409e-01
-8.459542439943594783e-01
6.669379148248235634e-01
-4.929994813764673189e-01
-1.673737184357720675e+00
-3.465907155332787148e+00
-2.671781479625687794e+00
8.552857411247480890e-01
3.290749960043116040e+00
-1.241742697341118973e+00
-3.675672054825883883e+00
-1.564788279690864758e+00
1.651481714369202658e+00
1.459895878725787632e-01
1.083602489774546207e+00
3.144046925228545231e+00
6.628931395046968600e-01
9.030033079202239854e-01
1.352278091090877155e-01
-2.432769936970827551e+00
-3.631012043935377243e+00
-4.585433296786738389e-01
-6.521508570065810417e-01
-1.505813026376752184e-01
-7.666856363108820460e-03
6.628696636449493695e-03
1.796802766395245499e+00
1.019655007286746962e+00
4.469200284878627194e-01
-5.193234902037886513e-01
-1.387077003664488384e+00
-9.919576774468299440e-01
-1.651993863488819159e+00
2.196880414251161096e-01
1.281067556468769020e+00
-1.098688026085141711e+00
-2.146148663724251726e+00
-3.416960853380501817e-02
1.467960215315113004e+00
-7.604498792127492024e-01
-1.023383817965128006e+00
-1.294142930772373745e+00
-1.648080222419618934e-01
1.661112198375150228e+00
-1.372122723444810788e+00
-1.955027108506278699e+00
-1.949165100332272971e-02
1.593869141230635611e+00
1.902557501655791405e+00
-9.590704616646452685e-01
-3.060345384877217079e+00
-2.591352897455345250e+00
-7.677896589998745025e-01
-7.189955598912054491e-01
-1.334769695665847689e+00
-1.232395756265812770e+00
-7.180068471882168346e-01
-2.290225112715011946e-01
-2.623732537358636208e-02
8.163368613686845521e-01
1.573397967626154470e+00
-1.368916655882328914e+00
-3.820530208628887259e-01
1.423204809223903800e+00
-3.436554882768985131e-01
-9.520883438725027403e-01
-3.229256893395348271e+00
-3.048572063236752783e+00
-5.731504095721948744e-01
1.388562917556177556e+00
1.122411185714962789e+00
2.745850395185459814e+00
-4.819151639593299841e-01
-2.132293098160835676e+00
8.952701538050240604e-01
-1.522099874709079259e+00
-2.942610584513397853e+00
-1.595289925691174560e-01
2.819118149833113929e+00
-8.824928566186902579e-01
-2.169997892197790712e+00
-2.544508168963990347e+00
-3.073545401622961748e+00
-5.059370921059302972e-01
1.465355049966456491e+00
-2.085062698446849883e+00
-7.233953743833554384e-01
1.511852637654976128e+00
-9.029243262879722565e-01
-1.245728372645070969e+00
6.988702508768374067e-01
-2.985067763384843254e-01
-6.147358820228205900e-01
7.171814769611661866e-01
-2.697858340373382457e-01
2.460652799409634994e-02
8.603778664759560435e-01
3.483831035607782844e-01
1.394436886501226880e-01
-1.761486034369656117e+00
-2.342143901929203409e+00
-2.546125078320211621e-01
6.936644648685899028e-01
-6.164562249465028732e-01
-1.014353934252213429e+00
2.525982642787685251e-01
-5.322800033732542069e-01
-2.009474764448132333e+00
6.698279607290853477e-01
2.106611570889829199e+00
2.977546867282078402e+00
2.427223749007537013e+00
2.487861854385220894e+00
2.147556775892573544e+00
2.170878223266208273e+00
2.771991929059218318e+00
2.130011109801527525e+00
-1.409282960150377795e+00
-8.743862311860663983e-01
1.613845882062266313e+00
-1.085226672169470552e+00
-2.222320627371688673e+00
-8.903174149073911359e-01
-4.089122885551865760e-02
3.683448524092691745e-01
2.739807007972839603e+00
3.861124617379376289e+00
-8.185498580759098530e-02
-2.364751433598069053e+00
-3.390773500271047070e-01
-1.980567753461342395e+00
-1.004251128356220768e+00
8.976133582968182090e-02
-2.706496385565765994e+00
1.660124800049986860e-01
3.526219149949560538e+00
4.610809091654656910e+00
3.176542126886830353e+00
1.698325341403075672e+00
4.069354338088122525e+00
1.956726062358542961e+00
-1.298701086159975482e+00
-2.300532029220168084e-01
1.163003271620015378e+00
-1.042064276039632142e+00
-8.261522497746411897e-01
1.884767987372988340e-01
2.174831175379480896e+00
2.432783514348209053e+00
1.629428511687014414e-01
1.296004423836677244e+00
1.175434772544996509e+00
-6.194568946457339464e-01
8.432613021606307768e-01
1.293958272022375011e+00
1.338148224399433595e+00
-2.516454833832337812e-01
-2.339386915021659519e+00
-1.306325103885384031e-01
1.748112736080362772e-01
-3.563643202462691839e-01
1.732648959192112592e+00
9.829367110542643893e-01
-1.018100841166689641e+00
1.771764427822891896e+00
1.308339112366868839e+00
6.935072390308275603e-01
-1.949532833923345976e+00
-9.782832248970032563e-01
-3.344095841950742720e-01
-1.186517287304516222e+00
4.732969244213018900e-01
-2.565224967660122424e-01
-2.087009739187857704e+00
-3.090181900264329151e+00
-2.014436008634558739e+00
-2.303431872435213745e-01
-1.493051657560631629e+00
-7.437669312381101072e-01
-1.140702501533773949e+00
-3.892539595702610544e+00
-3.207369182473581937e+00
6.109411893340845889e-01
1.814954485707832577e+00
-2.000025028199150512e+00
-4.667806277481518329e+00
-2.968007929869707517e+00
-7.344241883048163722e-01
7.451919892132643497e-01
2.088295263076502817e-01
-2.478644581780875100e+00
-3.139176958654867455e+00
-1.526090284268022845e+00
-2.340183491491560908e-01
-2.290655834952185277e+00
-1.115109747910503879e+00
-1.970104883249249816e+00
-4.214826875424547481e+00
-4.642109036458822224e+00
-5.416784814295681372e+00
-4.804820509463707090e+00
-2.215307855660396008e+00
7.837100204592473141e-01
-2.514256046196146066e-01
3.933585962703742833e-01
1.371323477249488665e+00
-1.430049992227222289e+00
1.762645002816807249e-01
3.878953277163179614e-01
-2.433031114236918313e+00
-3.371192370299137764e+00
-3.142606639153690651e+00
-2.352090322200346417e+00
-2.391357328677350402e+00
-9.120595132082840450e-01
2.757113486422359649e+00
3.882378104613571690e+00
2.946767353452783400e+00
2.181175613342117181e+00
1.746911439619284856e+00
7.946081985525550451e-01
-8.521414969009593054e-01
-2.350255680971271133e+00
-1.082816707319522509e+00
-2.129185377398208345e-01
-1.451214361651937512e+00
-3.139295374420772333e+00
-3.188254679639291655e+00
-1.356143175614390017e+00
-1.738018708313952221e+00
-1.581202384241358505e+00
3.372633285556542404e+00
1.092671984820196007e+00
2.634530926502640202e+00
5.270909685225547925e+00
5.441077152087622437e+00
3.395966415224087154e+00
2.777924139439177598e+00
2.663835565749819168e+00
1.554052816584371888e+00
2.386758316061310392e+00
2.054069406673277864e+00
2.030971368949180178e+00
4.514484636451276067e+00
5.986475456034084708e+00
6.136315575705857839e+00
5.978912526577563114e+00
5.927788417245505315e+00
4.322324164635291233e+00
1.193008567496687711e+00
0.000000000000000000e+00
0.000000000000000000e+00
0.000000000000000000e+00
0.000000000000000000e+00
0.000000000000000000e+00
0.000000000000000000e+00
0.000000000000000000e+00
0.000000000000000000e+00
0.000000000000000000e+00
0.000000000000000000e+00
0.000000000000000000e+00
0.000000000000000000e+00
0.000000000000000000e+00
0.000000000000000000e+00
0.000000000000000000e+00
0.000000000000000000e+00
0.000000000000000000e+00
0.000000000000000000e+00
0.000000000000000000e+00
0.000000000000000000e+00
0.000000000000000000e+00
0.000000000000000000e+00
0.000000000000000000e+00
0.000000000000000000e+00
0.000000000000000000e+00
0.000000000000000000e+00
0.000000000000000000e+00
0.000000000000000000e+00
0.000000000000000000e+00
0.000000000000000000e+00
0.000000000000000000e+00
0.000000000000000000e+00
0.000000000000000000e+00
0.000000000000000000e+00
0.000000000000000000e+00
0.000000000000000000e+00
0.000000000000000000e+00
0.000000000000000000e+00
0.000000000000000000e+00
0.000000000000000000e+00
0.000000000000000000e+00
0.000000000000000000e+00
0.000000000000000000e+00
0.000000000000000000e+00
0.000000000000000000e+00
0.000000000000000000e+00
0.000000000000000000e+00
0.000000000000000000e+00
0.000000000000000000e+00
0.000000000000000000e+00
0.000000000000000000e+00
0.000000000000000000e+00
0.000000000000000000e+00
0.000000000000000000e+00
0.000000000000000000e+00
0.000000000000000000e+00
0.000000000000000000e+00
0.000000000000000000e+00
0.000000000000000000e+00
0.000000000000000000e+00
0.000000000000000000e+00
0.000000000000000000e+00
0.000000000000000000e+00
0.000000000000000000e+00
0.000000000000000000e+00
0.000000000000000000e+00
0.000000000000000000e+00
0.000000000000000000e+00
0.000000000000000000e+00
0.000000000000000000e+00
0.000000000000000000e+00
0.000000000000000000e+00
0.000000000000000000e+00
0.000000000000000000e+00
0.000000000000000000e+00
0.000000000000000000e+00
0.000000000000000000e+00
0.000000000000000000e+00
0.000000000000000000e+00
0.000000000000000000e+00
0.000000000000000000e+00
0.000000000000000000e+00
0.000000000000000000e+00
0.000000000000000000e+00
0.000000000000000000e+00
0.000000000000000000e+00
0.000000000000000000e+00
0.000000000000000000e+00
0.000000000000000000e+00
0.000000000000000000e+00
0.000000000000000000e+00
0.000000000000000000e+00
0.000000000000000000e+00
0.000000000000000000e+00
0.000000000000000000e+00
0.000000000000000000e+00
0.000000000000000000e+00
0.000000000000000000e+00
0.000000000000000000e+00
0.000000000000000000e+00
0.000000000000000000e+00
0.000000000000000000e+00
0.000000000000000000e+00
0.000000000000000000e+00
0.000000000000000000e+00
