-1.349086317412688807e-01 -1.332812522656299237e-01 -2.626400318994279726e-01 -9.467301603277245015e-01 -7.067569389238339550e-01 -5.067977689164102628e-01 9.688206414378777165e-01 2.881083847869201353e-01 -7.822470153853344765e-01 -1.233304963320618931e-02 5.096584670818302687e-01 -5.740079128773889483e-01 -2.802934861649808429e-01 -3.939131701332170277e-01 5.921858947995719546e-01 -3.999000364843696698e-01 -9.732208214452819917e-02 6.933925969511647303e-01 8.190591364638220018e-01 -7.916658506484175462e-01 -2.199725321172623094e-01 -1.527231297550555311e-01 -9.600318946867978376e-01
9.380748835032435284e-01 1.998099973077351876e-01 3.562387137257159164e-01 4.680289635120193914e-01 -6.007279458636898273e-01 3.878546921339849352e-01 6.902600155831670747e-01 -4.436702634094431552e-01 8.225441063055471957e-02 -1.493904304800414183e-03 -8.076252515234783047e-02 1.518979189816871411e-02 -3.406764650136955286e-01 8.457875292354550822e-01 -9.752535083222191314e-01 2.658833654060714924e-01 2.443882094986120634e-01 5.371215177826478282e-01 5.010494502070625966e-01 7.957020501004705704e-01 -5.598020809444381740e-03 6.778527956883713124e-01 9.900483890217741667e-01
-6.957309815664403096e-02 8.777127513456288721e-01 -9.651153229103828224e-01 -5.924330167380504886e-01 2.506448207834743869e-02 9.294980153032068593e-01 -9.028843987554147077e-01 5.203049408984832258e-01 -3.933152545595830496e-02 2.692206187301699697e-03 -7.555345975250495894e-01 9.520519178305608676e-02 3.489659444873720595e-01 6.784488149495926379e-02 2.031074306993074785e-01 -8.688982140545551403e-01 3.575511281112297990e-01 7.425115025009987324e-01 3.223788230891617701e-01 -6.089957357077619982e-01 5.496266064119734729e-01 -6.730228548142949130e-01 6.702085725442863406e-01
1.395575045630443878e-01 2.531198353318302452e-01 7.576426239638476279e-01 9.394168782683762764e-01 -4.508660679561389273e-01 3.894016737349970114e-01 -7.312550120297200973e-01 8.051954592811296774e-01 1.265130614851583957e-02 3.004150736179267075e-02 -3.995431775054574253e-01 -2.895947837071108921e-01 -5.319754813201948984e-01 -5.869311243046142490e-01 -8.986505113609100093e-02 -7.048768972267613897e-01 -9.960659001018319358e-01 5.075980023135524544e-01 2.219901946751656752e-01 -7.315543657686518486e-02 6.013537805293773797e-01 -2.819478201497178649e-01 -2.646183579302416877e-01
4.214309147305095316e-02 6.516854886907108568e-01 2.045681049317051858e-01 1.292208429053358643e-01 7.507796939539397307e-01 7.261935549995546246e-02 1.883629368446433361e-01 8.477401068857537414e-01 8.602035074110807589e-01 -3.489798930093782926e-03 7.972906970005746441e-01 -3.409591200556538748e-01 6.213930762593729007e-01 4.072634918418764904e-01 7.159417087031567650e-01 -1.446974312198998636e-01 8.349042553987309212e-01 -4.270536862947273971e-01 9.406692483539063065e-01 -8.251187746445045601e-01 9.950516955231858418e-02 7.214139326536603836e-01 1.972205296671907249e-01
-3.378588615868227674e-01 -4.713806570674914376e-01 2.774299862127456162e-01 -5.109544981532629926e-01 -1.732629016977533798e-01 -5.980718453248412558e-01 -3.069743832924938243e-01 4.749458108687987234e-02 -4.986081429937094800e-01 1.261972941412898945e-02 -4.220669240493062357e-01 -5.998430629397621949e-02 -1.072187651174318912e-01 4.893221202123700930e-01 -9.724564958961487982e-01 9.538699144507973848e-01 -1.378735565674271690e-01 3.741360440319856373e-01 -7.452242305917513576e-01 3.599361844883468553e-01 9.554264160861991595e-01 -3.406082403169130579e-02 7.441990773114590674e-01
-4.445616148779536481e-01 8.154940367290042236e-01 -6.486270942760203884e-01 8.731215503073852524e-02 3.872936995510767311e-01 -6.194334372319414417e-01 8.622834845770694923e-01 -4.340239572777782051e-01 -2.289878263185010088e-01 8.990914877438463057e-03 -5.079351038039514599e-01 9.100874009242969631e-01 8.398741273269940688e-01 -2.243342189990922275e-01 -2.884936574051917280e-01 -2.659929062927801624e-02 9.873419299658010573e-01 8.413936864256361670e-01 4.995383765397987119e-01 -4.319544412020490665e-01 8.147055547180017676e-01 9.836371913396733113e-01 2.850860882074743863e-01
-5.982750746418923349e-01 -4.041024224624261141e-01 -3.606591751322509865e-01 -5.435027185882181922e-01 -8.486676283912579777e-01 9.253741443898966246e-01 1.234775482599226315e-02 5.002807425215494153e-01 2.545346343656673671e-01 4.026280658238212337e-03 4.425342468970414611e-01 -9.840191185227613602e-01 3.831236241144715393e-01 -2.722152485183955140e-01 8.798726999760786427e-02 5.261441538686462138e-03 6.021207552267586749e-01 -9.573598021937792524e-01 7.482025381000148023e-01 1.730483174825121484e-01 5.686461048316115985e-01 -9.522048054583509558e-01 4.713465437545618641e-01
-8.389792289538298142e-01 3.756091940290404718e-01 -8.531680458864863148e-01 3.926670976030861571e-01 9.374372573022224930e-01 -2.679820713606930749e-01 -5.223447186020229172e-01 -6.743585226390020892e-01 -5.808024509651783518e-01 6.858239262396065294e-03 -7.905336019968718375e-01 -9.850920560219968980e-01 6.416117043593307923e-01 -5.989822566972067275e-01 -4.993192369845973477e-01 4.887798672459655602e-01 7.599809470269709433e-01 7.047048610996375917e-01 7.065746298611816911e-01 -6.142397703387625363e-02 1.351395550915881483e-01 2.806915949543662414e-01 6.784566676547496566e-01
6.201204908211315203e-01 8.068964169747205872e-01 -2.308734441861504116e-02 8.416397133485227222e-01 -9.193707674472428870e-02 -4.786937659957657409e-02 -9.142062561746988614e-02 -2.290214118150535327e-02 5.467330502978928752e-01 -1.840463568025360944e-02 -8.946932091569754775e-01 5.372978428529360251e-01 7.524752333988971031e-03 2.076903205290236976e-01 6.169947560226829442e-01 -6.383881003594176207e-01 2.194132232131222882e-01 5.475645143382550373e-01 -3.054522542456696854e-01 -8.190611301722448001e-01 -5.367552183549504363e-01 6.863328058986331026e-01 -3.976789377442686568e-01
3.288197501673386647e-01 -7.238260922939845354e-01 -3.002098675793185567e-01 -6.252957402810299659e-01 8.769384275846303645e-01 6.271763520361273159e-02 -1.477542650112906308e-02 6.438754276427638423e-02 7.125788480796695357e-01 8.564516696742262292e-03 7.774747543187519039e-01 -5.522539973186901818e-01 2.642311172878224479e-01 -2.338174930988459188e-01 -7.075455364343352649e-01 2.406401910474427197e-01 -3.163305308837645047e-01 -6.924918364418670702e-01 2.891221620618700250e-01 6.965345742665938200e-01 4.441280489917640573e-01 -6.861455291011262503e-01 4.841442046168589197e-01
-8.767613167135057672e-01 -3.510366175666621569e-01 5.490199514268636616e-01 -7.308602141245210682e-01 4.417381131944704276e-01 -5.645786900504792261e-01 7.597390706897386714e-01 3.043306603903448426e-01 -8.461222428744976654e-01 3.885122019914521302e-02 -7.096534291831810837e-01 -2.739865365080345061e-01 -3.857510720596606379e-01 -2.791006042015986566e-03 7.528274034176858365e-01 6.937281203554297448e-01 -2.685190607617360392e-02 -3.106869255274713471e-01 4.042846735756064902e-01 -8.539662722042276055e-01 -9.303661605865432005e-01 6.522266012676423141e-01 9.108022257844694547e-01
-8.139624428302583148e-01 -6.439951206431631103e-01 5.042076920012150687e-01 4.462259916269335491e-01 4.775562572625859925e-01 3.781213128252263189e-01 -2.600187066250958523e-01 -1.600012480594783515e-01 -2.045887852207086688e-01 2.489991522664554077e-02 -3.539414154844393590e-01 5.705327094111798392e-01 8.883215627278067128e-01 -2.642138049974582792e-01 8.342120494977476319e-01 8.458609531790788338e-01 8.490783659082519197e-01 8.131040676125504962e-01 3.098848847014130659e-01 2.139219084318766395e-01 9.508842094651550614e-01 -4.487566984783544211e-01 -2.026354099278233623e-01
-1.759166890329311173e-02 7.707158598168395436e-01 4.053217580789061358e-01 1.318715260307499193e-01 6.973301516789200960e-01 -3.771975613282980699e-01 -3.605809056231390475e-01 3.077848662832645132e-01 7.226083624015922080e-01 4.129937319307921875e-04 7.654985477211855294e-01 7.384951862386130994e-01 9.374159072132186576e-01 8.877783028184020875e-01 7.055113822353431541e-01 1.239269002137344255e-01 -8.854297007392353258e-02 -9.642955665923229613e-01 -5.704919506692418540e-01 9.224885370801385598e-01 2.449025208730892800e-01 7.291560522857574167e-01 4.003660945676912331e-01
-2.866352308170674323e-01 -1.342210772537177910e-02 -4.641481019758308957e-01 -4.018604804946241948e-01 8.159044083376354450e-02 -2.135657364777343581e-02 8.823642733014640527e-01 2.798021596751012474e-01 -9.775673748017190690e-01 -1.103412844547300162e-03 -6.131613954971069091e-01 5.247206088972544702e-01 -1.420649847179664693e-01 2.726663853658848335e-01 3.424621982581568247e-01 8.340944424721670192e-01 -8.719243276405046483e-01 1.467416857789127782e-02 -4.149702623892059794e-01 -4.310256625637551853e-01 9.367069907330942691e-01 -6.549957862345965331e-01 1.356457875358456633e-01
9.582030214888979103e-01 5.752972264873499331e-01 5.031681938305609947e-03 3.851264833764380668e-01 -1.491885050175345562e-01 4.028146139710400142e-01 5.102401727682925880e-01 -7.425085630675882786e-01 8.460464870286514838e-01 7.240540831526112893e-03 9.640897695629180308e-01 -1.935640119447985530e-01 -2.099863344091390527e-01 3.320629326511570500e-01 1.842645924191563811e-01 -1.274690180196320632e-01 9.393076651591150128e-01 -3.457736964161299831e-01 -4.168621059452282118e-02 4.551331634596829101e-01 -4.125362644189722872e-02 1.212796948559851096e-01 6.614333520587791782e-01
2.322909278882125950e-01 -5.452093293552051634e-02 2.016328775319453648e-01 -2.106541017710330532e-01 8.395736053338502813e-01 4.968526539945905540e-02 8.273033420995217213e-01 1.408352152031655535e-01 -4.720909814841751651e-01 1.939609492316603928e-02 -9.929592486429854592e-01 7.437576478693708193e-01 1.950068565756450933e-01 5.141201115033067204e-02 2.920685325960010736e-01 8.334752170734127663e-01 -8.257615429807518836e-01 2.820758629948447727e-01 -6.027597043589918435e-01 4.328619127082697915e-01 -7.102310672527787361e-01 -4.532621367961671144e-01 3.237670087286992349e-01
-8.293715318861605290e-01 -6.327676504854073958e-01 -7.371147874365666652e-01 5.925824655490186110e-02 8.575435122352552675e-01 2.493131517344786552e-01 2.563113550582718503e-01 3.685000085178380402e-02 4.788347924168858682e-01 7.422764245698386214e-03 -3.695054748008070877e-01 8.828569896274789386e-01 -6.236210682333138688e-01 6.220964893027214337e-02 -9.776736830084380436e-01 3.116547882095690447e-01 7.973780795209857164e-01 -6.939552080394730815e-01 6.033457645426094640e-01 -9.535367362254960621e-01 -5.767730941754511953e-02 -9.706730706870303482e-01 9.132203196758001962e-01
3.948429930777841435e-01 -7.080988502828113873e-01 9.158062944786566906e-01 -4.697663466527111087e-01 7.209242971859493032e-01 -6.001666395597362591e-01 -2.579023572474539172e-01 8.002097193185764290e-02 -3.045084814204250812e-01 -2.735027677948990467e-03 -6.931817731344813716e-02 -5.968010274683492877e-01 6.025043972140529114e-01 -2.102153559277755157e-01 8.184685508271991594e-01 8.030073942639217588e-01 4.532735091705160091e-01 2.845706684810000997e-01 -5.409443169961616338e-01 8.476117006794028352e-01 -8.305644302298587078e-02 5.016867869036987226e-01 -9.381153447782164534e-01
9.317629199515757854e-01 1.946684551179016509e-01 1.421226770887864532e-01 7.894474097506036792e-01 -2.654734347680460793e-01 2.589523510051674471e-01 -3.458396679300772547e-01 -2.735414932999187254e-01 3.150391079470307165e-01 -9.372234869513653907e-03 2.150257925409102544e-01 8.943828486930747168e-01 -8.722565085260682860e-01 4.572648932981169256e-01 -6.665903522187885955e-01 -7.591625803772819037e-01 -8.634498834655306432e-01 -1.234370078855540065e-02 -7.768728891100289413e-01 -6.411798168659770258e-01 -4.803033734820385536e-01 -3.158573247192322242e-01 2.292409962094859033e-01
3.754058718318908916e-01 2.469243815266379816e-01 1.594730803395412178e-01 -1.138568903788474973e-01 7.607147844511075174e-01 -2.275754350163932127e-01 4.377692112202180574e-02 -7.574795950769579456e-01 -2.520287328914609937e-01 -8.844064330757190739e-04 5.388073698636701714e-01 -6.632196050084973038e-01 -5.317100849171454424e-01 8.120801012295153498e-01 -6.069372746891112946e-01 -4.924286533538637656e-01 9.082750132958223865e-01 -2.627040418471866534e-01 -3.946451478704009475e-01 1.988666118729103260e-01 -5.198416324989125759e-01 6.449364609667900261e-01 -8.446310163973760332e-01
3.564001977666810816e-01 -1.914653048417669368e-02 -7.783802458063187046e-01 3.049993866687910060e-01 1.114368439221489204e-01 -8.245917324877749532e-01 -2.217869758128934166e-01 2.634916632558990113e-01 4.735316451401587745e-01 -2.529421300907784380e-03 -5.833791102800547357e-01 -7.034597922557308536e-01 -3.270756479377556758e-02 -3.750168897442336391e-01 -3.383806547329608616e-01 3.902579349581791757e-01 5.251190218788719388e-01 1.008914549443677977e-01 3.553626699062260030e-01 -3.273596877812474659e-01 -2.149051099225549599e-01 -9.516905146441545504e-01 1.707847644148352551e-02
-3.772121706663207341e-01 -4.335880729716801163e-02 7.419121038210225727e-01 -3.633903551208297333e-01 2.171768458665686019e-01 4.837429877403571776e-01 3.401424804877684061e-02 -5.071419457719517077e-02 -6.423904761108452099e-01 1.660457137861367236e-03 6.042584330563882666e-01 5.457735052052370417e-01 -5.986702070608140858e-03 4.905949363706783029e-01 3.426469540802066227e-01 -4.808762397414330092e-01 -3.658017591027535875e-01 -2.048067297830979960e-01 -2.759575803437079866e-01 3.673221597806457517e-01 -2.067049631665107690e-02 7.124344046392627749e-01 -1.292867958988024313e-01
