-9.179077148437490008e-01
-1.818662944992839980e+00
-2.815759130833304091e+00
-2.712512946894493293e+00
-1.398127290814890067e+00
8.733969738838207597e-01
-1.819450158472248447e+00
-1.364845575302923608e+00
1.790659139895186547e-01
-2.594157531047387888e+00
-5.205938210610371542e+00
-5.006639318698177021e+00
-8.628523338689619848e-01
3.402926263207437962e+00
3.477760329898638147e-02
2.246581962321696047e+00
3.331839040519940731e+00
-3.372122391169884992e-02
-1.552180573922872231e+00
-1.508989313661748488e+00
-4.153034582114682571e+00
-5.152675609507051391e+00
-2.304372040931766286e+00
2.512032303245829823e+00
-1.522798753346876310e+00
1.047844271452156306e-01
-3.124315286939222780e+00
-1.493284670776001910e+01
-1.842532389877082011e+01
-5.672276625598179578e+00
9.217788510492210818e+00
6.281695328745235507e+00
5.578041493688563612e+00
2.116680502534954655e+00
-1.430210405224363157e+00
-1.789670007880205027e+00
-1.418721605964324173e+00
1.593369193084113178e+00
1.834612444316650492e+00
-9.729225771685685586e-01
-4.504147004179206881e+00
-2.647982167622996208e+00
-5.193969168186187702e-01
9.429628302851877919e-02
2.161581266454990047e+00
1.257613365049996768e+00
3.883024968200343707e-01
6.283626210724065908e-01
-7.991073755372508636e-01
-5.613671051359148123e-01
5.093970417408471008e-01
-2.109765709540584400e+00
-2.242056321754982928e+00
-6.623171298257535256e-01
5.536043401183268209e-01
-3.536503981746651482e-01
-4.026326388182558391e-01
1.061267389104317838e+00
5.170808695711683889e-01
-3.347081774931282006e-02
2.489274363130443701e-01
8.559658087756627509e-01
6.286860548809238836e-01
2.025866200484468527e-01
2.565235691930567996e-01
3.086333372913792061e-01
7.802597976850123018e-02
-1.373024672287849191e-01
-2.280746143605856813e-01
-2.835999706205132864e-01
-1.229274587709475453e-01
-4.445057886185395102e-01
-1.032484082457593821e+00
-1.013409470379291744e+00
-3.836716902956420761e-01
3.964738233810444212e-02
-9.887467543810982140e-02
1.712413937751223747e-01
3.054322858831222676e-01
9.705070018654937680e-02
-2.380287267084705283e-01
-4.777624687695869454e-02
1.325471748473010525e-01
3.206244473090680280e-02
-3.282076595984350087e-01
-6.129838986368707499e-02
-2.027251195853159160e-01
-4.382300731827166174e-01
-5.459462400445662666e-01
4.623792175575880403e-02
4.974362997357468785e-01
3.273554541114649385e-01
1.116880967418204529e-01
-1.004430171364256719e-01
2.416769769322478223e-01
2.730187722089557067e-01
5.855035045291018259e-02
1.157028312164961603e-01
7.249301141879792576e-01
1.140735691799613871e+00
5.594318266412253715e-01
-3.979744250249339643e-01
-1.879628800657751064e-02
4.186353312550076811e-01
1.303494449988152892e-01
-2.282904002364537221e-01
6.817964585556546275e-01
1.531724782890825587e+00
1.603036796032534461e+00
2.371899538559393561e-01
8.122032130831601249e-01
1.752273604766801496e+00
1.208663957636436859e+00
1.528960277973076543e-01
2.400353365814436923e+00
3.241710724176652292e+00
2.532489008458140844e+00
6.616818125574850384e-01
1.516927867765694105e+00
3.951138266923902798e+00
4.055942118421622666e+00
8.447870981814096236e-01
2.856230137278139125e+00
6.560599444002671810e+00
6.236679337751415808e+00
1.662228177910505256e+00
1.518372776203157581e+00
4.162648377664637245e+00
3.931076616249296940e+00
1.295241221120772224e+00
1.350569651339347033e+00
2.776231202165969858e+00
2.077556436502271620e+00
5.870806316098445832e-01
3.840674347084652718e-01
1.607476730255943842e+00
1.960147323308261580e+00
1.059925270199262082e+00
9.769066527846470560e-02
1.348028790261435406e+00
1.532839341287029589e+00
7.485264380561679198e-01
-1.008348295887500079e-01
8.828105733808466749e-02
4.672321467008860862e-01
6.650371294277741541e-01
4.483336097271136134e-01
1.526871789614210884e-01
1.068848951229001143e-01
1.111076862563142864e-01
1.967782686192426356e-01
5.569051666946257528e-01
1.012999556712929516e+00
1.218161500070876091e+00
1.069820119735020558e+00
8.914405350065253142e-01
6.841479082257170274e-01
4.198580074791138372e-01
1.724748943410449042e-01
1.107930232185188046e-01
2.119614031790550968e-01
2.746631069515684809e-01
3.923215199633639516e-01
6.487175473409900750e-01
8.927389689679993134e-01
1.020102718853136414e+00
9.845385882496032748e-01
7.860670451808671189e-01
4.193712228980988055e-01
3.136731390000215836e-01
3.002649407606677867e-01
2.395648202273465976e-01
3.021783806981779286e-01
5.002337526432034664e-01
7.218840693733943326e-01
6.451513111057571859e-01
2.984763832533671168e-01
6.442667444505378871e-02
8.183837493800627527e-02
3.288074549190157514e-01
4.893651165103699574e-01
6.367893057385352051e-01
8.366468302407387148e-01
9.436528373258077362e-01
9.470992420689547941e-01
6.800055098442814305e-01
3.798735879726148346e-01
2.519633604187947462e-01
1.547792201227583542e-01
1.932338410863794764e-01
2.647201721560635823e-01
6.321067248412570727e-01
9.956205766928376555e-01
8.881199697205846011e-01
5.472597811584999361e-01
5.415036583814428761e-01
9.517866329517747914e-01
8.837728418958750165e-01
5.486326284683264998e-01
6.151409602434760870e-01
8.674856333570540867e-01
8.637118441627528176e-01
8.920798215289703625e-01
1.000175560281126419e+00
1.082292805590494345e+00
1.012238373471333386e+00
8.553186711089337813e-01
3.595435765791909488e-01
-2.412542261270660404e-01
-2.990629683018982687e-01
-1.142335448317211011e-02
4.045268282075138444e-01
8.693918009029626415e-01
9.926789337615680164e-01
9.288409188822928098e-01
4.881541783030342030e-01
6.541732694813739979e-02
5.647590360046059743e-01
1.069845080899359369e+00
8.144409634568389178e-01
-2.987647325333172565e-01
8.520675223074407612e-01
1.593188810417117462e+00
1.295336241425530943e+00
2.367233975319428807e-01
5.482524231050147634e-01
2.276231553579449507e+00
2.672187002134349676e+00
9.770919671672358975e-01
9.859149127134348989e-01
3.952736450234052068e+00
4.268629628329092540e+00
1.696204907818742891e+00
1.588290052601906588e+00
5.701750100684348510e+00
6.308431843505790226e+00
2.892672807212104846e+00
5.491804304748879595e-01
3.331325233338614744e+00
3.259350214453095251e+00
1.069305979016428765e+00
3.794507699115292620e-01
2.392607698554051421e+00
3.326381099720737922e+00
2.413845318770331261e+00
3.718815128324670649e-03
8.688123361902257979e-01
1.116291743047056695e+00
1.213470492747190654e-01
-1.126859732897405042e-01
1.401157174843544739e+00
1.448467134215316587e+00
4.190896550430316392e-01
-7.735975439790524488e-01
-4.636322042664271503e-01
2.276050955250001895e-01
5.742873238607622000e-01
-5.345768004541451290e-03
7.926189553383475861e-01
1.402681601532357325e+00
6.864349434176879594e-01
-4.996695944787865606e-01
-6.693247552656665933e-01
-4.265064552202901815e-02
-8.400673410322491153e-01
-1.050218279329342197e+00
-3.746586705223837743e-01
-1.056932125277123102e+00
-2.069666020043723798e+00
-1.898632342179063404e+00
-2.658619839847540245e-01
-1.755294619685213942e+00
-1.698628728214844230e+00
-2.531940255527436179e-01
-2.009852723937936236e+00
-1.274423594696183715e+00
6.446367498408085428e-01
-5.751686053226274797e-01
-2.349361879147976673e+00
-4.084383689823746444e+00
-5.168460524341949025e+00
-4.545785245261162011e+00
-2.689767380687624332e+00
-3.704644754104461368e-01
-2.405160197711444958e+00
-6.520503865996115422e+00
-7.152836165777657129e+00
-3.333020235484390081e+00
-3.374996669675473626e+00
-6.484130551916793550e+00
-1.934093406863878428e+00
-1.001471275289048535e+01
-1.961874067077093997e+01
-1.864012211928441332e+01
-7.884254182612423278e+00
-5.178753556996062102e+00
-5.596696879316561457e+00
1.031428502999401919e-01
-4.905487202493079124e+00
-6.889291935109856269e+00
-3.921859695355203179e+00
1.735136194667563636e-02
-3.000527486380752507e+00
-3.157754070918930012e+00
1.590313149434325890e-01
-4.397682668106104309e-01
-1.990320930210783601e+00
-2.392376446098720411e-01
-4.967573552354489053e+00
-7.697499794142858676e+00
-6.636306126303389341e+00
-3.006131440337481919e+00
1.663457311759365176e+00
6.982055493987084915e-01
-5.496835277283862453e-02
5.827756132307038150e-01
-2.225225165405311678e+00
-4.255736867510556465e+00
-4.605885661219309313e+00
3.474577832857268511e-01
4.658654552249960723e+00
2.473035627977859807e+00
1.537438643865836063e+00
5.056789617531319614e+00
5.912972477391056358e+00
5.586223191331377791e+00
9.087873565890152605e+00
1.283415000262546357e+01
1.155897274255463536e+01
5.197331697274904627e+00
2.290457169488741229e+00
4.631692632850201718e+00
5.070131296805986842e+00
5.901485157114181312e+00
5.161749411205812876e+00
3.508573821902811751e+00
3.507222540124154797e+00
2.933878629209095923e+00
1.497096304313194404e+00
1.702385130570032712e-01
2.231056821386690370e+00
4.067656983331523257e+00
4.829848037908879732e+00
4.006675822643436469e+00
2.613354424828006284e+00
3.866100262978737767e+00
4.939258862547262652e+00
4.246705373073682566e+00
2.936383502398255185e+00
1.750210582450537178e+00
1.030221809182076731e+00
1.167227561303424865e+00
7.483712613633760613e-01
1.779239659908745663e+00
3.096301887844107092e+00
3.613002462673810644e+00
3.183232676202223388e+00
1.834304599845954398e+00
0.000000000000000000e+00
0.000000000000000000e+00
0.000000000000000000e+00
0.000000000000000000e+00
0.000000000000000000e+00
0.000000000000000000e+00
0.000000000000000000e+00
0.000000000000000000e+00
0.000000000000000000e+00
0.000000000000000000e+00
0.000000000000000000e+00
0.000000000000000000e+00
0.000000000000000000e+00
0.000000000000000000e+00
0.000000000000000000e+00
0.000000000000000000e+00
0.000000000000000000e+00
0.000000000000000000e+00
0.000000000000000000e+00
0.000000000000000000e+00
0.000000000000000000e+00
0.000000000000000000e+00
0.000000000000000000e+00
0.000000000000000000e+00
0.000000000000000000e+00
0.000000000000000000e+00
0.000000000000000000e+00
0.000000000000000000e+00
0.000000000000000000e+00
0.000000000000000000e+00
0.000000000000000000e+00
0.000000000000000000e+00
0.000000000000000000e+00
0.000000000000000000e+00
0.000000000000000000e+00
0.000000000000000000e+00
0.000000000000000000e+00
0.000000000000000000e+00
0.000000000000000000e+00
0.000000000000000000e+00
0.000000000000000000e+00
0.000000000000000000e+00
0.000000000000000000e+00
0.000000000000000000e+00
0.000000000000000000e+00
0.000000000000000000e+00
0.000000000000000000e+00
0.000000000000000000e+00
0.000000000000000000e+00
0.000000000000000000e+00
0.000000000000000000e+00
0.000000000000000000e+00
0.000000000000000000e+00
0.000000000000000000e+00
0.000000000000000000e+00
0.000000000000000000e+00
0.000000000000000000e+00
0.000000000000000000e+00
0.000000000000000000e+00
0.000000000000000000e+00
0.000000000000000000e+00
0.000000000000000000e+00
0.000000000000000000e+00
0.000000000000000000e+00
0.000000000000000000e+00
0.000000000000000000e+00
0.000000000000000000e+00
0.000000000000000000e+00
0.000000000000000000e+00
0.000000000000000000e+00
0.000000000000000000e+00
0.000000000000000000e+00
0.000000000000000000e+00
0.000000000000000000e+00
0.000000000000000000e+00
0.000000000000000000e+00
0.000000000000000000e+00
0.000000000000000000e+00
0.000000000000000000e+00
0.000000000000000000e+00
0.000000000000000000e+00
0.000000000000000000e+00
0.000000000000000000e+00
0.000000000000000000e+00
0.000000000000000000e+00
0.000000000000000000e+00
0.000000000000000000e+00
0.000000000000000000e+00
0.000000000000000000e+00
0.000000000000000000e+00
0.000000000000000000e+00
0.000000000000000000e+00
0.000000000000000000e+00
0.000000000000000000e+00
0.000000000000000000e+00
0.000000000000000000e+00
0.000000000000000000e+00
0.000000000000000000e+00
0.000000000000000000e+00
0.000000000000000000e+00
0.000000000000000000e+00
0.000000000000000000e+00
0.000000000000000000e+00
0.000000000000000000e+00
0.000000000000000000e+00
0.000000000000000000e+00
0.000000000000000000e+00
0.000000000000000000e+00
0.000000000000000000e+00
0.000000000000000000e+00
0.000000000000000000e+00
0.000000000000000000e+00
0.000000000000000000e+00
0.000000000000000000e+00
0.000000000000000000e+00
0.000000000000000000e+00
0.000000000000000000e+00
0.000000000000000000e+00
0.000000000000000000e+00
0.000000000000000000e+00
0.000000000000000000e+00
0.000000000000000000e+00
0.000000000000000000e+00
0.000000000000000000e+00
0.000000000000000000e+00
0.000000000000000000e+00
0.000000000000000000e+00
0.000000000000000000e+00
0.000000000000000000e+00
0.000000000000000000e+00
0.000000000000000000e+00
0.000000000000000000e+00
0.000000000000000000e+00
0.000000000000000000e+00
0.000000000000000000e+00
0.000000000000000000e+00
0.000000000000000000e+00
0.000000000000000000e+00
0.000000000000000000e+00
0.000000000000000000e+00
0.000000000000000000e+00
0.000000000000000000e+00
