-1.213684082031250666e+00
4.721911268213534463e-01
1.450187343193348521e+00
1.160598731871906208e+00
5.214347751538284115e-03
1.290301587798092786e-01
6.154999788401995797e-01
-7.107099441529345363e-01
-5.405034165453115325e-01
2.019888203781574632e-01
3.761061346542513562e-01
-1.056731889198001539e-01
-1.145506087947055107e+00
-1.809102777373045701e+00
-1.585022818403160949e+00
-9.792154717634768968e-01
-6.304184404066186520e-01
-5.111986197772133700e-01
9.634298813185626642e-02
5.904597540232230379e-01
1.925169730400719814e-01
-1.064427953409210481e+00
-2.498629975823164262e+00
-3.406925507326128866e+00
-3.457654413011987504e+00
-2.696236591620120748e+00
-1.421550338785006140e+00
-8.033066162431818924e-01
-8.290778955379529691e-02
6.742118970255841504e-01
8.874833687137708704e-01
-2.812570021450502278e-01
-1.622459879584990494e+00
-1.662381110547759722e+00
-2.409024877822322885e+00
-4.307622484605863278e+00
-5.722862964631888261e+00
-5.615650192321419709e+00
-4.241613435578234004e+00
-2.267935499425904666e+00
-2.911612385901651834e-01
9.038654698632297979e-01
-7.899411970183973786e-01
-2.443267723832599270e+00
-3.625531014475018576e+00
-4.342953955700576074e+00
-4.358417005686475498e+00
-3.589513930314274681e+00
-2.648350664966005574e+00
-2.625508202268332703e+00
-2.892600228095669301e+00
-1.818450641330013440e+00
3.167822127355883755e-01
-8.880516627771495308e-01
-1.935952605047431385e+00
-1.527736618622085096e+00
-1.922776192913127957e+00
-2.991663426729389563e+00
-3.649968014522528836e+00
-3.579468445793319464e+00
-2.625951805026701447e+00
-1.780947539215223419e+00
-8.827374630005708767e-01
7.496177830578520940e-02
6.502115367153660230e-01
5.250592002929366231e-01
-1.397116674939122616e+00
-1.319005595528046637e+00
-5.643163206586412350e-01
-1.364150088433464969e+00
-3.458551935986007742e+00
-3.647181350776965481e+00
-2.666565034513681987e+00
-5.506511558743931722e-01
3.725732129526460046e-01
-1.506484632916064381e+00
-1.381290306210052776e+00
-4.115348427314724500e-01
-3.488169542841351722e-01
-7.213935441460306297e-02
-1.033320697556305845e-01
-1.833000207259585013e+00
-2.471043587986378576e+00
-1.305765795610492441e+00
-6.300341045835804454e-01
-3.154846671510569411e+00
-4.656869958395164488e+00
-4.527234892810021449e+00
-3.290410905997939839e+00
-2.130680972605628387e+00
-1.499272310853581480e+00
-8.644810303793868389e-01
-2.167989447908826861e-01
-1.248773912046407419e+00
-2.334868240234936554e+00
-2.920248764646097062e+00
-2.983660510581049419e+00
-2.676751143904382069e+00
-2.002374721459754703e+00
-1.368068057313964747e+00
-1.096777614611180951e+00
-1.059151006509286397e+00
-9.861237462050165270e-01
-2.543811189374467485e-01
5.443426242912208224e-02
8.597193439841688267e-02
-3.029483288477236025e-01
-9.454186064754455110e-01
-1.332088685338711276e+00
-1.412128585853554608e+00
-1.137888952486713734e+00
-4.687282279816249453e-01
-3.327563080788298322e-04
2.007768587654843451e-01
-1.690388752318602306e-01
-1.509336566634509325e-01
-3.771605617958856405e-01
-7.155962658115455621e-01
-4.039692757506032628e-01
7.891081048307246881e-02
-6.033429408976370700e-01
-1.178529048217166419e+00
-1.189531665437715269e+00
-1.045173348177825368e+00
-6.347461673558696393e-02
8.718280468715345899e-01
9.804356853264837302e-01
8.647703924802163655e-01
3.617375385274901323e-02
-4.773491655585199167e-01
1.144329965196899668e-01
-4.497612807426210058e-01
-1.471948784378424691e+00
-1.206878555326339475e+00
-8.400089066482150368e-01
-1.502754528794968403e+00
-2.951052167879053556e-02
1.197199442338543474e+00
1.508061549478857621e+00
3.806670647360104187e-01
-1.578403848511846785e-01
-1.021698499312058139e-01
3.990869075408804423e-01
2.028637310935176075e+00
2.064570328177919745e+00
3.471981840227100768e-01
-1.188422093981248207e+00
2.168057366223067550e+00
2.636331338413022696e+00
2.073197843374505744e-01
-1.376361034989578513e+00
-5.918891694244075019e-01
-1.032042076812134779e+00
1.764286004793222951e+00
3.548914639057714648e+00
2.946357411460311937e+00
1.326747707065822901e+00
-7.562225050130422233e-02
-2.312068576718865121e+00
-2.664674406114128757e+00
-1.659544353086290114e+00
-1.816517448746133079e+00
-1.031817902195717007e+00
-4.022274875594318289e-01
-1.401004627761988530e+00
-3.483434239670066823e-01
5.571876705010430086e-01
4.137664694469505022e-01
1.087047105209395514e-01
-5.183668616291291498e-01
-1.109305059162074336e+00
-1.284048448815830357e+00
2.255065982748813980e-01
1.279980829494195227e+00
3.981077113850450822e-01
-1.086005353047561961e+00
-1.168726468124303253e+00
2.507679819929112819e-01
-2.123772944477742008e-01
8.500370824263203673e-02
5.932439944548965061e-01
-6.961684974996905639e-01
-1.530635486439961168e+00
-2.015738920742586426e+00
-2.335920518182957650e+00
-2.506430403165843757e+00
-2.562774928571234234e+00
-2.325938677359665974e+00
-2.097051295702913265e+00
-2.078917885511633479e+00
-1.977547488785024843e+00
-1.473551972259776299e+00
-6.653174185287238362e-01
-2.771516258046358150e-01
-5.829709632259212349e-01
-7.417878082675517515e-01
-3.652085144325452060e-01
-1.478099685298286392e-01
-4.704536475205001178e-01
-4.704536475205001178e-01
-1.478099685298286392e-01
-3.652085144325452060e-01
-7.417878082675517515e-01
-5.829709632259212349e-01
-2.771516258046358150e-01
-6.653174185287238362e-01
-1.473551972259776299e+00
-1.977547488785024843e+00
-2.078917885511633479e+00
-2.097051295702913265e+00
-2.325938677359665974e+00
-2.562774928571234234e+00
-2.506430403165843757e+00
-2.335920518182957650e+00
-2.015738920742586426e+00
-1.530635486439961168e+00
-6.961684974996905639e-01
5.932439944548965061e-01
8.500370824263203673e-02
-2.123772944477742008e-01
2.507679819929112819e-01
-1.168726468124303253e+00
-1.086005353047561961e+00
3.981077113850450822e-01
1.279980829494195227e+00
2.255065982748813980e-01
-1.284048448815830357e+00
-1.109305059162074336e+00
-5.183668616291291498e-01
1.087047105209395514e-01
4.137664694469505022e-01
5.571876705010430086e-01
-3.483434239670066823e-01
-1.401004627761988530e+00
-4.022274875594318289e-01
-1.031817902195717007e+00
-1.816517448746133079e+00
-1.659544353086290114e+00
-2.664674406114128757e+00
-2.312068576718865121e+00
-7.562225050130422233e-02
1.326747707065822901e+00
2.946357411460311937e+00
3.548914639057714648e+00
1.764286004793222951e+00
-1.032042076812134779e+00
-5.918891694244075019e-01
-1.376361034989578513e+00
2.073197843374505744e-01
2.636331338413022696e+00
2.168057366223067550e+00
-1.188422093981248207e+00
3.471981840227100768e-01
2.064570328177919745e+00
2.028637310935176075e+00
3.990869075408804423e-01
-1.021698499312058139e-01
-1.578403848511846785e-01
3.806670647360104187e-01
1.508061549478857621e+00
1.197199442338543474e+00
-2.951052167879053556e-02
-1.502754528794968403e+00
-8.400089066482150368e-01
-1.206878555326339475e+00
-1.471948784378424691e+00
-4.497612807426210058e-01
1.144329965196899668e-01
-4.773491655585199167e-01
3.617375385274901323e-02
8.647703924802163655e-01
9.804356853264837302e-01
8.718280468715345899e-01
-6.347461673558696393e-02
-1.045173348177825368e+00
-1.189531665437715269e+00
-1.178529048217166419e+00
-6.033429408976370700e-01
7.891081048307246881e-02
-4.039692757506032628e-01
-7.155962658115455621e-01
-3.771605617958856405e-01
-1.509336566634509325e-01
-1.690388752318602306e-01
2.007768587654843451e-01
-3.327563080788298322e-04
-4.687282279816249453e-01
-1.137888952486713734e+00
-1.412128585853554608e+00
-1.332088685338711276e+00
-9.454186064754455110e-01
-3.029483288477236025e-01
8.597193439841688267e-02
5.443426242912208224e-02
-2.543811189374467485e-01
-9.861237462050165270e-01
-1.059151006509286397e+00
-1.096777614611180951e+00
-1.368068057313964747e+00
-2.002374721459754703e+00
-2.676751143904382069e+00
-2.983660510581049419e+00
-2.920248764646097062e+00
-2.334868240234936554e+00
-1.248773912046407419e+00
-2.167989447908826861e-01
-8.644810303793868389e-01
-1.499272310853581480e+00
-2.130680972605628387e+00
-3.290410905997939839e+00
-4.527234892810021449e+00
-4.656869958395164488e+00
-3.154846671510569411e+00
-6.300341045835804454e-01
-1.305765795610492441e+00
-2.471043587986378576e+00
-1.833000207259585013e+00
-1.033320697556305845e-01
-7.213935441460306297e-02
-3.488169542841351722e-01
-4.115348427314724500e-01
-1.381290306210052776e+00
-1.506484632916064381e+00
3.725732129526460046e-01
-5.506511558743931722e-01
-2.666565034513681987e+00
-3.647181350776965481e+00
-3.458551935986007742e+00
-1.364150088433464969e+00
-5.643163206586412350e-01
-1.319005595528046637e+00
-1.397116674939122616e+00
5.250592002929366231e-01
6.502115367153660230e-01
7.496177830578520940e-02
-8.827374630005708767e-01
-1.780947539215223419e+00
-2.625951805026701447e+00
-3.579468445793319464e+00
-3.649968014522528836e+00
-2.991663426729389563e+00
-1.922776192913127957e+00
-1.527736618622085096e+00
-1.935952605047431385e+00
-8.880516627771495308e-01
3.167822127355883755e-01
-1.818450641330013440e+00
-2.892600228095669301e+00
-2.625508202268332703e+00
-2.648350664966005574e+00
-3.589513930314274681e+00
-4.358417005686475498e+00
-4.342953955700576074e+00
-3.625531014475018576e+00
-2.443267723832599270e+00
-7.899411970183973786e-01
9.038654698632297979e-01
-2.911612385901651834e-01
-2.267935499425904666e+00
-4.241613435578234004e+00
-5.615650192321419709e+00
-5.722862964631888261e+00
-4.307622484605863278e+00
-2.409024877822322885e+00
-1.662381110547759722e+00
-1.622459879584990494e+00
-2.812570021450502278e-01
8.874833687137708704e-01
6.742118970255841504e-01
-8.290778955379529691e-02
-8.033066162431818924e-01
-1.421550338785006140e+00
-2.696236591620120748e+00
-3.457654413011987504e+00
-3.406925507326128866e+00
-2.498629975823164262e+00
-1.064427953409210481e+00
1.925169730400719814e-01
5.904597540232230379e-01
9.634298813185626642e-02
-5.111986197772133700e-01
-6.304184404066186520e-01
-9.792154717634768968e-01
-1.585022818403160949e+00
-1.809102777373045701e+00
-1.145506087947055107e+00
-1.056731889198001539e-01
3.761061346542513562e-01
2.019888203781574632e-01
-5.405034165453115325e-01
-7.107099441529345363e-01
6.154999788401995797e-01
1.290301587798092786e-01
5.214347751538284115e-03
1.160598731871906208e+00
1.450187343193348521e+00
4.721911268213534463e-01
0.000000000000000000e+00
0.000000000000000000e+00
0.000000000000000000e+00
0.000000000000000000e+00
0.000000000000000000e+00
0.000000000000000000e+00
0.000000000000000000e+00
0.000000000000000000e+00
0.000000000000000000e+00
0.000000000000000000e+00
0.000000000000000000e+00
0.000000000000000000e+00
0.000000000000000000e+00
0.000000000000000000e+00
0.000000000000000000e+00
0.000000000000000000e+00
0.000000000000000000e+00
0.000000000000000000e+00
0.000000000000000000e+00
0.000000000000000000e+00
0.000000000000000000e+00
0.000000000000000000e+00
0.000000000000000000e+00
0.000000000000000000e+00
0.000000000000000000e+00
0.000000000000000000e+00
0.000000000000000000e+00
0.000000000000000000e+00
0.000000000000000000e+00
0.000000000000000000e+00
0.000000000000000000e+00
0.000000000000000000e+00
0.000000000000000000e+00
0.000000000000000000e+00
0.000000000000000000e+00
0.000000000000000000e+00
0.000000000000000000e+00
0.000000000000000000e+00
0.000000000000000000e+00
0.000000000000000000e+00
0.000000000000000000e+00
0.000000000000000000e+00
0.000000000000000000e+00
0.000000000000000000e+00
0.000000000000000000e+00
0.000000000000000000e+00
0.000000000000000000e+00
0.000000000000000000e+00
0.000000000000000000e+00
0.000000000000000000e+00
0.000000000000000000e+00
0.000000000000000000e+00
0.000000000000000000e+00
0.000000000000000000e+00
0.000000000000000000e+00
0.000000000000000000e+00
0.000000000000000000e+00
0.000000000000000000e+00
0.000000000000000000e+00
0.000000000000000000e+00
0.000000000000000000e+00
0.000000000000000000e+00
0.000000000000000000e+00
0.000000000000000000e+00
0.000000000000000000e+00
0.000000000000000000e+00
0.000000000000000000e+00
0.000000000000000000e+00
0.000000000000000000e+00
0.000000000000000000e+00
0.000000000000000000e+00
0.000000000000000000e+00
0.000000000000000000e+00
0.000000000000000000e+00
0.000000000000000000e+00
0.000000000000000000e+00
0.000000000000000000e+00
0.000000000000000000e+00
0.000000000000000000e+00
0.000000000000000000e+00
0.000000000000000000e+00
0.000000000000000000e+00
0.000000000000000000e+00
0.000000000000000000e+00
0.000000000000000000e+00
0.000000000000000000e+00
0.000000000000000000e+00
0.000000000000000000e+00
0.000000000000000000e+00
0.000000000000000000e+00
0.000000000000000000e+00
0.000000000000000000e+00
0.000000000000000000e+00
0.000000000000000000e+00
0.000000000000000000e+00
0.000000000000000000e+00
0.000000000000000000e+00
0.000000000000000000e+00
0.000000000000000000e+00
0.000000000000000000e+00
0.000000000000000000e+00
0.000000000000000000e+00
0.000000000000000000e+00
