-3.940124511718750000e-01
-4.064395328029202226e+00
-4.404003934817221300e+00
-4.480014052701719152e+00
-4.736895765473677855e+00
-3.859281694721040878e+00
-2.018339075090852752e+00
1.112221041904479790e-01
1.241020563725963477e+00
3.728792302022743144e-01
6.599100787652683042e-01
-1.404888806915921995e+00
-1.898780399967137100e+00
-1.370524308768966915e+00
1.079004313205026655e+00
2.662723315713235728e+00
1.550164606055087546e+00
-5.010927019395126081e-01
-2.773057009280896601e+00
-2.801089532100187185e-01
2.016251562626250493e+00
3.994833969557269882e-01
1.139418009166537349e+00
-9.893991280749451223e-01
-2.824623604588728298e+00
-5.263011819439151751e-01
1.509657192144445048e+00
-2.653870817962832973e+00
-1.393784622966121711e+00
4.162503663612546756e-01
-2.145986561313061536e+00
-2.986623989096188758e-01
2.427922814565341980e-01
4.364877261958464594e+00
5.477953099303557671e+00
1.379464536720657275e+00
-1.580910274990876552e-01
-9.949477742410303138e-01
-8.770329085408623548e-01
-3.682694138240207860e-01
-1.111949528845166624e+00
5.949538516043961778e-03
2.049190153535269232e+00
1.688454127939986726e-01
3.074120362596495237e-01
2.599994954221080512e+00
1.874183749253583997e-01
8.893892243346895876e-01
2.721977653478240278e+00
1.017907862404518138e+00
-9.509191569222474882e-03
-7.527037978406948548e-01
-3.820221245310071456e-01
-1.703427490082871643e-01
1.422154789112204165e+00
-2.178754445611132962e-01
-1.649055864193120780e-01
2.514643278407661775e+00
2.706848029566192304e-01
8.852605425681823181e-01
6.495039146868226698e-01
9.105732589023640688e-01
1.973058820006902803e+00
-7.960561679006927793e-01
5.601783123557171340e-01
5.923298625434330056e-01
6.008703403410192712e-01
1.709583552432761611e+00
5.131543782084184713e-01
-5.115959872534228126e-01
9.008541107392292746e-02
-4.931512110306182084e-01
-6.084340193758652759e-01
1.809563967283656094e-02
-1.364218415334650936e-01
-2.677221564482049621e-01
-4.464949791714947214e-01
-2.924074609047540019e-01
6.363046731530890288e-01
9.315477637572890934e-01
-2.600560567537637535e-01
-4.035126827551340778e-01
-6.193758296094920013e-02
-5.304194293182680209e-01
2.088665267370004575e-01
5.849101277565973422e-01
-2.565934325271737038e-01
-2.041320095464435713e+00
2.853688535008840343e-01
3.837185404004022082e-01
-8.519039832157551118e-01
9.074271833852707303e-01
1.916564900293658669e+00
1.204187602831494397e+00
4.709197811306999881e-01
-3.000770258659901657e-01
-7.724124561532210720e-01
-8.934141060250682109e-01
-1.367385921447108021e+00
7.552942018107100530e-01
1.469149370426647394e+00
1.006528558651236027e+00
3.562848701618929415e+00
3.005927529972160617e+00
3.665178293945543508e-01
-9.247364785681677635e-01
-1.406581063500005113e+00
1.646243224378436176e+00
1.309215339873956774e+00
1.033976614774605673e+00
3.803155779622599653e+00
4.376354653645933013e+00
3.371270612838490610e+00
5.118126566911842090e+00
4.671333228375445401e+00
2.570817078183999627e+00
1.444077104207077689e-01
-2.329579685162696201e+00
-4.118172322416733255e-01
2.871790310669486423e-02
-3.004546143104374067e-01
1.087055942301235367e+00
1.490505236662307054e+00
3.066386632784700694e+00
2.551699056826523204e+00
-1.409705515970916423e+00
-5.334377241220978227e+00
-6.697759979489591231e+00
-6.562057091216926707e+00
-4.160313537446914012e+00
8.485016820671327231e-01
8.740256625309594796e-02
-4.504085039542533586e+00
-6.017810885512814068e+00
-3.073266183245710437e+00
-6.863779398366558482e-01
4.117450827933728519e-01
1.171905794735825346e+00
1.492698551675883056e+00
3.371230776132569940e+00
3.573402612486024310e+00
2.234400217229129293e+00
6.605317589767318864e-01
-7.987315902256015843e-01
8.576928348884487185e-01
1.272596041483015528e+00
1.135249028799187210e+00
9.024271160766530464e-01
1.647638523529756149e+00
1.679056744769846121e+00
-1.254474168333510331e-01
4.185101490866662832e-01
2.478586388804891794e+00
2.371611941132817147e+00
1.511424484662952761e+00
4.251091923951748619e-01
3.028004302255515867e-02
2.123687112453604087e+00
3.171198462891825276e+00
2.767400531468983793e+00
2.598986093519049412e+00
1.607033993026997898e+00
1.382439263667614160e+00
2.877271528633200237e+00
2.089790054878344350e+00
-1.941340933093175236e-01
1.668028191208333899e+00
1.359117416407980672e+00
4.083494726429853783e-01
1.751461908713527693e+00
1.502947592656855624e+00
2.804383460539805473e-01
7.550038976236472799e-01
1.048681081936357451e+00
-4.129712061022989822e-01
-1.586647659901416763e+00
-7.188905133732652608e-01
-5.992723801404311601e-01
1.340303585673688680e+00
2.181314116560511884e+00
1.152138404711029018e+00
9.104965205009118989e-02
2.630467366239881422e-01
5.673965024999061413e-02
-7.591091028923568906e-01
8.115079685406971777e-01
1.662656612570999837e+00
1.630941483494211752e+00
1.296237227870917330e+00
6.161726485726646274e-01
1.090114473775127379e+00
2.050866730554553818e+00
2.088142895962830092e+00
1.248980604296983099e+00
4.804065425686661062e-01
-1.898065566510334090e-01
-1.074193402574706635e+00
-1.359521847338880152e+00
-6.479544637364254012e-01
4.398848981691190207e-01
9.379947625933728883e-01
1.302910737503948368e-01
-2.781850989505456617e-01
1.972258715572166032e-01
4.437493040355078300e-01
-5.108467330508268400e-01
-1.075554196557606090e+00
2.631563013806796913e-01
1.334716941340926111e+00
1.831837167851862569e+00
1.398168664603101075e+00
-2.612199519138913573e-01
1.177358526430112518e+00
2.372037555822574362e+00
2.141638442864360670e+00
2.324318042123426409e+00
2.466284589383239911e+00
1.205142772106130966e+00
1.421361772615998831e-01
1.040012133473774414e+00
9.534090742729655066e-01
1.517879987379857853e+00
2.329999333324423105e+00
2.218209318763530113e+00
1.257515173216861015e+00
1.444967389260340074e+00
1.097911910887932496e+00
-8.217230266629451663e-01
5.678314599440981159e-01
1.762612733658549535e+00
-3.873916060616074963e-01
1.825976712705989824e+00
3.170690442159871392e+00
6.067788976171388793e-01
8.960056943165981558e-01
2.096646908004424326e+00
1.566917799311903003e+00
1.300085793328569661e+00
1.535222671126075911e+00
7.597514265031946046e-01
6.611480220227727855e-02
-1.097831723422262762e+00
-2.422964292018980004e+00
-3.245427838771835827e+00
-5.570270623886877104e+00
-6.365373553307214216e+00
-3.547650284942870602e+00
-1.582639661557445621e-01
5.565421568133270824e-01
-3.266359422558084091e+00
-4.194217102899640892e+00
-5.019342092352133022e+00
-6.559641419948412988e+00
-2.905464648375549519e+00
1.248662511635436623e+00
3.250210994903872219e+00
3.113677666373849462e+00
2.043280215471758865e+00
2.933719142959712034e+00
4.534929984581379081e+00
4.297436463130130058e+00
2.365763492725158734e+00
-3.431672487279624484e-02
-2.945940585901363207e-03
1.767367339585159680e+00
1.930603753219992003e+00
1.221132565332762043e-01
1.553971260031046797e-01
2.039481291483641323e-01
4.737715603463203973e-01
2.762977538889767715e+00
5.185493091077448824e+00
2.921222718427229914e+00
3.497125729367001057e-02
4.659938828881811101e-01
9.020538823677438645e-01
1.948590389243266552e+00
4.868716423866725762e-01
-2.420652983246974532e+00
-9.571969507664759291e-01
7.644815622520093612e-01
2.286473851042497785e+00
1.874561303239614674e+00
1.127240970750757576e+00
3.393077382252257745e+00
4.319322833834849718e+00
1.983918267501551869e+00
1.954772561418127941e+00
1.939749055435076031e-01
-2.022328237000733608e+00
-6.773719090947434296e-01
-3.752705833750675790e-01
1.280100185248326028e+00
1.812729017394879572e+00
1.151824085850343904e+00
3.016959376582417640e+00
2.743720503777369757e+00
6.631817462005731301e-01
1.439504371469655819e+00
2.138981613724366682e+00
1.711212706580715670e+00
8.688539602810283480e-01
5.470882859061139136e-01
1.715871216815199496e+00
1.299877594710624695e+00
4.188316236234874701e-01
1.274466379946294081e+00
1.092403944830196094e+00
-2.512742310214154395e-01
9.064745178950295301e-01
1.257210321785040552e+00
7.631195493476976566e-01
-2.043183194983417272e-01
2.330559062169834661e-01
-5.540373828733606842e-01
-5.442864511070921729e-01
9.252401812875848952e-01
1.351490626545872598e-01
-3.660259747288134857e-01
-4.558145165559970291e-01
-4.677927047358009238e-01
-1.322182352546391049e-01
-1.043368231917799260e+00
-1.057424021519733470e+00
-7.841683527867753245e-01
-1.293104401946207460e+00
-1.071247841253584188e+00
1.678916373480685564e-01
1.448817121157952137e+00
-4.045138030470263324e-02
6.524843144232921333e-01
1.067089273110096936e+00
-1.647699698286180681e+00
1.128209379145202362e+00
1.032627866554603369e+00
-9.590290825267033803e-01
3.772627549114140333e-01
-9.688589268406055943e-02
6.984645460568779107e-01
-9.648445018350138014e-02
-3.709705648174457249e-01
1.226654658490786698e+00
1.052307534294609770e-01
-1.900332581921065245e+00
-1.259932897670747565e+00
-1.654172624367769018e+00
-1.597320089443218016e+00
5.102162697475853825e-01
-1.511148774295659525e+00
9.343116471063601658e-01
1.060029587933814188e+00
-2.501208431672597321e+00
8.945058484724124348e-01
-3.997986932586408138e-01
-2.954036220222303832e+00
-6.834491247907155120e-01
-2.147851531341700149e-01
-9.450497570028031369e-01
-4.431839522695180111e-02
-2.322360033493701348e+00
7.440743922636530172e-01
4.342028422868235538e+00
3.152914609957648828e+00
1.330443825326240948e+00
3.739497810755376683e-01
-3.007376618014786729e+00
-2.883025279185437384e+00
-1.562310418030545156e+00
-4.281271464497726775e-01
1.708486060789591754e+00
2.441475352119522491e+00
-2.915746279553474096e+00
-7.087556803606880784e+00
-7.284150723082682077e+00
-8.224473353630694206e+00
-7.718125332233874758e+00
-5.353694813895970128e+00
-4.164731910705693707e+00
2.634530926502640202e+00
5.270909685225547925e+00
5.441077152087622437e+00
3.395966415224087154e+00
2.777924139439177598e+00
2.663835565749819168e+00
1.554052816584371888e+00
2.386758316061310392e+00
2.054069406673277864e+00
2.030971368949180178e+00
4.514484636451276067e+00
5.986475456034084708e+00
6.136315575705857839e+00
5.978912526577563114e+00
5.927788417245505315e+00
4.322324164635291233e+00
1.193008567496687711e+00
0.000000000000000000e+00
0.000000000000000000e+00
0.000000000000000000e+00
0.000000000000000000e+00
0.000000000000000000e+00
0.000000000000000000e+00
0.000000000000000000e+00
0.000000000000000000e+00
0.000000000000000000e+00
0.000000000000000000e+00
0.000000000000000000e+00
0.000000000000000000e+00
0.000000000000000000e+00
0.000000000000000000e+00
0.000000000000000000e+00
0.000000000000000000e+00
0.000000000000000000e+00
0.000000000000000000e+00
0.000000000000000000e+00
0.000000000000000000e+00
0.000000000000000000e+00
0.000000000000000000e+00
0.000000000000000000e+00
0.000000000000000000e+00
0.000000000000000000e+00
0.000000000000000000e+00
0.000000000000000000e+00
0.000000000000000000e+00
0.000000000000000000e+00
0.000000000000000000e+00
0.000000000000000000e+00
0.000000000000000000e+00
0.000000000000000000e+00
0.000000000000000000e+00
0.000000000000000000e+00
0.000000000000000000e+00
0.000000000000000000e+00
0.000000000000000000e+00
0.000000000000000000e+00
0.000000000000000000e+00
0.000000000000000000e+00
0.000000000000000000e+00
0.000000000000000000e+00
0.000000000000000000e+00
0.000000000000000000e+00
0.000000000000000000e+00
0.000000000000000000e+00
0.000000000000000000e+00
0.000000000000000000e+00
0.000000000000000000e+00
0.000000000000000000e+00
0.000000000000000000e+00
0.000000000000000000e+00
0.000000000000000000e+00
0.000000000000000000e+00
0.000000000000000000e+00
0.000000000000000000e+00
0.000000000000000000e+00
0.000000000000000000e+00
0.000000000000000000e+00
0.000000000000000000e+00
0.000000000000000000e+00
0.000000000000000000e+00
0.000000000000000000e+00
0.000000000000000000e+00
0.000000000000000000e+00
0.000000000000000000e+00
0.000000000000000000e+00
0.000000000000000000e+00
0.000000000000000000e+00
0.000000000000000000e+00
0.000000000000000000e+00
0.000000000000000000e+00
0.000000000000000000e+00
0.000000000000000000e+00
0.000000000000000000e+00
0.000000000000000000e+00
0.000000000000000000e+00
0.000000000000000000e+00
0.000000000000000000e+00
0.000000000000000000e+00
0.000000000000000000e+00
0.000000000000000000e+00
0.000000000000000000e+00
0.000000000000000000e+00
0.000000000000000000e+00
0.000000000000000000e+00
0.000000000000000000e+00
0.000000000000000000e+00
0.000000000000000000e+00
0.000000000000000000e+00
0.000000000000000000e+00
0.000000000000000000e+00
0.000000000000000000e+00
0.000000000000000000e+00
0.000000000000000000e+00
0.000000000000000000e+00
0.000000000000000000e+00
0.000000000000000000e+00
0.000000000000000000e+00
0.000000000000000000e+00
0.000000000000000000e+00
0.000000000000000000e+00
0.000000000000000000e+00
0.000000000000000000e+00
