9.951782226562522204e-02
7.448005312828254176e-02
6.101156169851573718e-02
-1.071199921091997576e-02
-7.422119248943537251e-03
1.036527222410567051e-01
1.173876898019929893e-01
1.172927104186829439e-01
1.924053251881354676e-01
2.481692035226736870e-01
2.442627198897200369e-01
2.957930338171681495e-01
4.780462972540715505e-01
4.940782124833336120e-01
3.498602439988298674e-01
1.675837716549259948e-01
4.922179272207660716e-02
1.441220039416368781e-01
3.949582383057750334e-01
7.845562705198945164e-01
1.185296530775925561e+00
1.044228506961691894e+00
-1.620083174742896759e-01
-7.972374843961398394e-01
-6.651019955409376294e-02
3.575899525206409635e-01
4.888384320430418928e-01
4.569283658600515885e-01
2.239541164102116788e-01
-6.256207413993342126e-02
-2.933854693281611747e-01
-5.756475601151910260e-01
-6.605446201097080472e-01
-7.416275301815080656e-01
-8.758562507080706050e-01
-8.536596689252453629e-01
-4.942519120839860003e-01
4.851663755041102366e-02
6.172002739135311611e-01
1.062145606685933164e+00
1.319152501831320379e+00
1.317115677097301152e+00
1.189844277556716623e+00
1.041662272494281449e+00
7.369659488058699637e-01
2.213861362786138098e-01
-2.325734424751306761e-01
-1.664519743166624210e-01
1.142229708867197324e-01
4.139303823830703943e-01
6.640229753403242841e-01
6.982062329226841335e-01
6.179288422511727275e-01
5.499169593356959540e-01
4.113457694598651737e-01
1.715060402827747188e-01
-1.623284637821891252e-01
-3.613501747248172302e-01
-1.511519664540468266e-01
3.372135197696748410e-01
8.983482658174660740e-01
1.368047508753773567e+00
1.399181312294826007e+00
1.080077253676307247e+00
7.251413881485542223e-01
5.050828224183243620e-01
4.561844869820995685e-01
5.579287687523816208e-01
5.041661722299569659e-01
2.539149831356768416e-01
2.866834925181314109e-01
4.012693857995677238e-01
2.318413011848565741e-01
-1.233999760534194579e-01
1.510539377700903518e-02
3.101154247279611642e-01
3.800926070488763742e-01
6.460301542660440433e-01
1.919371952255120028e-01
-1.070933315834581290e+00
-2.281723770324615597e+00
-3.035110793188030343e+00
-3.396163386439841503e+00
-3.374455738442074804e+00
-3.613258438199764999e+00
-4.036681894880013388e+00
-2.435178532950165842e+00
-6.456095358365043779e-02
2.605903619212991629e+00
4.933615474951702495e+00
6.330712774839008183e+00
6.001847958888822276e+00
3.591046198857217764e+00
1.372062776286311570e+00
2.280759986403358752e+00
3.124877390949325484e+00
2.608778639310588510e+00
1.239859016503535027e+00
-1.534033666665828299e-01
-1.056558504294017986e+00
-1.698152926517976447e+00
-2.283651157976716917e+00
-2.328472103487319700e+00
-2.301606420562228195e+00
-2.556442698998926844e+00
-2.927594912765552948e+00
-3.227440971734504060e+00
-3.458618012269211839e+00
-3.467626866996107005e+00
-3.400589340278099115e+00
-3.516789114405684646e+00
-3.630737671639880482e+00
-3.390746556394236499e+00
-2.444759397823146774e+00
-1.195072622534137263e+00
-6.146786263450554344e-02
1.072904652229120348e+00
2.154900240866956640e+00
3.032190078536951994e+00
3.509870444372277909e+00
3.480401961856772086e+00
3.161129827500154477e+00
2.833833482131776549e+00
2.656838371034238477e+00
2.484816349565505345e+00
1.974576439670741479e+00
1.079363623120815685e+00
3.571785686618467182e-02
-1.091646100463760982e+00
-2.154736752219148066e+00
-2.877761650372438140e+00
-3.255733130679461684e+00
-3.137076716514789698e+00
-2.552023917194146119e+00
-1.751896484870924198e+00
-8.981430296969941107e-01
-2.870225145716518433e-01
5.916179314091185582e-02
3.412821137183776887e-01
6.347800144350890239e-01
1.046810993271236168e+00
1.591406590182914860e+00
1.531354551351692406e+00
1.420871539358866453e+00
1.178086141047917090e+00
8.905910383730986091e-01
5.827799078499207308e-01
1.060370145316826829e-01
-6.051587677905603257e-01
-1.370988386999375530e+00
-2.016939532429222304e+00
-2.276903615926981761e+00
-2.282958728712855656e+00
-2.274880791485825782e+00
-2.162028620972637594e+00
-2.011605968461411376e+00
-1.934706193236797933e+00
-1.719735282587184777e+00
-1.298845007752382763e+00
-8.868056663765544467e-01
-4.114349570124883337e-01
1.603265663835145016e-01
6.091965619861080539e-01
8.841299286377124478e-01
1.025135761346354091e+00
9.853191676464532200e-01
7.029964312601859611e-01
8.397070484865043483e-02
-8.256685101710692365e-01
-2.059019854184299003e+00
-3.095140056043038435e+00
-3.428262093320912474e+00
-3.340947889941193516e+00
-3.086113263724908684e+00
-2.872000009718874480e+00
-2.601922237036374153e+00
-2.190377521674502503e+00
-1.931071028208118934e+00
-1.987830501950243578e+00
-2.181715147343607608e+00
-2.274637941476757241e+00
-2.299869248524856857e+00
-2.086630943561314844e+00
-1.490729074572322510e+00
-5.566848892913280888e-01
5.104104843626651178e-01
1.466634369672381144e+00
2.399682489385165596e+00
3.292327623196594999e+00
3.827382150799425453e+00
3.973572072257136600e+00
3.812788469585550288e+00
3.330957915671237224e+00
2.799938830290300551e+00
2.029562211963908958e+00
7.968200300775936107e-01
-6.012840401665551227e-01
-1.644539529421483515e+00
-2.142587703852445014e+00
-2.526777019955962267e+00
-2.526415097339450799e+00
-1.955122606130049068e+00
-1.332452010439856949e+00
-5.915714205146533899e-01
2.635758357325403978e-01
4.175555868281501937e-01
9.253377294188847024e-03
3.904078280900868947e-02
1.425800382227171426e-02
-1.380115273223051497e-01
-3.171484365321227683e-01
-6.881893929011961841e-01
-8.500566642511300230e-01
-4.099097982162903664e-01
1.689252780956366218e-01
7.493841424519475103e-01
1.680343065804570379e+00
2.711001006738219310e+00
2.989402100349827229e+00
2.101137945773917437e+00
1.274218103883573150e+00
3.388097228967716923e+00
5.557100388826351711e+00
5.959266810539419978e+00
4.929450013739486103e+00
3.331646957893211081e+00
1.747423924001626494e+00
5.360748322181492220e-01
-2.106542120400583806e-01
5.815729346488792695e-01
1.006061598059365458e+00
8.124632286777306867e-01
5.556520087244626316e-01
5.724454499714413114e-01
7.528584360301644463e-01
7.413828332446510405e-01
7.192250678040759126e-01
7.527634857656390066e-01
5.740325968197377282e-01
1.477419326096108820e-01
1.309028314039886731e-01
6.590528555038902558e-01
1.027736228170401223e+00
9.814393417629357907e-01
7.426232746863210554e-01
5.375459454995527020e-01
3.985526777139697385e-01
3.973539723487011788e-01
5.760797493722341622e-01
8.786029396707432104e-01
1.191279871710567928e+00
1.378152916490865465e+00
1.291645966324990624e+00
9.193000858267429409e-01
5.336612288863336051e-01
7.829566667402643176e-02
-3.550104270280151075e-01
-4.976595269673582678e-01
-4.348110672087309725e-01
-3.345749622951649238e-01
-4.902911196631165591e-02
5.349387756170169705e-01
4.964402792362275774e-01
3.433494836799355632e-02
-5.594436276067115132e-01
-9.262068034049060206e-01
-1.101074028525077741e+00
-1.073770817360256036e+00
-6.643733614565460188e-01
-2.860361596077309887e-01
-4.685909279532229910e-02
5.837943971241066343e-02
1.755949309932349767e-01
1.731142557965830164e-01
2.729836048993528053e-02
-9.770426140556032202e-02
-1.518987368565525298e-01
-2.028528328450753815e-01
-3.023238343736244782e-01
-3.457278986276842714e-01
-4.690386725447007188e-01
-5.903519523445607264e-01
4.125066397851831490e-02
3.344206935414373860e-01
7.442072426637713622e-01
1.141516263499583461e+00
1.465547139486937711e+00
1.641972096494554778e+00
1.584837042944134078e+00
1.137979247972146446e+00
3.028454835030982006e-01
6.597884815574708295e-01
1.414545099836008735e+00
1.791045126841404267e+00
1.800782367742479684e+00
1.642171298828990045e+00
1.455177086039094236e+00
1.369834577253766561e+00
1.454097030356755749e+00
1.632129386956652661e+00
1.856100625852668218e+00
1.973879777118903167e+00
1.903916518842756256e+00
1.807651949723881879e+00
1.714726925593037077e+00
1.567672739910909163e+00
1.325681630656658783e+00
1.027584207923486259e+00
6.961647506718303680e-01
3.979442330756689516e-01
4.083757593509154127e-01
6.578644661545505201e-01
7.477316030627312315e-01
0.000000000000000000e+00
0.000000000000000000e+00
0.000000000000000000e+00
0.000000000000000000e+00
0.000000000000000000e+00
0.000000000000000000e+00
0.000000000000000000e+00
0.000000000000000000e+00
0.000000000000000000e+00
0.000000000000000000e+00
0.000000000000000000e+00
0.000000000000000000e+00
0.000000000000000000e+00
0.000000000000000000e+00
0.000000000000000000e+00
0.000000000000000000e+00
0.000000000000000000e+00
0.000000000000000000e+00
0.000000000000000000e+00
0.000000000000000000e+00
0.000000000000000000e+00
0.000000000000000000e+00
0.000000000000000000e+00
0.000000000000000000e+00
0.000000000000000000e+00
0.000000000000000000e+00
0.000000000000000000e+00
0.000000000000000000e+00
0.000000000000000000e+00
0.000000000000000000e+00
0.000000000000000000e+00
0.000000000000000000e+00
0.000000000000000000e+00
0.000000000000000000e+00
0.000000000000000000e+00
0.000000000000000000e+00
0.000000000000000000e+00
0.000000000000000000e+00
0.000000000000000000e+00
0.000000000000000000e+00
0.000000000000000000e+00
0.000000000000000000e+00
0.000000000000000000e+00
0.000000000000000000e+00
0.000000000000000000e+00
0.000000000000000000e+00
0.000000000000000000e+00
0.000000000000000000e+00
0.000000000000000000e+00
0.000000000000000000e+00
0.000000000000000000e+00
0.000000000000000000e+00
0.000000000000000000e+00
0.000000000000000000e+00
0.000000000000000000e+00
0.000000000000000000e+00
0.000000000000000000e+00
0.000000000000000000e+00
0.000000000000000000e+00
0.000000000000000000e+00
0.000000000000000000e+00
0.000000000000000000e+00
0.000000000000000000e+00
0.000000000000000000e+00
0.000000000000000000e+00
0.000000000000000000e+00
0.000000000000000000e+00
0.000000000000000000e+00
0.000000000000000000e+00
0.000000000000000000e+00
0.000000000000000000e+00
0.000000000000000000e+00
0.000000000000000000e+00
0.000000000000000000e+00
0.000000000000000000e+00
0.000000000000000000e+00
0.000000000000000000e+00
0.000000000000000000e+00
0.000000000000000000e+00
0.000000000000000000e+00
0.000000000000000000e+00
0.000000000000000000e+00
0.000000000000000000e+00
0.000000000000000000e+00
0.000000000000000000e+00
0.000000000000000000e+00
0.000000000000000000e+00
0.000000000000000000e+00
0.000000000000000000e+00
0.000000000000000000e+00
0.000000000000000000e+00
0.000000000000000000e+00
0.000000000000000000e+00
0.000000000000000000e+00
0.000000000000000000e+00
0.000000000000000000e+00
0.000000000000000000e+00
0.000000000000000000e+00
0.000000000000000000e+00
0.000000000000000000e+00
0.000000000000000000e+00
0.000000000000000000e+00
0.000000000000000000e+00
0.000000000000000000e+00
0.000000000000000000e+00
0.000000000000000000e+00
0.000000000000000000e+00
0.000000000000000000e+00
0.000000000000000000e+00
0.000000000000000000e+00
0.000000000000000000e+00
0.000000000000000000e+00
0.000000000000000000e+00
0.000000000000000000e+00
0.000000000000000000e+00
0.000000000000000000e+00
0.000000000000000000e+00
0.000000000000000000e+00
0.000000000000000000e+00
0.000000000000000000e+00
0.000000000000000000e+00
0.000000000000000000e+00
0.000000000000000000e+00
0.000000000000000000e+00
0.000000000000000000e+00
0.000000000000000000e+00
0.000000000000000000e+00
0.000000000000000000e+00
0.000000000000000000e+00
0.000000000000000000e+00
0.000000000000000000e+00
0.000000000000000000e+00
0.000000000000000000e+00
0.000000000000000000e+00
0.000000000000000000e+00
0.000000000000000000e+00
0.000000000000000000e+00
0.000000000000000000e+00
0.000000000000000000e+00
0.000000000000000000e+00
0.000000000000000000e+00
0.000000000000000000e+00
0.000000000000000000e+00
0.000000000000000000e+00
0.000000000000000000e+00
0.000000000000000000e+00
0.000000000000000000e+00
0.000000000000000000e+00
0.000000000000000000e+00
0.000000000000000000e+00
0.000000000000000000e+00
0.000000000000000000e+00
0.000000000000000000e+00
0.000000000000000000e+00
0.000000000000000000e+00
0.000000000000000000e+00
0.000000000000000000e+00
0.000000000000000000e+00
0.000000000000000000e+00
0.000000000000000000e+00
0.000000000000000000e+00
0.000000000000000000e+00
0.000000000000000000e+00
0.000000000000000000e+00
0.000000000000000000e+00
0.000000000000000000e+00
0.000000000000000000e+00
0.000000000000000000e+00
0.000000000000000000e+00
0.000000000000000000e+00
0.000000000000000000e+00
0.000000000000000000e+00
0.000000000000000000e+00
0.000000000000000000e+00
0.000000000000000000e+00
0.000000000000000000e+00
0.000000000000000000e+00
0.000000000000000000e+00
0.000000000000000000e+00
0.000000000000000000e+00
0.000000000000000000e+00
0.000000000000000000e+00
0.000000000000000000e+00
0.000000000000000000e+00
0.000000000000000000e+00
0.000000000000000000e+00
0.000000000000000000e+00
