4.015808105468750000e-01
3.836840704160987547e-01
3.554942151580513521e-01
3.186442803563763748e-01
2.430053828377747305e-01
3.810868760472296835e-02
-2.402892509174210378e-01
-3.795163091474900163e-01
-3.400299809673461571e-01
-2.118285072143568648e-01
-1.725211804631598955e-01
-3.839067089035796965e-01
-6.302795029248795533e-01
-5.211642997019656498e-01
-2.605930017357289685e-01
1.927724765721672284e-02
5.419196501327383508e-01
1.149086288370533282e+00
1.571470119415160571e+00
1.522139722531307804e+00
1.171227621719115319e-01
-1.723976886992594659e+00
-1.952090055425173887e+00
-1.516870617282991329e+00
-1.132283578174674732e+00
-1.198227115184277825e+00
-1.652749737872589497e+00
-1.929142668946406847e+00
-1.815045986799501243e+00
-1.235027823097808675e+00
-4.215636829336495417e-01
-4.998126805827851626e-02
-2.217231491288593759e-01
-6.259914903680159348e-01
8.815472112365396740e-02
1.029773836115478680e+00
1.718040206855896868e+00
1.912136023332913659e+00
1.943061604725907054e+00
1.716504720223195779e+00
6.986579803996844085e-01
-4.507593811868626510e-01
-9.340334635009139852e-01
-1.398687649356294749e+00
-1.336953249213782779e+00
-5.893074314204969077e-01
-4.161702770328923329e-02
5.644525842676777483e-01
9.515243888825313245e-01
1.204283807209562296e+00
1.656007949067432872e+00
1.260227843262867520e+00
1.426534986414269568e-01
-6.849889494182399563e-01
-1.176960017192792751e+00
-1.272792996360472051e+00
-1.490185081707468662e+00
-1.541554759882831638e+00
-1.144584424467452122e+00
-7.789142718394512777e-01
-4.268458443210312314e-01
-5.144961114300674598e-01
-1.253510737558538590e+00
-1.596487757517972561e-01
1.787002656449127036e+00
2.701099781976310510e+00
1.550710258906786265e+00
-4.931099979376318831e-01
9.363402015250388288e-02
7.857794163580589242e-01
1.547560052382413343e+00
2.059223567401183175e+00
1.977048864534737049e+00
1.817450236493337812e+00
1.406770298149696785e+00
1.816543767007039456e-02
-3.818233610234482711e-01
-1.847698817787790659e-03
6.540340927527994452e-01
9.883186894823974278e-01
3.480623973537455562e-01
-1.992313437077195326e+00
-4.475042752726326789e+00
-4.371094628718898534e+00
-3.887291946734309001e+00
-2.776583766811222986e+00
-9.775221851748776558e-01
1.662821826534968572e+00
3.813434126986739336e+00
3.665497986738636360e+00
3.117678983171563001e+00
3.302117864988006968e+00
3.799311796381748874e+00
4.691267195510707033e+00
5.087730789092645978e+00
4.031661904311126143e+00
1.247649531186819205e+00
3.048363085265128891e-01
1.486076102203190086e+00
1.931116193981354812e+00
1.886124835976819458e+00
1.719577168641827303e+00
1.728084780031584167e+00
2.131845109132327387e+00
2.223755169192947356e+00
1.333469580733120718e+00
7.253462043069972554e-01
9.095944277271610368e-01
1.065322795172410464e+00
5.805026282950909167e-01
-5.008738353688075851e-01
-1.761631451416518113e+00
-2.157156891898820206e+00
-1.368618389450706685e+00
-5.749445021450001470e-01
6.975166090025508581e-02
3.870765577220743880e-01
4.033237658224800848e-01
5.995136932122996365e-01
1.029338659461986660e+00
1.366551705928430005e+00
1.419907200229773236e+00
1.250029758940468305e+00
1.028139687955236692e+00
5.863957722877726209e-01
-8.227962477384542783e-02
-6.101747143132141282e-01
-9.084609963730823079e-01
-8.449345873220610592e-01
-4.149428878514631602e-01
7.613564970004715882e-02
3.075254698387557273e-01
2.328071636730635330e-01
-1.292536922475280292e-01
-7.891938654118968444e-03
6.835026940109766302e-01
1.202022643034628357e+00
1.508674765121949646e+00
1.152816714316908797e+00
6.610322100243957166e-01
4.452983691999688465e-01
9.706939197973353251e-01
1.255116596520677863e+00
1.243742772619737202e+00
1.223250918778951535e+00
1.154220654190716733e+00
9.813778563402468791e-01
8.174376494880088995e-01
8.124386557899658801e-01
9.957255421482598123e-01
1.095735943574636551e+00
1.072909399823105625e+00
1.009914985249931174e+00
8.761921782492867461e-01
5.325075651102573193e-01
2.640580003539395593e-01
2.606650477763921003e-01
2.611254058372416420e-01
1.605172134961749542e-01
1.651849954980229573e-01
3.269265822718907533e-01
4.093601253654907679e-01
3.600659758213192729e-01
2.715405099993722371e-01
2.965867933687956759e-01
4.798712530902942142e-01
6.099094137497242940e-01
7.472534994659660867e-01
9.406106258746683713e-01
9.175660308776050211e-01
6.524717284173465748e-01
4.981599104352461005e-01
4.985748303581811758e-01
5.371326459278673582e-01
5.401696833644247242e-01
4.855271353019341984e-01
2.413078733424908751e-01
-7.364232929126779403e-02
-2.478847211294182284e-01
-2.705283212377084801e-01
-1.284064515745115265e-01
-2.928289399682093563e-03
-8.728747083534882378e-02
-1.827756601136059644e-01
-2.790795080682462181e-02
3.220934066303114962e-01
1.305934725931968687e-01
6.927070792558853718e-02
3.225514253486844174e-01
5.503607472388698518e-01
4.567345503985864585e-01
1.398618014570944812e-01
-2.713583550010543188e-01
-6.273925472351953303e-01
-5.751796144771097463e-01
-2.680403892538674171e-02
6.626885418438999142e-01
1.221668668640695010e+00
1.625685753643735243e+00
1.441420099135745536e+00
5.947347270184892842e-01
-2.026266093031214854e-01
1.671344549036613003e-02
4.478395724207482331e-01
6.022715211331136631e-01
6.146656353149287932e-01
2.954955572528227270e-01
-7.156417827018589639e-01
-1.307817010820998327e+00
-1.045262891364554303e+00
-7.046451718590012181e-01
-4.724947793669442841e-01
-5.076575441912785092e-01
-6.020353318750020222e-01
-4.522254733809769611e-01
-2.216925414859323706e-01
-1.010922148302507706e-01
2.901268453958039117e-01
9.348754491708187730e-01
8.471235752934582752e-01
3.642130355164323596e-01
-1.255939351996522291e-01
-6.901638190060563893e-01
-1.054031993889058993e+00
-8.460471130361013614e-01
-2.034995213566430650e-01
5.487192925234016805e-01
1.028197905684206770e+00
1.384860649666126431e-01
-1.489266849909103296e+00
-2.261086852779053302e+00
-2.022458859370596773e+00
-1.637936719045435696e+00
-1.465951520397596353e+00
-2.030878034207107330e+00
-4.035393898489295417e+00
-5.341232860151126971e+00
-5.224003206799666899e+00
-4.419671602246403097e+00
-2.844580055281980435e+00
-7.375931428107964649e-01
1.240709174993292585e+00
2.139554800114187305e+00
1.036384506565800390e+00
-1.270136412896570643e+00
-1.149364785293331526e+00
1.481502589342766019e+00
4.036277151988229228e+00
5.998476328032041671e+00
5.767240427932025071e+00
4.943849824815366389e+00
4.269810964014048693e+00
3.994365086741115345e+00
4.015667322185914934e+00
4.220711750555866892e+00
4.618223923380854856e+00
4.727313276182769641e+00
2.903242094457084477e+00
3.904191463193382727e-01
-1.675487634381442437e+00
-5.229286629609051218e-01
1.141234917987219655e+00
1.579001238864550682e+00
1.372945134326232441e+00
7.485772982817233689e-01
-2.187132366186514965e-01
-7.700832323030608606e-01
-4.032510064662366833e-01
8.169596724392798048e-01
2.339505570061259032e+00
3.470733774034660435e+00
4.158653537903324704e+00
3.817198993221326830e+00
2.115677381053112427e+00
5.996464001228707374e-02
7.052853423622946760e-01
2.216455148661579777e+00
2.003273774842328159e+00
5.154554758381291180e-02
-1.521998265267877182e+00
-1.166676014121928340e+00
-4.755218959591143157e-01
1.179683102748660950e-01
1.243928503704621047e-01
-3.840322693910689367e-01
-7.143179518413798057e-01
-7.512750870547719728e-01
-7.492420852860853797e-01
-3.389316651841882688e-01
2.940377286190497541e-01
6.612038549788423758e-02
-6.718088741665964037e-01
-1.331786921634352527e+00
-1.758833599830924133e+00
-2.096367093028335571e+00
-2.360731951030250464e+00
-2.267313794740115185e+00
-2.186354082028094670e+00
-1.937124896743832370e+00
-1.547123432064006376e+00
-1.210104070803290188e+00
-8.145857030704561907e-02
1.599821241449855158e+00
2.429253430888735021e+00
1.864867206108852482e+00
5.567429179772909187e-01
-1.219126493648076348e+00
-2.629426796619759976e+00
-3.184107782842226619e+00
-1.508139567178753415e+00
3.915228023176267058e-01
1.458587075111481335e+00
1.234818715522375099e+00
5.504660312971501046e-01
1.717154797622177931e-01
2.756077007367399023e-01
6.658287191297995733e-01
9.868299360892762717e-01
9.072405738239696094e-01
3.614111533855326464e-01
-4.938557902555362755e-02
8.450212043844392840e-01
2.668070443064030073e+00
3.591647079746023596e+00
4.143504052144906247e+00
4.197865450858170533e+00
3.813022597822341986e+00
3.209208703192820700e+00
2.398709540490834513e+00
1.526112253351824544e+00
1.101255882683422449e+00
1.221445207002358035e+00
1.390307656043720863e+00
1.315227345317139251e+00
1.029719898584708915e+00
7.612141479939922295e-01
6.729902946231292038e-01
7.152457040572836044e-01
8.075603559357779071e-01
9.455723914937744778e-01
1.065184386606694344e+00
0.000000000000000000e+00
0.000000000000000000e+00
0.000000000000000000e+00
0.000000000000000000e+00
0.000000000000000000e+00
0.000000000000000000e+00
0.000000000000000000e+00
0.000000000000000000e+00
0.000000000000000000e+00
0.000000000000000000e+00
0.000000000000000000e+00
0.000000000000000000e+00
0.000000000000000000e+00
0.000000000000000000e+00
0.000000000000000000e+00
0.000000000000000000e+00
0.000000000000000000e+00
0.000000000000000000e+00
0.000000000000000000e+00
0.000000000000000000e+00
0.000000000000000000e+00
0.000000000000000000e+00
0.000000000000000000e+00
0.000000000000000000e+00
0.000000000000000000e+00
0.000000000000000000e+00
0.000000000000000000e+00
0.000000000000000000e+00
0.000000000000000000e+00
0.000000000000000000e+00
0.000000000000000000e+00
0.000000000000000000e+00
0.000000000000000000e+00
0.000000000000000000e+00
0.000000000000000000e+00
0.000000000000000000e+00
0.000000000000000000e+00
0.000000000000000000e+00
0.000000000000000000e+00
0.000000000000000000e+00
0.000000000000000000e+00
0.000000000000000000e+00
0.000000000000000000e+00
0.000000000000000000e+00
0.000000000000000000e+00
0.000000000000000000e+00
0.000000000000000000e+00
0.000000000000000000e+00
0.000000000000000000e+00
0.000000000000000000e+00
0.000000000000000000e+00
0.000000000000000000e+00
0.000000000000000000e+00
0.000000000000000000e+00
0.000000000000000000e+00
0.000000000000000000e+00
0.000000000000000000e+00
0.000000000000000000e+00
0.000000000000000000e+00
0.000000000000000000e+00
0.000000000000000000e+00
0.000000000000000000e+00
0.000000000000000000e+00
0.000000000000000000e+00
0.000000000000000000e+00
0.000000000000000000e+00
0.000000000000000000e+00
0.000000000000000000e+00
0.000000000000000000e+00
0.000000000000000000e+00
0.000000000000000000e+00
0.000000000000000000e+00
0.000000000000000000e+00
0.000000000000000000e+00
0.000000000000000000e+00
0.000000000000000000e+00
0.000000000000000000e+00
0.000000000000000000e+00
0.000000000000000000e+00
0.000000000000000000e+00
0.000000000000000000e+00
0.000000000000000000e+00
0.000000000000000000e+00
0.000000000000000000e+00
0.000000000000000000e+00
0.000000000000000000e+00
0.000000000000000000e+00
0.000000000000000000e+00
0.000000000000000000e+00
0.000000000000000000e+00
0.000000000000000000e+00
0.000000000000000000e+00
0.000000000000000000e+00
0.000000000000000000e+00
0.000000000000000000e+00
0.000000000000000000e+00
0.000000000000000000e+00
0.000000000000000000e+00
0.000000000000000000e+00
0.000000000000000000e+00
0.000000000000000000e+00
0.000000000000000000e+00
0.000000000000000000e+00
0.000000000000000000e+00
0.000000000000000000e+00
0.000000000000000000e+00
0.000000000000000000e+00
0.000000000000000000e+00
0.000000000000000000e+00
0.000000000000000000e+00
0.000000000000000000e+00
0.000000000000000000e+00
0.000000000000000000e+00
0.000000000000000000e+00
0.000000000000000000e+00
0.000000000000000000e+00
0.000000000000000000e+00
0.000000000000000000e+00
0.000000000000000000e+00
0.000000000000000000e+00
0.000000000000000000e+00
0.000000000000000000e+00
0.000000000000000000e+00
0.000000000000000000e+00
0.000000000000000000e+00
0.000000000000000000e+00
0.000000000000000000e+00
0.000000000000000000e+00
0.000000000000000000e+00
0.000000000000000000e+00
0.000000000000000000e+00
0.000000000000000000e+00
0.000000000000000000e+00
0.000000000000000000e+00
0.000000000000000000e+00
0.000000000000000000e+00
0.000000000000000000e+00
0.000000000000000000e+00
0.000000000000000000e+00
0.000000000000000000e+00
0.000000000000000000e+00
0.000000000000000000e+00
0.000000000000000000e+00
0.000000000000000000e+00
0.000000000000000000e+00
0.000000000000000000e+00
0.000000000000000000e+00
0.000000000000000000e+00
0.000000000000000000e+00
0.000000000000000000e+00
0.000000000000000000e+00
0.000000000000000000e+00
0.000000000000000000e+00
0.000000000000000000e+00
0.000000000000000000e+00
0.000000000000000000e+00
0.000000000000000000e+00
0.000000000000000000e+00
0.000000000000000000e+00
