-1.046752929687500000e-02
-2.714164338231970230e-01
-7.148789857925905711e-01
-1.576642465615573085e-01
5.135561080082617913e-03
9.553982086381760386e-01
8.903965023329070139e-01
6.037754185816934793e-01
2.265467248632058173e-01
3.738750853203149926e-01
3.911402912615181693e-01
1.253897376160377775e-01
9.569635171641136528e-01
1.256493536654390786e+00
-2.241058151568642298e-01
-1.018499308801058101e+00
-1.072136683329588225e+00
-1.788239223042088488e+00
-1.151459205918180073e+00
3.095712156914409707e-01
7.778319406239240230e-01
-8.660516875856523189e-01
-7.079457137681459677e-01
-1.126633537621132497e+00
-2.252997572223949696e+00
-2.869149774617411275e+00
-2.733563989510044756e+00
-1.497761093055613779e+00
4.423275323306390949e-01
-3.109659722505321300e-01
-9.231979944261339277e-01
-1.357094632920700539e+00
-1.953887411835707244e+00
-1.943625226771530157e+00
-1.100478234832158453e+00
-5.416472799672278349e-01
-3.118720392242955164e-01
1.075130785989557136e+00
2.295632127795158794e+00
1.998206620429016311e+00
8.059718020252972792e-01
-7.046204353396128273e-01
-1.852585634813133542e+00
-2.538166419096447246e+00
-1.220159886503332292e+00
1.619043047415540837e+00
3.766588869847707688e+00
1.418048276501764127e+00
-8.233918086227909328e-01
5.442778094958167223e-01
1.394930346143786970e+00
1.483726522606358511e+00
1.005599170884061255e+00
6.716585349308362707e-01
1.410235578654773780e-01
-1.116868858715311941e-01
4.378882214510615434e-02
-3.166987872069322307e-01
-1.384174323933871520e+00
-2.108092113313919214e+00
-2.250543391910547975e+00
-2.040448380637418513e+00
-1.724256296719489878e+00
-1.303692884179365796e+00
-5.040887106045628396e-01
2.617597390548733749e-01
5.538287233458649705e-01
7.511211974710239048e-01
-4.412800737697941678e-02
-6.733100728627370302e-01
-2.909904794723863208e-01
-9.366455539862155177e-01
-2.564499678049367404e+00
-2.391937645154248226e+00
-7.667705374016008379e-01
-5.437093576265579209e-01
-1.791770216988444409e+00
-1.309927210912682938e+00
4.154911031480894579e-01
1.199729427176776664e+00
4.953095965586908900e-01
1.103072009322626723e+00
1.564595793062224516e+00
1.042483421749924588e+00
4.009271081326806208e-01
-4.739412874073878346e-01
1.801980888687564342e-01
1.273913574800797477e+00
1.163851255468530743e+00
8.197698755987348207e-02
-8.848682434737764613e-01
1.577967381878733200e-01
8.160238138788544759e-02
-1.154292951011180790e+00
-1.785313453972884101e+00
-1.384821891711647490e+00
-1.928145319284198855e+00
-1.529320209158769428e+00
1.069513580771236816e+00
2.063967958741624198e+00
5.569185610344513648e-01
-2.097208794952230004e-01
1.653053366826913173e+00
1.425990942781395265e+00
3.846735192348542665e-01
9.878652774670371173e-03
-2.463830078850661742e-01
-1.484080914219964242e+00
-3.625255056727160863e+00
-3.937819928913413037e+00
-2.346062011808207615e+00
-2.775354147208195954e+00
-3.853568469954620657e+00
-3.992065728720085804e+00
-3.814646885702203338e+00
-3.956952114736742132e+00
-2.160033930384209988e+00
6.275515589371967184e-01
1.317470349166048882e+00
-2.608528920448365263e-01
5.780264243852362149e-02
2.481220753948435664e+00
2.881718611749585879e+00
8.081870050757641311e-01
-1.343476070906987285e+00
-1.117760541839577293e+00
-1.484594558699907862e+00
-1.957401194852427917e+00
-4.144801222845987398e-01
1.459120432065194872e-01
-2.417172503112685611e-03
2.133467916786293550e-01
1.475308877506493754e-01
-1.423883895431121704e-01
1.836108425721347803e-01
5.562579223762714742e-01
-2.767221069126633015e-01
-1.300093188578715253e+00
-1.792706231629056290e+00
-1.707386456915044093e+00
-1.528427631791058561e+00
-1.305570311007165696e+00
-1.270142113749745283e+00
-1.430044065116603536e+00
-5.388941053343594412e-01
1.006524145588128638e+00
1.353520400853280625e+00
1.000067190887622193e+00
1.386216535160855301e+00
3.320056532291755680e+00
3.097210599092970806e+00
1.752372145050773655e+00
5.303151907312462221e-01
1.458240500904296688e+00
1.217501246901735001e+00
-6.256695080711835999e-01
-2.723327666958408333e+00
-1.864213957992881365e+00
2.354536475519007688e+00
2.676333987710143525e+00
7.615006185345620793e-01
1.857332154421502679e-01
5.438260412158668622e-01
1.686308509845654502e+00
1.978611273217865785e+00
6.450379030332957786e-01
-1.676935021522762082e+00
-1.316679860951974312e+00
3.120099107775886615e-03
-1.532384779118145524e-01
1.144979984505545723e+00
3.007028502769984346e+00
3.567721173968142701e+00
2.976935213148854231e+00
2.504438153362841923e+00
2.383292593811834337e+00
4.822445574829039572e-01
-8.535881608761997086e-02
5.011232194583501443e-01
1.275705626710632146e+00
-1.062392990178651075e-01
-1.117190599209376245e+00
-1.223463426336788284e+00
-1.094280697190463281e+00
-5.389316030326214424e-01
-2.669072010629653935e-01
-9.141229333771311305e-01
-1.240153614010620853e+00
-8.607032855990488507e-01
-5.793871125065197525e-02
5.924760272665698935e-01
5.580563020440856281e-01
-2.687295177678757918e-01
-2.793168077004126726e-02
6.824144528342892535e-01
9.829429437984629203e-01
7.476175908521508484e-01
4.190331285023640717e-02
-8.087874850444239927e-01
-1.462118494546771341e+00
-1.421855076531914674e+00
-4.440474993143159743e-01
6.671795885987005237e-01
3.765188372921355331e-01
-7.602813752991456342e-01
-1.209692296205593820e+00
-4.109868377815631968e-01
9.760952374591247427e-02
7.310456005470447050e-01
-4.717508462562098881e-01
-1.168821967173729437e+00
-7.986449849623843411e-01
1.616009105423311110e-01
-1.496187844917936882e+00
-2.824879265655347194e+00
-3.194002069019044043e+00
-3.263791962619687403e+00
-2.519725963844923200e+00
-7.634850472339778094e-01
1.067255178165316121e+00
-1.635148143029634404e-01
-2.437520532133732321e-01
1.464743322805222903e+00
3.330669761689720509e+00
5.108652067089624715e+00
6.178963418892984727e+00
4.332044212389885018e+00
1.522802488583300029e+00
3.453047469427177329e-01
-9.881175460613775829e-01
-4.112658695143169396e+00
-6.102048983107163593e+00
-4.846549853508195227e+00
-2.819329113077630566e+00
-1.592952645319163363e+00
-8.619437931827513832e-01
1.978664504534733970e+00
3.278654937999263108e+00
4.385253831461813689e+00
2.817488924811379025e+00
8.100059412480691279e-01
1.927185362732304563e+00
4.767791585946441479e+00
5.402644406926286003e+00
3.614284036110215315e+00
5.837094553179533740e-01
3.065562666040344553e-02
1.552679944059861761e+00
1.163118916756048282e+00
2.971345181936850821e-01
9.117368189433396886e-01
1.657784088045029636e+00
1.526632674892753450e+00
1.034725862282985798e-01
-8.965332543872399640e-01
-7.958408584611031955e-01
-6.539493713813817610e-01
-2.248525815943190898e-01
3.173308286560890812e-01
-6.131594020823983859e-01
-1.213749918439985809e+00
-1.380364083764790362e+00
-1.190000797541567179e+00
-5.970951844497232042e-01
6.160798332022269230e-01
1.568145649524990803e+00
1.086964885481293663e+00
-5.109353481544340880e-01
-1.230762320433966606e+00
-6.211341286553676566e-01
-1.822266933628730490e+00
-2.124220277312234728e+00
-2.835538055392424539e+00
-4.135747049659540764e+00
-2.997419931590712405e+00
-1.352423546669967447e+00
-1.038116194323725150e+00
-2.672700261836193469e+00
-3.467110712421320962e+00
-2.631694463903806902e+00
-2.368467247182567625e+00
-2.492974701004316174e+00
-1.497726407405209903e+00
1.135289755940515066e-01
-5.142513409800132385e-01
-3.482738749869320749e-01
3.943374588464670927e-01
5.370445668578425202e-01
-7.445093230493282643e-02
1.088262383808888956e-01
9.176207730639971416e-01
7.315523975383038113e-01
-4.766606278389438067e-01
-1.563028704457195106e+00
-7.248462271037015014e-02
1.252660267119078519e+00
1.917632646219945558e-01
-2.780405958242957443e-01
7.147768842946020662e-01
9.944019113835353973e-01
-3.838795420389984336e-02
-3.255292757015761929e-01
-5.751331305649198811e-02
-7.605113107816185991e-02
5.497781641838423994e-01
9.365300195559370655e-01
-1.395998019175955784e-01
-1.909216949215792880e-01
1.824342551839913451e+00
1.647787595005402395e+00
-1.993849488784991131e-01
-1.327725365222115039e+00
-6.683237240803485690e-01
-2.512434571816417606e-01
-1.238791756412216838e+00
-8.480018694085864617e-01
4.531172767897420073e-01
2.936741144615440113e-01
-5.236842386950613104e-01
-2.693027438856150368e-01
-5.474670446733576057e-02
-6.659795047591781092e-01
-7.341781167279988196e-01
-7.810081225661688054e-01
-1.089555187444218420e+00
-1.781326742618008385e+00
-1.873579085780293640e+00
-1.594510028275774483e+00
-1.357403121759304554e+00
-6.820414519284774268e-01
1.911815056545813629e-01
3.011951540756914181e-01
8.635051184441544514e-02
2.393490269218671029e-01
-1.385683896136090665e-01
-1.036095375662979379e+00
-1.736303348106737809e+00
-2.122834275179539709e+00
-1.940558363247472995e+00
-1.542116719110836698e+00
-4.523390839690075715e-01
5.047704629832980849e-01
-1.671514239118506495e+00
-3.744407302766998846e+00
-3.654424413623044821e+00
-1.291483943774772936e+00
1.663307772890464387e+00
1.942844029560559349e+00
6.940686353885623383e-01
-3.125578859736544146e-01
1.435781829580476732e+00
2.222452993781085961e+00
1.051125043801717229e+00
-3.983461101820151562e-01
-1.131859304061564320e+00
-1.234363062140627409e+00
-1.122340018953833951e+00
1.235745963464174757e+00
3.434531929585799226e+00
3.936768234693061252e+00
7.634090774543036417e-01
-1.437329355755991411e+00
-1.240133946308808355e+00
-5.602308213508258028e-01
2.012282523893116348e-02
-4.702892327344443402e-03
-1.650006478723040626e-01
5.054997977126802766e-01
-3.684724749551470113e-01
-1.607953224242452794e+00
-2.283258241773679309e+00
-1.415377259351330519e+00
-2.049626464432205974e-01
8.581688800971898345e-02
1.517333340495582994e-01
3.601568426483459096e-02
-7.840188941051815519e-01
1.907834852314843621e-01
9.202038025409102762e-01
-2.431128032949736451e-02
-3.473793631684232164e-01
5.837345725727731693e-01
7.665139761171714250e-01
4.535538334799127380e-02
6.803605001298103083e-01
4.196107375752708979e-01
-5.445090447303362335e-01
1.213518339234597176e+00
9.915797797843770578e-01
1.642960689871713287e+00
2.231688505066146799e+00
1.900172632180705312e+00
9.758899057539259791e-01
8.297165741112118020e-01
8.904896793507895980e-01
3.168197662628859934e-01
1.457248101600318479e+00
0.000000000000000000e+00
0.000000000000000000e+00
0.000000000000000000e+00
0.000000000000000000e+00
0.000000000000000000e+00
0.000000000000000000e+00
0.000000000000000000e+00
0.000000000000000000e+00
0.000000000000000000e+00
0.000000000000000000e+00
0.000000000000000000e+00
0.000000000000000000e+00
0.000000000000000000e+00
0.000000000000000000e+00
0.000000000000000000e+00
0.000000000000000000e+00
0.000000000000000000e+00
0.000000000000000000e+00
0.000000000000000000e+00
0.000000000000000000e+00
0.000000000000000000e+00
0.000000000000000000e+00
0.000000000000000000e+00
0.000000000000000000e+00
0.000000000000000000e+00
0.000000000000000000e+00
0.000000000000000000e+00
0.000000000000000000e+00
0.000000000000000000e+00
0.000000000000000000e+00
0.000000000000000000e+00
0.000000000000000000e+00
0.000000000000000000e+00
0.000000000000000000e+00
0.000000000000000000e+00
0.000000000000000000e+00
0.000000000000000000e+00
0.000000000000000000e+00
0.000000000000000000e+00
0.000000000000000000e+00
0.000000000000000000e+00
0.000000000000000000e+00
0.000000000000000000e+00
0.000000000000000000e+00
0.000000000000000000e+00
0.000000000000000000e+00
0.000000000000000000e+00
0.000000000000000000e+00
0.000000000000000000e+00
0.000000000000000000e+00
0.000000000000000000e+00
0.000000000000000000e+00
0.000000000000000000e+00
0.000000000000000000e+00
0.000000000000000000e+00
0.000000000000000000e+00
0.000000000000000000e+00
0.000000000000000000e+00
0.000000000000000000e+00
0.000000000000000000e+00
0.000000000000000000e+00
0.000000000000000000e+00
0.000000000000000000e+00
0.000000000000000000e+00
0.000000000000000000e+00
0.000000000000000000e+00
0.000000000000000000e+00
0.000000000000000000e+00
0.000000000000000000e+00
0.000000000000000000e+00
0.000000000000000000e+00
0.000000000000000000e+00
0.000000000000000000e+00
0.000000000000000000e+00
0.000000000000000000e+00
0.000000000000000000e+00
0.000000000000000000e+00
0.000000000000000000e+00
0.000000000000000000e+00
0.000000000000000000e+00
0.000000000000000000e+00
0.000000000000000000e+00
0.000000000000000000e+00
0.000000000000000000e+00
0.000000000000000000e+00
0.000000000000000000e+00
0.000000000000000000e+00
0.000000000000000000e+00
0.000000000000000000e+00
0.000000000000000000e+00
0.000000000000000000e+00
0.000000000000000000e+00
0.000000000000000000e+00
0.000000000000000000e+00
0.000000000000000000e+00
0.000000000000000000e+00
0.000000000000000000e+00
0.000000000000000000e+00
0.000000000000000000e+00
0.000000000000000000e+00
0.000000000000000000e+00
0.000000000000000000e+00
0.000000000000000000e+00
