-4.737854003906250000e-01
-7.024723895891492598e-01
4.378300869069229329e-01
1.092651847425964107e+00
-4.133827588002921827e-01
2.697326986791066528e-01
7.117031635549473378e-01
-2.912768254047447769e+00
-5.084617214104032001e+00
-2.771863195790706058e+00
-2.118850254801797561e+00
-1.792958675743594466e+00
6.747108752482500194e-02
-9.604738130553325259e-01
4.375448355785538368e-02
-1.957457873310813001e+00
-2.798159350158633707e+00
3.788810880263497882e-01
4.799108170572115029e-01
-9.416885053637726877e-01
5.292871350160517352e-01
1.415260316673493612e+00
-8.349324425863542398e-01
-6.900246339428428577e-01
2.390468078342020686e+00
-8.562694866011169026e-01
-4.823597246853509546e+00
8.806622259141523301e-01
-2.340565450509489054e+00
-1.644551777796103842e+00
2.370773920113906641e+00
2.223098251212838328e-01
1.213362650799727049e+00
2.361628004866635155e+00
-1.080790799314652162e+00
1.383383613820150293e+00
4.559720548225839387e+00
2.644946263146221277e+00
2.424435218157412031e+00
-8.212579484039079780e-01
-3.110983402235517392e+00
1.524768450042767398e+00
1.857106035641391317e+00
-2.030307398047386247e+00
-5.498185588763897513e+00
-6.102962941766214122e+00
-6.115510750275300111e+00
-5.942111313904153036e+00
-3.238467732187535475e+00
-1.405758367595492997e+00
2.833500326174389627e-01
8.579311237059386031e-01
-1.060355687892760468e+00
-8.641994474710363860e-01
1.579440966878977282e+00
3.371162778390315307e-01
2.859859660628308875e-01
-1.223549164002797562e+00
-1.035798332082050743e+00
-2.829586907598465872e-01
1.446656154819197515e-01
-1.888975850385502531e+00
-3.495725333829779125e+00
-4.360012250358392905e+00
-4.552090341092377201e+00
-3.472488938194540964e+00
-1.263400304943658625e+00
6.071813708747679783e-01
5.258808563658696755e-01
6.489105021877727975e-01
7.299633368513092080e-01
-5.510654735270537063e-02
4.760156758688296463e-01
2.264965632494287950e-01
-4.133143545542440345e-01
-7.304747753034488422e-01
-3.503259896869141965e-01
5.776322534062603431e-01
4.666590662821720747e-01
-8.939404808009795422e-01
-2.283610690712886360e+00
-3.064875182526893838e+00
-2.300422192549207434e+00
-4.735947242342542496e-01
-2.407266273486233787e-01
6.474549650723762095e-01
6.461624612482872454e-01
-2.017840453627483543e-01
9.124414939103309141e-02
-9.636304246847759991e-01
-3.867403224775122217e-01
5.764258102137456152e-01
-1.462831001169806466e-01
-4.527383785498741986e-01
4.181460841286087082e-01
1.133436328590321507e+00
4.550960176181683137e-01
-7.807964255791135511e-01
5.084745718063889974e-01
5.355139357883129669e-01
-1.003669770093984503e+00
-7.831827637111807849e-01
-4.728321082736680059e-01
8.486021547877098392e-01
1.906835428352017692e+00
1.822106673601293414e+00
9.888285782565480186e-01
-4.942724533135063880e-01
1.777319302904210696e+00
4.076940862767254536e+00
3.620083721260402676e+00
-4.054409392315443394e-01
1.214418180355619326e+00
3.452574865097609802e+00
3.294573466739625367e+00
1.660536127982666477e+00
-4.639403858958568438e-01
1.566143496527197865e+00
2.694998727166475483e+00
1.590123148562692545e+00
-1.260265743909254610e+00
-7.554869693943000453e-01
-4.916257508127714893e-01
-1.354347303594204410e+00
-1.689604382524654058e+00
-1.342357411176526849e+00
-7.238466939735732630e-02
2.753214035873386756e+00
6.674273107859236553e-01
-1.546853319067139410e+00
-2.512233088881949072e+00
-5.129331150971758291e+00
-7.908388345431499822e+00
-4.275435481603336640e+00
7.102496319286419890e-01
2.583009063205824241e+00
-1.189052944908172371e+00
-6.149091623922059213e+00
-6.376394660530580794e+00
-1.018449364162212767e+00
1.812773865774169657e+00
3.809618665027635132e+00
4.630100399298045843e+00
1.968276806528322265e+00
6.305223187924144934e-01
-5.623035912386851187e-01
1.955946911610646932e+00
3.528254642533475316e+00
2.285681067416224899e+00
2.064222329043656323e+00
-1.058549964174676727e+00
-1.025008041284465321e+00
-7.671909215350408928e+00
-1.212853467403226304e+01
-9.371439940481383957e+00
-2.228078184268467599e+00
-1.743191700494028051e+00
2.841382800921723906e+00
2.350546338210707020e+00
1.150119407717906661e-01
1.228849000831805371e+00
2.996200787656873032e+00
5.864583418770967782e+00
2.191957576740412250e+00
-3.005878161168060725e-01
2.147436623641580944e+00
3.617013317126152483e+00
2.200532857825147737e+00
8.333911795108974729e-01
-2.704779507183644682e+00
-6.036449579942354760e+00
-5.967058423500519737e+00
-2.397422234002971386e+00
-1.497258348133729822e+00
-9.152489719909566723e-01
9.133242262045984106e-01
-7.489016325147088704e-01
-3.968634037787615032e-01
3.736182158793328600e-01
-4.382130064091160904e-01
6.279063641803854789e-01
1.083427144093133787e+00
-2.239289146786725970e-01
-4.491409816123765886e-01
6.955186602953098429e-01
8.336130287329273081e-01
-2.792262748767004865e-02
-8.723658871217762067e-01
-1.688778394724108844e+00
-1.406627873922418503e+00
-7.964269489230662025e-01
-3.408041415271353403e-01
2.824744652442219839e-01
5.860839682765750513e-02
-2.867666948972154017e-01
1.544727957298781540e-01
4.531306664306020693e-01
-3.021317343786195653e-01
-3.489829687434820027e-02
4.454632808190177595e-01
5.858403681382349237e-01
-3.339343539661916993e-01
-1.729410007208270539e+00
-2.121082074104502890e+00
-1.260573682631308312e+00
-2.699899327332677679e-01
-3.333241168817139277e-01
-2.485400220085324241e-01
-2.476060435557148054e-03
-4.947159273929956358e-01
-4.491959542524364135e-01
-6.822048377223011162e-02
-5.648807653969089015e-01
-8.147655835272232805e-01
4.449139935168744397e-01
-4.727789208489399098e-01
-1.380886700611854145e+00
-7.799530067080173712e-02
-1.201880516450919201e+00
-3.926101371853094602e-01
-2.545906942674490026e+00
-7.671852706699583635e+00
-7.187815476886239452e+00
-1.174797745473816324e+00
6.413113683175497570e-02
-1.014878242081736825e+00
3.281833961321830584e-01
3.617392771160844456e-01
-1.562093841893574808e-01
-4.596548026901698947e-01
1.159349412941579338e+00
-1.687345211513053833e+00
1.040501074610999499e+00
-5.615035661885769969e-01
-9.315427867712566812e-01
-1.895249749325021993e+00
-2.081885136101776279e+00
9.518863050517754054e-01
-9.177083900125277083e+00
-1.434248390847537280e+01
-1.075563093031588480e+01
1.464156118891359881e+00
3.645373405204524353e+00
3.771390127713083906e+00
-8.810114734383283075e-01
8.520664860487694447e-01
2.417635687927799371e+00
2.215888128471284357e+00
2.623422180177204854e+00
-1.366090759618431960e+00
1.324197175875738708e+00
-1.166858897098990155e-01
-3.671033576826289835e+00
-7.124599164494568981e+00
-7.855047343888813316e+00
-6.480668869788239306e+00
-3.558272551872142309e+00
5.090540399000982319e-01
-1.229648970539366282e+00
-6.068283768500615238e+00
-7.865554041686017683e+00
-3.158447519532655789e+00
1.877714182756425210e+00
4.902331961382093262e+00
6.552224680102560761e+00
7.093280711720197473e+00
1.330523220490798852e+00
1.772106063450546776e+00
5.133858980685817919e+00
4.575816676404811822e+00
3.294879476712037736e+00
1.527982663432882138e+00
-1.379059169012221142e+00
-2.755328468361950556e-02
5.712081085826641313e-01
2.610159565614806887e-01
2.019194712572919936e+00
1.827177856198570760e+00
-4.104813003203493516e-01
-7.337906403077729678e-01
-8.307977238536690123e-01
7.197396112012648395e-01
2.477427008365689964e+00
9.114914096724410220e-01
-2.791913966363172017e-01
2.731759793067904951e+00
4.281561381444579872e+00
3.032229475092277582e+00
-1.935096857298024275e-02
2.035150284553275402e+00
4.275758614312260342e+00
2.742177255313084316e+00
1.919601353778865871e-02
-5.016963327376564585e-01
2.699915413472757209e+00
3.578894805218457709e+00
2.458428155287624151e+00
2.909524785982441353e-01
1.419761415991249054e+00
2.021198446690178230e+00
2.466717514736502359e+00
1.717384251567505293e+00
-7.991962947753530333e-01
-2.279800412083794470e-01
5.348268492979735278e-01
1.204804762384150685e+00
1.563835251784651659e+00
-1.915087668008852440e-01
-2.199579946999292712e-01
4.694556902119857433e-01
-1.732155482868180663e+00
-3.477643790470007712e+00
-2.784139722641287840e+00
-4.870392483422286700e-01
6.588977537729699963e-01
-7.731807627592734988e-03
-9.052076456618352029e-02
-9.459765227130205734e-01
-3.790948800322566647e-01
7.816350340439687239e-01
7.503172187099678148e-01
-1.955426083018866890e-01
-1.927132998655803620e-01
1.787470052870814285e-01
4.195764046644863132e-01
-4.321141123692184838e-02
-1.630561200125603127e+00
-3.035363067326471320e+00
-4.156609690427751858e+00
-4.348350826335648733e+00
-3.785858369057309769e+00
-2.093939228806926955e+00
2.503248915966895249e-01
-6.452017313986195823e-01
-1.000856685097230026e+00
-1.107623531267822425e+00
3.832436353655954697e-01
-9.936903952772624393e-02
5.632026624820467564e-01
-1.909130853577184039e+00
-3.182090043973847759e+00
-1.214918920405245739e+00
-5.822166427127029031e-02
-1.119162374768338131e+00
-3.918309862946872890e+00
-5.850032362970549293e+00
-5.485866559456142433e+00
-5.493329476927995891e+00
-5.513099142791144658e+00
-2.628360403659692146e+00
5.976492240230082409e-01
1.914698881830307897e-01
-1.172259664287946812e+00
-6.815651987065134421e-01
6.410255598129939170e-01
-5.354000281441231301e-01
2.573901178200292961e-01
-7.496484587860997584e-01
-3.332334778005332510e+00
-2.442438900045664774e+00
-9.271273840150442425e-01
2.393281066516763644e-01
1.727406189468577713e+00
-1.782424041034584405e+00
-3.715718318324265468e+00
1.148570627720419068e+00
-2.292909986194629379e+00
-1.193170269085488400e-01
3.064974063049589414e+00
-1.060669741029878210e+00
7.629194578052318487e-01
3.177544492471216842e+00
-2.371876011661999684e-02
-1.352489368359964139e+00
1.478028949113137980e+00
1.274412328925375038e+00
-1.884003660756557119e+00
-5.782083550556857965e-01
-6.762185293716551637e-01
1.064844024668300637e+00
3.578668581240016522e+00
-5.738718340916597604e-01
-3.460042105971051107e+00
-1.209074515809780870e+00
-2.166967999132429767e+00
-1.838813311615302037e+00
1.572582926184906471e+00
1.133010315656779010e+00
8.768726807527138511e-02
3.811437426259262073e-01
2.493676864495348866e-01
-2.244377719720693776e-01
1.369361122104364448e+00
2.093086101119423059e+00
2.411963416084080158e+00
1.862775197309640918e+00
7.125294434116811182e-01
1.489210998647187090e+00
1.984444231201959452e+00
1.198047418647292917e+00
4.157213848895913166e-01
1.606421119441962642e+00
1.602193002451359094e+00
7.186495820879105212e-01
0.000000000000000000e+00
0.000000000000000000e+00
0.000000000000000000e+00
0.000000000000000000e+00
0.000000000000000000e+00
0.000000000000000000e+00
0.000000000000000000e+00
0.000000000000000000e+00
0.000000000000000000e+00
0.000000000000000000e+00
0.000000000000000000e+00
0.000000000000000000e+00
0.000000000000000000e+00
0.000000000000000000e+00
0.000000000000000000e+00
0.000000000000000000e+00
0.000000000000000000e+00
0.000000000000000000e+00
0.000000000000000000e+00
0.000000000000000000e+00
0.000000000000000000e+00
0.000000000000000000e+00
0.000000000000000000e+00
0.000000000000000000e+00
0.000000000000000000e+00
0.000000000000000000e+00
0.000000000000000000e+00
0.000000000000000000e+00
0.000000000000000000e+00
0.000000000000000000e+00
0.000000000000000000e+00
0.000000000000000000e+00
0.000000000000000000e+00
0.000000000000000000e+00
0.000000000000000000e+00
0.000000000000000000e+00
0.000000000000000000e+00
0.000000000000000000e+00
0.000000000000000000e+00
0.000000000000000000e+00
0.000000000000000000e+00
0.000000000000000000e+00
0.000000000000000000e+00
0.000000000000000000e+00
0.000000000000000000e+00
0.000000000000000000e+00
0.000000000000000000e+00
0.000000000000000000e+00
0.000000000000000000e+00
0.000000000000000000e+00
0.000000000000000000e+00
0.000000000000000000e+00
0.000000000000000000e+00
0.000000000000000000e+00
0.000000000000000000e+00
0.000000000000000000e+00
0.000000000000000000e+00
0.000000000000000000e+00
0.000000000000000000e+00
0.000000000000000000e+00
0.000000000000000000e+00
0.000000000000000000e+00
0.000000000000000000e+00
0.000000000000000000e+00
0.000000000000000000e+00
0.000000000000000000e+00
0.000000000000000000e+00
0.000000000000000000e+00
0.000000000000000000e+00
0.000000000000000000e+00
0.000000000000000000e+00
0.000000000000000000e+00
0.000000000000000000e+00
0.000000000000000000e+00
0.000000000000000000e+00
0.000000000000000000e+00
0.000000000000000000e+00
0.000000000000000000e+00
0.000000000000000000e+00
0.000000000000000000e+00
0.000000000000000000e+00
0.000000000000000000e+00
0.000000000000000000e+00
0.000000000000000000e+00
0.000000000000000000e+00
0.000000000000000000e+00
0.000000000000000000e+00
0.000000000000000000e+00
0.000000000000000000e+00
0.000000000000000000e+00
0.000000000000000000e+00
0.000000000000000000e+00
0.000000000000000000e+00
0.000000000000000000e+00
0.000000000000000000e+00
0.000000000000000000e+00
