5.872802734374988898e-01
4.757478926973273126e-01
8.136462115409193174e-03
-5.545511160989144983e-01
-6.638229870669669630e-01
2.290619958657380550e-02
1.100142773884345448e+00
1.823145780749513056e+00
1.115138628375068608e+00
1.383196350735569347e+00
1.644098033510502432e+00
8.811902371990836258e-01
-5.686181826424896446e-01
3.476822795254483900e-01
2.764521943976605556e-01
-8.105850400362379915e-01
-3.673429354632131716e-01
-4.353443376495480521e-01
-5.482051842279078713e-01
-1.307566542623139760e-01
6.091419144173648714e-01
-6.747031420167484139e-01
-1.143600100520014262e+00
-7.511988448380240158e-01
1.885930400689455055e-01
5.465699260044787344e-01
-2.024917688210261524e+00
-2.505116533156316549e+00
-2.251676753301966372e+00
-9.610755888635789113e-01
-4.143213602691506736e-01
-8.478391634893460704e-01
-1.750039934167736622e+00
-1.553739204990840506e+00
-3.147454210500173488e-01
1.585222211900545464e+00
2.189587603270111593e+00
1.449211051317844667e+00
2.856858423340687736e+00
-9.669702900715719807e-01
-2.810156459598846190e+00
-2.874265659291937780e+00
-1.582692248460112694e+00
-2.872701814583362712e-01
2.307926145974921184e-01
1.530712511263639719e+00
2.088565840313441946e+00
1.972806003069361935e+00
1.479069887121696958e+00
7.760198138165206316e-01
-2.212172922162998212e-01
8.071218053169668671e-01
1.022642969919988820e+00
1.827828002417463127e-01
-8.092334628476687275e-01
5.076741560240136675e-01
1.702355411465150015e+00
-1.831988464236085079e+00
-1.789993727663968137e+00
-4.347707877047679581e-01
6.817382539714631484e-01
4.532554516487232732e-01
-9.379505843870247217e-01
-4.506353318710409894e-01
5.619775735970369279e-01
9.843671262178110837e-03
-7.933463000732332571e-01
-8.602018000379254570e-01
-2.286441528210327867e-01
2.209391384256340629e-01
3.452346794933252028e-01
5.761196378697612808e-01
5.986177190000873116e-01
3.579721776683004730e-01
2.706039838799429997e-01
-4.245915168847935739e-01
-7.604979816718544505e-01
-3.727741270716022903e-01
3.054612627303552319e-01
4.621655535584528463e-01
-1.007901517620259924e+00
-6.334944700535261042e-01
-1.512892344471463701e-01
8.822880467195126641e-02
-9.098531635567685960e-02
-2.776123913798902443e-01
-3.547043865172249122e-01
-3.457004604365062628e-01
-1.968525844416521009e-01
-4.364335849048914251e-01
-4.562612137706455462e-01
-1.395383948190771495e-01
1.608998068010336624e-01
7.010901682189540907e-02
-3.321392037248401818e-01
-2.203075990308267507e-01
1.436784802247936810e-02
1.938075366568542401e-01
3.693127330916113893e-01
1.245439499611445955e-01
3.038231237252353445e-02
-1.327119718723832609e-01
-3.076874662532995686e-01
-3.484142702438929318e-01
-1.607437183556581495e-01
-9.472368442934242516e-02
-7.620122734079237681e-02
-7.692533545587210142e-02
-1.248877873301450503e-01
-5.841259436385182191e-02
1.484707879377156203e-01
1.859850824016566762e-01
-1.582344300963973716e-01
-4.518678314043611532e-01
-3.785162971644948637e-01
-1.542615100312432208e-01
-1.084544188210578852e-03
1.345705099184972275e-01
7.436369084192889778e-02
-1.860891689931432058e-02
9.251851693796186993e-02
1.330696037188194847e-01
-3.749224512508542162e-02
-3.482353654155916356e-01
-6.790868333000426027e-01
-9.371012794408044577e-01
-1.060023284025180423e+00
-9.881173394927573739e-01
-7.087262638964120232e-01
-4.717838518427928118e-01
-5.816305865764836991e-01
-7.107254397242588340e-01
-6.478518398412766999e-01
-4.955516461281224139e-01
-4.122336063231029080e-01
-4.790247849568389782e-01
-7.112188354325299500e-01
-1.026838635288984669e+00
-1.212676212923553987e+00
-1.142449531202486046e+00
-9.356986995473577373e-01
-8.122450528052955754e-01
-8.605706544276960912e-01
-1.053983633632267214e+00
-1.282707977536385435e+00
-1.323175754655192993e+00
-9.756040232515212907e-01
-3.417960234583552470e-01
2.743033050506553661e-01
6.621052489507488481e-01
7.503700867126495977e-01
3.929056055682931259e-01
-1.661873370316229170e-01
-7.106996205428073310e-01
-1.108386385767588411e+00
-1.299820345004754074e+00
-7.130314118298644033e-01
1.921239263012609610e-01
9.563012482922066404e-01
1.483423093367671086e+00
1.594213139149253333e+00
1.281624286892355080e+00
7.785408954642747403e-01
4.563924864377177926e-01
5.554480341021563738e-01
8.303258939575435260e-01
7.721839124819105393e-01
5.631560777212794022e-01
8.249597022158516868e-01
1.007072989384962369e+00
5.966778017698748382e-01
-5.117312968040784726e-01
3.220164677673901243e-01
2.201534568154889904e+00
3.442886816405856365e+00
3.488808023582147477e+00
2.455013655734834987e+00
1.038278167281187381e+00
-1.632362325839734063e-01
-2.248667655210879746e-01
-1.336375687000374013e-01
-1.491054240501894501e-01
5.368218232742139051e-03
9.124534639782625467e-01
2.237096144168760237e+00
3.459849273853409901e+00
4.006525327813579729e+00
3.471404803489150481e+00
2.346874306545688960e+00
1.684539354848698434e+00
1.338638789900416626e+00
8.519935610160449535e-01
2.675980131359266823e-01
2.256888349969466967e-01
6.115662703417468204e-01
5.266034960147840671e-01
6.387980921009868140e-01
1.036367613456778969e+00
1.320992881468877833e+00
1.320992881468877833e+00
1.036367613456778969e+00
6.387980921009868140e-01
5.266034960147840671e-01
6.115662703417468204e-01
2.256888349969466967e-01
2.675980131359266823e-01
8.519935610160449535e-01
1.338638789900416626e+00
1.684539354848698434e+00
2.346874306545688960e+00
3.471404803489150481e+00
4.006525327813579729e+00
3.459849273853409901e+00
2.237096144168760237e+00
9.124534639782625467e-01
5.368218232742139051e-03
-1.491054240501894501e-01
-1.336375687000374013e-01
-2.248667655210879746e-01
-1.632362325839734063e-01
1.038278167281187381e+00
2.455013655734834987e+00
3.488808023582147477e+00
3.442886816405856365e+00
2.201534568154889904e+00
3.220164677673901243e-01
-5.117312968040784726e-01
5.966778017698748382e-01
1.007072989384962369e+00
8.249597022158516868e-01
5.631560777212794022e-01
7.721839124819105393e-01
8.303258939575435260e-01
5.554480341021563738e-01
4.563924864377177926e-01
7.785408954642747403e-01
1.281624286892355080e+00
1.594213139149253333e+00
1.483423093367671086e+00
9.563012482922066404e-01
1.921239263012609610e-01
-7.130314118298644033e-01
-1.299820345004754074e+00
-1.108386385767588411e+00
-7.106996205428073310e-01
-1.661873370316229170e-01
3.929056055682931259e-01
7.503700867126495977e-01
6.621052489507488481e-01
2.743033050506553661e-01
-3.417960234583552470e-01
-9.756040232515212907e-01
-1.323175754655192993e+00
-1.282707977536385435e+00
-1.053983633632267214e+00
-8.605706544276960912e-01
-8.122450528052955754e-01
-9.356986995473577373e-01
-1.142449531202486046e+00
-1.212676212923553987e+00
-1.026838635288984669e+00
-7.112188354325299500e-01
-4.790247849568389782e-01
-4.122336063231029080e-01
-4.955516461281224139e-01
-6.478518398412766999e-01
-7.107254397242588340e-01
-5.816305865764836991e-01
-4.717838518427928118e-01
-7.087262638964120232e-01
-9.881173394927573739e-01
-1.060023284025180423e+00
-9.371012794408044577e-01
-6.790868333000426027e-01
-3.482353654155916356e-01
-3.749224512508542162e-02
1.330696037188194847e-01
9.251851693796186993e-02
-1.860891689931432058e-02
7.436369084192889778e-02
1.345705099184972275e-01
-1.084544188210578852e-03
-1.542615100312432208e-01
-3.785162971644948637e-01
-4.518678314043611532e-01
-1.582344300963973716e-01
1.859850824016566762e-01
1.484707879377156203e-01
-5.841259436385182191e-02
-1.248877873301450503e-01
-7.692533545587210142e-02
-7.620122734079237681e-02
-9.472368442934242516e-02
-1.607437183556581495e-01
-3.484142702438929318e-01
-3.076874662532995686e-01
-1.327119718723832609e-01
3.038231237252353445e-02
1.245439499611445955e-01
3.693127330916113893e-01
1.938075366568542401e-01
1.436784802247936810e-02
-2.203075990308267507e-01
-3.321392037248401818e-01
7.010901682189540907e-02
1.608998068010336624e-01
-1.395383948190771495e-01
-4.562612137706455462e-01
-4.364335849048914251e-01
-1.968525844416521009e-01
-3.457004604365062628e-01
-3.547043865172249122e-01
-2.776123913798902443e-01
-9.098531635567685960e-02
8.822880467195126641e-02
-1.512892344471463701e-01
-6.334944700535261042e-01
-1.007901517620259924e+00
4.621655535584528463e-01
3.054612627303552319e-01
-3.727741270716022903e-01
-7.604979816718544505e-01
-4.245915168847935739e-01
2.706039838799429997e-01
3.579721776683004730e-01
5.986177190000873116e-01
5.761196378697612808e-01
3.452346794933252028e-01
2.209391384256340629e-01
-2.286441528210327867e-01
-8.602018000379254570e-01
-7.933463000732332571e-01
9.843671262178110837e-03
5.619775735970369279e-01
-4.506353318710409894e-01
-9.379505843870247217e-01
4.532554516487232732e-01
6.817382539714631484e-01
-4.347707877047679581e-01
-1.789993727663968137e+00
-1.831988464236085079e+00
1.702355411465150015e+00
5.076741560240136675e-01
-8.092334628476687275e-01
1.827828002417463127e-01
1.022642969919988820e+00
8.071218053169668671e-01
-2.212172922162998212e-01
7.760198138165206316e-01
1.479069887121696958e+00
1.972806003069361935e+00
2.088565840313441946e+00
1.530712511263639719e+00
2.307926145974921184e-01
-2.872701814583362712e-01
-1.582692248460112694e+00
-2.874265659291937780e+00
-2.810156459598846190e+00
-9.669702900715719807e-01
2.856858423340687736e+00
1.449211051317844667e+00
2.189587603270111593e+00
1.585222211900545464e+00
-3.147454210500173488e-01
-1.553739204990840506e+00
-1.750039934167736622e+00
-8.478391634893460704e-01
-4.143213602691506736e-01
-9.610755888635789113e-01
-2.251676753301966372e+00
-2.505116533156316549e+00
-2.024917688210261524e+00
5.465699260044787344e-01
1.885930400689455055e-01
-7.511988448380240158e-01
-1.143600100520014262e+00
-6.747031420167484139e-01
6.091419144173648714e-01
-1.307566542623139760e-01
-5.482051842279078713e-01
-4.353443376495480521e-01
-3.673429354632131716e-01
-8.105850400362379915e-01
2.764521943976605556e-01
3.476822795254483900e-01
-5.686181826424896446e-01
8.811902371990836258e-01
1.644098033510502432e+00
1.383196350735569347e+00
1.115138628375068608e+00
1.823145780749513056e+00
1.100142773884345448e+00
2.290619958657380550e-02
-6.638229870669669630e-01
-5.545511160989144983e-01
8.136462115409193174e-03
4.757478926973273126e-01
0.000000000000000000e+00
0.000000000000000000e+00
0.000000000000000000e+00
0.000000000000000000e+00
0.000000000000000000e+00
0.000000000000000000e+00
0.000000000000000000e+00
0.000000000000000000e+00
0.000000000000000000e+00
0.000000000000000000e+00
0.000000000000000000e+00
0.000000000000000000e+00
0.000000000000000000e+00
0.000000000000000000e+00
0.000000000000000000e+00
0.000000000000000000e+00
0.000000000000000000e+00
0.000000000000000000e+00
0.000000000000000000e+00
0.000000000000000000e+00
0.000000000000000000e+00
0.000000000000000000e+00
0.000000000000000000e+00
0.000000000000000000e+00
0.000000000000000000e+00
0.000000000000000000e+00
0.000000000000000000e+00
0.000000000000000000e+00
0.000000000000000000e+00
0.000000000000000000e+00
0.000000000000000000e+00
0.000000000000000000e+00
0.000000000000000000e+00
0.000000000000000000e+00
0.000000000000000000e+00
0.000000000000000000e+00
0.000000000000000000e+00
0.000000000000000000e+00
0.000000000000000000e+00
0.000000000000000000e+00
0.000000000000000000e+00
0.000000000000000000e+00
0.000000000000000000e+00
0.000000000000000000e+00
0.000000000000000000e+00
0.000000000000000000e+00
0.000000000000000000e+00
0.000000000000000000e+00
0.000000000000000000e+00
0.000000000000000000e+00
0.000000000000000000e+00
0.000000000000000000e+00
0.000000000000000000e+00
0.000000000000000000e+00
0.000000000000000000e+00
0.000000000000000000e+00
0.000000000000000000e+00
0.000000000000000000e+00
0.000000000000000000e+00
0.000000000000000000e+00
0.000000000000000000e+00
0.000000000000000000e+00
0.000000000000000000e+00
0.000000000000000000e+00
0.000000000000000000e+00
0.000000000000000000e+00
0.000000000000000000e+00
0.000000000000000000e+00
0.000000000000000000e+00
0.000000000000000000e+00
0.000000000000000000e+00
0.000000000000000000e+00
0.000000000000000000e+00
0.000000000000000000e+00
0.000000000000000000e+00
0.000000000000000000e+00
0.000000000000000000e+00
0.000000000000000000e+00
0.000000000000000000e+00
0.000000000000000000e+00
0.000000000000000000e+00
0.000000000000000000e+00
0.000000000000000000e+00
0.000000000000000000e+00
0.000000000000000000e+00
0.000000000000000000e+00
0.000000000000000000e+00
0.000000000000000000e+00
0.000000000000000000e+00
0.000000000000000000e+00
0.000000000000000000e+00
0.000000000000000000e+00
0.000000000000000000e+00
0.000000000000000000e+00
0.000000000000000000e+00
0.000000000000000000e+00
0.000000000000000000e+00
0.000000000000000000e+00
0.000000000000000000e+00
0.000000000000000000e+00
0.000000000000000000e+00
0.000000000000000000e+00
0.000000000000000000e+00
