-3.794860839843734457e-01
-6.006956287245990289e-02
8.591372977780453724e-02
-1.101373878496030301e-01
-6.964485923424446057e-01
-1.020021234104142582e-01
7.468160888521366836e-01
8.894263479511326231e-01
7.141961002642002176e-01
1.255141479928856052e+00
2.352863198232383546e+00
2.173633975207641900e+00
-1.056172646829687256e+00
-1.160696057939980541e-01
-6.321844047548490497e-01
1.885417275182885710e-01
-4.987475001247436701e-01
-1.389926277043838532e+00
3.016116199461906788e-01
2.112065442615763899e+00
-2.598399137373445633e+00
-1.074550479879784248e+00
1.241937846496051101e+00
2.005565801468054854e+00
2.411136328003740115e-01
1.187952242901393785e+00
1.415021196869131304e+00
-3.595778533002736976e-01
-1.721633743951132001e-01
-9.844478603089071855e-01
-8.990614260701677019e-01
4.478249151245055071e-01
7.531241189807973413e-01
-1.053373337010823585e+00
8.077993290622043077e-02
9.353963951232768803e-01
-2.408716446454484128e-02
5.083804204779132085e-01
8.891648771325773026e-01
1.845201398163514472e+00
3.716358110575836982e+00
3.048147132410302440e+00
-2.693550832917418703e+00
-1.668107280316502017e+00
-5.065255205869840793e-01
-1.112020304736289766e+00
-4.189684514501199608e-01
8.421811695077858761e-01
-1.516959711700911484e-01
6.341910941689119507e-01
9.251415344940902008e-01
-9.117794689732582336e-01
-1.614086680260835571e-01
2.139244629514633900e-01
9.598292242644239636e-01
9.949633720447312868e-01
-7.221519784430698863e-01
1.757940585728695604e-01
7.095263743349605745e-01
-5.705470917807962117e-01
-5.128378539768697619e-01
4.390607441684746259e-02
3.304500540282823140e-01
3.364343729371181979e-01
3.228182190953889918e-01
3.171109614055416248e-01
-1.026364167905541580e-01
-2.548603385073490157e-01
1.174710765426334458e-01
4.481411375781719775e-01
6.731279841094179872e-01
2.151925036065861496e-01
-1.758816097677033397e-01
3.531017524886581604e-01
9.424663074354411307e-03
-4.238231950022101624e-01
5.471149531095743646e-01
-5.836037578494961409e-01
-1.531183103811165847e+00
6.311000041707033326e-01
2.882896929999662294e+00
2.446193094298309667e+00
8.246536668351837074e-01
1.378026065817453405e-01
2.131119298842939491e-01
-5.034609029551093684e-01
1.348300718164833212e-01
6.943340149925426585e-01
2.682001626258408988e-01
-1.568864958272939980e-01
5.063971958408836072e-01
4.427203066382678909e-02
-4.187126829090960234e-01
-3.309485260579839716e-01
-8.278547257460266984e-02
-2.202476601855296590e-02
5.227884478286436432e-01
1.114723333471870914e+00
1.201271088600852854e+00
7.778927792303163002e-01
-4.350908229161317142e-01
-6.125389572529145177e-01
-5.915658230281752861e-01
5.802227058725395459e-02
4.235445521962967752e-01
-1.209569974937617087e-01
4.365282549991020278e-02
2.549826344102958386e-01
-4.273558878924269000e-01
-5.182272708868674860e-01
-4.283209828548369957e-01
-5.807091361178799982e-01
4.680812518952329748e-01
1.335645056670179409e+00
1.408928784546697788e+00
8.729104131951609391e-01
-1.142290796690824117e-01
-4.816684170140488330e-01
-2.029263926183473288e-01
-2.661519465393783479e-01
1.326467433954111153e+00
2.479634589878296769e+00
2.324884491005455800e+00
3.107034004573541175e-01
-3.917562146099684561e-02
3.390054340912063147e-01
-4.421882373388642540e-01
7.489777092699445582e-01
1.993684559215788576e+00
1.895076371059046583e+00
1.119969075119988888e+00
-2.083625785567408961e-01
-1.105759022756150678e+00
-9.329246303483318403e-01
-1.131390208303300060e-01
-4.262293378433265056e-01
-7.190793294494487453e-01
3.131490388182021634e-01
2.832253867721135077e-01
-2.639831192736777910e-01
1.625872588885246550e-02
1.237968600412333586e-01
-4.411749161644444861e-01
-3.603780823055644511e-01
7.375763209434722523e-01
1.276882479296312045e+00
8.641965845922410239e-01
2.885759817395227023e-01
-9.736758002171641557e-01
-1.011722369738920158e+00
-3.120923341964942921e-02
3.700890058905655922e-01
-5.644052447668004291e-01
1.016915730218077574e-01
-9.187195569995338928e-01
-2.966046646071382575e+00
-4.131989029319957929e+00
-6.433573428046775788e+00
-9.532923294161331995e+00
-5.181921257945313997e+00
4.955772384296975197e+00
4.525409982530137931e+00
1.174545865964656599e+00
-2.718819943620859325e-01
-1.534818716661675353e+00
-3.424436849220827028e+00
-1.411534663972550785e+00
4.433407760340330128e+00
5.463695294361321508e+00
2.448458995308103070e+00
-7.693503838925164207e-02
-4.379323081911555837e-01
-9.454377533048547999e-01
-2.078931655967569458e+00
-2.541617093021703244e+00
-2.109164325238772175e+00
2.921831927671995066e-01
1.122476181552989338e-02
1.027341025490051685e-01
1.123990122948690384e-01
-1.823986073205344782e+00
-2.029606524700278136e+00
-2.283796917530027670e+00
-9.684834684088804435e-01
6.472762325265557504e-01
9.318077740485128935e-01
7.568732891627405479e-03
-4.104663265252226356e-01
-4.567486371711654281e-01
-2.767557921144204069e+00
-3.819695510726869969e+00
-2.693236950542684305e+00
-4.578431334494640348e-01
-3.410860078724513578e-01
2.970228720132081612e+00
3.898211768356064866e+00
-5.775284015865210563e+00
-9.392954731449655981e+00
-6.774506624765949780e+00
-4.152852827354710286e+00
1.392047337647372540e+00
5.554473347637990166e+00
6.023879685316080312e+00
1.262540580503625165e+00
3.041904830199363419e-01
8.862559584441893623e-01
-1.268879967528672159e+00
-9.021168837399529128e-01
5.406925671059092942e-01
-3.642681247420631596e-01
-6.783623905662239384e-02
2.093027503184876625e-01
-1.287662800761286697e-01
-1.275060428144363378e-01
-5.456030504514275403e-01
-1.702795756450951048e-01
1.025693400794205346e+00
1.792510438911474990e+00
1.441119240172422211e+00
1.763235329487581327e-01
6.663463623282184223e-03
6.783231107244771518e-01
-1.471405754795074294e-02
-6.771542727716648447e-01
-1.168954428693464997e-01
4.037172556247224930e-01
4.663033879488179267e-02
2.979326622737751284e-01
2.975608695135845139e-02
-7.600945176644173795e-01
-1.246610967980310125e+00
-7.742984619980697314e-01
7.836411383771328953e-01
1.535261856132459135e+00
1.323083943354835590e+00
7.557148138064504472e-01
-4.161845847801477483e-01
5.734716565592472559e-01
3.358381725193440026e-01
3.367861540752640215e-01
2.563102213412620234e+00
3.076638664199927042e+00
1.511628846756013278e+00
2.128231912855335084e-01
2.188939585117222197e-01
-6.289811682526078584e-01
-7.685291813922725535e-01
2.410434827562835114e-01
1.254933607055810363e+00
1.358561059677646732e+00
6.110760610971599505e-01
1.810447740384211190e-01
2.472876787019080425e-01
-1.584669874243239684e-01
-4.181994085426145591e-01
1.162861013761829487e-01
2.736071347547363586e-01
-7.322457902352957904e-02
-9.013143288510994111e-04
3.614025728798209158e-03
-9.799130190276555963e-02
-3.032697653888988820e-01
-8.295125212543984494e-01
-1.141490215347689130e-01
9.360818966311111877e-01
1.587207040581323225e+00
7.528696185642758110e-01
1.102171826618821848e-01
2.157388145601284446e-01
-1.543349809117393612e-01
-4.074289829049030365e-01
2.140954722759869089e-02
4.254842477211013829e-01
-5.532953044495231287e-01
-2.348321138394650065e-01
4.091189941384182349e-01
-7.343844060851586475e-01
-1.606694440393396928e+00
-4.859919109527233161e-01
1.039745571933825274e-01
7.120646306260924874e-01
2.540410536328947089e+00
3.193372758776495957e+00
1.632645301937690530e+00
1.395200885472512864e-01
4.399048597334583310e-01
1.346427975258384091e-01
-1.370080236579810928e-01
2.146256281627086926e-01
2.877418317398083847e-01
2.545079111880963474e-01
2.381893746830047176e-01
7.371576850155403537e-01
6.669077972811574551e-01
-2.029298618206072380e-01
-9.587633778054509559e-01
-6.364590579344034937e-01
3.440777652882167081e-01
-8.686702459858375303e-02
-4.622754306701597482e-01
2.825090581602850426e-01
-2.451219070311151382e-01
-1.284249790461332363e+00
-1.561136520036915387e+00
-7.076853820077348978e-01
-8.367517054066353488e-03
-1.406203427559356012e+00
-5.132029577035299717e-01
2.173615293209014698e-01
-1.415030241439305669e+00
-2.810139648479610841e+00
-4.105323815520652175e+00
-3.070268223190671719e+00
-1.658765582607515832e+00
6.269236197508782915e-01
7.378737313790284524e-01
-4.821254930912699521e-01
5.857243275742440858e-03
1.540991646678147031e+00
1.074710659319507933e+00
1.372797674382251198e-01
2.019267221045198291e+00
3.468238806381461981e+00
4.923373735746333857e+00
2.538100170183666293e+00
7.886742195343430240e-01
6.604640739278719863e-01
1.555712163605333931e+00
1.294088921717233109e+00
8.325632833817731004e-01
-4.960524967892325776e-01
3.367397518339314555e-01
-5.971935457617929544e-01
-5.258594644035259336e+00
-6.313343263649089820e+00
-2.325380982328132617e+00
-1.104359948258712087e+00
-3.643934651514501244e+00
-3.436206934105821897e+00
3.008194165699926703e+00
4.561346033739351213e+00
3.787716570390426085e+00
-4.394218307858266948e-01
3.098688747957980993e+00
6.429151294151379759e+00
2.595139292920890295e+00
-1.160222203474256419e+00
1.654159519099114739e+00
-3.364730323016829061e-01
-1.501092627479115205e+00
-7.815823472585516907e-01
5.167613003231430469e-01
1.088029050294285760e+00
7.166502623718469245e-01
4.998984854213421869e-01
2.406926781841952856e+00
2.890498249376005635e+00
1.521861480063116723e+00
1.428204098233511132e+00
2.662154541926966989e+00
2.376115688699449446e+00
1.107193053667885563e+00
0.000000000000000000e+00
0.000000000000000000e+00
0.000000000000000000e+00
0.000000000000000000e+00
0.000000000000000000e+00
0.000000000000000000e+00
0.000000000000000000e+00
0.000000000000000000e+00
0.000000000000000000e+00
0.000000000000000000e+00
0.000000000000000000e+00
0.000000000000000000e+00
0.000000000000000000e+00
0.000000000000000000e+00
0.000000000000000000e+00
0.000000000000000000e+00
0.000000000000000000e+00
0.000000000000000000e+00
0.000000000000000000e+00
0.000000000000000000e+00
0.000000000000000000e+00
0.000000000000000000e+00
0.000000000000000000e+00
0.000000000000000000e+00
0.000000000000000000e+00
0.000000000000000000e+00
0.000000000000000000e+00
0.000000000000000000e+00
0.000000000000000000e+00
0.000000000000000000e+00
0.000000000000000000e+00
0.000000000000000000e+00
0.000000000000000000e+00
0.000000000000000000e+00
0.000000000000000000e+00
0.000000000000000000e+00
0.000000000000000000e+00
0.000000000000000000e+00
0.000000000000000000e+00
0.000000000000000000e+00
0.000000000000000000e+00
0.000000000000000000e+00
0.000000000000000000e+00
0.000000000000000000e+00
0.000000000000000000e+00
0.000000000000000000e+00
0.000000000000000000e+00
0.000000000000000000e+00
0.000000000000000000e+00
0.000000000000000000e+00
0.000000000000000000e+00
0.000000000000000000e+00
0.000000000000000000e+00
0.000000000000000000e+00
0.000000000000000000e+00
0.000000000000000000e+00
0.000000000000000000e+00
0.000000000000000000e+00
0.000000000000000000e+00
0.000000000000000000e+00
0.000000000000000000e+00
0.000000000000000000e+00
0.000000000000000000e+00
0.000000000000000000e+00
0.000000000000000000e+00
0.000000000000000000e+00
0.000000000000000000e+00
0.000000000000000000e+00
0.000000000000000000e+00
0.000000000000000000e+00
0.000000000000000000e+00
0.000000000000000000e+00
0.000000000000000000e+00
0.000000000000000000e+00
0.000000000000000000e+00
0.000000000000000000e+00
0.000000000000000000e+00
0.000000000000000000e+00
0.000000000000000000e+00
0.000000000000000000e+00
0.000000000000000000e+00
0.000000000000000000e+00
0.000000000000000000e+00
0.000000000000000000e+00
0.000000000000000000e+00
0.000000000000000000e+00
0.000000000000000000e+00
0.000000000000000000e+00
0.000000000000000000e+00
0.000000000000000000e+00
0.000000000000000000e+00
0.000000000000000000e+00
0.000000000000000000e+00
0.000000000000000000e+00
0.000000000000000000e+00
0.000000000000000000e+00
0.000000000000000000e+00
0.000000000000000000e+00
0.000000000000000000e+00
0.000000000000000000e+00
0.000000000000000000e+00
0.000000000000000000e+00
0.000000000000000000e+00
0.000000000000000000e+00
0.000000000000000000e+00
0.000000000000000000e+00
0.000000000000000000e+00
0.000000000000000000e+00
0.000000000000000000e+00
0.000000000000000000e+00
0.000000000000000000e+00
0.000000000000000000e+00
0.000000000000000000e+00
0.000000000000000000e+00
0.000000000000000000e+00
0.000000000000000000e+00
0.000000000000000000e+00
0.000000000000000000e+00
0.000000000000000000e+00
0.000000000000000000e+00
0.000000000000000000e+00
0.000000000000000000e+00
0.000000000000000000e+00
0.000000000000000000e+00
0.000000000000000000e+00
0.000000000000000000e+00
0.000000000000000000e+00
0.000000000000000000e+00
0.000000000000000000e+00
0.000000000000000000e+00
0.000000000000000000e+00
0.000000000000000000e+00
0.000000000000000000e+00
0.000000000000000000e+00
0.000000000000000000e+00
0.000000000000000000e+00
0.000000000000000000e+00
0.000000000000000000e+00
