-1.347351074218744449e-01
8.756989780954417268e-01
1.072566394439352422e+00
2.558162747601124831e-01
-4.506541552638578807e-01
-2.849910683855524374e-01
6.238277954968363126e-01
2.537652648850771686e-01
-5.521667829991094845e-02
2.049573738712322513e-01
4.499590184714801211e-01
6.959823510863778484e-01
7.146624789225004548e-01
5.390450201600607283e-01
4.473583332912074439e-01
9.330262830615387859e-01
1.060530994261727589e+00
1.269145834688949037e+00
9.597423790615248196e-01
6.246614067013926963e-01
3.731999662862068856e-01
2.138023304506675437e-01
-9.737049912148454389e-02
3.647075560872101718e-01
1.025867246582058190e+00
7.991253339357915486e-01
6.331128672141099756e-01
1.052666532523371945e+00
1.134229486345861071e+00
-8.477578000788981161e-01
-3.788702510026960013e-01
1.055888411025491802e-01
-9.418858626010623292e-01
2.458525006221439213e-01
2.881438449108772559e+00
1.797909552687744883e+00
-7.497976868042766085e-02
-8.320673828982296794e-01
-2.139668315174321211e-01
-5.306959076447881340e-01
-4.120802829279002211e-01
-5.691579294105271192e-01
-1.661102086971721459e+00
2.378662063569542795e+00
2.994189829150182280e+00
1.638116383068419779e+00
4.760558906485385933e-01
1.664776201920177279e+00
2.222344602170812422e+00
6.645925988317342714e-01
-1.540072854021148352e+00
-4.415450139475665114e-01
-3.902181544658676060e-01
-1.902311097637464421e+00
-1.841417854084113515e+00
-1.783644263976339239e+00
-2.488838860320524038e+00
-2.943951134702781580e+00
-2.449939786642372219e+00
-9.840971768074240345e-01
2.456516214952076282e+00
2.378429899408707193e+00
2.840009785780027052e+00
2.157954669744211351e+00
6.936294273581711245e-01
1.627608928052580506e+00
5.139337329158175649e-01
-5.309008843913800568e-01
-1.901900196018424527e+00
-3.461496761447373061e+00
-3.252475441016669411e+00
6.294754329678298177e-01
5.108780425931588987e+00
5.391159225707196967e+00
2.952205077747477091e+00
3.470321769760582598e+00
5.044450154583377532e+00
9.286156800310476633e-01
-2.344157623842868521e+00
7.773079960813245037e-01
2.031217368258330325e+00
2.361466554993350009e+00
2.102425052353279700e+00
1.693104620553674611e+00
1.645926115651839883e+00
1.292590326848590543e+00
-4.461531179995468221e-01
-2.212961627213500648e+00
-2.676055804944753369e+00
-3.054665742588300148e+00
-3.340701499203287739e+00
-2.879247821566699006e+00
-3.396114613960178996e+00
-4.842374243460928263e+00
-3.693334366671028768e+00
5.339424793380840306e-01
-4.208089732074484779e-01
-2.653095676629925403e+00
-2.661909923409266021e+00
-6.201017091458425057e-01
7.656422155555864251e-01
6.612491593444791427e-02
5.888216640759031950e-01
6.539357848103390936e-01
-2.488101546988756851e-01
-2.820715769017000385e-01
5.223884123067493723e-01
9.631595187455157525e-01
1.255526683060737891e+00
1.521733472548655097e+00
8.037509488162402072e-01
-2.493756007809994069e-01
1.144126798958149838e+00
2.405981877369485211e-01
-1.400912700557984003e+00
-9.308863506284017486e-01
-2.735542900258971510e-01
1.425553277817424025e-01
1.353556646802131391e+00
1.684175980352013102e+00
1.751610798305654360e+00
3.582619278238690086e-01
-1.620735051032829999e-01
9.327006834683650993e-01
5.658013161376951317e-01
-6.022029919636295858e-03
3.219696093425932215e-01
7.778893129818955643e-01
-1.077290963144918345e+00
-2.116549609659615250e+00
-1.394210194135904857e+00
-1.475622402245552856e+00
-2.543241939542727703e+00
-3.173237410032681893e+00
-2.283272263652683431e+00
-1.063103452722538478e+00
-5.134018214570820193e-01
7.533835801119288522e-01
1.120930743004164620e+00
7.973156523991293820e-01
3.835960638205027085e-01
9.268008076438682963e-02
-4.542639055781483304e-01
-1.017395484910563752e+00
6.388177144704854094e-02
1.403319191234778440e+00
8.336078217949143276e-01
-2.573635416009412147e-01
-4.695034838974128100e-01
-1.433878781713271433e-01
-1.322164110681456339e-01
-4.966764326547390418e-01
-2.048278844770038409e-01
1.602867571053733231e-01
-2.196520736317599809e-01
-6.248820173585851734e-01
-7.324180498257863992e-01
-5.405721301061456874e-01
-5.659368963013888809e-02
4.121914020854630101e-01
3.046385252223240414e-01
-1.130239700884139165e-02
-1.142438237310277049e-01
-1.305305189463972226e-01
-4.238515281315801131e-01
-5.518455410698481778e-01
-3.146947805778530505e-01
3.122979245153834071e-02
2.385301940586075364e-01
3.744084517298680304e-01
-1.183753720936724374e-01
-8.968436690492059826e-01
-7.305138354529642220e-01
-7.715780465003052591e-02
5.960120961291187625e-02
-5.703903291970975342e-01
-3.971012702960248220e-01
-1.843123600892121461e-01
-4.469970996485674863e-01
-6.293640018467691055e-01
9.538962858461258465e-02
8.878549288221736502e-01
1.346067602426036292e+00
8.848953706980922096e-01
1.670248132632958793e-01
-2.613079885547653358e-01
-1.981510795415621917e-01
-1.821657173831197074e-01
-3.780311222394545645e-01
-1.480444842904728997e-01
2.762035767527484253e-01
3.437259030292930118e-01
-6.060399858518213945e-01
-6.706840384527295029e-01
-2.606776602299513135e-01
-6.877616283685794585e-02
-4.890855833821439180e-02
1.254565177894151340e-02
1.395393041464973449e-01
1.395393041464973449e-01
1.254565177894151340e-02
-4.890855833821439180e-02
-6.877616283685794585e-02
-2.606776602299513135e-01
-6.706840384527295029e-01
-6.060399858518213945e-01
3.437259030292930118e-01
2.762035767527484253e-01
-1.480444842904728997e-01
-3.780311222394545645e-01
-1.821657173831197074e-01
-1.981510795415621917e-01
-2.613079885547653358e-01
1.670248132632958793e-01
8.848953706980922096e-01
1.346067602426036292e+00
8.878549288221736502e-01
9.538962858461258465e-02
-6.293640018467691055e-01
-4.469970996485674863e-01
-1.843123600892121461e-01
-3.971012702960248220e-01
-5.703903291970975342e-01
5.960120961291187625e-02
-7.715780465003052591e-02
-7.305138354529642220e-01
-8.968436690492059826e-01
-1.183753720936724374e-01
3.744084517298680304e-01
2.385301940586075364e-01
3.122979245153834071e-02
-3.146947805778530505e-01
-5.518455410698481778e-01
-4.238515281315801131e-01
-1.305305189463972226e-01
-1.142438237310277049e-01
-1.130239700884139165e-02
3.046385252223240414e-01
4.121914020854630101e-01
-5.659368963013888809e-02
-5.405721301061456874e-01
-7.324180498257863992e-01
-6.248820173585851734e-01
-2.196520736317599809e-01
1.602867571053733231e-01
-2.048278844770038409e-01
-4.966764326547390418e-01
-1.322164110681456339e-01
-1.433878781713271433e-01
-4.695034838974128100e-01
-2.573635416009412147e-01
8.336078217949143276e-01
1.403319191234778440e+00
6.388177144704854094e-02
-1.017395484910563752e+00
-4.542639055781483304e-01
9.268008076438682963e-02
3.835960638205027085e-01
7.973156523991293820e-01
1.120930743004164620e+00
7.533835801119288522e-01
-5.134018214570820193e-01
-1.063103452722538478e+00
-2.283272263652683431e+00
-3.173237410032681893e+00
-2.543241939542727703e+00
-1.475622402245552856e+00
-1.394210194135904857e+00
-2.116549609659615250e+00
-1.077290963144918345e+00
7.778893129818955643e-01
3.219696093425932215e-01
-6.022029919636295858e-03
5.658013161376951317e-01
9.327006834683650993e-01
-1.620735051032829999e-01
3.582619278238690086e-01
1.751610798305654360e+00
1.684175980352013102e+00
1.353556646802131391e+00
1.425553277817424025e-01
-2.735542900258971510e-01
-9.308863506284017486e-01
-1.400912700557984003e+00
2.405981877369485211e-01
1.144126798958149838e+00
-2.493756007809994069e-01
8.037509488162402072e-01
1.521733472548655097e+00
1.255526683060737891e+00
9.631595187455157525e-01
5.223884123067493723e-01
-2.820715769017000385e-01
-2.488101546988756851e-01
6.539357848103390936e-01
5.888216640759031950e-01
6.612491593444791427e-02
7.656422155555864251e-01
-6.201017091458425057e-01
-2.661909923409266021e+00
-2.653095676629925403e+00
-4.208089732074484779e-01
5.339424793380840306e-01
-3.693334366671028768e+00
-4.842374243460928263e+00
-3.396114613960178996e+00
-2.879247821566699006e+00
-3.340701499203287739e+00
-3.054665742588300148e+00
-2.676055804944753369e+00
-2.212961627213500648e+00
-4.461531179995468221e-01
1.292590326848590543e+00
1.645926115651839883e+00
1.693104620553674611e+00
2.102425052353279700e+00
2.361466554993350009e+00
2.031217368258330325e+00
7.773079960813245037e-01
-2.344157623842868521e+00
9.286156800310476633e-01
5.044450154583377532e+00
3.470321769760582598e+00
2.952205077747477091e+00
5.391159225707196967e+00
5.108780425931588987e+00
6.294754329678298177e-01
-3.252475441016669411e+00
-3.461496761447373061e+00
-1.901900196018424527e+00
-5.309008843913800568e-01
5.139337329158175649e-01
1.627608928052580506e+00
6.936294273581711245e-01
2.157954669744211351e+00
2.840009785780027052e+00
2.378429899408707193e+00
2.456516214952076282e+00
-9.840971768074240345e-01
-2.449939786642372219e+00
-2.943951134702781580e+00
-2.488838860320524038e+00
-1.783644263976339239e+00
-1.841417854084113515e+00
-1.902311097637464421e+00
-3.902181544658676060e-01
-4.415450139475665114e-01
-1.540072854021148352e+00
6.645925988317342714e-01
2.222344602170812422e+00
1.664776201920177279e+00
4.760558906485385933e-01
1.638116383068419779e+00
2.994189829150182280e+00
2.378662063569542795e+00
-1.661102086971721459e+00
-5.691579294105271192e-01
-4.120802829279002211e-01
-5.306959076447881340e-01
-2.139668315174321211e-01
-8.320673828982296794e-01
-7.497976868042766085e-02
1.797909552687744883e+00
2.881438449108772559e+00
2.458525006221439213e-01
-9.418858626010623292e-01
1.055888411025491802e-01
-3.788702510026960013e-01
-8.477578000788981161e-01
1.134229486345861071e+00
1.052666532523371945e+00
6.331128672141099756e-01
7.991253339357915486e-01
1.025867246582058190e+00
3.647075560872101718e-01
-9.737049912148454389e-02
2.138023304506675437e-01
3.731999662862068856e-01
6.246614067013926963e-01
9.597423790615248196e-01
1.269145834688949037e+00
1.060530994261727589e+00
9.330262830615387859e-01
4.473583332912074439e-01
5.390450201600607283e-01
7.146624789225004548e-01
6.959823510863778484e-01
4.499590184714801211e-01
2.049573738712322513e-01
-5.521667829991094845e-02
2.537652648850771686e-01
6.238277954968363126e-01
-2.849910683855524374e-01
-4.506541552638578807e-01
2.558162747601124831e-01
1.072566394439352422e+00
8.756989780954417268e-01
0.000000000000000000e+00
0.000000000000000000e+00
0.000000000000000000e+00
0.000000000000000000e+00
0.000000000000000000e+00
0.000000000000000000e+00
0.000000000000000000e+00
0.000000000000000000e+00
0.000000000000000000e+00
0.000000000000000000e+00
0.000000000000000000e+00
0.000000000000000000e+00
0.000000000000000000e+00
0.000000000000000000e+00
0.000000000000000000e+00
0.000000000000000000e+00
0.000000000000000000e+00
0.000000000000000000e+00
0.000000000000000000e+00
0.000000000000000000e+00
0.000000000000000000e+00
0.000000000000000000e+00
0.000000000000000000e+00
0.000000000000000000e+00
0.000000000000000000e+00
0.000000000000000000e+00
0.000000000000000000e+00
0.000000000000000000e+00
0.000000000000000000e+00
0.000000000000000000e+00
0.000000000000000000e+00
0.000000000000000000e+00
0.000000000000000000e+00
0.000000000000000000e+00
0.000000000000000000e+00
0.000000000000000000e+00
0.000000000000000000e+00
0.000000000000000000e+00
0.000000000000000000e+00
0.000000000000000000e+00
0.000000000000000000e+00
0.000000000000000000e+00
0.000000000000000000e+00
0.000000000000000000e+00
0.000000000000000000e+00
0.000000000000000000e+00
0.000000000000000000e+00
0.000000000000000000e+00
0.000000000000000000e+00
0.000000000000000000e+00
0.000000000000000000e+00
0.000000000000000000e+00
0.000000000000000000e+00
0.000000000000000000e+00
0.000000000000000000e+00
0.000000000000000000e+00
0.000000000000000000e+00
0.000000000000000000e+00
0.000000000000000000e+00
0.000000000000000000e+00
0.000000000000000000e+00
0.000000000000000000e+00
0.000000000000000000e+00
0.000000000000000000e+00
0.000000000000000000e+00
0.000000000000000000e+00
0.000000000000000000e+00
0.000000000000000000e+00
0.000000000000000000e+00
0.000000000000000000e+00
0.000000000000000000e+00
0.000000000000000000e+00
0.000000000000000000e+00
0.000000000000000000e+00
0.000000000000000000e+00
0.000000000000000000e+00
0.000000000000000000e+00
0.000000000000000000e+00
0.000000000000000000e+00
0.000000000000000000e+00
0.000000000000000000e+00
0.000000000000000000e+00
0.000000000000000000e+00
0.000000000000000000e+00
0.000000000000000000e+00
0.000000000000000000e+00
0.000000000000000000e+00
0.000000000000000000e+00
0.000000000000000000e+00
0.000000000000000000e+00
0.000000000000000000e+00
0.000000000000000000e+00
0.000000000000000000e+00
0.000000000000000000e+00
0.000000000000000000e+00
0.000000000000000000e+00
0.000000000000000000e+00
0.000000000000000000e+00
0.000000000000000000e+00
0.000000000000000000e+00
0.000000000000000000e+00
0.000000000000000000e+00
0.000000000000000000e+00
