-6.246643066406235567e-01
4.716529656947928695e-01
1.258832092589900586e+00
1.005444912318136375e+00
1.285067562778741124e-02
5.851761568422175763e-02
9.482496516170842993e-01
9.879016347919000740e-01
1.092709727367920935e-01
-4.037877374633029870e-01
5.249254342913352023e-01
9.127214344981930960e-01
9.658480349000457821e-01
5.437231760684344550e-01
3.875409857431151295e-01
1.575819911678229879e+00
2.391462810272014572e+00
1.104338569125052238e+00
-3.684770506438295179e-01
7.600549544830446091e-01
1.692236235039270342e+00
1.250581727883875116e+00
1.277057295650270152e-01
9.969400886549932839e-01
3.228430237887264020e+00
3.502016422747548319e+00
1.454690170836664631e+00
-8.346333723693153406e-01
-6.959128315716684998e-01
7.954129906106177650e-02
8.115747804272887000e-01
1.202737602876517320e+00
1.806074642948121145e+00
2.593226432150335103e+00
2.140734962411531050e+00
9.180855023709666440e-01
1.368587815685400777e+00
2.437271201876846760e+00
1.692019510658851811e+00
-1.777207080547227314e-01
1.141630376570221816e-01
1.454158915164911470e+00
1.729706382345932880e+00
-1.452255552980201703e-01
5.977615468514378971e-01
3.685770221063009444e-01
1.683086000678278848e-01
2.853320791259141842e+00
2.975835722501230851e+00
1.035322590013933564e+00
1.702781228249375722e+00
9.735138453722070873e-01
7.845409939786707199e-02
8.831081596469575468e-01
1.359213189354697704e+00
2.579440165304990318e-01
3.471960362697827929e-01
7.633434940378320821e-01
2.635810292275205247e-01
8.957779427860197430e-01
1.511234934745959713e+00
1.140963324293674752e+00
9.281162508098818043e-01
1.355138232522072661e+00
1.214866435009151591e+00
3.288609062185601228e-01
5.621288404791688897e-01
7.242880133900164719e-01
9.359719136707805864e-01
1.829050377237209313e+00
1.987741512028882829e+00
1.365944113653230207e+00
5.959444997169033309e-01
8.837521532373140420e-01
1.176321152703346362e+00
3.943372408015905495e-01
7.038994889465781668e-01
1.538914258470860608e+00
1.342310376939722438e+00
3.845583837898172153e-01
1.712923775222504608e-01
-1.766240906744748207e-01
3.350227274073238615e-01
1.543606414178036790e+00
1.315415340723401716e+00
-1.629276148045555317e-02
-6.181919468407104379e-01
-2.965943047668264665e-01
1.521582999160266958e-01
1.719987937945632872e-01
4.109420741671043764e-01
1.057588155567858124e+00
-7.875032762071065839e-02
-1.933113510401257784e+00
-3.105526166760387952e+00
1.880382283258068554e-01
3.339565688879738037e+00
4.295097918529794612e+00
4.857414708220100685e+00
7.817491510264270360e+00
1.131936321307362903e+01
1.056872285124969224e+01
4.324283100785204503e+00
3.719908709884705900e+00
4.992701935814107372e+00
2.578687539057114009e+00
2.180359938375965534e+00
3.552792734652954199e+00
3.008713421247827036e+00
1.153602801234111297e+00
-1.198833644398938914e-02
5.732039288942480937e-01
2.013881469960517867e-01
2.677511086670558704e-01
1.441779377944817586e+00
1.293627902238181804e+00
4.252717952757087971e-01
1.188643488697904704e-02
2.909780004672324338e-01
5.306190094221501230e-01
5.087669617828985968e-01
2.450090572992472127e-01
-1.159028424449103367e-01
-3.320780639126610922e-01
-2.348610301064748551e-01
-2.804447183293605761e-01
-5.625450255157724566e-01
-9.633633254394845524e-01
-1.254873006859867912e+00
-7.723325167767347565e-01
2.627110206988365615e-01
8.978708337407752538e-01
6.555757674853806005e-01
1.456148789694677870e-01
-1.419197278016250952e-01
-9.353993762659922329e-01
-1.543438114302008390e+00
-6.850812557553849214e-01
-6.425650087841416891e-02
-1.579864788956359956e-01
-3.542430897706312365e-01
-4.202440512285348095e-01
-8.558102057279458608e-01
-1.203638511243114717e+00
4.444868094154161842e-01
1.665968801025211388e+00
2.356568401379623090e+00
1.311504919187839846e+00
6.022638042491866850e-01
4.951739649538218213e-01
1.568754700618792963e-01
6.741297389376026405e-01
1.772339172919432659e+00
2.448725827670235056e+00
2.196341232681875422e+00
1.495411035717280956e+00
1.044740929802230545e+00
1.162914192590314588e+00
1.622836690241958646e+00
2.001528892372324453e+00
1.778190542551219888e+00
1.192046048335510644e+00
8.139213523328243660e-01
8.030134115109868187e-01
6.862774753761062829e-01
4.839060659383288554e-01
5.127539419879926230e-01
3.362939420299685400e-01
9.737076913341080608e-02
-1.045511185808916110e-01
-3.543504040980343106e-01
-6.566019393208406552e-01
-1.148213243519187632e+00
-1.203789214400072360e+00
-8.227831754241626827e-01
-3.586089454419258971e-01
-1.803301738893861028e-01
-3.011377319661547869e-01
-5.084816230015369865e-01
-5.281209577935724875e-01
-2.525934671903341533e-01
1.213929791871877217e-01
3.079001666860528008e-01
-2.207724718806280961e-01
-9.417160336064220871e-01
-1.225269345827570522e+00
-7.879212452013386603e-01
-1.289919419783631671e-01
1.784425848833979256e-01
4.284719314548535163e-01
5.155308311502195817e-01
5.195976763560690159e-01
9.608760142939656301e-01
1.715653833497340575e+00
2.093555766345534863e+00
1.613468959943618053e+00
8.218883981176879905e-01
6.362334534182073620e-01
1.372930663223948411e+00
2.340317815255732459e+00
2.443502716191576773e+00
1.570840776697730368e+00
6.283971778251863372e-01
3.506545441174314659e-01
6.805824586335252890e-01
7.130032501303034120e-01
1.405114271961464212e+00
2.553132739116373173e+00
2.085310040656272790e+00
1.208122861620048560e+00
-1.578516767765337225e-01
3.012114340114985245e-01
5.167838672339584161e-01
1.551879495412871179e-01
2.693465353439010723e-01
5.833082138218244062e-01
-4.658349497211595747e-01
-2.573063277594729303e+00
-3.319948136846775366e+00
-3.228861400444859697e+00
-2.673275263063433549e+00
-5.847060729459301331e-01
8.758579272143964811e-01
-8.913112521016797185e-01
-1.846198226633817052e+00
-1.521441070967296083e+00
-4.120027406757759136e-01
-6.067199659271049761e-02
-4.417129150435012974e-01
-1.313026280205752405e-01
-1.586588634896294869e-01
-5.449341582085228675e-01
-4.775318473427558885e-01
-2.772327770484384057e-02
4.874904756679656614e-01
3.507456961047710209e-01
-4.245717217946820554e-02
3.101861980265029350e-01
1.237861148083593488e+00
1.389877698303299880e+00
5.664506811205266557e-02
-8.218682584697512006e-02
2.695344520880991190e-01
-9.949647961957130970e-02
1.566040737002902805e+00
3.491643179506239925e+00
3.803762445673384285e+00
2.257142217363695025e+00
2.707104528790350351e+00
4.879140146306174763e+00
3.594100534474391928e+00
4.479046254560691942e+00
1.121551606534400314e+01
1.246240527507260687e+01
8.833908861556615477e+00
5.386053563264326272e+00
5.313221670415686937e+00
5.668562407930316738e+00
3.809710571759877151e+00
1.099612832047708100e+00
1.531432201000942239e+00
1.300241969198804304e+00
1.255723062831955783e+00
2.040259008177653488e+00
2.040878208889582712e+00
1.559533921883135665e+00
4.421194626276939710e-01
-3.338839036171880603e-01
1.152288443177065247e-01
6.068165672379899345e-01
9.998235722319959162e-01
1.290699189342442210e+00
-1.123135591786207366e-01
-6.093477693510940263e-01
-9.093057668380315484e-01
5.298635444048909182e-01
1.592342630824874261e+00
8.165765451393899310e-01
-8.438139903564567668e-02
3.330107021239006038e-01
4.418647686135024344e-01
6.461823833712957432e-01
1.917733364477365532e+00
1.705171731241402533e+00
6.362445895014734454e-01
-4.663702877252520196e-01
-2.843735423052304867e-01
1.735026139963768976e-02
-3.661970719678532826e-01
4.148494331393997037e-01
4.142514926322580227e-01
-3.456823923122906983e-01
-4.548312352452099638e-01
-3.158015280942501057e-01
-6.978077960192181628e-01
-5.620556526795407182e-01
6.209619250891826869e-01
-1.457827069511581364e-01
-1.279090286565494061e+00
-9.823214430602280611e-01
-1.170992117425248669e+00
-9.994863437649221805e-01
3.231573158298322035e-01
1.355677809170545256e+00
1.111028555601560441e+00
2.958756495458865654e+00
2.486124896867031531e+00
2.020332810869585050e-02
8.234972185000227762e-01
1.463871877237036045e+00
4.109582313583007851e-01
1.213156915833939475e+00
1.858808590925423943e+00
1.739704848937404735e+00
1.382775205297698040e+00
2.759175414423261419e+00
2.940149298711666415e+00
1.940440900775577626e+00
1.880160305424899869e+00
3.207500613002235212e+00
3.497317684673224569e+00
2.410846877243067343e+00
1.266582092804243942e+00
1.502911534207825195e+00
1.420743283951469316e+00
9.507702752200386520e-01
5.862369294804907760e-01
2.381686751262834800e+00
4.333468373818180730e+00
4.384069876769141949e+00
2.489807659467942802e+00
1.910907323330791829e+00
3.211076019141763993e+00
3.691982837782779026e+00
2.537929847603065614e+00
9.546719222620112522e-01
1.926236121570242377e+00
3.622763597228524368e+00
3.699319170223790199e+00
2.944255594209254312e+00
2.826155377775798172e+00
2.583992663244063959e+00
2.243641601454479328e+00
1.735115749922128581e+00
5.683544064454897349e-01
9.923349591289750693e-01
1.844802982328207053e+00
1.708707545344601231e+00
7.768176007966139940e-01
7.558288871661207331e-01
1.622145251418618317e+00
1.809291791740440303e+00
1.126340446006583784e+00
0.000000000000000000e+00
0.000000000000000000e+00
0.000000000000000000e+00
0.000000000000000000e+00
0.000000000000000000e+00
0.000000000000000000e+00
0.000000000000000000e+00
0.000000000000000000e+00
0.000000000000000000e+00
0.000000000000000000e+00
0.000000000000000000e+00
0.000000000000000000e+00
0.000000000000000000e+00
0.000000000000000000e+00
0.000000000000000000e+00
0.000000000000000000e+00
0.000000000000000000e+00
0.000000000000000000e+00
0.000000000000000000e+00
0.000000000000000000e+00
0.000000000000000000e+00
0.000000000000000000e+00
0.000000000000000000e+00
0.000000000000000000e+00
0.000000000000000000e+00
0.000000000000000000e+00
0.000000000000000000e+00
0.000000000000000000e+00
0.000000000000000000e+00
0.000000000000000000e+00
0.000000000000000000e+00
0.000000000000000000e+00
0.000000000000000000e+00
0.000000000000000000e+00
0.000000000000000000e+00
0.000000000000000000e+00
0.000000000000000000e+00
0.000000000000000000e+00
0.000000000000000000e+00
0.000000000000000000e+00
0.000000000000000000e+00
0.000000000000000000e+00
0.000000000000000000e+00
0.000000000000000000e+00
0.000000000000000000e+00
0.000000000000000000e+00
0.000000000000000000e+00
0.000000000000000000e+00
0.000000000000000000e+00
0.000000000000000000e+00
0.000000000000000000e+00
0.000000000000000000e+00
0.000000000000000000e+00
0.000000000000000000e+00
0.000000000000000000e+00
0.000000000000000000e+00
0.000000000000000000e+00
0.000000000000000000e+00
0.000000000000000000e+00
0.000000000000000000e+00
0.000000000000000000e+00
0.000000000000000000e+00
0.000000000000000000e+00
0.000000000000000000e+00
0.000000000000000000e+00
0.000000000000000000e+00
0.000000000000000000e+00
0.000000000000000000e+00
0.000000000000000000e+00
0.000000000000000000e+00
0.000000000000000000e+00
0.000000000000000000e+00
0.000000000000000000e+00
0.000000000000000000e+00
0.000000000000000000e+00
0.000000000000000000e+00
0.000000000000000000e+00
0.000000000000000000e+00
0.000000000000000000e+00
0.000000000000000000e+00
0.000000000000000000e+00
0.000000000000000000e+00
0.000000000000000000e+00
0.000000000000000000e+00
0.000000000000000000e+00
0.000000000000000000e+00
0.000000000000000000e+00
0.000000000000000000e+00
0.000000000000000000e+00
0.000000000000000000e+00
0.000000000000000000e+00
0.000000000000000000e+00
0.000000000000000000e+00
0.000000000000000000e+00
0.000000000000000000e+00
0.000000000000000000e+00
0.000000000000000000e+00
0.000000000000000000e+00
0.000000000000000000e+00
0.000000000000000000e+00
0.000000000000000000e+00
0.000000000000000000e+00
0.000000000000000000e+00
0.000000000000000000e+00
0.000000000000000000e+00
0.000000000000000000e+00
0.000000000000000000e+00
0.000000000000000000e+00
0.000000000000000000e+00
0.000000000000000000e+00
0.000000000000000000e+00
0.000000000000000000e+00
0.000000000000000000e+00
0.000000000000000000e+00
0.000000000000000000e+00
0.000000000000000000e+00
0.000000000000000000e+00
0.000000000000000000e+00
0.000000000000000000e+00
0.000000000000000000e+00
0.000000000000000000e+00
0.000000000000000000e+00
0.000000000000000000e+00
0.000000000000000000e+00
0.000000000000000000e+00
0.000000000000000000e+00
0.000000000000000000e+00
0.000000000000000000e+00
0.000000000000000000e+00
0.000000000000000000e+00
0.000000000000000000e+00
0.000000000000000000e+00
0.000000000000000000e+00
0.000000000000000000e+00
0.000000000000000000e+00
0.000000000000000000e+00
0.000000000000000000e+00
0.000000000000000000e+00
0.000000000000000000e+00
0.000000000000000000e+00
0.000000000000000000e+00
0.000000000000000000e+00
0.000000000000000000e+00
0.000000000000000000e+00
0.000000000000000000e+00
0.000000000000000000e+00
0.000000000000000000e+00
