1.473083496093754441e-01
-4.261674984685035472e-01
1.495918873325560838e+00
2.291285049258350970e+00
-5.714036992634656809e-01
-1.483891007268423934e+00
-1.913567228569794665e-01
1.911713080684442900e-01
-1.360314199155989279e+00
-3.456515970906573365e+00
-6.862651704179361545e+00
-6.617029668665121989e+00
-2.887756517788320210e+00
2.181840482595343023e-01
-6.801164901920944139e-01
1.412641350054138822e+00
-7.791706614507880602e-01
-3.833995671265770788e-01
7.838252436911448129e-01
1.426034016522157444e-01
6.754863891070479465e-01
-4.540727449901619472e+00
-5.534245878611951497e+00
-4.336582969180318159e+00
-2.087293589442456021e+00
-8.513367163295342266e-01
-4.655467062057781824e+00
-5.604295116121124742e+00
-2.369022705115190863e+00
2.043282584948075797e+00
4.261951459122523822e+00
3.121151890692613229e+00
2.534691591436986968e+00
1.670575098581722928e+00
-1.049620213510992883e+00
-1.676933557283039278e+00
-4.112985831814752302e+00
-7.299945364957292959e+00
-7.703070024973246888e+00
-4.396187088411713795e+00
-5.560516650734808053e-01
-1.847027014391691146e-01
-1.429128423609018483e+00
-1.886068704786431960e+00
-1.890352390423253981e+00
-2.123082742319046812e-01
2.291817739348944727e-01
1.269757820157637607e-01
6.542662114497569403e-01
7.549062595481089710e-01
1.360140237641371153e+00
9.707687412531784688e-02
-1.285492782149591173e+00
-1.162159756674782329e+00
-4.812436334024190465e-01
-9.455613013734808225e-01
-8.431666552088855626e-01
-4.691314388033861471e-01
-1.528377234061564227e+00
-1.589418835486146264e+00
-1.032382224848106711e+00
-1.122112915933096255e+00
-5.735099469053517307e-01
1.023294583407892588e+00
1.046057794249914963e-01
-6.338890831015676630e-01
-4.569460866218688633e-01
-1.539828302685716244e-01
-2.354275253518334221e-01
2.354802384063554577e-01
2.784767288533163132e-02
-6.340726531991943693e-01
-6.606840617984539588e-01
-8.030258446737276179e-01
-1.071585385200507945e+00
-1.167374038816606951e+00
-6.940408822298692604e-01
-4.898591651676273973e-01
-9.974799890138437153e-01
-1.027260991524302725e+00
3.680421875304157320e-01
1.373305153156844316e+00
7.694961759870900808e-01
-6.730085427298552192e-01
-1.678241899872346510e+00
-8.832156859667246174e-01
-1.848210554855603815e+00
-2.334674517784430137e+00
-1.014014281981376886e-01
1.139147110733423007e+00
-8.899960674160927177e-01
5.609538056154361740e-02
1.784580024417449895e+00
2.067793181220859200e+00
-1.996839871057663585e+00
-4.193699557112602783e+00
-1.593549708233075179e+00
3.429951848479093179e+00
-4.811142271691405625e+00
-3.613080026824185609e+00
9.339174869331596796e-01
3.241573793064687070e+00
-4.141407842939615946e+00
-1.159012960653629243e+00
2.894774549475423786e+00
2.576886500901329313e+00
5.651546835183807183e-02
1.216763325010840058e+00
1.586045916794124100e+00
1.056257030944140585e+00
-7.082360484377504539e-01
-2.161652130802962368e-01
-2.110033076153357001e-01
-9.772361046715172250e-02
1.086403265507571714e+00
5.668831202690274296e-01
-3.797291056695468736e-01
1.023074689162078554e+00
1.695503891373599359e+00
-2.855531101066522970e-01
-1.425831844126390635e-02
1.416238093480003402e+00
1.532049924901914828e-01
-8.185587129864618783e-01
-2.256502283131243125e-01
6.126439457884388373e-01
5.399535642975216154e-01
-2.807938043012923046e-01
6.443800037919561463e-01
1.220466915441730915e+00
1.089452981098308904e-01
-3.873856937043806958e-01
3.692376017281790990e-01
6.065649867346182278e-01
1.777131134282451952e-01
8.392033684115516312e-01
5.266208148983356763e-01
-4.402658726573105419e-02
-1.939648125423254488e-02
-1.605565508396366303e-01
-1.729776670256295557e-01
6.348435786896400312e-02
-1.604279425890418054e-01
5.401729411098170619e-01
9.738661814953893936e-01
7.755069170919668409e-01
-2.005871657717743783e-01
-5.220723256420962688e-01
9.868267883104553384e-02
4.126420225157759747e-01
2.148339008416301765e-01
9.172247951747545258e-01
1.177036351833009142e+00
8.737621088474438746e-01
9.948058191601278910e-01
8.896417247805338269e-01
-1.667336312375733431e-01
-1.433381971113201203e-04
1.586802101291432621e+00
2.005605829550842767e+00
3.053912861494652020e+00
3.517440698440496671e+00
3.122506583665339619e+00
2.337572356260117612e+00
1.003799066874612400e+00
2.239448531466442793e-01
1.536487155901237189e+00
2.387857581034816601e+00
2.060475002560471669e+00
5.591109413941739437e-01
1.214946200904033491e+00
1.305695868122792813e+00
4.433362287223392428e-01
-1.678108694465546002e-01
1.223801208447503175e+00
5.930849273943861188e-01
7.104790107713438996e-01
2.771891935221220127e+00
3.049997909005595531e+00
1.460577390363602346e+00
-4.041088336434311978e-01
-3.064535576527416261e-02
9.978076060494506239e-02
1.995449205457561659e+00
3.037716329911396063e+00
2.769347889623243297e+00
9.452247538636766588e-01
6.929975238212412458e-01
1.198182700905020770e+00
-1.342511392493437317e-01
1.055737934355312380e+00
2.002761518487135461e+00
1.459359312124812291e+00
8.668456622783562437e-01
1.823411935479393620e+00
2.059316661202957199e+00
1.450783989062850665e+00
-1.846955738864127228e-01
2.488047491361307095e-01
1.742887657724912387e+00
3.005589531668205083e+00
3.610577657804288965e+00
2.659179704171152903e+00
1.164936671360530696e+00
2.833019373951852771e-01
-4.934490291606155044e-01
-6.790853504662497375e-02
6.749587093549563876e-01
1.166852466544292088e+00
1.641324053251796533e+00
1.422242888921044557e+00
7.247822689938026031e-01
7.541193666974715937e-02
1.480454537567598150e-01
9.769652430429154322e-04
-1.112662152961302331e-01
4.669197667888413950e-01
1.231364574367389775e+00
1.180383560328516435e+00
-6.747845292465637357e-03
-9.225849195852160456e-01
2.228427600053394242e-01
2.035911943263283286e-01
-5.807813065506005623e-01
2.706357093263125346e-01
6.194031676846473156e-01
6.240372261500338746e-01
1.314391879412912800e-02
-1.036909012009123110e+00
-9.391983138798609687e-02
1.204773340838766194e+00
-2.181251421886221120e-01
-3.782281699792923169e-01
1.374528990774869674e+00
5.086483451898347052e-01
-1.149972618413007464e+00
2.024947960290512938e-02
8.489200791487208075e-01
3.935799341133753293e-01
-1.069394926849057903e+00
-1.252131555180344691e+00
-7.127839080532116789e-02
1.792406614102585172e-01
-1.408049766681368276e+00
-4.781420195411278939e-02
5.077105655174836141e-01
-4.709000531694331748e-01
-8.392581282511633045e-01
-3.302492401507574726e+00
-4.195579501838635039e+00
8.841438464853783596e-01
-2.495438776261841518e+00
-6.749450151862930625e+00
-4.142115572136666479e+00
3.425933167041876004e+00
-2.160134253590939579e+00
-4.765178016079842038e+00
8.804240207501670135e-01
5.067759268319936616e+00
3.077441638806028390e+00
-6.996321490719931147e-01
2.627239444075487818e+00
5.492075284668618274e+00
2.550267444620356372e+00
-1.669148251273721240e+00
1.158082597091779853e+00
1.951819201181974606e+00
1.167654857719464534e-01
-4.414354431646638766e-01
1.711199603557563176e+00
2.475949076691967843e+00
7.351103743512064082e-01
-1.020380486049581314e+00
-2.703113612985399428e-01
1.841005642528423802e-01
-7.189684096150745773e-01
-9.003068048500320053e-01
-8.307962845195411283e-01
-1.371933581373552702e+00
-3.213486412780767187e-01
5.649090321380407786e-01
8.850144360153128220e-01
4.498183852129757909e-01
-3.699360953153778553e-01
-1.695055265285005941e-02
6.610482902934800009e-02
-7.272456193396906743e-01
-6.444595759474267549e-01
3.884243420032366112e-01
-1.004486274452596195e+00
-1.868920709204409780e+00
-1.953027985523235976e+00
-1.499604850680546164e+00
-1.115554297804020045e+00
-6.747540426316074313e-01
-5.131150773424890676e-01
-1.612537005959193248e+00
-1.322120297979002324e+00
-9.311239156992865418e-01
-1.473214652103058020e+00
-1.144096397056923342e+00
6.108994283115016799e-01
6.361864812862730867e-01
-4.657324746653884739e-01
-9.264668428858477967e-01
7.320685835086859772e-02
-1.011193583118740857e+00
-1.666565656336278956e+00
-1.564170192618932864e+00
-1.962323020836136411e+00
-1.282720051521797577e+00
-2.264668582398841945e+00
-6.579171286018697273e+00
-9.185684617427144261e+00
-7.130581964582038523e+00
-4.030240167607196611e+00
-1.819270399215093814e+00
-4.222083313998581389e-01
-4.721828764224196284e-01
-1.627717827948744533e+00
-1.445979596780920140e+00
1.567148059716225061e+00
2.159274839543970703e+00
-6.548157555788964856e-01
-4.072121325122769697e+00
-4.138519239239366598e+00
-2.170251900253395760e+00
-4.725294482535315588e+00
-7.966276585497894303e+00
-5.674699258115704303e+00
-3.218156804051979236e-01
4.511934324645626049e+00
2.928402034165462631e+00
2.965102787955561148e+00
5.774823906012072072e-02
-1.914567609488661448e+00
1.004452448314309132e-01
1.660481801835089755e-02
2.875630950371926176e+00
-8.915030021880188116e-01
-5.747611370798713537e+00
-7.158936331197605085e+00
-2.514605441998024382e+00
4.344881366697799230e-01
3.903492583202530231e-01
-5.669655308061010146e-01
-8.403206439602382005e-01
2.035287458796442017e-01
1.451338843051042993e+00
1.608748805244959446e-01
9.951002109923764438e-01
2.066286786667695718e+00
1.314766413037902870e+00
1.282980562725879237e+00
7.100079291386244273e-01
1.665619596104769951e+00
2.558479394764081594e+00
1.826355629334321939e+00
1.503621543881676681e+00
2.759805362030796072e+00
2.307134771314763189e+00
5.527612500770721082e-01
0.000000000000000000e+00
0.000000000000000000e+00
0.000000000000000000e+00
0.000000000000000000e+00
0.000000000000000000e+00
0.000000000000000000e+00
0.000000000000000000e+00
0.000000000000000000e+00
0.000000000000000000e+00
0.000000000000000000e+00
0.000000000000000000e+00
0.000000000000000000e+00
0.000000000000000000e+00
0.000000000000000000e+00
0.000000000000000000e+00
0.000000000000000000e+00
0.000000000000000000e+00
0.000000000000000000e+00
0.000000000000000000e+00
0.000000000000000000e+00
0.000000000000000000e+00
0.000000000000000000e+00
0.000000000000000000e+00
0.000000000000000000e+00
0.000000000000000000e+00
0.000000000000000000e+00
0.000000000000000000e+00
0.000000000000000000e+00
0.000000000000000000e+00
0.000000000000000000e+00
0.000000000000000000e+00
0.000000000000000000e+00
0.000000000000000000e+00
0.000000000000000000e+00
0.000000000000000000e+00
0.000000000000000000e+00
0.000000000000000000e+00
0.000000000000000000e+00
0.000000000000000000e+00
0.000000000000000000e+00
0.000000000000000000e+00
0.000000000000000000e+00
0.000000000000000000e+00
0.000000000000000000e+00
0.000000000000000000e+00
0.000000000000000000e+00
0.000000000000000000e+00
0.000000000000000000e+00
0.000000000000000000e+00
0.000000000000000000e+00
0.000000000000000000e+00
0.000000000000000000e+00
0.000000000000000000e+00
0.000000000000000000e+00
0.000000000000000000e+00
0.000000000000000000e+00
0.000000000000000000e+00
0.000000000000000000e+00
0.000000000000000000e+00
0.000000000000000000e+00
0.000000000000000000e+00
0.000000000000000000e+00
0.000000000000000000e+00
0.000000000000000000e+00
0.000000000000000000e+00
0.000000000000000000e+00
0.000000000000000000e+00
0.000000000000000000e+00
0.000000000000000000e+00
0.000000000000000000e+00
0.000000000000000000e+00
0.000000000000000000e+00
0.000000000000000000e+00
0.000000000000000000e+00
0.000000000000000000e+00
0.000000000000000000e+00
0.000000000000000000e+00
0.000000000000000000e+00
0.000000000000000000e+00
0.000000000000000000e+00
0.000000000000000000e+00
0.000000000000000000e+00
0.000000000000000000e+00
0.000000000000000000e+00
0.000000000000000000e+00
0.000000000000000000e+00
0.000000000000000000e+00
0.000000000000000000e+00
0.000000000000000000e+00
0.000000000000000000e+00
0.000000000000000000e+00
0.000000000000000000e+00
0.000000000000000000e+00
0.000000000000000000e+00
0.000000000000000000e+00
0.000000000000000000e+00
0.000000000000000000e+00
0.000000000000000000e+00
0.000000000000000000e+00
0.000000000000000000e+00
0.000000000000000000e+00
0.000000000000000000e+00
0.000000000000000000e+00
0.000000000000000000e+00
0.000000000000000000e+00
0.000000000000000000e+00
0.000000000000000000e+00
0.000000000000000000e+00
0.000000000000000000e+00
0.000000000000000000e+00
0.000000000000000000e+00
0.000000000000000000e+00
0.000000000000000000e+00
0.000000000000000000e+00
0.000000000000000000e+00
0.000000000000000000e+00
0.000000000000000000e+00
0.000000000000000000e+00
0.000000000000000000e+00
0.000000000000000000e+00
0.000000000000000000e+00
0.000000000000000000e+00
0.000000000000000000e+00
0.000000000000000000e+00
0.000000000000000000e+00
0.000000000000000000e+00
0.000000000000000000e+00
0.000000000000000000e+00
0.000000000000000000e+00
0.000000000000000000e+00
0.000000000000000000e+00
0.000000000000000000e+00
0.000000000000000000e+00
0.000000000000000000e+00
0.000000000000000000e+00
0.000000000000000000e+00
0.000000000000000000e+00
0.000000000000000000e+00
