-2.177185058593750000e+00
-2.022786428958490923e+00
-1.404845635397911963e+00
-2.834829017936213447e-01
-8.058839254291587650e-01
-1.233057617047707666e+00
-1.216090299357632354e+00
-6.924919951305641419e-01
-6.300374869994707083e-02
-7.389556424230785403e-01
-4.240073295843602708e-01
-7.577937108748855621e-02
-3.684649821801979641e-01
-6.548241366701037514e-01
-4.073513102677148723e-01
-3.580751437034792595e-01
-7.793007421005966329e-01
-2.675456799234448013e-01
4.353063328147563915e-01
-3.408525632042080922e-02
-3.596303895351149471e-01
-1.920829716978356139e-02
-6.035279358523881754e-02
-4.102606720327690581e-01
-6.684185242142332006e-01
-5.561595327442014902e-01
9.827240656810687369e-02
-3.339397966733901324e-01
-1.233263530142705511e+00
-5.639028475024749909e-01
2.403900033655168578e-01
-3.832072585600831971e-02
-6.763664461354470525e-01
-7.237763635944136631e-01
-5.339258715668453448e-01
-4.451721236997112641e-01
-4.257253699162653060e-01
-2.661583940582750718e-01
-7.703083685185119212e-01
-1.369552545947433364e+00
-8.069078904757753801e-01
5.759421462956073601e-01
-6.633010582471920991e-02
-6.810036872583612455e-01
-1.737454851340509698e-01
1.206615994918582846e-01
1.122300986874490647e+00
-8.873176330841762161e-01
-7.916858339106414011e-01
1.139356501619333661e+00
-2.898218306617110773e-01
-1.441053013297101337e+00
5.093404549446731711e-01
1.404798208576311325e+00
-6.177623363539475054e-02
6.495210085130798117e-02
-1.285334784860016510e+00
-1.086670944655602211e+00
-3.655004644250092749e-02
-3.086999315830984969e-01
-4.204291695876152257e-01
-4.427257601981806623e-01
-6.095900844583579392e-02
1.709868153471814090e-01
-5.012004054642258399e-01
-1.699446205537301191e+00
-2.061894493782319149e+00
-4.980962525754408787e-01
1.128945511715585326e+00
2.138646899131195322e+00
1.232959308328146264e+00
-3.986879053186045407e-01
-2.377516848954504880e+00
-1.785112753197565905e+00
2.035465440264756509e-01
-9.313232283076215978e-01
-3.600194938085749197e+00
-4.457145767560488636e-01
1.607606023672867757e+00
1.331237467463863844e+00
4.733269450795538624e-01
-2.897129963065454561e-01
1.012415408148179097e+00
3.251502462291362860e+00
3.008113055805836655e+00
9.022053096396291938e-01
-6.639223831240657070e-01
-3.648760509633051985e+00
-8.231213138385200523e-01
1.427843722454618991e+00
-3.422178317249890966e-01
-1.342785160085331331e+00
3.423086439560377059e+00
1.506259906973130835e+00
-1.729240204999103359e+00
-1.596903817508033008e+00
-2.432451234956873876e+00
-3.062979151515773601e+00
9.770118650771841828e-02
4.188447995092790421e+00
1.232707968828830936e+00
-3.345179816494730840e+00
2.428999580488627075e+00
1.766202483725468841e+00
-2.712371295655871428e+00
-3.836416089564293141e+00
-5.912093258855353639e+00
-5.868143696896980011e+00
-1.067701179181188564e-01
5.394049439957756320e+00
7.638286946578503489e+00
3.116079442218758988e+00
-1.092266433726324593e+00
-8.874154006156147467e-01
1.101804192264753457e+00
1.423843597169343056e-01
-4.733988409260277308e+00
-6.745467335065663761e+00
-2.786913864206409741e+00
3.268395409425061793e+00
5.732186678191612650e+00
3.537314972319459905e+00
6.902081809469942097e-01
1.661439829866149243e-01
-3.170795669925055016e-01
-2.703738073152828214e-01
1.178877643842247691e+00
8.181348205337384272e-01
-3.640072338909454697e-01
-1.337579537643560634e+00
1.038080280687736501e-01
-1.361297702380435126e-01
-1.098049278413240071e+00
-5.208745988837404362e-01
1.527584910944828511e+00
7.579253064220832226e-01
1.826079246203389239e-01
-5.476474164861158123e-01
-2.053815754397557924e+00
-3.566033323033922287e+00
-4.405213250207308917e+00
-3.108112225419563668e+00
-6.700444101611200409e-01
1.593674902139998295e+00
2.649237004681472385e+00
2.513938175057365942e+00
1.009726182778494685e+00
-3.429820488954917757e-01
-2.927624963113535372e-01
2.768532679235429228e-01
-3.857567243749753239e+00
-5.659007745049869698e+00
-5.456255302618526315e+00
1.292169806872226268e+00
4.777894888772165949e+00
3.050031214667922264e+00
-4.203050063138782377e-01
-2.727119374761159953e+00
-2.619207759883503517e+00
-2.314499962532836186e+00
-1.773772500842982325e+00
1.070163755366688285e+00
1.643733780633794161e+00
-9.549455609336883199e-01
-1.973104693732374848e+00
3.883639902971314228e-01
3.236334159801967925e+00
2.327959568984211192e+00
1.392791723301623374e+00
-1.251756880708463582e+00
-5.700981765027643533e+00
-3.974666360626126327e+00
-1.980574601682535851e+00
-2.402744147038505140e+00
-1.811654112193086696e+00
-2.384699070507284802e+00
1.585582132647338049e+00
2.730341188425968291e+00
-1.762348606190093925e-01
-2.004367120465134100e+00
4.963389123945982639e-02
-9.972196291915684796e-01
6.191972630815896217e-01
3.738853875239164903e+00
-1.896612660755066626e+00
-1.245195990760433080e+00
9.475572915690371190e-01
5.207132231987576798e-01
2.478478994932873380e+00
3.163279267190815869e+00
7.601077303866965451e-02
-3.628063513527312267e+00
-3.188215959143882561e+00
6.554451044563878170e-01
-1.101348782436992746e+00
9.048693547410895377e-01
3.144445232014006830e+00
-1.744441864048627222e+00
-5.514917310722164956e-01
5.146382526517778722e-01
-6.136980044669460010e-01
-3.138214539229307043e-01
-2.076053979964794571e+00
-3.752933370356466014e+00
-2.143902124755859173e+00
-3.839006126501957716e+00
-2.746828194410468438e+00
2.705384201512923692e+00
1.835332404539501194e+00
-1.478334162477936697e+00
1.745065450043330468e+00
-2.625239161042323133e-01
-4.866267806149224384e+00
-4.643498665278144699e+00
-3.351982846422843387e+00
-3.018286254133725421e+00
-2.473968464312125359e+00
-2.323918174862482644e-01
-2.418163694027875010e-02
-1.884632146210874382e+00
-1.735690828885995352e+00
9.339444839367398998e-01
2.962837435763427507e+00
1.914409423220481798e+00
-2.023853503802394371e+00
-4.868088029948879125e+00
-3.405081117860789153e+00
1.843913938050285584e+00
2.100498387157734292e+00
2.893015336766918466e+00
4.646923702999961492e+00
2.425542231927007908e+00
-2.971638511949854067e+00
-1.247070637492318834e+00
-2.012386990578282742e+00
-5.029485415153446937e+00
-3.869586919802601166e+00
-1.067235646207660427e+00
9.791352812176734588e-02
3.247529608853513938e+00
4.758503224772578477e+00
3.900476723334747042e+00
3.569202769468916792e+00
1.686617402504398733e+00
-6.848098132195628018e-01
-9.991039999687250095e-01
3.350147596584545084e-01
-3.872399163279083290e-01
-3.661396752904866325e-01
1.017857760480441076e+00
1.578201365637925013e+00
-2.842951393300612306e-01
-1.994274703771672375e-01
7.620064124076195711e-01
2.583178928729785717e-01
-9.842349020069486309e-01
2.611593500231301768e-01
-1.637060895722545428e+00
-5.445731421750533485e+00
-6.787055722737824759e+00
-4.618869670985474407e+00
-8.506299798325425154e-01
3.669029547922404433e-01
2.350944955192937780e+00
4.681301356562986626e+00
5.326933417354936751e+00
4.143732667760871458e+00
-2.185223037893636810e+00
-6.283527406343826449e+00
-7.550506744682545346e+00
-6.859867516382619712e+00
-4.839945427328172123e+00
-2.433958101549705155e+00
2.328106934200548483e+00
6.772817165755755653e+00
5.192728017141663877e+00
3.942880972981404497e+00
1.714797630654527172e+00
-1.803389006006776540e+00
-4.133398689951187421e+00
-4.170746819050867416e+00
1.001169461141152350e+00
9.248765569063235326e-01
-1.672567646274773168e+00
4.041763821527391443e+00
3.804408957271587344e+00
1.238343141904975298e+00
-5.249828803198335336e-01
-1.591731321356392392e+00
-2.651138316209035839e+00
-1.907698060304060750e+00
2.339735306777869894e+00
3.362928091486978577e+00
2.666554197876018772e-01
1.805589972140286825e+00
3.436418798608382730e+00
8.302571329023193947e-01
-3.463717745043406016e+00
-2.399505575727736595e+00
-2.340550653348419718e+00
-1.644512679001679523e+00
-1.058823848031797077e+00
-1.186370818886143041e+00
-1.864974365955053504e+00
4.363530480318931204e-01
4.366563031441339504e+00
6.052285714094969293e+00
2.978077934323835052e+00
-1.607320026288128201e+00
-2.378767627713873622e-02
5.789667589688916038e-01
-8.455947024690977365e-01
-1.577929528308688489e+00
-7.271807276514037355e-01
2.910058738761667207e-02
1.445627380801331796e+00
2.514944089243383640e+00
2.962511849556995980e+00
1.077208552999965097e+00
-8.763186034758787546e-01
5.551818375702621822e-02
1.605802007607306514e+00
6.198560206799853534e-01
1.080534899754727274e+00
-8.008782117708523884e-02
-1.518530674233432798e+00
-5.163730310957302949e-01
-1.739784177239740437e-01
-1.855415521067516949e+00
-1.372258671836130928e+00
2.443967137585427718e-01
7.998870294295323813e-01
9.865295746147864087e-01
-6.582099821146873975e-01
8.619189260410209386e-02
9.525726780221048795e-01
-1.256225285964670979e+00
-1.895479524168416585e+00
1.388338463814502433e-01
5.681224059911499369e-01
-8.386134276638013141e-02
-7.972303525903611243e-01
-1.234385393970796274e+00
-5.599256657735560694e-01
-1.855797317146554715e-01
-1.903163730259360698e-01
-1.001473683137555026e+00
-2.091850288414208059e+00
-1.499896061633683164e+00
6.193822247717969409e-01
7.040840977630640207e-01
-3.734678843806182869e-03
-5.264195471578991814e-02
4.717880658236157654e-01
1.322378608262024358e+00
1.194464507890840022e+00
-7.995209656790369657e-02
-2.177750413752332914e-01
-2.172460718402982049e-01
-1.516566591096029315e+00
-1.908756102982410052e+00
-2.079775791746778069e+00
-3.091984582611580379e+00
-3.260504480069744915e+00
-2.991402251913702681e+00
-3.701649246738102139e+00
-2.852068594032745263e+00
-2.774863906980367112e-01
-4.435028501524809208e-01
-4.006055881991469114e+00
-4.748682985345737961e+00
-4.504381642364863936e+00
-2.310813490120028568e+00
3.120046800480652749e+00
-1.612791920727612016e+00
-8.067442488279141344e+00
2.272730002817121786e+00
5.549362682616004960e+00
6.785346542494615996e+00
6.683432138815111223e+00
4.914723297929052492e+00
7.997668987846238142e-01
4.412561657556364203e+00
7.967637285383216472e+00
0.000000000000000000e+00
0.000000000000000000e+00
0.000000000000000000e+00
0.000000000000000000e+00
0.000000000000000000e+00
0.000000000000000000e+00
0.000000000000000000e+00
0.000000000000000000e+00
0.000000000000000000e+00
0.000000000000000000e+00
0.000000000000000000e+00
0.000000000000000000e+00
0.000000000000000000e+00
0.000000000000000000e+00
0.000000000000000000e+00
0.000000000000000000e+00
0.000000000000000000e+00
0.000000000000000000e+00
0.000000000000000000e+00
0.000000000000000000e+00
0.000000000000000000e+00
0.000000000000000000e+00
0.000000000000000000e+00
0.000000000000000000e+00
0.000000000000000000e+00
0.000000000000000000e+00
0.000000000000000000e+00
0.000000000000000000e+00
0.000000000000000000e+00
0.000000000000000000e+00
0.000000000000000000e+00
0.000000000000000000e+00
0.000000000000000000e+00
0.000000000000000000e+00
0.000000000000000000e+00
0.000000000000000000e+00
0.000000000000000000e+00
0.000000000000000000e+00
0.000000000000000000e+00
0.000000000000000000e+00
0.000000000000000000e+00
0.000000000000000000e+00
0.000000000000000000e+00
0.000000000000000000e+00
0.000000000000000000e+00
0.000000000000000000e+00
0.000000000000000000e+00
0.000000000000000000e+00
0.000000000000000000e+00
0.000000000000000000e+00
0.000000000000000000e+00
0.000000000000000000e+00
0.000000000000000000e+00
0.000000000000000000e+00
0.000000000000000000e+00
0.000000000000000000e+00
0.000000000000000000e+00
0.000000000000000000e+00
0.000000000000000000e+00
0.000000000000000000e+00
0.000000000000000000e+00
0.000000000000000000e+00
0.000000000000000000e+00
0.000000000000000000e+00
0.000000000000000000e+00
0.000000000000000000e+00
0.000000000000000000e+00
0.000000000000000000e+00
0.000000000000000000e+00
0.000000000000000000e+00
0.000000000000000000e+00
0.000000000000000000e+00
0.000000000000000000e+00
0.000000000000000000e+00
0.000000000000000000e+00
0.000000000000000000e+00
0.000000000000000000e+00
0.000000000000000000e+00
0.000000000000000000e+00
0.000000000000000000e+00
0.000000000000000000e+00
0.000000000000000000e+00
0.000000000000000000e+00
0.000000000000000000e+00
0.000000000000000000e+00
0.000000000000000000e+00
0.000000000000000000e+00
0.000000000000000000e+00
0.000000000000000000e+00
0.000000000000000000e+00
0.000000000000000000e+00
0.000000000000000000e+00
0.000000000000000000e+00
0.000000000000000000e+00
0.000000000000000000e+00
0.000000000000000000e+00
0.000000000000000000e+00
0.000000000000000000e+00
0.000000000000000000e+00
0.000000000000000000e+00
0.000000000000000000e+00
0.000000000000000000e+00
0.000000000000000000e+00
0.000000000000000000e+00
0.000000000000000000e+00
0.000000000000000000e+00
0.000000000000000000e+00
0.000000000000000000e+00
0.000000000000000000e+00
0.000000000000000000e+00
0.000000000000000000e+00
0.000000000000000000e+00
0.000000000000000000e+00
0.000000000000000000e+00
0.000000000000000000e+00
0.000000000000000000e+00
