4.872436523437504441e-01
1.603332822616712061e-01
-2.552406403278428826e-01
-2.305079267028720125e-04
-1.128440224628439736e-01
-4.850800995098947244e-01
-4.160286601316218746e-01
-7.060184137348202160e-01
-1.588388205747372162e+00
-1.787654540622737986e+00
-3.539766629507518081e-01
6.349593179300039303e-02
-9.409207243454642544e-01
-6.970782225339060556e-01
8.044168586424419454e-01
-2.199466460634611487e-01
-8.677318999030960711e-01
-4.721429257055564932e-01
-2.322174565159347281e-01
-7.153010111453403930e-01
-5.917653394808226608e-01
-1.441275388192118090e-01
3.645633166530377611e-01
5.464841635800936626e-01
7.667172563362154580e-01
-6.640257649667438145e-01
6.650077157534117767e-02
1.682336939146317434e+00
3.098209662112054730e-01
-1.322574569985333959e+00
-1.660932233753682041e+00
-1.253411249858697563e+00
-6.132471269238066736e-01
-5.762256024128307175e-01
-7.649036221879779163e-02
7.500195140890206780e-01
8.002405382716233362e-01
9.943395211827912306e-01
8.001765986176252454e-01
-5.220310177098754778e-01
-7.987877992432017571e-01
1.697249838295702418e-01
-5.860344916911341961e-01
-1.821402343614749064e+00
-1.905310780866395159e+00
-1.170793596412138093e+00
-8.493518301611424626e-01
-9.303111243369581729e-01
-6.744543510990195223e-01
-2.837036471093297152e-01
-4.149733171784225627e-01
-7.640095112093279184e-01
-1.156943575057047591e+00
-1.161347645006763019e+00
-8.476963931742957925e-01
-7.262221308644423168e-01
-6.260662712158895360e-01
-7.117918073511626531e-01
-8.372883630750005413e-01
-8.743079906354367381e-03
7.988884140364693742e-01
1.079687945567217255e+00
7.209927040737125203e-01
-1.419051325248759099e-01
-1.114065406886552090e+00
-1.615697942475027737e+00
-1.551165000240035230e+00
-1.086189851555498409e+00
-5.271706317156144017e-01
-1.276310336537125334e-01
-5.466977044905751981e-02
2.067850727312487980e-01
2.961524803544777207e-01
-7.009524652316045934e-02
-1.973151414118761160e-01
-2.559162650680413265e-02
8.206166465293041057e-02
3.546420209220770836e-01
4.956096192480088369e-01
4.305657264587177124e-01
3.711438786639131848e-01
2.952775494858421723e-01
-1.327290535998697507e-01
-6.980785656891705937e-01
-7.889469786520795225e-01
-2.828882405665619215e-01
-3.909557122348326086e-01
-8.638336277719947942e-01
-7.693202776300049894e-01
5.978322092569041679e-01
3.301898926856541294e-01
-7.488920934645602046e-01
-1.464211884279473352e+00
-1.148141723318482299e+00
-9.235828643949117733e-02
6.963891970977944545e-01
9.275887872088879327e-01
8.238783215944494032e-01
6.594260877437090329e-01
5.625016576702988047e-01
4.300224615422438834e-01
-1.074621698757465271e-01
-1.085066288494578091e+00
-1.002736661790875061e+00
-8.618344427687655296e-01
-6.575636657134001917e-01
-3.369504310374196177e-01
-6.004138219993748748e-02
3.690670850228571775e-01
-2.231606065086673141e-01
-6.576750221998737267e-01
-9.996614296646344489e-01
-7.546155682068009796e-01
5.467295125896929342e-01
4.141496885205810941e-01
2.367477716791759335e-01
2.249866233208837052e-01
3.960887406718311965e-01
7.228283003386375416e-01
-5.807485494603743525e-01
-1.179400014211322123e+00
-7.237440969264095081e-01
-2.948243897312293749e-01
-7.296654554643570156e-01
-2.409428428300679492e-01
3.463965770193457860e-01
7.955006327885423278e-01
-4.447992138654862648e-01
-9.187671442011484668e-01
-7.718825763835521769e-01
-4.903709810795153778e-01
7.917417419471650675e-02
9.986563042662504053e-01
1.962665017137672496e+00
-1.879181534283548949e+00
-2.170644481076651644e+00
-1.378588436296179331e+00
-2.618859806329494333e-01
2.812706960796380606e-01
-4.405450381217681510e-01
-9.858949971526542733e-01
-1.270437570383098347e+00
-1.594125429871122934e+00
-1.740910757801777509e+00
-1.553181088433133628e+00
-8.520872228195950360e-01
7.410280207670743025e-01
-7.654453641062630709e-02
-4.839511536382934409e-01
-1.386211062456078613e-01
5.753589245837193999e-01
9.321642564333521008e-01
1.218813668102977310e+00
5.818052915518259205e-01
-9.510238338997156760e-02
5.069616323832715210e-02
7.196093291590521801e-02
1.945211985918460229e-01
6.844622396474795423e-01
8.783002542089415332e-01
7.248522238690491282e-01
6.174307002156258495e-01
3.286107270349207798e-01
-9.876768524258217052e-02
-4.502229094574062840e-01
-6.969756351187237353e-01
-8.115675823362282770e-01
-7.038512691918294983e-01
-7.629982020472925175e-01
-1.139744001641618043e+00
-9.141188190836975203e-01
-5.175577897571668196e-01
-2.625033316025433550e-01
-2.007320341597109703e-01
-1.196793122017800748e-01
-1.519220414911228723e-01
-2.802137590990314564e-01
-3.877628636128940265e-01
-4.700293395778971650e-01
-7.096706777183448001e-01
-9.305957403618936308e-01
7.604076759339162273e-02
4.019145478729635457e-02
-4.882840649527047105e-01
-6.380710982464383729e-01
-5.389274276129847330e-01
-8.036013164941269160e-01
-8.535606147006418176e-01
-7.705096340609969285e-01
-8.925933847264204690e-01
-8.279547680785532826e-01
-7.898899858267556251e-01
-1.002389579484722182e+00
-1.049250571577021507e+00
-8.377267766744547206e-01
-5.476963482037822128e-01
-2.257668341089020814e-01
-6.351775281831278930e-02
-2.582212098814257173e-01
-2.582212098814257173e-01
-6.351775281831278930e-02
-2.257668341089020814e-01
-5.476963482037822128e-01
-8.377267766744547206e-01
-1.049250571577021507e+00
-1.002389579484722182e+00
-7.898899858267556251e-01
-8.279547680785532826e-01
-8.925933847264204690e-01
-7.705096340609969285e-01
-8.535606147006418176e-01
-8.036013164941269160e-01
-5.389274276129847330e-01
-6.380710982464383729e-01
-4.882840649527047105e-01
4.019145478729635457e-02
7.604076759339162273e-02
-9.305957403618936308e-01
-7.096706777183448001e-01
-4.700293395778971650e-01
-3.877628636128940265e-01
-2.802137590990314564e-01
-1.519220414911228723e-01
-1.196793122017800748e-01
-2.007320341597109703e-01
-2.625033316025433550e-01
-5.175577897571668196e-01
-9.141188190836975203e-01
-1.139744001641618043e+00
-7.629982020472925175e-01
-7.038512691918294983e-01
-8.115675823362282770e-01
-6.969756351187237353e-01
-4.502229094574062840e-01
-9.876768524258217052e-02
3.286107270349207798e-01
6.174307002156258495e-01
7.248522238690491282e-01
8.783002542089415332e-01
6.844622396474795423e-01
1.945211985918460229e-01
7.196093291590521801e-02
5.069616323832715210e-02
-9.510238338997156760e-02
5.818052915518259205e-01
1.218813668102977310e+00
9.321642564333521008e-01
5.753589245837193999e-01
-1.386211062456078613e-01
-4.839511536382934409e-01
-7.654453641062630709e-02
7.410280207670743025e-01
-8.520872228195950360e-01
-1.553181088433133628e+00
-1.740910757801777509e+00
-1.594125429871122934e+00
-1.270437570383098347e+00
-9.858949971526542733e-01
-4.405450381217681510e-01
2.812706960796380606e-01
-2.618859806329494333e-01
-1.378588436296179331e+00
-2.170644481076651644e+00
-1.879181534283548949e+00
1.962665017137672496e+00
9.986563042662504053e-01
7.917417419471650675e-02
-4.903709810795153778e-01
-7.718825763835521769e-01
-9.187671442011484668e-01
-4.447992138654862648e-01
7.955006327885423278e-01
3.463965770193457860e-01
-2.409428428300679492e-01
-7.296654554643570156e-01
-2.948243897312293749e-01
-7.237440969264095081e-01
-1.179400014211322123e+00
-5.807485494603743525e-01
7.228283003386375416e-01
3.960887406718311965e-01
2.249866233208837052e-01
2.367477716791759335e-01
4.141496885205810941e-01
5.467295125896929342e-01
-7.546155682068009796e-01
-9.996614296646344489e-01
-6.576750221998737267e-01
-2.231606065086673141e-01
3.690670850228571775e-01
-6.004138219993748748e-02
-3.369504310374196177e-01
-6.575636657134001917e-01
-8.618344427687655296e-01
-1.002736661790875061e+00
-1.085066288494578091e+00
-1.074621698757465271e-01
4.300224615422438834e-01
5.625016576702988047e-01
6.594260877437090329e-01
8.238783215944494032e-01
9.275887872088879327e-01
6.963891970977944545e-01
-9.235828643949117733e-02
-1.148141723318482299e+00
-1.464211884279473352e+00
-7.488920934645602046e-01
3.301898926856541294e-01
5.978322092569041679e-01
-7.693202776300049894e-01
-8.638336277719947942e-01
-3.909557122348326086e-01
-2.828882405665619215e-01
-7.889469786520795225e-01
-6.980785656891705937e-01
-1.327290535998697507e-01
2.952775494858421723e-01
3.711438786639131848e-01
4.305657264587177124e-01
4.956096192480088369e-01
3.546420209220770836e-01
8.206166465293041057e-02
-2.559162650680413265e-02
-1.973151414118761160e-01
-7.009524652316045934e-02
2.961524803544777207e-01
2.067850727312487980e-01
-5.466977044905751981e-02
-1.276310336537125334e-01
-5.271706317156144017e-01
-1.086189851555498409e+00
-1.551165000240035230e+00
-1.615697942475027737e+00
-1.114065406886552090e+00
-1.419051325248759099e-01
7.209927040737125203e-01
1.079687945567217255e+00
7.988884140364693742e-01
-8.743079906354367381e-03
-8.372883630750005413e-01
-7.117918073511626531e-01
-6.260662712158895360e-01
-7.262221308644423168e-01
-8.476963931742957925e-01
-1.161347645006763019e+00
-1.156943575057047591e+00
-7.640095112093279184e-01
-4.149733171784225627e-01
-2.837036471093297152e-01
-6.744543510990195223e-01
-9.303111243369581729e-01
-8.493518301611424626e-01
-1.170793596412138093e+00
-1.905310780866395159e+00
-1.821402343614749064e+00
-5.860344916911341961e-01
1.697249838295702418e-01
-7.987877992432017571e-01
-5.220310177098754778e-01
8.001765986176252454e-01
9.943395211827912306e-01
8.002405382716233362e-01
7.500195140890206780e-01
-7.649036221879779163e-02
-5.762256024128307175e-01
-6.132471269238066736e-01
-1.253411249858697563e+00
-1.660932233753682041e+00
-1.322574569985333959e+00
3.098209662112054730e-01
1.682336939146317434e+00
6.650077157534117767e-02
-6.640257649667438145e-01
7.667172563362154580e-01
5.464841635800936626e-01
3.645633166530377611e-01
-1.441275388192118090e-01
-5.917653394808226608e-01
-7.153010111453403930e-01
-2.322174565159347281e-01
-4.721429257055564932e-01
-8.677318999030960711e-01
-2.199466460634611487e-01
8.044168586424419454e-01
-6.970782225339060556e-01
-9.409207243454642544e-01
6.349593179300039303e-02
-3.539766629507518081e-01
-1.787654540622737986e+00
-1.588388205747372162e+00
-7.060184137348202160e-01
-4.160286601316218746e-01
-4.850800995098947244e-01
-1.128440224628439736e-01
-2.305079267028720125e-04
-2.552406403278428826e-01
1.603332822616712061e-01
0.000000000000000000e+00
0.000000000000000000e+00
0.000000000000000000e+00
0.000000000000000000e+00
0.000000000000000000e+00
0.000000000000000000e+00
0.000000000000000000e+00
0.000000000000000000e+00
0.000000000000000000e+00
0.000000000000000000e+00
0.000000000000000000e+00
0.000000000000000000e+00
0.000000000000000000e+00
0.000000000000000000e+00
0.000000000000000000e+00
0.000000000000000000e+00
0.000000000000000000e+00
0.000000000000000000e+00
0.000000000000000000e+00
0.000000000000000000e+00
0.000000000000000000e+00
0.000000000000000000e+00
0.000000000000000000e+00
0.000000000000000000e+00
0.000000000000000000e+00
0.000000000000000000e+00
0.000000000000000000e+00
0.000000000000000000e+00
0.000000000000000000e+00
0.000000000000000000e+00
0.000000000000000000e+00
0.000000000000000000e+00
0.000000000000000000e+00
0.000000000000000000e+00
0.000000000000000000e+00
0.000000000000000000e+00
0.000000000000000000e+00
0.000000000000000000e+00
0.000000000000000000e+00
0.000000000000000000e+00
0.000000000000000000e+00
0.000000000000000000e+00
0.000000000000000000e+00
0.000000000000000000e+00
0.000000000000000000e+00
0.000000000000000000e+00
0.000000000000000000e+00
0.000000000000000000e+00
0.000000000000000000e+00
0.000000000000000000e+00
0.000000000000000000e+00
0.000000000000000000e+00
0.000000000000000000e+00
0.000000000000000000e+00
0.000000000000000000e+00
0.000000000000000000e+00
0.000000000000000000e+00
0.000000000000000000e+00
0.000000000000000000e+00
0.000000000000000000e+00
0.000000000000000000e+00
0.000000000000000000e+00
0.000000000000000000e+00
0.000000000000000000e+00
0.000000000000000000e+00
0.000000000000000000e+00
0.000000000000000000e+00
0.000000000000000000e+00
0.000000000000000000e+00
0.000000000000000000e+00
0.000000000000000000e+00
0.000000000000000000e+00
0.000000000000000000e+00
0.000000000000000000e+00
0.000000000000000000e+00
0.000000000000000000e+00
0.000000000000000000e+00
0.000000000000000000e+00
0.000000000000000000e+00
0.000000000000000000e+00
0.000000000000000000e+00
0.000000000000000000e+00
0.000000000000000000e+00
0.000000000000000000e+00
0.000000000000000000e+00
0.000000000000000000e+00
0.000000000000000000e+00
0.000000000000000000e+00
0.000000000000000000e+00
0.000000000000000000e+00
0.000000000000000000e+00
0.000000000000000000e+00
0.000000000000000000e+00
0.000000000000000000e+00
0.000000000000000000e+00
0.000000000000000000e+00
0.000000000000000000e+00
0.000000000000000000e+00
0.000000000000000000e+00
0.000000000000000000e+00
0.000000000000000000e+00
0.000000000000000000e+00
0.000000000000000000e+00
