4.936218261718750000e-01
3.671529282431136743e+00
7.226254645795053833e+00
8.521614462783237087e+00
7.264731307469702415e+00
4.399255538443173741e+00
1.072985767969642179e+00
1.226692257272647080e+00
3.263533463813245383e+00
4.412575197347321065e+00
4.641669377371853145e+00
3.812198559493533256e+00
2.222752194555865479e+00
1.103450040688416456e+00
5.840090429788474813e-01
-1.822149434255146971e-01
8.945795945941481531e-01
1.431861230887150116e+00
5.077029148982870055e-01
-1.270357082650153568e+00
-7.592879708035231712e-01
-6.113795082254743773e-01
-1.581299404048963630e-01
2.456001711912342067e+00
3.064091070940369477e+00
1.236198602997346629e+00
-1.527488579270670721e+00
-2.514354429743548724e+00
-1.353443572787812466e+00
7.990228816439230997e-01
3.208933001480259950e+00
4.390652037249346051e+00
3.846240690013742025e+00
1.964819474536770416e+00
8.230846639446384172e-01
8.151148983490029698e-01
7.834274628071387081e-01
1.267170739955091996e+00
-2.000097542567776943e-01
1.048337657065719464e+00
2.860605465634197486e+00
3.119904346596380940e+00
2.681778365656804386e+00
2.421669818797174134e+00
2.199801715314929851e+00
1.649822420587087279e+00
1.309586402073156908e+00
8.280193278490686204e-01
7.769737285844946495e-01
1.521394163633524865e+00
1.763498797737084400e+00
1.009825485350980268e+00
-4.133924710653580359e-02
3.374992088898309817e-01
-6.386324420623790132e-02
-2.185023488047970197e-01
2.469207346988100404e-01
2.710396468466514941e-01
-6.880162094746444801e-02
-1.506704487522345648e-01
6.540307320226346199e-02
6.059644747056222025e-01
8.371640360884065046e-01
6.056515968152049734e-01
2.719132927744211115e-01
1.257037182521986152e-01
1.776624560532201746e-01
5.703208271243283001e-01
5.930489235741189802e-01
-2.691654297950152319e-01
-7.194472208322727491e-01
-1.248740689140391824e+00
-1.975697011552196791e+00
-1.958944794178828497e+00
-1.459230619683740793e+00
-1.449539984652868263e+00
-2.218563397768449796e+00
-2.160512091324730211e+00
-1.407095242603169094e+00
-9.628880850216431364e-01
-2.310899113373998670e-01
-8.977193031400529932e-01
-1.814900931112034987e+00
-1.730666762729169417e-01
-1.151608456752208909e-01
-1.364313365249721688e+00
2.995581708880188376e-01
5.531318170498393805e-01
-7.934039084482658044e-01
-1.464107756493753687e+00
-1.925475007577865050e+00
-2.675663810553688737e+00
-2.744673348924386858e+00
-1.939465451673818119e+00
2.933869878269963483e-01
2.478809941744368306e+00
3.729350049405984358e+00
4.328876923774501506e+00
4.894775051631953033e+00
4.427890459289857361e+00
3.396653904182804329e+00
2.310148155640186829e+00
5.548505057011330344e-01
1.294549679199064052e-01
5.830167637985461671e-01
2.237118460505733264e+00
4.493983221540830186e+00
4.306154191255000541e+00
1.736326355641081509e+00
8.674441263341639008e-01
9.231894342293123223e-01
-5.373529001239911729e-01
6.876551042137284409e-01
5.198697278071819916e-01
3.969923947429497835e-01
3.321474911331832924e+00
3.934745000252380720e+00
2.789562324267904181e+00
2.444564585119091582e+00
5.500400025661684733e-01
5.557627676506422532e-01
2.799269839977523322e+00
2.464264327168630864e+00
1.498835786347322285e-01
2.558606866891588005e+00
4.333883871958877698e+00
4.990691905440257869e+00
5.649152886223829384e+00
5.240904449265691767e+00
2.949470883065381521e+00
2.073777411234485335e+00
2.819028540895390567e+00
2.384450954401077905e+00
1.482744111717646529e+00
5.547964953987409853e-01
1.192590416559824895e+00
2.132204175860573869e+00
1.116498771806830215e+00
1.021113509664816732e+00
3.201165864351493084e+00
3.503094932289941621e+00
2.060486487297630731e+00
8.858027016654098640e-01
4.086345119106062906e-01
-5.827115288481499178e-02
3.353982595541165068e+00
5.043003806645271148e+00
3.946239699294211256e+00
1.655994182797269509e+00
2.590016270114162689e-01
-7.311580410669882291e-01
1.583175403373412893e+00
3.662467510175657193e+00
3.483602669469432644e+00
1.151448415294123340e+00
-3.152186693532412765e-01
1.203206790916343305e+00
1.519114869664507150e+00
4.472985746637372362e-01
-1.135454321357236562e-01
7.150205624669530025e-01
1.520247300754355990e+00
1.149198289826583785e+00
-7.594223605634038421e-01
-4.402588230766140143e-01
8.916434165284123914e-01
8.221043675709513998e-01
4.315911182737671714e-01
2.482250118605611178e-01
-1.022372732229396064e+00
-1.663322891277452475e+00
-2.096708357875044282e+00
-2.999263495301088156e+00
-3.495944360258686601e+00
-3.440728759010468707e+00
-1.753873442675917271e+00
-6.362812769651238209e-01
-6.227391650251130617e-01
-1.476575264487166583e+00
-1.152426629000146141e+00
-8.965023874725217556e-01
-1.303596632513457809e+00
-1.640759392388566607e+00
-1.247942440502550765e+00
-1.312622972948675137e+00
-1.420963846569657463e+00
-1.580537747154593164e+00
-2.206244384388404534e+00
-2.890092320108548218e+00
-2.305316609897809510e+00
-1.878813458475188325e+00
-1.875936735644570419e+00
-2.017965352464380580e+00
-2.290117457534039946e-01
1.368385910036579833e+00
1.898955985509992228e+00
9.247007626660126434e-01
2.569903700145259595e-01
7.000480638492981855e-01
4.696629656944636411e-01
1.367313143193379377e+00
2.217294776590101879e+00
1.492002828910303780e+00
1.442940678745417760e+00
3.161435796540025489e+00
3.199828802091527535e+00
2.016677169305963968e+00
7.738314036402484941e-01
1.046542329137561733e+00
2.307532184861600832e+00
2.486723695943829249e+00
1.330775483765243017e+00
2.780420673655439767e+00
4.735302850101887451e+00
4.495829072571572382e+00
2.214598845615656231e+00
-1.162685040473268594e-01
7.948424104896771869e-01
1.841364499025460955e+00
3.886906087785066966e+00
4.831107882922541563e+00
3.020042203260447256e+00
-3.551912238677699118e-01
3.625017609836675980e-01
9.007657447207872980e-01
2.046728092999641646e+00
3.669397188829322420e+00
3.318694987659363882e+00
7.270567379663127605e-01
4.560758639922571911e-01
1.182589165429541955e+00
1.288320626015804216e-02
-7.762495338891365337e-01
9.000997441965807866e-03
5.788213803690012149e-01
5.866577164867812222e-01
-4.330164333810762045e-01
6.742977446041757972e-01
3.709632916978856443e+00
4.965883627676194401e+00
4.665767241771132667e+00
3.596583998966814022e+00
1.503435445238885393e+00
-1.073208309564284368e+00
1.255695006540755276e+00
1.897652323100256666e+00
8.193953208621018725e-02
4.757859778439577081e-01
2.706536025739102680e+00
3.163508106175714207e+00
4.141496926337166151e+00
3.467178648423197451e+00
7.652650772276970992e-01
1.178834275996334391e+00
1.567808355948155485e+00
4.954025157325052664e-01
2.181894551679859795e+00
2.326070868513709478e+00
3.173238041127289133e+00
5.464367353849324260e+00
5.145033864930400824e+00
2.552837966736366759e+00
1.050713642612375542e+00
2.200303556374833214e+00
2.837639487774267444e+00
4.724564264484753195e+00
5.942832307950631332e+00
6.877149796803611714e+00
6.972644458073495422e+00
5.733226888191973458e+00
4.539309744231874610e+00
3.547030557938562811e+00
2.116053955671818532e+00
1.014598387521886025e+00
1.499143890938285706e+00
2.290865525848722495e+00
2.604204064026323984e+00
2.126642608529071055e+00
1.847367029461802312e+00
2.299633847362239081e+00
1.694416680791710483e+00
3.291908464022987313e-01
1.821998723352348915e+00
1.912359343483285512e+00
4.520049773265919502e-01
1.326306230594115121e+00
1.675666005727650898e+00
9.330010292726335086e-01
9.771778798916574971e-01
6.089492881135437630e-01
7.724139266473782905e-01
1.657481282620533847e+00
1.618205335092647301e+00
1.030089417643635707e+00
7.871372193265243622e-01
9.192462693363452342e-01
5.432992362666334563e-01
3.297145012697280109e-01
8.412018200517552557e-01
9.363610123765673254e-01
7.209663216541204456e-01
7.421012824576560529e-01
1.043801140179615006e+00
1.464792785610249393e+00
1.589382082468259405e+00
1.122962160232458206e+00
4.092184376612689189e-01
2.515081533788902091e-01
5.344058597884985273e-01
1.040231628462567226e+00
1.101089540867677075e+00
6.510421922916717064e-01
7.189739563224938346e-01
9.020601743197689260e-01
2.889414831934711825e-01
1.291715306694932508e+00
2.189326753063225883e+00
2.060706107492398687e+00
1.329976689488718389e+00
1.277902556946659995e+00
1.649152215023703238e+00
2.173512893355941777e+00
3.013066230664633860e+00
3.529048265103524429e+00
4.015997931256212183e+00
4.449433654941143068e+00
3.918155983368020845e+00
1.926236475229614831e+00
5.299624718186047856e-01
1.685574424730281518e+00
1.136218350607152372e+00
1.425417458759825173e+00
1.638276445759944577e+00
3.056820320231554255e+00
5.327126929634704133e+00
6.165421797898413381e+00
5.218435150023805313e+00
3.165953804124072235e+00
1.440228600068869325e+00
5.281984491398774573e-01
1.191408290551724702e+00
3.068649164605476987e+00
3.889746164751756830e+00
2.935695249582199740e+00
8.954157212994855453e-01
9.141119245351126965e-01
1.048509858710063858e+00
6.544260697551153028e-01
2.302182292994826351e+00
2.917102233258467070e+00
2.001442856678166127e+00
5.560927892731636346e-01
1.105545783654657832e+00
1.650629018444190521e+00
2.786109246461546896e+00
4.319332473437593301e+00
5.047477595299953990e+00
4.716848348759361542e+00
3.603451554211538177e+00
1.645515275780695896e+00
1.525221105495365270e+00
4.938618736375457452e+00
7.954596015332803915e+00
9.441818335119490868e+00
8.379323435134713449e+00
4.945378045562146774e+00
0.000000000000000000e+00
0.000000000000000000e+00
0.000000000000000000e+00
0.000000000000000000e+00
0.000000000000000000e+00
0.000000000000000000e+00
0.000000000000000000e+00
0.000000000000000000e+00
0.000000000000000000e+00
0.000000000000000000e+00
0.000000000000000000e+00
0.000000000000000000e+00
0.000000000000000000e+00
0.000000000000000000e+00
0.000000000000000000e+00
0.000000000000000000e+00
0.000000000000000000e+00
0.000000000000000000e+00
0.000000000000000000e+00
0.000000000000000000e+00
0.000000000000000000e+00
0.000000000000000000e+00
0.000000000000000000e+00
0.000000000000000000e+00
0.000000000000000000e+00
0.000000000000000000e+00
0.000000000000000000e+00
0.000000000000000000e+00
0.000000000000000000e+00
0.000000000000000000e+00
0.000000000000000000e+00
0.000000000000000000e+00
0.000000000000000000e+00
0.000000000000000000e+00
0.000000000000000000e+00
0.000000000000000000e+00
0.000000000000000000e+00
0.000000000000000000e+00
0.000000000000000000e+00
0.000000000000000000e+00
0.000000000000000000e+00
0.000000000000000000e+00
0.000000000000000000e+00
0.000000000000000000e+00
0.000000000000000000e+00
0.000000000000000000e+00
0.000000000000000000e+00
0.000000000000000000e+00
0.000000000000000000e+00
0.000000000000000000e+00
0.000000000000000000e+00
0.000000000000000000e+00
0.000000000000000000e+00
0.000000000000000000e+00
0.000000000000000000e+00
0.000000000000000000e+00
0.000000000000000000e+00
0.000000000000000000e+00
0.000000000000000000e+00
0.000000000000000000e+00
0.000000000000000000e+00
0.000000000000000000e+00
0.000000000000000000e+00
0.000000000000000000e+00
0.000000000000000000e+00
0.000000000000000000e+00
0.000000000000000000e+00
0.000000000000000000e+00
0.000000000000000000e+00
0.000000000000000000e+00
0.000000000000000000e+00
0.000000000000000000e+00
0.000000000000000000e+00
0.000000000000000000e+00
0.000000000000000000e+00
0.000000000000000000e+00
0.000000000000000000e+00
0.000000000000000000e+00
0.000000000000000000e+00
0.000000000000000000e+00
0.000000000000000000e+00
0.000000000000000000e+00
0.000000000000000000e+00
0.000000000000000000e+00
0.000000000000000000e+00
0.000000000000000000e+00
0.000000000000000000e+00
0.000000000000000000e+00
0.000000000000000000e+00
0.000000000000000000e+00
0.000000000000000000e+00
0.000000000000000000e+00
0.000000000000000000e+00
0.000000000000000000e+00
0.000000000000000000e+00
0.000000000000000000e+00
0.000000000000000000e+00
0.000000000000000000e+00
0.000000000000000000e+00
0.000000000000000000e+00
0.000000000000000000e+00
0.000000000000000000e+00
0.000000000000000000e+00
0.000000000000000000e+00
0.000000000000000000e+00
0.000000000000000000e+00
0.000000000000000000e+00
0.000000000000000000e+00
0.000000000000000000e+00
0.000000000000000000e+00
0.000000000000000000e+00
0.000000000000000000e+00
0.000000000000000000e+00
0.000000000000000000e+00
0.000000000000000000e+00
0.000000000000000000e+00
0.000000000000000000e+00
0.000000000000000000e+00
0.000000000000000000e+00
0.000000000000000000e+00
0.000000000000000000e+00
0.000000000000000000e+00
0.000000000000000000e+00
0.000000000000000000e+00
0.000000000000000000e+00
0.000000000000000000e+00
0.000000000000000000e+00
0.000000000000000000e+00
0.000000000000000000e+00
0.000000000000000000e+00
0.000000000000000000e+00
0.000000000000000000e+00
0.000000000000000000e+00
0.000000000000000000e+00
