2.164001464843754996e-01
-2.739933449467107374e-01
-2.392450521533457941e-01
-6.185335391690383045e-02
-4.269423083680347064e-01
-2.469616189320045230e-02
4.825148314018605222e-01
-3.726428208154941024e-01
-3.607575974499255267e-02
3.478825952755431050e-01
-3.673069461803635249e-02
-5.593755517949885459e-01
-1.744958683947135381e-01
-2.087748269560547598e-01
-3.042170538274713287e-01
-2.820717598310764629e-01
-5.298721815468923069e-01
-5.044842518364252015e-01
-2.098725641337022552e-01
2.563064560160777106e-02
9.911091108206848688e-02
3.967480496561837100e-02
6.802061947337012526e-03
8.601538099583621033e-01
7.966579499928850838e-01
-9.190166405161590557e-01
-6.516126328946136859e-02
1.985137236036795816e-01
-1.896208126949308070e-01
-4.396754591451034200e-01
4.867793900627528370e-01
5.486773201604291383e-01
-4.183581606673005826e-01
-5.014739638467136107e-01
6.212714042744833520e-01
6.154760395848948296e-01
-9.864351464212323117e-01
-3.069555352146604577e-01
9.790588306503322791e-02
-2.028874934720827916e-01
1.136943241593302290e-02
-5.875230355905947111e-01
-5.821950242890585603e-01
8.957459809128405226e-01
1.090580851929218831e+00
-2.394569471387621995e-01
1.131692325690865975e+00
1.730618018292355842e+00
4.069568294253278484e-01
8.661327273590105902e-01
5.326253984097870653e-01
-1.149687672096129654e-01
6.266394255959968351e-01
-2.996578873277453425e-01
-4.829862536062951017e-01
1.097076757312862139e+00
1.595613503286089863e+00
7.713242308605556818e-01
6.317004184744601236e-01
8.125464986265626965e-01
-9.439469624373575396e-02
5.118729972209548063e-01
1.255419364673982630e+00
1.932025043933631725e-01
-4.684297277381062052e-01
-6.185727216271172946e-01
8.406810731635723233e-01
2.124170869301497344e+00
1.329843068824612562e+00
6.925298405453446104e-01
1.389277405499916185e+00
1.804910410027038115e+00
8.821428909933164419e-01
1.795601027798130467e-01
4.475333668309655621e-02
2.035462179423574991e-02
6.530700329105976198e-01
9.353088038770329682e-01
1.108670124150366698e+00
1.813648458858671653e+00
2.226587751010974170e+00
1.678555741749880870e+00
9.905741495807185437e-01
2.160530593417941070e+00
2.322836106573864967e+00
6.171331483442334953e-01
-6.089289357844156481e-01
-1.121424075170091683e+00
-1.146122017218886402e+00
-8.029487214063122380e-01
-1.698297466767531905e+00
-2.381447348116307872e+00
-2.040214044350223688e+00
-1.429704547434294426e+00
-2.048016207843808001e+00
-2.664542461784051852e+00
-2.014960049899221062e+00
-1.749424724252091501e+00
-2.305200427221315795e+00
1.094617068711468022e+00
3.981397274597676894e+00
6.724700939095880514e+00
8.888861947816685927e+00
8.793773446795086102e+00
6.459130237975234223e+00
4.682650037885999872e+00
3.969711254305577697e+00
1.663510290216093868e+00
9.482687739051063325e-01
1.675324514727689840e+00
4.687686356488811601e-01
2.505799883013396512e-01
1.773659000099325311e+00
1.160779482590802214e+00
5.949708938450862794e-01
1.956293209139568390e+00
1.329017981852907759e+00
5.734681250209613390e-01
1.529936192233662728e+00
1.382718803905760740e+00
-1.890853704504369404e-02
3.770891650465328926e-01
7.279564681882941812e-01
5.444877006462829350e-01
1.082257260466498394e+00
1.489722450852650537e+00
7.148519065160072739e-01
2.929972096611437316e-01
9.970693960629686270e-01
8.230607867589274651e-01
2.633140308171904587e-01
7.276550929587569660e-01
4.633868064871615733e-01
-3.794127417614068243e-01
1.795474376932307825e-01
2.663066426196641912e-01
-6.639475228810476359e-03
6.821343765724803276e-01
8.584215386735528641e-01
6.784192610250304734e-01
1.535708506009418439e+00
2.323983517889735673e+00
2.062549803123838288e+00
1.513917957964555416e+00
2.328793201042914873e+00
2.859387963600775073e+00
2.272345405568686250e+00
1.836746492713216439e+00
2.169266788889772091e+00
1.855977008415729212e+00
9.398018374517067564e-01
4.570491583369871158e-01
3.919773823589083883e-01
3.541834217240881211e-01
2.265546140292103439e-01
2.144555562390594305e-01
4.595318497583880113e-01
7.389636310511358275e-01
6.701763718937596703e-01
2.957020045888208992e-01
4.688952072549512629e-02
-1.027366939727573092e+00
-1.964618599477415462e+00
-1.317321984593580630e+00
1.964861172867009564e-01
-8.569804158487004386e-02
-6.918619823539207125e-01
-2.901739289716092074e-01
2.294775110839575305e-02
-2.745421896587443289e-01
-1.250809808863399819e-01
2.847470211751084168e-01
3.010264877149477769e-01
7.404489014917254863e-01
9.102903634162216040e-01
5.090398595779646040e-01
1.955282291084092794e-02
8.604941976519553393e-02
-6.620312933029401936e-01
-1.647878324563082142e+00
-1.215782980282885228e+00
-1.821213070550773416e-01
-9.919725663671903337e-01
-1.682787514193265999e+00
-1.278682280450646136e+00
-1.364890040789750181e-01
5.807406121770057883e-01
3.588147123470463162e-01
-2.524661140726656150e-01
5.365646652989977117e-01
1.437024821536882824e+00
1.787808886529406838e+00
1.547141413748353456e+00
1.266774120287061045e+00
1.197936250981194162e+00
1.242103954494691909e+00
1.297703466521850091e+00
1.261224086664470612e+00
8.830720185393376997e-01
6.266828282887928481e-01
7.614921148102845594e-01
7.667773195439157030e-01
5.542938735497596747e-01
3.249048127696951838e-01
1.649918392359375208e-01
1.533624914345939061e-01
3.355749477155946514e-01
3.374269653802924873e-01
5.656880981685868948e-01
1.352752112304455023e+00
2.031930637371081261e+00
2.026312425285332619e+00
2.162278004672353759e+00
2.746474825745641724e+00
2.333670307924242682e+00
1.551309492200964701e+00
2.290688120439181574e+00
2.518524621836637056e+00
1.368383997489021953e+00
6.585774243119574267e-01
1.171379841232508934e+00
1.041041208704453380e+00
1.536490449620745435e-01
1.797153243937256173e-01
-3.956888990102824799e-02
-6.262539858755903355e-01
4.445088586285956822e-01
1.004177314818702094e+00
2.401514225991802642e-01
3.957646520874477103e-01
8.370802739994669395e-01
4.681563764261990612e-01
8.070841856552849469e-01
1.474509096174412281e+00
1.044723111257633175e+00
8.282845989221121474e-02
1.396960632666737201e-01
9.792834807974992728e-02
-1.489568802096898903e-01
1.156700106333271805e+00
8.819585116137209635e-01
-2.934311003804757068e-01
3.752488185802884679e-01
9.100006225886421163e-01
-1.236686864338332192e-01
9.275185048050138548e-03
-1.113963508208131614e+00
-3.194989480458673370e+00
-2.292752279705478902e+00
-1.092223793637026930e+00
-3.432236626392337620e+00
-4.088903112520346106e+00
-8.099878559521123123e-01
1.682697638760949133e+00
4.007254537674008965e+00
6.220362193333474288e+00
6.269781221516686820e+00
5.707637050083263830e+00
5.405151759458387772e+00
3.557922171635528485e+00
7.230704657554354320e-02
6.616271885472480019e-01
2.151500798021827254e+00
2.604801536173479093e+00
2.147121650379500313e+00
1.432753931607315678e+00
9.452249778301085037e-01
1.141829771710479058e+00
5.499622219915065724e-01
2.150230066361897840e-01
7.619600305919416172e-02
-2.626810798602638997e-01
-1.633325932282909676e-01
1.242371570920829171e+00
2.977918612115139751e+00
2.706356733299920769e+00
1.656038376938400170e+00
2.337490162871092902e+00
2.636705722402711505e+00
2.213529698259768530e+00
2.022629839027614729e+00
1.622479677923728936e+00
4.353701399925962168e-01
3.889122971052628719e-01
1.089160309707131402e+00
5.551983756874239173e-01
2.999069107211825846e-01
1.135334502044451854e+00
1.472716715394908338e+00
1.432900607909304069e+00
1.405994769657813670e+00
1.270978805991670235e+00
2.796215310044423141e-01
-7.637082017190160999e-01
-2.043267521599474446e-01
2.258504661708006234e-01
4.631594087268255944e-01
2.145464914018191394e-02
-1.041271533980325792e-02
1.187836415876939000e+00
9.038652875809479736e-01
8.078414903500930055e-02
6.396883813018701126e-01
8.255220309015243174e-02
-1.449180426812794131e+00
-1.199102074682169228e+00
-5.781903511626527159e-01
-1.391776768452127166e+00
-3.671254452826426817e-01
7.007413620056857084e-02
-1.862127453694384371e-01
1.315358754997565383e+00
3.682111133030483430e-01
-6.465335061769222902e-01
1.445579991182236235e+00
1.746386924861372814e+00
3.177793375724917713e-01
2.915943642789997625e-02
2.222901005138693264e-01
-1.461693624508351164e-01
4.184645182772830374e-01
4.378938763735436002e-01
-3.342566090370433507e-01
3.512485858216880530e-01
-2.736025453294903542e-01
-1.915058934154077575e+00
-2.502338935389196273e+00
-2.028980186303358302e+00
-2.216438402188444456e+00
-2.880000551828559185e+00
-1.968575996630700153e+00
-1.073644368347486777e+00
-1.413464739139236093e+00
-2.507655602721493349e+00
-5.937074395864176957e-01
4.436362207942285973e-01
5.294360776680429037e-01
1.226074662285385752e+00
2.053575880477965132e+00
3.051339606249507064e+00
3.445020149669804521e+00
2.376062999902609274e+00
2.057723559975373817e+00
2.368943455115417152e+00
1.785463552136894450e+00
1.707795183970750141e+00
1.982555660347326887e+00
1.230621069298220460e+00
1.615065300148634142e+00
1.957775433432893175e+00
1.346535003667261421e+00
3.800471491047351935e-01
7.956567860020987704e-01
9.268462333439171363e-01
4.186212057288082322e-01
3.457452104306911744e-01
5.627951171944821640e-01
4.260460908935047031e-01
0.000000000000000000e+00
0.000000000000000000e+00
0.000000000000000000e+00
0.000000000000000000e+00
0.000000000000000000e+00
0.000000000000000000e+00
0.000000000000000000e+00
0.000000000000000000e+00
0.000000000000000000e+00
0.000000000000000000e+00
0.000000000000000000e+00
0.000000000000000000e+00
0.000000000000000000e+00
0.000000000000000000e+00
0.000000000000000000e+00
0.000000000000000000e+00
0.000000000000000000e+00
0.000000000000000000e+00
0.000000000000000000e+00
0.000000000000000000e+00
0.000000000000000000e+00
0.000000000000000000e+00
0.000000000000000000e+00
0.000000000000000000e+00
0.000000000000000000e+00
0.000000000000000000e+00
0.000000000000000000e+00
0.000000000000000000e+00
0.000000000000000000e+00
0.000000000000000000e+00
0.000000000000000000e+00
0.000000000000000000e+00
0.000000000000000000e+00
0.000000000000000000e+00
0.000000000000000000e+00
0.000000000000000000e+00
0.000000000000000000e+00
0.000000000000000000e+00
0.000000000000000000e+00
0.000000000000000000e+00
0.000000000000000000e+00
0.000000000000000000e+00
0.000000000000000000e+00
0.000000000000000000e+00
0.000000000000000000e+00
0.000000000000000000e+00
0.000000000000000000e+00
0.000000000000000000e+00
0.000000000000000000e+00
0.000000000000000000e+00
0.000000000000000000e+00
0.000000000000000000e+00
0.000000000000000000e+00
0.000000000000000000e+00
0.000000000000000000e+00
0.000000000000000000e+00
0.000000000000000000e+00
0.000000000000000000e+00
0.000000000000000000e+00
0.000000000000000000e+00
0.000000000000000000e+00
0.000000000000000000e+00
0.000000000000000000e+00
0.000000000000000000e+00
0.000000000000000000e+00
0.000000000000000000e+00
0.000000000000000000e+00
0.000000000000000000e+00
0.000000000000000000e+00
0.000000000000000000e+00
0.000000000000000000e+00
0.000000000000000000e+00
0.000000000000000000e+00
0.000000000000000000e+00
0.000000000000000000e+00
0.000000000000000000e+00
0.000000000000000000e+00
0.000000000000000000e+00
0.000000000000000000e+00
0.000000000000000000e+00
0.000000000000000000e+00
0.000000000000000000e+00
0.000000000000000000e+00
0.000000000000000000e+00
0.000000000000000000e+00
0.000000000000000000e+00
0.000000000000000000e+00
0.000000000000000000e+00
0.000000000000000000e+00
0.000000000000000000e+00
0.000000000000000000e+00
0.000000000000000000e+00
0.000000000000000000e+00
0.000000000000000000e+00
0.000000000000000000e+00
0.000000000000000000e+00
0.000000000000000000e+00
0.000000000000000000e+00
0.000000000000000000e+00
0.000000000000000000e+00
0.000000000000000000e+00
0.000000000000000000e+00
0.000000000000000000e+00
0.000000000000000000e+00
0.000000000000000000e+00
0.000000000000000000e+00
0.000000000000000000e+00
0.000000000000000000e+00
0.000000000000000000e+00
0.000000000000000000e+00
0.000000000000000000e+00
0.000000000000000000e+00
0.000000000000000000e+00
0.000000000000000000e+00
0.000000000000000000e+00
0.000000000000000000e+00
0.000000000000000000e+00
0.000000000000000000e+00
0.000000000000000000e+00
0.000000000000000000e+00
0.000000000000000000e+00
0.000000000000000000e+00
0.000000000000000000e+00
0.000000000000000000e+00
0.000000000000000000e+00
0.000000000000000000e+00
0.000000000000000000e+00
0.000000000000000000e+00
0.000000000000000000e+00
0.000000000000000000e+00
0.000000000000000000e+00
0.000000000000000000e+00
0.000000000000000000e+00
0.000000000000000000e+00
0.000000000000000000e+00
0.000000000000000000e+00
0.000000000000000000e+00
0.000000000000000000e+00
0.000000000000000000e+00
0.000000000000000000e+00
0.000000000000000000e+00
0.000000000000000000e+00
