-3.912048339843761102e-01
-2.740819955390279006e-01
-1.447818760036292396e-01
-5.511582287120571078e-01
-1.522695411085507988e+00
-1.462109338645849244e+00
-9.737391395414873863e-01
-3.818661972475847488e-01
4.366387531946437361e-01
1.018882406727572576e+00
1.665143326442238836e+00
1.832236640928987637e+00
1.963030294888699290e+00
2.554543515783056051e+00
1.945896495503351309e+00
5.354475397233087186e-01
-2.323721773441866922e-01
-1.570174267163032322e+00
-3.732542480724109435e+00
-2.334789278043365002e+00
-4.323389013992211538e-01
1.295350529926028393e+00
2.149607844528198530e+00
1.598147767998441715e+00
-1.791702549853271265e-01
-7.277152719914041779e-01
1.007100056334611526e+00
3.397737287891460678e+00
1.253794108146532693e+00
-1.129859839945905442e+00
-3.346355360729611483e+00
-9.303006950211667458e-02
7.443495555339493919e+00
6.042657707377562915e+00
-2.589527976963044154e-01
1.959897825780541059e+00
4.004752255857804144e+00
2.345698517634611235e-01
-3.105283183132919955e+00
-2.333954587577077522e+00
-2.107281736431267927e+00
-8.178872589877808075e-01
-5.639861135541073267e-01
-1.891971399962511180e+00
2.257809279540867742e-01
1.607606419475993142e+00
1.613416875675288686e-01
-3.057748221930411958e-01
-1.154922712174134336e+00
-2.891830940355629931e+00
-2.932218092968182255e+00
4.891532084981258244e-01
7.688526935764314896e-01
-9.105166153356585301e-01
-7.013282778574962961e-01
-1.063539579041388849e+00
-2.982386848275042190e+00
-9.510299088192042394e-01
1.090715589754300829e+00
-1.957370667052308555e+00
-2.667370538997843710e+00
1.644672578905803650e-01
-4.784866636441591492e-01
-2.087096043310946669e+00
-1.784909790561761689e-01
8.192329488461613796e-01
4.498555737398433063e-01
2.803890297583088165e-01
1.158243969889380720e+00
2.804868858460429770e-01
-6.705540188070915342e-01
-1.273426345885628974e+00
-9.246973041140182925e-01
-2.260885038569850902e-01
-4.053537432122553685e-01
-1.936991854454044315e-01
1.213147143083519452e-01
5.585594489191825218e-03
-1.523158609058659962e+00
-9.870944154393155312e-01
4.748358335341553715e-01
-5.846472715829174049e-01
-1.005272711791714180e+00
7.371356106986952650e-01
-1.074652057641487524e-01
-4.821394280614834660e-01
3.065898628093610689e-01
-7.951431774391702900e-01
-1.085128642135749111e+00
-2.034861433236301309e-01
-1.273897907866617718e+00
-5.185240884874235956e-01
1.297045593874623703e+00
9.229286725221523824e-01
-3.596970470989009350e-01
5.617244292759338009e-02
3.763194710684487632e-01
-1.525372903823604354e+00
-2.116954855440751793e+00
-2.120524266248713374e-01
-1.362252367154916044e+00
-2.659503885397656919e+00
3.917408300121429932e-01
1.311335962295944846e+00
-1.158945319431694543e+00
-6.058184545703917401e-01
-2.928275187749491693e-01
-2.727689113094815987e+00
-3.814574559631700446e+00
-1.067297632072717217e+00
2.841273826229270494e+00
2.631667319667151617e+00
-4.088172486148873297e-01
-2.745537966034987676e+00
-9.776401830167249507e-01
-1.659650146431192574e+00
-1.913114190342015686e+00
1.894745084374900301e-01
2.436390790872088985e+00
3.939673553977052656e+00
3.445130304733497795e+00
1.744647797376008391e+00
1.980043634456519097e+00
4.509596461728994754e+00
2.284001247146446367e+00
-1.326381204059675412e+00
-3.023735960957015578e+00
-2.974593648475584828e+00
-1.849563875396764034e+00
-9.773378641359018459e-01
-7.322502019615360069e-01
-5.461547475126669049e-01
-1.868297750018552694e-01
-1.042015451455552411e-01
-4.833940236716901540e-01
-2.171736260132961505e-01
-4.649009335668479181e-01
-9.351324761058608104e-01
-2.538866201345624241e-02
4.551693764352613414e-01
-1.914733901635354840e-01
-9.209055873471729825e-01
-1.273759830961463280e+00
-5.005656459782019674e-01
1.133269000236398316e+00
1.330787092111886061e+00
-4.018572940053921627e-01
-2.392087452434295436e+00
-2.823130402990582599e+00
-1.442860649464072331e+00
4.587964737680807481e-01
1.702756847460303202e+00
1.146232203032101271e+00
2.591190651414305712e-01
-1.376883761940446149e+00
-3.064909803894958262e+00
-3.571165864230522402e+00
-2.101059746340904866e+00
5.134881626344225403e-01
1.521988339309551908e+00
3.944659619786601290e-01
-8.043603785027376718e-01
-2.327628305333415693e+00
-3.030394464991727599e+00
-2.913362815137730877e+00
-2.075914226529235407e+00
-8.332052499639812648e-01
2.952503679450092511e-01
6.138532057986081369e-01
7.838175574383869915e-01
-7.646296168814912253e-01
-2.049560104216300971e+00
-2.173283445592429253e+00
-1.599230076519425392e+00
-8.320178381634018017e-01
-5.959054548504325588e-01
-1.031487548413563715e+00
-1.014154122778485601e+00
-1.997589988436270225e-01
-5.322153070649251472e-01
-7.476078492215465499e-01
-1.024970824063574870e+00
-1.496023525194461357e+00
-1.563381418902071163e+00
-1.399461096373389335e+00
-1.409417499586105293e+00
-1.028343986130461518e+00
-1.092251512647902378e-01
4.478672827832801961e-01
1.123845896144930467e+00
4.183661907561910809e-01
-1.093613029354695954e+00
-2.432337407603854640e+00
-2.439261150527393784e+00
-7.770595090636751578e-01
9.512329579284686254e-01
1.661550043805850807e+00
1.959732859985364506e+00
7.743379098622837908e-01
-1.079030178684241115e+00
-2.315376727018226610e+00
-2.711698093152284716e+00
-1.651391346176088959e+00
3.071606310563494979e-01
1.857993283066304624e+00
2.262812702105781337e+00
7.178081588635487620e-02
-1.993933331730883385e+00
-2.767075793834809616e+00
-2.260385429664346191e+00
-9.107382157159276126e-01
-3.684227168039133637e-02
-4.799047414675401413e-01
-1.303914597728143665e+00
-1.844385394989883187e+00
-2.161204736277249072e+00
-1.876240863556218219e+00
-4.568296093126826829e-01
5.811034773777281615e-01
7.614914030795456590e-01
9.005278061285340030e-01
3.939393623383460330e-01
6.736672550602824661e-01
2.303650649152601648e+00
2.418903362975191929e+00
1.880327937534347349e+00
1.795641714547462797e+00
2.022125076888229067e+00
2.334720050435314942e+00
1.996677045686774399e+00
1.583553758510433340e+00
1.925455514205678398e+00
2.653323023271776826e+00
1.225839168745414876e+00
-3.017083905677627520e+00
-3.104250335535614802e+00
-2.482201157594955632e+00
-6.021698746722328188e-01
-2.696178803933175772e-01
-1.027752965343576186e+00
-1.679416922479833207e+00
-8.998567112574247240e-01
1.410115286057722628e-02
-1.118124333402223058e+00
-1.279431017954225869e+00
5.096357968657079240e-01
2.805900206021509913e+00
4.250689787467192282e-01
-2.650975202790276430e+00
-1.327480272210972423e+00
9.564399055392405202e-01
-2.817699277659890811e-01
-3.525984176393404113e-02
2.617825056093550096e+00
1.356118824420758262e+00
-1.655697489663650490e+00
-2.085782370421577880e+00
-1.951237198546565299e+00
-3.367307411361092129e+00
-4.881936323682102952e+00
-4.442312213924332731e+00
-4.142241680286932848e+00
-3.176224014794901684e+00
-7.293265736953278289e-01
7.499542004223784808e-01
2.799560906992963893e-01
1.702744931447917054e-01
-5.370881464565514518e-01
-3.979041487911896269e-01
3.143886665279718162e-01
2.243171379109085706e-01
-1.169580167150597205e+00
-1.077788353394202092e+00
5.821978309986854949e-01
8.552472666580486216e-01
-1.099049644155214445e-02
-1.384070396847831841e-01
-1.736869710244212550e+00
-1.619592813514612706e+00
6.469884355679145216e-02
1.997534310136255264e-01
-4.891691693504158778e-01
-1.331083259040348077e+00
2.194461866436125952e-02
1.056594124448789973e+00
-8.336080722028205159e-02
-1.420683957728382962e+00
-2.491812798156907149e-01
1.225553088567409521e+00
4.293196545960065169e-02
8.527587380760559554e-02
4.337450025898568207e-01
-7.166749537661674108e-01
-2.200031364457319061e+00
-9.004207308611860139e-01
-4.173902532529580878e-01
-1.502999932753079859e+00
-6.515389051677904497e-01
1.228814753311723518e+00
-1.228749472316871483e+00
-1.394232304642331499e+00
1.042715378255218539e+00
3.913611778817049913e-01
-5.526656904838551654e-01
1.291961697869609127e+00
2.037286804947828767e-01
-2.833062222992333901e+00
-1.554501667542202092e+00
-1.144507123382284330e+00
-5.968328832165736841e-01
1.135972439155697344e+00
1.191572574721883715e+00
3.033828263298824268e+00
4.477582278455571441e+00
1.423004759370540384e+00
-1.679467068127385332e+00
4.049232971622241273e+00
2.683746714396305855e+00
-2.452149658859748005e+00
-8.715856068058016604e-01
2.709534285787981833e+00
2.741498244433400178e+00
2.138080641779017022e+00
8.384183680958314788e-01
6.111273663680071300e-01
-2.103150032787926449e+00
-3.236922519257135367e+00
-3.058805298722150567e+00
-1.285075256572972613e+00
1.463056867967934771e+00
-5.559940744713198768e-01
-1.855909631008680671e+00
7.865738425669355216e-02
-1.415217646539191687e+00
-1.182104052430130947e+00
2.311286255410847090e-01
2.043863830240955082e-02
-9.548801040933447837e-01
-1.011652781455128824e+00
3.056939634195714461e-01
1.909584608802155969e+00
7.005835834706821696e-01
5.795311190319534234e-01
1.732575338560934153e+00
1.017416555346169815e+00
7.780875405908860287e-02
2.611593912250596006e-01
9.226474514458335996e-01
1.425442651443860953e+00
-1.652449776515809710e+00
-3.105961065355281825e+00
-3.360465418070765597e+00
-2.789686654518344522e+00
-2.339187169879893169e+00
-2.763207515986636942e+00
-2.682420739658417652e+00
0.000000000000000000e+00
0.000000000000000000e+00
0.000000000000000000e+00
0.000000000000000000e+00
0.000000000000000000e+00
0.000000000000000000e+00
0.000000000000000000e+00
0.000000000000000000e+00
0.000000000000000000e+00
0.000000000000000000e+00
0.000000000000000000e+00
0.000000000000000000e+00
0.000000000000000000e+00
0.000000000000000000e+00
0.000000000000000000e+00
0.000000000000000000e+00
0.000000000000000000e+00
0.000000000000000000e+00
0.000000000000000000e+00
0.000000000000000000e+00
0.000000000000000000e+00
0.000000000000000000e+00
0.000000000000000000e+00
0.000000000000000000e+00
0.000000000000000000e+00
0.000000000000000000e+00
0.000000000000000000e+00
0.000000000000000000e+00
0.000000000000000000e+00
0.000000000000000000e+00
0.000000000000000000e+00
0.000000000000000000e+00
0.000000000000000000e+00
0.000000000000000000e+00
0.000000000000000000e+00
0.000000000000000000e+00
0.000000000000000000e+00
0.000000000000000000e+00
0.000000000000000000e+00
0.000000000000000000e+00
0.000000000000000000e+00
0.000000000000000000e+00
0.000000000000000000e+00
0.000000000000000000e+00
0.000000000000000000e+00
0.000000000000000000e+00
0.000000000000000000e+00
0.000000000000000000e+00
0.000000000000000000e+00
0.000000000000000000e+00
0.000000000000000000e+00
0.000000000000000000e+00
0.000000000000000000e+00
0.000000000000000000e+00
0.000000000000000000e+00
0.000000000000000000e+00
0.000000000000000000e+00
0.000000000000000000e+00
0.000000000000000000e+00
0.000000000000000000e+00
0.000000000000000000e+00
0.000000000000000000e+00
0.000000000000000000e+00
0.000000000000000000e+00
0.000000000000000000e+00
0.000000000000000000e+00
0.000000000000000000e+00
0.000000000000000000e+00
0.000000000000000000e+00
0.000000000000000000e+00
0.000000000000000000e+00
0.000000000000000000e+00
0.000000000000000000e+00
0.000000000000000000e+00
0.000000000000000000e+00
0.000000000000000000e+00
0.000000000000000000e+00
0.000000000000000000e+00
0.000000000000000000e+00
0.000000000000000000e+00
0.000000000000000000e+00
0.000000000000000000e+00
0.000000000000000000e+00
0.000000000000000000e+00
0.000000000000000000e+00
0.000000000000000000e+00
0.000000000000000000e+00
0.000000000000000000e+00
0.000000000000000000e+00
0.000000000000000000e+00
0.000000000000000000e+00
0.000000000000000000e+00
0.000000000000000000e+00
0.000000000000000000e+00
0.000000000000000000e+00
0.000000000000000000e+00
0.000000000000000000e+00
0.000000000000000000e+00
0.000000000000000000e+00
0.000000000000000000e+00
0.000000000000000000e+00
0.000000000000000000e+00
0.000000000000000000e+00
0.000000000000000000e+00
0.000000000000000000e+00
0.000000000000000000e+00
0.000000000000000000e+00
0.000000000000000000e+00
0.000000000000000000e+00
0.000000000000000000e+00
0.000000000000000000e+00
0.000000000000000000e+00
0.000000000000000000e+00
0.000000000000000000e+00
0.000000000000000000e+00
0.000000000000000000e+00
0.000000000000000000e+00
0.000000000000000000e+00
0.000000000000000000e+00
0.000000000000000000e+00
0.000000000000000000e+00
0.000000000000000000e+00
0.000000000000000000e+00
0.000000000000000000e+00
0.000000000000000000e+00
0.000000000000000000e+00
0.000000000000000000e+00
0.000000000000000000e+00
0.000000000000000000e+00
0.000000000000000000e+00
0.000000000000000000e+00
0.000000000000000000e+00
0.000000000000000000e+00
0.000000000000000000e+00
0.000000000000000000e+00
0.000000000000000000e+00
0.000000000000000000e+00
0.000000000000000000e+00
0.000000000000000000e+00
0.000000000000000000e+00
0.000000000000000000e+00
0.000000000000000000e+00
0.000000000000000000e+00
0.000000000000000000e+00
