5.371093749999111822e-03
3.962823149062240091e-01
1.247322729403021135e+00
2.736923914314488560e-01
-2.527201525880309330e-01
-3.195787279248407664e-02
-1.668393495115907399e-01
-1.505858564383475873e+00
1.916835856156129392e-01
-1.048021253105557715e-01
3.830727713779507049e-01
-4.750677934667905111e-01
-4.942311406991563016e-01
-6.304522751812564607e-01
7.070432745453311685e-03
-2.271361311184599274e-01
-1.120751847484973140e-01
-1.620171979493852277e+00
-1.976668979552003602e+00
-1.241273295044604374e+00
-5.022727680896292846e-01
2.518503661797849569e-01
1.215685992890116474e-01
-2.284658506828152191e-01
-2.971839423598121588e-01
6.798733701341197477e-02
2.269134534564954953e-01
-2.383147209359001151e-01
-5.892959066729914763e-01
4.075723164274361321e-01
-1.195547898789794949e-02
-3.571390035045558520e-01
-1.732722397305202777e-01
1.051136940556718358e-02
4.229256155697305730e-01
-9.723024078594381114e-01
-1.169893661394465489e-01
8.711615496329339070e-01
-1.003997436417056743e-01
-3.117163645771188207e-01
6.826272656820497886e-02
5.230147868228440799e-01
1.211950856218386163e-01
-4.084036562604231868e-02
4.959542786539171688e-01
-1.775537728252222447e+00
-1.437683994713431890e+00
-5.077883179471864850e-01
2.702800682411693467e-01
7.693714900495074449e-02
-7.658368340959809117e-02
-5.046476529823389345e-01
-1.213795813404033641e+00
4.736080940687411589e-01
-1.284107678691395638e+00
-1.715113296864313464e-01
1.622042395926270864e-01
-5.375521719046740809e-01
3.114841889699715427e-02
1.616160460021305867e-01
3.156920464620114886e-01
6.370543082326401985e-02
4.626979138456519536e-01
-2.310571347090809025e-02
8.950210040936545930e-03
-1.844376077935371283e-01
5.265708203542981414e-01
3.964653785381064832e-01
-2.113475345505588798e-02
-5.502928519427029430e-01
-3.232843275137697869e-02
3.091848777871223364e-01
1.624197848239079811e-01
3.221245528705441452e-01
-5.490060572841952702e-01
-6.755902915936495834e-01
-9.461734025241496093e-01
-1.201068699377324300e+00
-1.285298291730145426e+00
2.240075918200807870e-01
-2.278534268682306796e-01
6.427452899008476717e-01
7.131044868096181322e-02
5.282862436072963686e-01
3.680199947420185191e-01
2.888381230906396091e-01
-1.901207991776243666e-01
2.269167720951312250e-02
-2.389074653550649074e-03
4.128926123628160472e-01
6.734756185174617382e-02
-5.532753575073926511e-01
-4.536364989055348129e-01
-5.790401936668125860e-01
-7.105552834958905883e-02
4.626812563075638485e-01
8.199429153073906074e-01
7.484246334890347629e-01
-5.682096761851951339e-01
-1.302833218961720441e+00
-4.293821113515725596e-01
9.414024879804978596e-01
-4.869514060188456783e-01
-2.434004356805170577e-01
-2.533590771833102995e+00
-1.280789888449354041e+00
9.717336574172156238e-01
2.727474828004148311e-01
5.508644211518625156e-01
-1.336154906079064064e+00
6.522029024678359654e-01
5.255962747159342863e-01
2.818024605165946994e+00
9.368877294316144688e-01
3.468320536977145263e-01
-4.430409765130294275e-02
-6.938055228147887998e-02
4.413900428612389515e-01
1.024386047596701266e+00
3.954537686258081663e-01
9.330099067468374807e-01
-3.555973429670236108e+00
-4.550974258837024777e+00
-2.460859280664878135e+00
1.987031816677365725e+00
1.654547178404419006e+00
-8.580393793123884949e-01
1.022348966678150672e+00
9.439984471550366685e-01
4.445814278752695969e+00
4.948832812751969179e+00
3.349469001368310384e-01
1.462271590026941404e+00
2.320470708052225550e+00
3.520933590943929659e+00
9.236434840993223983e-01
-1.676970377196453033e+00
2.362118258512668767e+00
2.697880752211219146e-01
1.105331399633438849e+00
1.418873650946873344e+00
6.998725398148950561e+00
5.940601707981491231e+00
-2.615071927398358476e+00
-2.693264721178316279e+00
-3.186692640841242152e-01
-1.075797075305523087e+01
-1.685796534221343990e+01
-3.329682753545082363e-01
-8.602992756933076635e-01
-5.326736827314277889e-01
-2.071869267767894485e+00
-2.810704858135710360e+00
1.758571962761837248e+00
-4.799224869716616215e-01
-8.537664819710713004e-01
-4.274274285740886636e-01
-6.316823331829448662e-01
-1.874242289097921565e-01
1.547251563983007561e-01
-2.264422174544609589e+00
-1.614991964192235674e+00
-1.656881347483597278e+00
-5.623450687375493029e-01
9.749574728348211483e-01
-5.498711033397802872e-01
-2.999898643858204816e-01
-5.964277226535326104e-01
-2.371025122073865177e+00
-1.895758978365641445e+00
-1.447624469731444208e+00
1.609785091144620317e+00
-5.614426095563061381e+00
-4.008698091206975178e+00
-3.158008259589653477e+00
-1.767031812888886222e+00
-3.650276353369830140e-01
-3.505736661627349982e+00
-7.238495350554972063e-01
-1.971187614588097325e+00
-8.851712886212959042e-02
-2.650260457244697943e+00
-2.244997689791078166e+00
-1.847578267237494076e+00
-2.326866696197528395e+00
-3.189462156949127714e-01
1.064862548030791167e+00
-5.756910500702632216e-01
-7.131675893227178431e-01
6.873213576453739426e-01
-1.477055239368429973e-01
4.631363616514730941e-01
-2.958259710098980477e+00
-1.801125957391950028e+00
7.761881795902115799e-01
2.897092570013440893e-01
-4.722145522078837754e-01
3.349957957935512098e-01
2.237123251221374787e+00
1.893703338087581400e+00
1.679885182042007985e+00
1.600065868188179419e+00
5.277002934821413138e-01
7.338091789422795941e-02
-6.280021153714414606e-01
5.495602131394248246e-01
1.732623198248957053e-01
7.165629591266473586e-01
-5.338007126763815169e-01
-2.743064705803650583e-01
6.093530088680918499e-01
-1.983039637024710533e-01
-1.244543891085417409e+00
-1.402601852996909759e-01
-1.693282235323208207e+00
-2.134554784974030950e-01
-1.000243831206574896e+00
-4.135519649082564086e-02
-8.705969931945530815e-01
1.007504033655206133e+00
-3.452820279984818441e-01
5.615331228657419738e-01
-1.217456187015601765e+00
-3.642032444968512639e-01
-2.629223928278934252e-02
-8.002504600743749474e-01
1.830286221317605211e-01
-6.523119175937709402e-01
-6.697176072920463241e-02
-1.159317100292466041e+00
-8.369015101634169618e-02
6.528148243623874691e-01
7.481129770494213682e-01
8.067579458589917429e-01
8.740216041702769667e-01
2.694188903154262960e+00
1.611236718849749394e+00
-7.661746793574251146e-01
7.004701941732359716e-01
4.661084018932837303e-02
-3.660218438063005397e-01
-1.614779608130432864e+00
-1.504440803568229956e-01
-1.689197331445599248e+00
-1.472972153448299348e+00
4.676548577251935512e-01
-9.692377002391765473e-01
-1.342900423636224083e-01
-3.984973287194701008e+00
-3.187364259083560025e+00
-2.335950917358819101e+00
-2.879604489626693020e+00
-5.693828080105245437e-01
6.622204814190845168e-01
3.119434704410244397e-01
4.288080357855024172e-01
-6.401866038927277458e-01
-6.198689378643764680e-01
-7.364701467188634609e-01
3.392654191913790918e-01
-8.250522722427990896e-01
1.922037537358629589e-01
6.421930105592897897e-01
2.294191959902414091e+00
3.529020591951334662e+00
-6.749221772204849756e-01
-1.094276067601090752e+00
-1.096240447345570246e+00
-1.923380240631463511e+00
-4.159390716445519054e+00
-5.076607072600543002e-01
-5.088286787658291566e-01
-2.351756206707530383e-01
-1.561142580865965357e+00
-1.108576938390231748e+00
-3.290137571971629704e-02
-1.412476216326182143e+00
-1.563399327551617368e+00
5.985398175111336094e-01
3.945095313105845269e-01
-7.039625596157859100e-01
-7.036886314124018993e-01
1.014531868007885640e+00
5.461759465490396703e-01
-1.081608051408860405e+00
7.889615959152876945e-01
7.746390956204241007e-01
3.577804405749890337e-01
-9.474625596197188138e-01
8.864546752707209709e-01
9.408370867809368043e-01
7.253769172262410914e-01
-1.116809055625100910e-01
1.424471045656214629e+00
1.205589713365549764e+00
-4.743256377798190648e-01
1.756286263866701614e+00
9.768435902520489211e-01
3.202843486119093086e+00
1.136799795312261274e+00
4.658640595323793043e-01
6.149934745224012733e-01
1.204354497481157527e+00
-1.688772534053368579e+00
-7.270867580190114587e-01
-5.758897020342301776e-01
1.212047999950038868e-01
-8.207225046656347889e-01
-1.058031365141999691e+00
-2.811311690588547130e-01
2.029382787152180789e-01
-1.645225313491947228e+00
-1.122663427509494216e+00
-4.907899714311221295e-01
-1.593082151088356158e+00
-1.002305100881513145e+00
-9.726769874673688587e-01
4.306430840572912366e-01
1.595821371981819281e-01
1.561200470439750854e+00
2.788266459034214328e-01
-9.799534435711225733e-01
8.837250169715621384e-01
1.098167931367278083e+00
7.691929098511893770e-01
-3.290271281702198625e+00
2.955132618119458598e+00
-9.630581143362846319e-01
3.344240911248864911e+00
2.984307922227662502e-01
1.859659756048155366e-01
9.788220952370318972e-02
1.244999273951348240e-01
-2.814149503570195776e+00
-2.418172588729347705e+00
-1.765109532723158292e+00
-1.822145741866077584e+00
-1.239681966279569281e+00
-3.295020952359957622e+00
-4.623451766982873412e-01
-3.361370465999060642e+00
-1.453827420942823689e+00
-5.419723497932882772e+00
-2.649985011402974600e+00
-6.370930647209840814e+00
-5.852586280040545930e+00
-9.723421721221869873e-02
-1.657669825218066606e+00
1.636484937996041111e-02
-5.113120225849816514e-01
2.164894232027084087e+00
5.932078070581637164e+00
4.744718928968041816e+00
1.040103427926382729e+01
4.907966456439577740e+00
-1.111594927627482354e+00
-6.731100239669107754e-01
4.083038894564431587e+00
6.652107534057048355e+00
3.803836928795154559e+00
4.031797667775666838e+00
-1.664274402093479654e-01
1.047899479735071360e+00
-8.601302408795676868e-01
2.443901775310753699e+00
-1.675266038889144937e-01
-2.614202989575785452e+00
-4.842729488295027807e-01
-3.598173932708446987e+00
-1.358225475790620251e+00
-1.631324845420449066e+01
-1.887948399435985181e+01
-5.500148218743740713e+00
-3.085690598899708537e+00
-7.822554763369251596e-01
2.150822284932890405e+00
1.674302626216875423e+00
-1.822339866749757453e+00
-3.750622326043752786e+00
8.218921576158733089e-02
7.436229763804642623e-01
-3.221836310125598679e-01
-5.292883614298693473e-02
6.110884418514672678e-02
4.144711206968924033e-01
-7.942078451908451964e-02
1.561677826084762133e+00
3.198584918497881180e+00
-3.151706305673387387e-01
-1.301059198452495735e+00
-7.809165783260789695e-01
3.198857620388495526e-02
-3.428984622940289828e-01
-8.029543354450197068e-01
-4.176949080931039227e+00
-5.678886528087576657e+00
-2.804953031106348860e+00
4.325036439795959531e-01
7.592646046061655163e-01
8.816253390789254851e-01
-1.133826021556193941e+00
-5.141852111335365461e-01
-1.757931710971496475e-01
5.839329440312345243e-01
-1.049096335009214176e+00
-3.217554087960406983e-01
-3.722915887887533470e-01
1.274628683803456508e-01
-1.358092220029554209e+00
-4.161560262360618490e-01
-5.610926279614014689e-03
2.428651590055706522e-01
-2.498344737892504330e+00
-2.799445438685925325e+00
-3.597868155988791505e-01
-7.164734385948221540e-01
-3.372377617403935490e-01
-1.160323892300174631e+00
-8.876911216317540099e-01
-6.364048012119988273e-01
6.401777286462149164e-01
6.452681035387272113e-01
7.748297951937136441e-01
-3.234125649033170458e-01
1.687884188684600772e-01
-4.008998410249702271e-01
-2.799048651143837274e-01
-3.601595116157504384e-01
-2.032034876896529063e-01
1.151986039846296106e-01
2.295209591157506834e-01
1.173868913398675717e-01
4.310493618260902160e-02
7.785262470197734652e-01
2.049633251881823881e-01
-2.974462232600413869e-01
-2.331373940089809249e-03
9.440293120666393145e-02
-2.203689432606691923e-01
-1.632827825553923695e+00
-1.663260246259749886e+00
-1.108408814046694779e+00
-1.572900427662438538e+00
-5.850459974698307697e-01
7.343558805327767836e-01
-1.708681750531543253e-03
3.623307050651858319e-01
-3.681390791997976031e-01
-1.593180935630666983e-01
-6.809243653527141671e-02
2.479941109939300947e-01
6.510562952151980332e-01
-2.662434332396894643e-01
4.490971964270837335e-01
1.294269244624495496e-01
6.888008634261253427e-01
3.306538032176039588e-01
-9.508360722560782463e-03
5.077499529633971997e-01
3.800259107790039947e-01
-9.496386359128539123e-02
-8.049572908733354515e-02
-1.513160450540271817e-01
-9.237804174405588320e-01
-9.375407470679228417e-02
-6.740614906608479728e-01
-3.133455464477300501e-01
-4.627158363837698962e-01
1.113993151858875263e-01
-1.938820414643031009e-01
5.814938580152129166e-02
-1.622261735894260148e+00
-1.139336953317257262e+00
2.285571546911469021e-01
-5.799633660405221214e-01
3.500913586022396107e-01
1.162760457485486620e+00
8.184313584902521699e-01
-6.642329245406419780e-02
2.118108621856610863e-01
5.146713540643798046e-01
9.702001730060605400e-02
-1.309790095652714204e-01
6.670597639003721380e-01
-5.962238684021405888e-01
-2.784717466426402943e-01
-5.030986662082331806e-01
3.057178065924007759e-01
1.389474499999028834e-01
-2.006780754616767082e-01
-7.771742604921949571e-02
5.398876951424622650e-01
9.971485455364995087e-02
5.418238573327603946e-01
4.969350689381490938e-02
-5.741695708358806050e-01
2.890313318206688686e-01
5.785639982866259690e-01
-6.828647747919875943e-01
-2.778291632100048147e+00
