8.737182617187500000e-02
8.306779008425549393e-02
5.632309451325015481e-02
3.720771719129506439e-02
1.249132928088614314e-02
-2.716797731998035759e-02
-9.609954490006428207e-02
-1.665138485745022989e-01
-2.056635631086456417e-01
-1.860404489271292316e-01
-1.118342478197634215e-01
-4.627917680779064513e-02
-2.218253611369863654e-02
-5.201844588866558206e-02
-6.974748645533010438e-02
-5.014463566471313860e-02
-4.511134636614819171e-02
-6.297821573393325156e-02
-5.606092665476637704e-02
-2.713854548672889333e-02
-6.916999516658281499e-02
-1.035812732565367378e-01
-6.327936307006734595e-02
-7.654348831654952945e-02
3.990294724398973925e-02
2.724148311224500185e-01
3.754282689233152670e-01
3.003422736525282466e-01
1.576158116819186827e-01
1.760891424713677544e-01
2.633394321946059824e-01
2.327932730124947780e-01
7.948888808901569125e-02
-8.461841471279540894e-02
-1.817434288864435699e-01
-1.903694737627991129e-01
-1.530183869211725056e-01
-1.673299622148990418e-01
-1.975347405747834295e-01
-2.229428381766706546e-01
-2.712490544258257530e-01
-2.986015339089727050e-01
-3.057075177203658622e-01
-3.076504229760928522e-01
-2.762371958393571303e-01
-2.261251099248126617e-01
-1.479487838332971261e-01
-3.138595980260072693e-02
1.407245699240576853e-01
3.614806307308242594e-01
5.879826216936803185e-01
9.072902538595861710e-01
1.156883103810167013e+00
1.612478081544797437e+00
2.562089975411521614e+00
2.805445568335052542e+00
2.385275353312282576e+00
1.827839826354512365e+00
1.434613035648226287e+00
1.173499935250878590e+00
9.892381129086309510e-01
7.920017637041542047e-01
5.484663483257025129e-01
4.091367841133702887e-01
3.792033588352911044e-01
3.433440006686691026e-01
2.667701129075746858e-01
1.229147432390221284e-01
-9.136145303917386773e-02
-2.937375611586411361e-01
-3.669368356608098125e-01
-4.300390473072138176e-01
-6.024271659818192237e-01
-6.119744116236669473e-01
-4.687568218961275512e-01
-3.987709835426502258e-01
-4.178732241416632798e-01
-4.687827693007546315e-01
-7.327047825874537512e-01
-9.685486413085488966e-01
-1.009670851577417316e+00
-1.013855509217083561e+00
-1.126725841521529992e+00
-1.246990817654780814e+00
-1.518665826728914814e+00
-2.219155104755106134e+00
-3.294229370826544656e+00
-4.801872531984097137e+00
-6.918986342461277417e+00
-8.622261824988230572e+00
-7.735622242787102643e+00
-5.194739918270653511e+00
-3.383916570283458825e+00
-2.586043970141995718e+00
-1.995160191881285128e+00
-1.137762781622129182e+00
-3.628722490215388063e-01
2.145432262857238648e-01
8.371180569549863115e-01
1.276604127544011202e+00
8.400800034684454687e-01
-5.578414421010551294e-01
-1.912416292950644969e+00
-1.736924249004172527e+00
-8.535511249403691103e-01
-2.408164451643344250e-01
1.616331671829658312e-01
5.798315706987655638e-01
1.081292473450712999e+00
1.581712911923168097e+00
1.992454498168939825e+00
2.191449553030729192e+00
2.490647304485405389e+00
3.154458306918391575e+00
3.973017410955148598e+00
4.553909056923061804e+00
4.408477520984497744e+00
3.574468226042613495e+00
2.941131973252387510e+00
2.656982464198027749e+00
2.279142302191119462e+00
1.619554098291345001e+00
1.008452072358902996e+00
7.221254817334021858e-01
5.542510421356513506e-01
4.310484555308382593e-01
4.593193302988701765e-01
4.978226419704466776e-01
4.705131342573283248e-01
4.435864666718212224e-01
4.356614674937089315e-01
3.992204667248785421e-01
2.423315232598354241e-01
2.518207329564736696e-02
-6.916898098389101524e-02
-6.665317128118253276e-02
-9.015519611214339868e-02
-1.677687116796968692e-01
-2.600640794748985685e-01
-3.878547780165058079e-01
-4.316203282189784440e-01
-2.919076079980064131e-01
-2.075343757538730127e-01
-2.880748836720056216e-01
-2.793755388891994151e-01
-2.719612028924554004e-01
-3.428175133163372523e-01
-2.515008067746334897e-01
-4.140322402546792180e-02
-1.698327094095142265e-01
-6.054985119405859040e-01
-1.032498323695057563e+00
-1.372351799568392039e+00
-1.699836546686753547e+00
-2.246438208933646319e+00
-3.374153846087661002e+00
-4.271537510444825436e+00
-3.812818088202181599e+00
-2.620686335167671466e+00
-1.487572914930469503e+00
-1.012654440618973029e+00
-8.883695425990965067e-01
-8.838653712709203525e-01
-1.180178227624931075e+00
-1.715888152889367024e+00
-2.131189323480585429e+00
-2.770207095387370977e+00
-4.425914193597929369e+00
-6.729419385496915318e+00
-7.043642918939715614e+00
-4.614539276418256009e+00
-1.888702399235271390e+00
1.698510797910701697e-01
1.978169571470052457e+00
3.513754940942695804e+00
3.970218931159736897e+00
3.538641091933004468e+00
2.888187046836921290e+00
2.237472878858938863e+00
1.828956410232903895e+00
1.734159897136029471e+00
1.737279311463608922e+00
1.598197101126858310e+00
1.438543596015211534e+00
1.336673811801433409e+00
1.271876479836857587e+00
1.348044479182028521e+00
1.774540383400296850e+00
2.596971164470082805e+00
3.628828993364995092e+00
4.078330562832438666e+00
3.547476232629901194e+00
2.696444291240716495e+00
2.030552092505621520e+00
1.553494014441893833e+00
1.124064857019932973e+00
8.020431234563731859e-01
6.198431243939237500e-01
5.155611958923825844e-01
4.516122543803360867e-01
4.232921934088959004e-01
4.029508542113103831e-01
3.943829876621801067e-01
3.947086342532741821e-01
3.975778943275023458e-01
1.971888057220263502e-01
8.261297158605018787e-02
2.259942460294483979e-02
7.548145689212593101e-02
7.214069281025314861e-02
-9.652347513664708001e-02
-2.116763008658530121e-01
-2.060488980299116091e-01
-2.196271400699866816e-01
-2.365525032790501692e-01
-1.737115216834071996e-01
-1.791210903482422789e-01
-2.936571175979513781e-01
-2.998623604697711054e-01
-1.555971788560039926e-01
-8.277357193980647287e-02
2.497247111292522082e-02
1.903146905029193259e-01
3.380037583922721467e-01
4.562646613838073906e-01
4.627451138198585556e-01
4.341796491687905934e-01
4.719503066093728716e-01
6.379296292570449944e-01
9.499202152220399542e-01
1.217740217155835358e+00
1.339664782268530585e+00
1.571267376707851993e+00
1.979975859089480483e+00
2.471691513173268628e+00
2.771737617173665402e+00
2.423970198113943209e+00
1.597058996401793385e+00
1.169964650185505217e+00
9.327560429763188665e-01
5.581855943510565243e-01
3.008142993396445419e-01
1.843166390118523568e-01
1.056234250608543146e-01
1.748992548770356148e-02
-4.429672714318949600e-02
-1.245259823026236556e-01
-2.706148296072951043e-01
-3.753082732845235414e-01
-4.087497674834588701e-01
-3.699398137895373861e-01
-2.715794934556063911e-01
-1.703518563374429307e-01
-1.194459714989192650e-01
-1.195706772931782735e-01
-1.293542443634372319e-01
-1.021153257977518991e-01
2.121311085741275915e-02
2.878144891292008234e-01
4.274508124170073864e-01
4.440223047651946087e-01
3.105337414233516613e-01
2.459078278420644137e-01
4.345903460673554153e-01
5.272689671924628563e-01
4.322571707694661813e-01
2.416391392772927749e-01
1.182305025508875729e-01
9.513355538440809722e-02
5.603081179254595229e-02
9.788581070308194354e-02
1.271676040173720101e-01
1.247874011967406577e-01
1.734961539475858017e-01
2.336478880592865737e-01
2.475647600448230012e-01
2.170149394887980476e-01
2.035944997806598822e-01
2.425785983820433200e-01
2.895196308363964799e-01
3.132179550799055190e-01
2.991594349779705397e-01
2.546878171110765199e-01
2.024423974073703003e-01
1.773491282419681903e-01
1.935800917186178971e-01
2.142767608256646861e-01
2.183225801553408119e-01
2.014797660841461391e-01
1.881438666795030579e-01
0.000000000000000000e+00
0.000000000000000000e+00
0.000000000000000000e+00
0.000000000000000000e+00
0.000000000000000000e+00
0.000000000000000000e+00
0.000000000000000000e+00
0.000000000000000000e+00
0.000000000000000000e+00
0.000000000000000000e+00
0.000000000000000000e+00
0.000000000000000000e+00
0.000000000000000000e+00
0.000000000000000000e+00
0.000000000000000000e+00
0.000000000000000000e+00
0.000000000000000000e+00
0.000000000000000000e+00
0.000000000000000000e+00
0.000000000000000000e+00
0.000000000000000000e+00
0.000000000000000000e+00
0.000000000000000000e+00
0.000000000000000000e+00
0.000000000000000000e+00
0.000000000000000000e+00
0.000000000000000000e+00
0.000000000000000000e+00
0.000000000000000000e+00
0.000000000000000000e+00
0.000000000000000000e+00
0.000000000000000000e+00
0.000000000000000000e+00
0.000000000000000000e+00
0.000000000000000000e+00
0.000000000000000000e+00
0.000000000000000000e+00
0.000000000000000000e+00
0.000000000000000000e+00
0.000000000000000000e+00
0.000000000000000000e+00
0.000000000000000000e+00
0.000000000000000000e+00
0.000000000000000000e+00
0.000000000000000000e+00
0.000000000000000000e+00
0.000000000000000000e+00
0.000000000000000000e+00
0.000000000000000000e+00
0.000000000000000000e+00
0.000000000000000000e+00
0.000000000000000000e+00
0.000000000000000000e+00
0.000000000000000000e+00
0.000000000000000000e+00
0.000000000000000000e+00
0.000000000000000000e+00
0.000000000000000000e+00
0.000000000000000000e+00
0.000000000000000000e+00
0.000000000000000000e+00
0.000000000000000000e+00
0.000000000000000000e+00
0.000000000000000000e+00
0.000000000000000000e+00
0.000000000000000000e+00
0.000000000000000000e+00
0.000000000000000000e+00
0.000000000000000000e+00
0.000000000000000000e+00
0.000000000000000000e+00
0.000000000000000000e+00
0.000000000000000000e+00
0.000000000000000000e+00
0.000000000000000000e+00
0.000000000000000000e+00
0.000000000000000000e+00
0.000000000000000000e+00
0.000000000000000000e+00
0.000000000000000000e+00
0.000000000000000000e+00
0.000000000000000000e+00
0.000000000000000000e+00
0.000000000000000000e+00
0.000000000000000000e+00
0.000000000000000000e+00
0.000000000000000000e+00
0.000000000000000000e+00
0.000000000000000000e+00
0.000000000000000000e+00
0.000000000000000000e+00
0.000000000000000000e+00
0.000000000000000000e+00
0.000000000000000000e+00
0.000000000000000000e+00
0.000000000000000000e+00
0.000000000000000000e+00
0.000000000000000000e+00
0.000000000000000000e+00
0.000000000000000000e+00
0.000000000000000000e+00
0.000000000000000000e+00
0.000000000000000000e+00
0.000000000000000000e+00
0.000000000000000000e+00
0.000000000000000000e+00
0.000000000000000000e+00
0.000000000000000000e+00
0.000000000000000000e+00
0.000000000000000000e+00
0.000000000000000000e+00
0.000000000000000000e+00
0.000000000000000000e+00
0.000000000000000000e+00
0.000000000000000000e+00
0.000000000000000000e+00
0.000000000000000000e+00
0.000000000000000000e+00
0.000000000000000000e+00
0.000000000000000000e+00
0.000000000000000000e+00
0.000000000000000000e+00
0.000000000000000000e+00
0.000000000000000000e+00
0.000000000000000000e+00
0.000000000000000000e+00
0.000000000000000000e+00
0.000000000000000000e+00
0.000000000000000000e+00
0.000000000000000000e+00
0.000000000000000000e+00
0.000000000000000000e+00
0.000000000000000000e+00
0.000000000000000000e+00
0.000000000000000000e+00
0.000000000000000000e+00
0.000000000000000000e+00
0.000000000000000000e+00
0.000000000000000000e+00
0.000000000000000000e+00
0.000000000000000000e+00
0.000000000000000000e+00
0.000000000000000000e+00
0.000000000000000000e+00
0.000000000000000000e+00
0.000000000000000000e+00
0.000000000000000000e+00
0.000000000000000000e+00
0.000000000000000000e+00
0.000000000000000000e+00
0.000000000000000000e+00
0.000000000000000000e+00
0.000000000000000000e+00
0.000000000000000000e+00
0.000000000000000000e+00
0.000000000000000000e+00
0.000000000000000000e+00
0.000000000000000000e+00
0.000000000000000000e+00
0.000000000000000000e+00
0.000000000000000000e+00
0.000000000000000000e+00
0.000000000000000000e+00
0.000000000000000000e+00
0.000000000000000000e+00
0.000000000000000000e+00
0.000000000000000000e+00
0.000000000000000000e+00
0.000000000000000000e+00
0.000000000000000000e+00
0.000000000000000000e+00
0.000000000000000000e+00
0.000000000000000000e+00
0.000000000000000000e+00
0.000000000000000000e+00
0.000000000000000000e+00
0.000000000000000000e+00
0.000000000000000000e+00
0.000000000000000000e+00
0.000000000000000000e+00
0.000000000000000000e+00
0.000000000000000000e+00
0.000000000000000000e+00
0.000000000000000000e+00
0.000000000000000000e+00
0.000000000000000000e+00
0.000000000000000000e+00
0.000000000000000000e+00
0.000000000000000000e+00
0.000000000000000000e+00
0.000000000000000000e+00
0.000000000000000000e+00
0.000000000000000000e+00
0.000000000000000000e+00
0.000000000000000000e+00
0.000000000000000000e+00
0.000000000000000000e+00
0.000000000000000000e+00
0.000000000000000000e+00
0.000000000000000000e+00
0.000000000000000000e+00
0.000000000000000000e+00
0.000000000000000000e+00
0.000000000000000000e+00
0.000000000000000000e+00
0.000000000000000000e+00
0.000000000000000000e+00
0.000000000000000000e+00
0.000000000000000000e+00
0.000000000000000000e+00
