-6.373596191406252220e-01
-4.282909630766263964e-01
-7.403270883371915190e-01
-9.579778682277039215e-01
-1.648445643696392349e-01
4.422229812408861038e-01
-1.008359477572129403e-01
-5.544024068131347960e-01
-3.353050853336210779e-01
9.664083211260532380e-02
6.138965357505634657e-01
1.629276113962072170e+00
1.106914901126296202e+00
5.007190274109940553e-02
1.924872554848404693e-01
-1.443892513779239106e-01
-1.737465490462553719e+00
-2.241421451660295272e+00
-1.429127391257507540e+00
-5.399494339690369404e-01
1.698797050714253576e+00
3.088906402738320178e+00
7.055400764691226456e-01
-1.629309046213578416e+00
-4.169086712267229267e+00
-4.591483628849047705e+00
-3.822608562315223502e+00
-4.296683974295916641e+00
-3.119046096136778079e+00
4.197303887718835114e-01
-2.497577352781386040e-01
1.224135094996547934e+00
-8.536411625830204741e-01
-1.385741802811562451e+00
1.270881601782702486e+00
-3.035309450301753031e-01
1.667837472806764865e+00
2.646907223976059154e+00
-3.267021127164092320e+00
-1.055372993023826922e+00
-9.880151555952725317e-01
2.657863951007000125e-01
4.013358270631122160e+00
-4.746976095335284640e-01
-4.765546265423499239e-01
-2.496502065454722086e+00
5.497981635833548708e-02
2.460717349316529301e+00
7.813977000935308226e-01
4.433100685204922620e-01
3.478347488548094724e-01
-1.320397207075748813e+00
-4.067253811733768654e-01
1.308997139820428979e+00
1.510766091233963770e+00
1.981575109662463863e+00
2.432358106468668790e+00
2.097196417490021503e+00
1.305971950618699973e+00
1.648624492316504542e+00
-8.317678995851851553e-02
-1.763869704854184928e+00
-2.056992433019225075e+00
-1.226597171852330082e+00
-4.648910229611470379e-01
-8.991671263360929700e-01
-1.740075724568345361e+00
-2.218063046727094978e+00
-1.203706134345296164e+00
-1.144365967451751676e+00
-1.304406089749118536e+00
2.255800528440321528e-03
5.401768498889276682e-01
9.580501105628955738e-01
1.203885966094984106e-01
7.261453610567314421e-02
1.012020768701449969e+00
-5.951754937354440944e-01
-6.009966269330884181e-01
-6.191407326445302894e-01
-2.986254066833951004e-01
5.383158554810548724e-01
7.453137138915340021e-01
1.346258480032261340e-02
-1.442945019411718821e-01
2.835916996298138981e-01
3.835756146106835685e-01
-3.537422630185445005e-01
-2.017903205404564249e-01
7.691754223520366196e-01
1.045524337899740752e+00
1.531551683545175457e+00
1.308448546580008198e+00
9.064124840732596944e-01
4.423861683420854396e-01
2.112770101428366187e-01
-6.393651604568679758e-01
-7.340312661249572823e-01
3.292749716974385787e-02
3.109063607223944703e-01
-6.909018235267694319e-02
-1.949224716511260835e-01
3.325862960631749132e-01
9.694804503146797758e-01
4.126757462692152156e-01
1.179206403291064298e-01
4.026504358057740873e-01
1.409863411216401241e+00
2.947389460519722171e+00
4.151740469397488198e+00
5.761980932542427603e+00
4.900644543464016678e+00
3.099339529760671841e+00
2.029473526511297976e+00
1.660529760208245609e+00
1.516975765435037538e+00
1.295151417328167742e+00
5.920895904794543085e-01
-9.782478685359321524e-01
-2.686535226432305468e+00
-3.568739097923642412e+00
-3.022871938256050939e+00
-1.482695893556466693e+00
3.850071149063971632e-02
6.875180779725864610e-01
3.321085355267623385e-01
-1.122323957023940721e-01
8.330755800007549894e-02
6.651583880955644901e-01
8.615878179478082544e-01
5.640726295928006895e-01
-1.846944565760408885e-01
-7.286293811758768335e-01
-4.693854846286515947e-01
4.942093131936490802e-01
-1.019112957768608219e+00
-2.207520168198291000e+00
-2.170980687983296242e+00
-1.575274010458669993e+00
-1.267104664290096716e+00
-1.135804596689992341e+00
-7.434151982601077124e-01
-1.603285795369999711e-01
-2.359062111397758343e-01
-1.391607616027364047e+00
-2.337255613552418954e+00
-2.431487787585269622e+00
-1.784585987802688400e+00
-1.131358987173403330e+00
-5.693375966884215433e-01
-3.110504142090493307e-01
1.669888004015200877e-01
7.828999079425869034e-01
2.895312951522388545e-02
-5.429638034178532191e-01
-1.559664995149423472e-01
5.200349405230459965e-01
6.755526335545709582e-01
6.326096785661983191e-03
-5.586970955103619518e-01
3.122054046496118285e-01
1.267121840334046512e+00
1.867403916415678378e+00
1.944455405092260669e+00
1.566211391752507343e+00
5.536669482864828851e-01
1.276953458897422955e-01
6.996716898137806950e-01
1.469626324517751659e+00
1.155534077666203752e+00
-1.062620170683632459e-01
-2.346732307559717956e-01
3.566876621178174389e-01
1.722137512825657524e+00
3.322748408978073442e+00
3.203189956316736975e+00
2.857316695720482080e+00
1.893195695545736523e+00
6.640107744603445106e-01
3.930120032661745810e-01
6.351099367081578517e-01
-9.349963712683329042e-02
-1.240670781606298956e+00
-6.062080017225697226e-01
2.279507912297974670e+00
3.050732823589420661e+00
2.852142433022971879e+00
1.613410444996394411e+00
3.565053305003824669e-01
2.818531331321225686e-01
9.006208080416249206e-01
9.526265837760514721e-01
-9.741043875405390740e-01
-2.716467853459288317e+00
-1.193754624364572248e+00
1.239370796160632615e+00
1.813060309195010600e+00
4.443154345309929809e-01
-2.630555375112018091e-01
3.981350460770403110e-01
1.439692530141737370e+00
5.820009777414413277e-01
-6.087248011820106663e-01
-2.381488443247065101e-01
8.072936799104765138e-01
9.777882416148142575e-01
1.631246893053923230e+00
2.714220776050598971e+00
2.126799649707291628e+00
7.068224167322951779e-01
-2.259808245429248963e-01
-5.999475755086365325e-01
-1.218832782855810759e+00
-5.646528568954130023e-01
3.357379208735822296e-01
7.174273990792090494e-01
9.339854457081770978e-01
1.856323545744162917e+00
2.859504744533077236e+00
3.285313167655737221e+00
2.978567880117723554e+00
1.668367383896017797e+00
-1.628441654685879314e-01
-7.093879444622985808e-01
-3.048709661925110836e-01
-2.654086787058651531e-02
1.553275626570893575e-01
5.024050176472258933e-01
1.365822090138015366e+00
2.261383215032192417e+00
2.554160948355105987e+00
2.092941658912079284e+00
9.455126097041395283e-01
-1.901977431406436381e-01
-8.130922452390705324e-01
-7.520071571099711250e-01
-6.600694495951264784e-01
-1.000642657056288076e+00
-8.590269953882252452e-01
2.398243111376365810e-01
1.453053054206034034e+00
1.356050996407047293e+00
1.437757361275246559e+00
1.680743933888972474e+00
6.954750763071408937e-01
-5.961681668853235916e-01
-5.036261262561948504e-01
4.594404375605407598e-01
-8.694196186972698026e-01
-2.212668438674064486e+00
-2.267628389460396576e+00
-1.146419925294546394e+00
-8.063576320125216412e-01
-1.750602882133112104e+00
-2.066193392101957294e+00
-1.308851065591712048e+00
-7.257859983580656760e-01
-1.094958977435697589e+00
-1.474466880522815160e+00
-2.432830669390202427e+00
-2.510283866582500689e+00
-1.774534372339080068e+00
-6.661239603554074407e-01
3.640944435693033165e-01
-8.608056361569248471e-01
-1.265373078272447049e+00
-7.023862900895314620e-01
-2.223938645528869551e-01
-5.355562782815554979e-01
-8.419873031217105508e-01
-6.691419737425965408e-01
-3.400840491312073777e-01
3.009803860444930645e-01
1.528672492856527176e+00
1.364311258102488544e+00
1.180911655310429964e+00
1.273245378385067017e+00
1.496142839732296226e+00
2.384653597120571789e+00
2.589872175395409482e+00
2.091296722240295392e+00
1.537064085825860182e+00
1.192106884402077016e+00
1.292377516482220212e+00
1.381523510460187953e+00
2.020437095754902490e+00
2.911032057985612376e+00
3.499043297886780479e+00
3.307203827887810199e+00
3.228268829795001515e+00
3.713718931534299994e+00
3.893173028492965759e+00
4.052735544764872522e+00
4.624660274897495427e+00
5.429856629082815189e+00
5.800450595740362481e+00
4.384312615140599334e+00
2.977535250934338240e+00
1.984215102910209749e+00
6.218058930522192274e-01
-9.437826960255240039e-01
-1.710213656058161114e+00
-1.310014663089588138e+00
-3.452452182890743959e-01
1.651157237102623965e-01
-3.182704126236245434e-01
-8.239085283182348007e-01
-1.004982532188159805e+00
-1.089424085431720313e+00
-1.510698869849964154e+00
-1.952122893395191294e+00
-1.522383219136031807e+00
8.858413652133689808e-03
1.606565442339992655e+00
3.695495360792877548e-01
-5.402977091095360063e-01
-9.178421869659232346e-01
-9.985662923482437892e-01
-7.353419082192347300e-01
-7.098579159631559499e-01
-1.585393888285081321e+00
-2.625280855656042078e+00
-2.828603924496665645e+00
-1.513984798593645209e+00
-1.237847347213848703e+00
-2.295309539456485304e+00
-4.058753356260140777e+00
-5.641055067106334420e+00
-5.300750443470429119e+00
-3.609184297562778809e+00
-1.971037111771178685e+00
-1.418885895257047558e+00
-1.670059943507234523e+00
-2.107042130201354446e+00
-2.026682423379552844e+00
-1.136298321578941284e+00
2.524271447932813217e-01
8.598658394324766308e-01
-2.089950951979024918e-01
-2.254137782662510858e-01
-4.838131769835294360e-01
-6.515168966336893908e-01
-8.124003401762999177e-01
-5.853065822508755067e-01
5.246413738851777309e-01
6.457200884897045245e-01
9.942475783217679108e-01
1.780171830400738120e+00
2.319463444121497631e+00
2.110308267969225327e+00
1.362027822025924984e+00
1.260008652444002397e+00
1.351363567448182756e+00
4.715307512436740511e-01
4.899021932345715147e-01
1.484636128658971543e+00
2.859211925158245293e+00
3.515062998841401054e+00
3.789580840389795924e+00
2.199619542321066490e+00
-1.888072211427458402e-01
6.320520663917000848e-01
3.143630603770684040e+00
5.335950196531377365e+00
6.559940603404646353e+00
4.548495687660190967e+00
3.510818909487448680e-01
2.232013343894156510e+00
4.898782809335406441e+00
5.593896834636222337e+00
3.617371439864819571e+00
4.357157944870538202e+00
4.703073493118289150e+00
5.324340772133433930e+00
5.615628804337389646e+00
4.241046784726817620e+00
1.720056943847913411e+00
-1.954615261226205991e+00
-1.127062752080301156e+00
-5.260045485961135636e-01
-2.380403620842954204e+00
-1.931262070392821162e+00
9.078938940473268993e-01
2.811238184237013549e+00
2.710063733053523549e+00
1.004360332559527613e+00
-1.192952853041525652e+00
-1.334909644673047291e+00
8.863023444539728235e-01
6.029610391100472810e-01
9.121911545456466985e-01
6.337356207600031155e-01
8.660776874253742763e-01
1.565651286620821203e+00
2.126539786458250703e+00
3.978359277281209305e-01
-1.643619209974328088e+00
-1.319616885919223215e+00
-1.963416812958200808e+00
-2.441973022153234751e+00
-1.017078765737777335e+00
-2.630915606934985274e+00
-3.155223818283712234e+00
-1.434014875698729652e+00
-3.889376392602985621e+00
-2.137343200926419939e+00
-6.449047796037790548e+00
-5.734594611483869286e+00
-2.229986001114189431e+00
-7.104407480788546003e+00
-3.762495120082948841e+00
-4.849672499478208998e+00
-5.179460024532773765e+00
-3.342776897550439497e+00
-7.601796923554715590e+00
-7.615569661004684576e+00
-4.685410543905176972e+00
-4.867503783569617326e+00
-2.361179982264872468e+00
-3.944635929397469543e+00
-5.858866077065415290e+00
-5.802700468191588357e+00
-5.575897512847443949e+00
-5.098899452796267440e+00
-4.557730268660752593e+00
-3.533902342459464663e+00
-1.358482607294341005e+00
-1.769367128768157826e+00
-2.208321401353131375e+00
-1.908249268418048317e+00
-3.655929424672860417e+00
-3.529796881775510542e+00
-1.725912407381302804e+00
-9.326544620670194075e-01
-1.644064331963518422e+00
-1.283781044148226469e+00
-8.250383736660324985e-01
-1.226280285059222486e+00
-7.078048458371164475e-01
-7.996224405493222998e-01
-1.582754230781375782e+00
-1.256781663110791314e+00
-4.973929966760359811e-01
-7.559050839743547412e-01
-1.466703989952123033e+00
-1.365449216062843307e+00
-1.117750266438658491e+00
0.000000000000000000e+00
0.000000000000000000e+00
0.000000000000000000e+00
0.000000000000000000e+00
0.000000000000000000e+00
0.000000000000000000e+00
0.000000000000000000e+00
0.000000000000000000e+00
0.000000000000000000e+00
0.000000000000000000e+00
0.000000000000000000e+00
0.000000000000000000e+00
0.000000000000000000e+00
0.000000000000000000e+00
0.000000000000000000e+00
0.000000000000000000e+00
0.000000000000000000e+00
0.000000000000000000e+00
0.000000000000000000e+00
0.000000000000000000e+00
0.000000000000000000e+00
0.000000000000000000e+00
0.000000000000000000e+00
0.000000000000000000e+00
0.000000000000000000e+00
0.000000000000000000e+00
0.000000000000000000e+00
0.000000000000000000e+00
0.000000000000000000e+00
0.000000000000000000e+00
0.000000000000000000e+00
0.000000000000000000e+00
0.000000000000000000e+00
0.000000000000000000e+00
0.000000000000000000e+00
0.000000000000000000e+00
0.000000000000000000e+00
0.000000000000000000e+00
0.000000000000000000e+00
0.000000000000000000e+00
0.000000000000000000e+00
0.000000000000000000e+00
0.000000000000000000e+00
0.000000000000000000e+00
0.000000000000000000e+00
0.000000000000000000e+00
0.000000000000000000e+00
0.000000000000000000e+00
0.000000000000000000e+00
0.000000000000000000e+00
0.000000000000000000e+00
0.000000000000000000e+00
0.000000000000000000e+00
