-5.102539062499977796e-02
7.385734839772393201e-01
-4.178343943241675795e-01
-2.132002573247326893e-01
4.165909118457055804e+00
5.048172569385101838e+00
3.328598292934410452e+00
-2.023650713290076286e+00
-9.945434661733454362e-02
1.264149604030167851e+00
-1.639653897954482797e-01
5.846156019575392548e-01
2.895003894160579350e+00
-6.076633829260225106e-01
3.863442127632010781e-01
2.294931371645312357e+00
-2.571480030691075669e+00
-3.318123499035659396e+00
-1.404339165849631144e+00
-9.887942941905549787e-01
-4.634156305479515403e-01
3.812008402283506570e-01
1.527236927434437952e+00
2.884324937206108608e+00
3.880846798938028641e+00
2.853569507027414076e+00
-2.190464076025519624e+00
-5.895744501817482330e+00
-4.477059642981458865e+00
-5.292810236735334684e-02
1.095659186194783530e+00
4.975194765306834022e+00
5.996488036867250848e+00
-1.139187583125745196e+00
-2.660422978161992358e+00
-5.584009323367157052e+00
-4.707139034564137958e+00
-8.764393347414558555e-01
7.716812062607525391e-01
2.443223631313529154e+00
-4.067443385287711877e+00
-8.996527714936345177e+00
-4.146550688065068435e+00
4.994974066967867721e+00
8.444374182354962954e+00
4.156782047783633693e+00
6.251153490360303877e-01
-8.999060664499038964e-01
-2.098187081572892243e+00
-3.473502239649901568e-01
4.460460923134308864e+00
7.593898218177287163e+00
6.023068004811463538e+00
1.695092547521998227e+00
2.502495694961250905e+00
5.978183110570238767e+00
4.943811137144600742e+00
1.081946748185904639e+00
7.640528618105602021e-03
-1.593363987835121343e+00
-1.392897550978657861e-01
1.686589437628288168e+00
-2.773111661924517080e+00
-5.156508669804526157e+00
-5.783794223595988271e+00
-5.483894487465804879e+00
-2.801333076847562609e+00
-3.581599763310658879e+00
-1.658081829279447472e+00
3.069985765487005303e+00
5.730154779845536339e+00
4.394868580655281853e+00
9.229395433066502896e-01
-8.899319209766600736e-01
-5.235282129091471948e-01
-9.090521137406422092e-01
-3.517973717958058355e-01
-2.766799548899894212e-01
-1.378191975790293178e+00
2.770742022061289944e-01
-1.433039844999190793e+00
-1.335242849246545571e+00
-1.045066283556006059e+00
-1.291888020200500531e+00
8.237568587359234140e-01
-5.608289911094090918e-01
-1.093952942323141331e+00
-8.721774321415742826e-04
-4.459453186543396175e-01
1.207454140026414713e+00
4.387047016837345437e-01
6.184246736574339209e-02
1.961481552337873024e+00
3.235530718190913202e+00
5.707021477437022039e-01
-1.999437218719665843e+00
-9.852009632389164828e-01
9.883086900213682302e-01
1.721488294253310514e-01
-9.281702024191664790e-01
2.055014737071454434e+00
-1.724523346704217808e+00
-2.199797678014662417e+00
4.646905476158369463e-01
-1.030622059131240498e+00
3.773432582134310653e-01
6.249974878475946793e-01
-1.097144525736599263e+00
-1.690551308665680486e+00
1.428167637527886891e+00
3.437622206310300577e+00
8.125713532010983009e-01
2.278604043159160319e-02
7.950999989306892779e-01
1.081114303681188105e+00
3.645977839559257916e-01
8.878678713726468885e-01
1.218409621967636358e+00
-1.519653089234437093e+00
1.783904632881564201e+00
1.863818595250765098e+00
5.719961686143335555e-01
1.708045936806743326e+00
2.692785182130807087e+00
2.721403312916460315e+00
1.834415149950545221e+00
5.298932483539506855e-01
1.454178005913839611e+00
1.195607344899892066e+00
3.378695265274311854e-01
-1.397100001198594565e-01
-3.766974873629025389e-02
1.250903642183042175e-01
-8.867999061597897636e-01
-1.909429297870816278e+00
-1.579581969406495645e+00
5.707640307797574586e-01
-9.236253189388918816e-01
-1.026366905581280520e+00
3.235724663572205895e-01
4.955131092772503409e-01
-2.257484951872670287e-01
-2.904225968399194446e-01
5.938192106477906407e-01
1.605214062801239017e-01
-4.770367117438920612e-01
-1.574095172225014050e-01
4.344955005510842128e-02
-2.487002729093718001e-01
1.203280012932035792e+00
1.519722719944788913e+00
7.924376940412747317e-02
4.911677239696379260e-01
8.929134152937009405e-01
-7.863660542487027616e-01
1.664021879792603187e-01
-1.974829852792114870e-01
-6.783863986241053246e-01
7.150428676263498318e-02
2.804145669760798043e-01
-1.155038921565964216e+00
-2.757619391226144412e+00
-2.284573704093741053e+00
-1.347742326999636475e+00
-5.897973288478350895e-01
-6.541059242529274620e-01
2.309260460518611779e-01
1.314521155192452939e+00
1.368352722381060760e+00
1.447118082202232481e+00
7.581730732416704921e-01
2.010387251832987499e+00
-3.798335404264001625e-01
-2.698792940881932445e+00
-2.236985849606877963e+00
-2.861590063848998611e+00
-3.681593343715261035e+00
-3.406161053794893423e+00
-5.121295365357071638e+00
-6.248813910295133667e+00
-6.387819903158511892e+00
-6.474884553574512758e+00
-4.657080946171334723e+00
-1.684998533693443434e+00
8.288622787470734110e-01
3.629865962343772345e-01
-3.368906919342840922e+00
-4.497859227502909008e+00
-1.895936521700326338e+00
2.323629379082664315e+00
1.237227822349156181e+00
-3.985987890409763423e-01
-2.144170848510863259e+00
6.349143559703813722e-01
3.807967338205276775e+00
1.917115225578597926e+00
-3.987708432490357779e-01
-2.101801685495589656e+00
-3.486989187091183773e+00
-3.006879688604320755e+00
-2.375924117035327576e+00
-1.046398904826309817e+00
-1.552257354915171916e-01
-7.177553495081401280e-01
-1.787239604010367966e+00
-1.015697275212796402e+00
1.927097025896004734e+00
4.508193593051522008e+00
3.815575746966906046e+00
2.666451736373600667e+00
2.027775877180776121e+00
1.769041175718008230e+00
3.131222521489298138e+00
-4.294587180236941748e-02
-2.963843706267766276e+00
-2.346265761077409362e+00
1.021885014307018835e+00
1.039931268249809193e+00
-1.394769383100963545e+00
-3.312735339178984439e+00
-5.037103916088627287e+00
-7.183686831259127104e+00
-3.962770167473656624e+00
-1.166941130220116918e+00
-4.230930919278730329e-02
-5.949187157067727938e-01
-1.470397560886650190e+00
-2.177978331334492257e+00
-1.927511095238263028e+00
5.263306458700682811e-01
3.353005407694976903e+00
3.584673266486024801e+00
5.885313702922804424e+00
7.186662804015274020e+00
6.519322779778629950e+00
4.460624122500585820e+00
2.353197740519045844e+00
8.912109136969545986e-01
6.686211105202755078e-01
1.629858372452254844e+00
2.565404430096805743e+00
2.659318139310736129e+00
2.122268184339900721e+00
1.396478552913022808e+00
5.624783818803342772e-01
1.947828949177789593e+00
3.620614218379233584e+00
4.313689556872866149e+00
5.327497833280296469e+00
3.727840056010713887e+00
2.164838123234067879e+00
4.261523542211687499e+00
4.308977045481667822e+00
2.072210978641364498e+00
2.730137987182856829e-01
1.890383049879392763e-01
-6.591672019864858179e-02
8.175339163674291143e-01
2.265806332473625506e+00
2.844962987442355651e+00
2.962994764294360373e+00
1.218159480795644178e+00
9.416010411028763460e-01
-1.525942419491279622e-01
-8.077619341764110672e-01
1.524162122894398896e+00
-6.932256758366903693e-01
-5.180724762994413091e-01
1.343390114366605825e+00
6.938579912747143696e-01
7.875101712127168252e-01
5.470247571501825057e-01
7.523902228606147435e-01
2.218520262585236491e+00
2.282415142932564311e+00
1.966148962913777609e+00
2.322653137109316646e+00
1.765240500650663513e+00
1.551625933377699607e+00
1.121897732994751928e+00
-5.451652551041666905e-01
-6.800394638481679355e-01
7.971948993911101011e-01
1.035767234335174258e-01
1.062444710344770726e+00
-1.541574961961657220e+00
-1.243373675477332796e+00
3.484079702259325062e-01
-9.069143665864798365e-01
3.207731888522975527e-01
-9.465180022970465235e-01
4.588747178735614884e-01
3.520697190756496564e-01
-1.456579373872766148e+00
-1.815334820621340661e+00
-3.925753262001629995e-02
-1.183784756961743678e+00
-2.368769992632820287e+00
9.292717594711636941e-01
-3.697048255775965409e-01
-1.922373210206986593e+00
2.215460761380605437e-01
-1.480180386550846716e+00
-5.585697492345336190e-01
-1.503468588914052217e+00
-2.651426832324288441e+00
-2.096717142974606318e+00
-8.680246654948674534e-01
4.617424424173353081e-01
-8.614629228012649076e-01
-2.300019443750007664e-01
4.510089891647085514e-01
2.239523812584425233e-01
-5.060785019966322906e-01
1.574158786591910442e+00
-1.439567061059968678e+00
-1.983262118822062270e+00
5.987318732593467363e-01
-4.802095652415054872e-01
3.665362001735026354e-01
-3.690993874820245324e-01
-9.006880342665424255e-01
1.414806292562143408e+00
-7.893443816766301246e-01
-1.567558307617836544e+00
-1.610969956571643991e-01
1.111270589169160772e+00
1.227784669819854901e+00
-9.058027893737246039e-01
-7.406544224028694945e-01
-1.129937322348870676e-01
2.338085285626558374e+00
2.309436589032157983e+00
-1.511457479055461572e+00
-4.693877231059173205e+00
-3.749945826024025930e+00
-4.987658145349737282e+00
-5.204364608984947793e+00
-3.477939259042432507e+00
-2.684603481309526529e+00
-4.385896120876399129e-01
-9.815915416592932985e-01
-1.050733474988732041e+00
-9.366285750534597554e-02
-1.197475905095926718e+00
1.203512627362725906e+00
1.507391722196114614e+00
-7.529887978015202821e-01
5.984761027059133376e-01
1.032511211630708470e+00
-1.854069964108289170e-01
-3.291832862146512717e+00
-3.408841532383754647e+00
-2.512492164898926905e+00
-3.977078827003168726e+00
-3.691521200254826329e+00
-1.401348669263182689e-01
1.592055152030525278e+00
-2.250888101816470144e+00
-9.163600830083431958e+00
-1.328654069585416053e+01
-1.019442190162216377e+01
-3.257107729430324561e+00
-1.285442036345812333e+00
1.976768692202979238e-02
-5.648538777772259323e+00
-5.629447489917120073e+00
-1.730206499956175037e+00
-2.253894274928987862e+00
1.836974094642647160e-01
-2.570718659053063515e+00
-1.941154113173739759e+00
4.063834168897592747e+00
-3.153684011622134520e+00
-8.948765207423644341e+00
-7.093952433152578507e+00
-3.386140563412848081e+00
-3.424612176605022817e+00
-3.989593748204049106e+00
-6.012048905425378287e+00
-4.963051539832530779e+00
-1.507500345630033767e+00
-9.570198915654661853e-01
-3.214120428927081274e+00
-3.226686863688526863e+00
-2.545633737465458069e-02
5.039447846319836444e+00
4.166636859082605504e+00
1.112467139970249264e+00
2.677934806173543514e+00
6.471833588446618712e+00
8.601961910838673120e+00
6.229832860992432053e+00
7.026494679613781713e-01
-1.657926787710461980e-01
3.574438032860740577e+00
3.113639768481939463e+00
5.033167273137457265e+00
6.284484111169874154e+00
6.480621139247775275e+00
5.756550823397917682e+00
6.360343416128655392e+00
7.222448726285019660e+00
7.040476801684295793e+00
3.916989571785296054e+00
1.076983630736527253e+00
2.827355027595097603e+00
1.610838664529758546e+00
1.385729386317861578e-01
2.003320157988286443e+00
7.545864143551123782e+00
1.120334983047762734e+01
8.850301596208309363e+00
2.204519900594654747e+00
3.735096469297096267e+00
6.241852473530679291e+00
7.190110111307610019e+00
8.175997692904930503e+00
8.412120449839088465e+00
8.330644926016091745e+00
8.201543468678508475e+00
6.877258727064505806e+00
3.942047384681700795e+00
2.720146688630540766e+00
3.661948940091822813e+00
1.986946802385040289e+00
1.702136556042734838e+00
3.913239784070463578e+00
3.380925386642001484e+00
2.452768233470881132e+00
3.265314008112723432e+00
2.496584425565418819e+00
1.983565113184232009e+00
4.093896650846605034e+00
3.536936794619229829e+00
9.085848668037791454e-01
4.696271921535125848e+00
6.642563535948967868e+00
5.344118034592677979e+00
2.723467495576559205e+00
2.592919362284638929e+00
2.538118981462528456e+00
0.000000000000000000e+00
0.000000000000000000e+00
0.000000000000000000e+00
0.000000000000000000e+00
0.000000000000000000e+00
0.000000000000000000e+00
0.000000000000000000e+00
0.000000000000000000e+00
0.000000000000000000e+00
0.000000000000000000e+00
0.000000000000000000e+00
0.000000000000000000e+00
0.000000000000000000e+00
0.000000000000000000e+00
0.000000000000000000e+00
0.000000000000000000e+00
0.000000000000000000e+00
0.000000000000000000e+00
0.000000000000000000e+00
0.000000000000000000e+00
0.000000000000000000e+00
0.000000000000000000e+00
0.000000000000000000e+00
0.000000000000000000e+00
0.000000000000000000e+00
0.000000000000000000e+00
0.000000000000000000e+00
0.000000000000000000e+00
0.000000000000000000e+00
0.000000000000000000e+00
0.000000000000000000e+00
0.000000000000000000e+00
0.000000000000000000e+00
0.000000000000000000e+00
0.000000000000000000e+00
0.000000000000000000e+00
0.000000000000000000e+00
0.000000000000000000e+00
0.000000000000000000e+00
0.000000000000000000e+00
0.000000000000000000e+00
0.000000000000000000e+00
0.000000000000000000e+00
0.000000000000000000e+00
0.000000000000000000e+00
0.000000000000000000e+00
0.000000000000000000e+00
0.000000000000000000e+00
0.000000000000000000e+00
0.000000000000000000e+00
0.000000000000000000e+00
0.000000000000000000e+00
0.000000000000000000e+00
0.000000000000000000e+00
0.000000000000000000e+00
0.000000000000000000e+00
0.000000000000000000e+00
0.000000000000000000e+00
