2.349853515625002220e-01
2.917903775379411258e-01
3.587412567874783687e-01
4.466198151647919889e-01
5.082040959685549808e-01
3.881902970948580833e-01
7.682489271990911028e-02
-3.526047221240791174e-02
2.967344557356370593e-01
7.752229453547119231e-01
1.364521212281101903e+00
1.385524771552238743e+00
6.725252671370731683e-01
1.517485353343491106e+00
2.316272835194744140e+00
1.784610588417229859e+00
2.400905197431790761e-01
-8.163218544384935882e-01
5.248417259367588183e-01
9.089366759601720247e-01
4.594119634366080618e-01
2.608580200116796810e-01
3.574393855661148756e-01
3.342668624609930195e-01
4.222017532002690920e-01
5.753315837685741840e-01
2.929386419837514133e-01
1.536668755039976020e-01
2.809819131911299728e+00
3.319425641743977362e+00
1.497908401726403937e+00
-9.265769624310813413e-01
-2.118897610110281882e+00
-1.466469211964773312e+00
2.831547558099924977e-01
3.331096281929054603e-01
-9.305979951273184447e-01
-5.712456623990567195e-01
-2.046255647947146650e-01
5.886276875126499331e-01
7.554467200064258758e-01
-3.131250443946997919e-02
-1.008311243239616850e+00
-4.471364068416676663e-01
1.031385575961052181e+00
1.654085500846508960e+00
5.258503650277248642e-01
-3.065995731533981417e-01
-2.576357271789914138e-01
9.362793366621380287e-03
2.981662043844626186e-01
3.420166297682820655e-01
2.555929624159982705e-01
1.548655498228068694e-01
-1.756598032999594494e-01
-5.214582415091295609e-01
-2.843926324255638960e-01
-1.356296026523695630e-02
-1.222727615304061155e-01
-1.899140540442167957e-02
3.157318812343355985e-01
3.421794600648362383e-01
1.157171252903210767e-01
-2.084891934392563151e-02
-3.484084190106062628e-02
1.132052113201321708e-01
2.907709034808462212e-01
2.889490734985070697e-01
2.649901172351931677e-02
-2.789710097757501783e-01
-4.401012697582855626e-01
-5.144635969366673223e-01
-4.179019262546248559e-01
-2.334878478428289439e-01
-1.297834546052587523e-01
8.047945360523095504e-02
4.445079876783150086e-01
7.867502401609824947e-01
1.133915132432282036e+00
1.430890662867860597e+00
1.336578755985649902e+00
5.304550515194812466e-01
-9.495262170726761486e-01
-5.903910011950876946e-01
1.320232891908476924e+00
3.274949749244224328e+00
4.260235011325839594e+00
3.240754051369810984e+00
1.407402123810072680e+00
-8.604527171987372824e-01
-2.186761690445457873e+00
-2.874152031120699391e+00
-3.311764995553812874e+00
-1.426759290877643638e+00
2.011369136430429805e-01
1.411547400142373121e+00
2.736219008354153548e+00
2.052970315088423980e+00
8.334482531343034850e-01
-1.506083313558472803e-01
-6.662453208408387617e-01
-4.548665038929389226e-01
2.835208568207376878e-01
1.160787431370523315e+00
1.561642272648478214e+00
1.131645506245992250e+00
3.616027605544913648e-01
-3.432650107941701556e-01
-7.229254272815726079e-01
-8.213566862446946004e-01
-8.190527394482347567e-01
-8.381304938633187263e-01
-1.064637200216197677e+00
-1.460148848698020085e+00
-1.608482809590841889e+00
-1.047378523573698317e+00
-5.784868150850368540e-01
-6.775692192492333010e-02
5.144605049631210125e-01
8.703978441412354439e-01
5.783820898196163629e-01
1.181420672114423809e-01
-4.042326300876469269e-01
-8.094870182946496406e-01
-7.105341869951677936e-01
-4.145128109093694224e-01
3.419023619981698126e-03
3.918179291826688893e-01
5.243910480424711640e-01
2.636470125944448961e-01
-7.825523943982826136e-02
-2.162696776344357197e-01
-2.064696885077158539e-01
-1.138452218394399029e-01
6.731484009018007253e-02
2.946335799423968060e-01
5.121423436863584699e-01
6.148506760403432692e-01
5.717870312224119234e-01
4.659759847361901741e-01
3.646243745594462959e-01
1.994932848040804618e-01
-7.372044950187572887e-02
-3.352410339824556385e-01
-4.631011643202722627e-01
-5.162238916755826912e-01
-5.025180387463676901e-01
-3.300796252114122087e-01
-2.611671875919152619e-03
3.762472211241241205e-01
6.623753450303609958e-01
7.393884879246700459e-01
4.376931996875025321e-01
-1.089495074284962950e-02
-3.892638981615909044e-01
-7.057396582140922359e-01
-9.330993181697845307e-01
-8.867735061819745912e-01
-5.754528686273351346e-01
-2.167400952498593214e-01
7.124041305971307025e-02
2.787789938032425030e-01
2.111643761566776301e-01
3.642738722100302695e-02
-1.381371913379864647e-01
-2.019682413151293598e-01
-1.356845624439335651e-01
-3.998488492097318492e-02
-8.141289065645707090e-03
-3.880079061008018249e-02
7.444642195174933086e-03
1.571573864988623503e-01
2.811315593874126328e-01
2.937410346782268755e-01
1.869620109543386199e-01
1.571107655804749592e-01
2.602140469103115250e-01
2.620413551620601744e-01
1.884874737602194872e-01
2.381129410019485193e-01
3.080183826493472221e-01
2.040126249289810900e-01
-2.564972988156669076e-02
-1.469262943065243743e-01
-8.282781671687389213e-02
5.393111975617204124e-03
8.676537338837619906e-02
2.222240863912177122e-01
3.750005910540279430e-01
4.950061864088226016e-01
5.611388752767167976e-01
5.969001194902001650e-01
5.449018124180807776e-01
2.381862117453468763e-01
-6.022441916886500657e-02
-3.137755049218801107e-01
-4.048009064991866524e-01
-2.528919951958046308e-01
1.901463465381425522e-02
2.692348856961350734e-01
4.822901713765789244e-01
7.156784300431949797e-01
8.294422891679094079e-01
6.442069967519763463e-01
3.908759149462628368e-01
1.324861153147403048e-01
-1.234366471311360014e-01
-3.271975453950534130e-01
-4.827964291400680397e-01
-5.196898645799877814e-01
-3.405432677685958920e-01
-8.008769085832923018e-02
8.860604531927929184e-02
1.095959980634486630e-01
4.044052726340652271e-02
-1.050283572131100462e-01
-2.658668677837918159e-01
-7.487609314982107689e-02
1.016020510439512581e-01
1.418462576934468311e-01
3.357517571995660699e-02
-9.762607369270592805e-02
-9.683819654304404168e-02
-1.852101651328563747e-02
-1.278626184156195222e-02
-2.614293934691630517e-01
-8.844657084425033844e-02
1.639352237752452757e-01
3.220342215113496387e-01
4.932135503585026726e-01
7.810969001911638454e-01
1.088905260709498224e+00
1.445104309070069037e+00
1.936262991318111304e+00
2.496177580621106173e+00
2.452301246593893591e+00
1.925635527840361405e+00
1.193107355251568524e+00
5.312557220639326783e-01
1.440884650291853752e-01
2.562418462468218916e-01
6.263510608808320335e-01
7.935696765133020136e-01
6.289047202815138959e-01
2.598254078211712503e-01
-3.104829155930390883e-01
-1.244918755010135270e+00
-1.550583245245645170e+00
2.586063566476415332e-01
1.228843384397636962e+00
1.624136924184562680e+00
2.489482270648921247e+00
2.839150553972578095e+00
2.467079539768193275e+00
1.707879616460743488e+00
9.436103633532790802e-01
1.831327441392255340e-01
3.107072306763695169e-01
3.104979342988154478e-01
9.242316806382788741e-02
-5.878127515107463008e-01
-2.269969530599389884e+00
-3.702841317673843058e+00
-4.172977381496830951e+00
-3.910091580307718306e+00
-3.030486064141047375e+00
-1.744184601274827440e+00
-3.708161458931632515e-01
-2.852191816803473223e-01
-7.978758562662722209e-01
-8.909899935097816970e-01
-5.350111490435842665e-01
-4.222586307498898961e-02
2.901481701913187772e-01
4.088945210497246796e-01
5.049205397679645824e-01
6.988662364025872709e-01
8.403052057686173359e-01
8.404175906616997427e-01
5.781656616446013697e-01
2.549446889269852967e-01
1.691506926127488430e-01
2.888015146083271478e-01
1.537822828714558998e-01
7.869695421161027049e-02
4.961899498555073507e-01
7.637861002160427626e-01
5.973081993544798740e-01
4.531971404205705767e-01
3.771269873149460938e-01
2.089686208673875445e-01
2.441625407645630075e-01
5.064383455290349945e-01
1.016893303890127775e+00
1.547356213318967777e+00
1.276194238949899695e+00
1.594528098929670623e-01
-4.705691573152477325e-01
7.178970846298660113e-02
3.129753868933260463e-01
-1.091963089238325857e-01
-6.847041727271803158e-01
-6.602982485832273873e-01
-8.054158248770009187e-01
-1.685993206435807412e-01
6.307856612938089746e-02
1.804104459747948308e-01
1.659211426114411303e+00
3.932357330796140360e+00
4.876799738939314288e+00
4.095806651481723293e+00
1.847242722650984881e+00
2.561508289337877109e-02
1.399056374257498625e+00
2.356615231396076648e+00
1.921581404102035151e+00
1.235566998898470992e+00
1.397963377435716747e+00
2.403630378841457915e+00
2.184368855855868929e+00
-7.468130542171813602e-02
-2.989530040822980794e+00
-4.141250256160763143e+00
-1.270729400974966339e+00
2.003124418870566803e+00
2.737230361463397266e+00
-4.678275986226054783e-03
-8.840565449590798153e-02
9.759854935086313965e-01
8.573518301775879813e-01
-1.104411008693362284e-02
-1.220010531488912697e+00
-1.966087573562758317e+00
-1.489310037098103390e+00
-1.455692724549280115e-01
8.018026289871555967e-01
-3.511206431024749275e-01
-1.607815832612303986e+00
-1.502844020362902322e+00
-1.541591487112590642e+00
-1.609540062667263738e-01
-1.557439435381084980e+00
-2.129288581098887523e+00
-1.675851170293060743e+00
-9.767899821669503435e-01
-5.827174639468776229e-01
-7.528037667171314506e-01
-1.192767142047131967e+00
-1.500639988062743901e+00
-1.604697771807674922e+00
-1.448732181248168605e+00
-1.189329295497578931e+00
-1.073150213323078583e+00
0.000000000000000000e+00
0.000000000000000000e+00
0.000000000000000000e+00
0.000000000000000000e+00
0.000000000000000000e+00
0.000000000000000000e+00
0.000000000000000000e+00
0.000000000000000000e+00
0.000000000000000000e+00
0.000000000000000000e+00
0.000000000000000000e+00
0.000000000000000000e+00
0.000000000000000000e+00
0.000000000000000000e+00
0.000000000000000000e+00
0.000000000000000000e+00
0.000000000000000000e+00
0.000000000000000000e+00
0.000000000000000000e+00
0.000000000000000000e+00
0.000000000000000000e+00
0.000000000000000000e+00
0.000000000000000000e+00
0.000000000000000000e+00
0.000000000000000000e+00
0.000000000000000000e+00
0.000000000000000000e+00
0.000000000000000000e+00
0.000000000000000000e+00
0.000000000000000000e+00
0.000000000000000000e+00
0.000000000000000000e+00
0.000000000000000000e+00
0.000000000000000000e+00
0.000000000000000000e+00
0.000000000000000000e+00
0.000000000000000000e+00
0.000000000000000000e+00
0.000000000000000000e+00
0.000000000000000000e+00
0.000000000000000000e+00
0.000000000000000000e+00
0.000000000000000000e+00
0.000000000000000000e+00
0.000000000000000000e+00
0.000000000000000000e+00
0.000000000000000000e+00
0.000000000000000000e+00
0.000000000000000000e+00
0.000000000000000000e+00
0.000000000000000000e+00
0.000000000000000000e+00
0.000000000000000000e+00
0.000000000000000000e+00
0.000000000000000000e+00
0.000000000000000000e+00
0.000000000000000000e+00
0.000000000000000000e+00
0.000000000000000000e+00
0.000000000000000000e+00
0.000000000000000000e+00
0.000000000000000000e+00
0.000000000000000000e+00
0.000000000000000000e+00
0.000000000000000000e+00
0.000000000000000000e+00
0.000000000000000000e+00
0.000000000000000000e+00
0.000000000000000000e+00
0.000000000000000000e+00
0.000000000000000000e+00
0.000000000000000000e+00
0.000000000000000000e+00
0.000000000000000000e+00
0.000000000000000000e+00
0.000000000000000000e+00
0.000000000000000000e+00
0.000000000000000000e+00
0.000000000000000000e+00
0.000000000000000000e+00
0.000000000000000000e+00
0.000000000000000000e+00
0.000000000000000000e+00
0.000000000000000000e+00
0.000000000000000000e+00
0.000000000000000000e+00
0.000000000000000000e+00
0.000000000000000000e+00
0.000000000000000000e+00
0.000000000000000000e+00
0.000000000000000000e+00
0.000000000000000000e+00
0.000000000000000000e+00
0.000000000000000000e+00
0.000000000000000000e+00
0.000000000000000000e+00
0.000000000000000000e+00
0.000000000000000000e+00
0.000000000000000000e+00
0.000000000000000000e+00
0.000000000000000000e+00
0.000000000000000000e+00
0.000000000000000000e+00
0.000000000000000000e+00
0.000000000000000000e+00
0.000000000000000000e+00
0.000000000000000000e+00
0.000000000000000000e+00
0.000000000000000000e+00
0.000000000000000000e+00
0.000000000000000000e+00
0.000000000000000000e+00
0.000000000000000000e+00
0.000000000000000000e+00
0.000000000000000000e+00
0.000000000000000000e+00
0.000000000000000000e+00
0.000000000000000000e+00
0.000000000000000000e+00
0.000000000000000000e+00
0.000000000000000000e+00
0.000000000000000000e+00
0.000000000000000000e+00
0.000000000000000000e+00
0.000000000000000000e+00
0.000000000000000000e+00
0.000000000000000000e+00
0.000000000000000000e+00
0.000000000000000000e+00
0.000000000000000000e+00
0.000000000000000000e+00
0.000000000000000000e+00
0.000000000000000000e+00
0.000000000000000000e+00
0.000000000000000000e+00
0.000000000000000000e+00
0.000000000000000000e+00
0.000000000000000000e+00
0.000000000000000000e+00
0.000000000000000000e+00
0.000000000000000000e+00
0.000000000000000000e+00
0.000000000000000000e+00
0.000000000000000000e+00
0.000000000000000000e+00
0.000000000000000000e+00
0.000000000000000000e+00
