6.683349609374777955e-03
-5.114105451241151012e-01
-9.997664699374029240e-01
-7.032798312670767160e-01
-3.122219408727811008e-01
-1.186857385823710143e+00
-2.437683045006218130e+00
-2.407224733944385520e+00
-4.989987337208092733e-01
1.179267175283692293e+00
-2.035152041393404332e-01
-1.170850956278926214e+00
-1.041359470227003037e+00
1.406479483972764566e-01
-4.496620436128890841e-01
-1.127601433631909789e+00
-1.017852963710254022e+00
-9.317782973498767163e-02
1.493201236988350722e-01
2.928155211881883213e-01
2.568854134351106211e-01
-6.240099178586966389e-02
-4.410936180592486267e-01
-5.499225358615675852e-01
-3.357975267681896359e-01
-3.036621144535927019e-01
-1.138765435288948691e+00
-1.403291017082312964e+00
-4.611158824030137104e-01
-4.031110309440526507e-01
-1.727929011931527148e+00
-2.259283517473334335e+00
-1.760964676800928608e+00
-6.159509033270306189e-01
-3.058206926923168201e-01
-5.707922470652979641e-01
4.151703376980933058e-01
9.247387194911677044e-01
-2.511695535429977699e+00
-2.382085280795855020e+00
-8.970314909480130439e-01
1.531098971363969774e+00
-6.251841748245969832e-01
-2.961949284598188736e+00
-2.457795185394326509e+00
-1.148195109732952357e+00
-2.091858115363534054e-01
6.165785739486417949e-02
-7.905951044094254865e-01
-4.132681103034182568e-01
1.807104206982868000e-02
3.019715435743470788e-01
3.673619895155941784e-01
3.591539503679567202e-01
3.296574800602284361e-01
-2.304962529720060438e-01
-4.608732687357428581e-01
-7.104540774963572503e-01
-9.070212742200030043e-01
-9.293023358969767500e-01
-1.028102276844053975e+00
-1.242930218633317541e+00
-1.271367971331776037e+00
-9.518164936453743508e-01
-4.092164125270931763e-01
7.208064495708721431e-02
2.394619458507438736e-01
1.532212716703442723e-01
-2.299428500567954892e-01
-8.359450902709337772e-01
-9.804089369101771645e-01
-2.162788203398553488e-01
3.832403574368308252e-01
9.019513872652507036e-01
2.122354972298588383e+00
2.802044157164176319e+00
1.565864171662917137e+00
3.956785345998565795e-01
4.354583799130260502e-01
1.410871115995818270e+00
2.110397744976288514e+00
1.469442215377177341e+00
1.413309872202455075e-01
-6.800707359762525606e-01
-6.454413555144480341e-01
-3.864660187361472765e-01
-2.914058576668168143e-01
-6.933636153651913103e-01
-1.131538079177286216e+00
-8.345555033691614000e-01
-2.811927711447212985e-01
2.631526163207218438e-01
1.066597726968156579e+00
1.474210941571909572e+00
1.055251648287466093e+00
4.843226835993985624e-01
1.397756053769039220e-01
-1.269936691844836263e-01
-3.873750318933149028e-01
-4.101239455884433394e-01
-4.297853257637251900e-02
7.781801378088438748e-01
-3.311130671037609829e-04
-1.199347481281832106e+00
-2.094036729094402638e+00
-2.109958884846317773e+00
-7.208720359295851532e-01
3.102959340135033051e-01
6.202528494615064947e-01
2.371158204866880281e-01
-6.156636834800988112e-02
8.957194121941824960e-02
5.716561149503096573e-02
5.853514531397130405e-02
2.334888716251335428e-01
6.782536844995517011e-01
-3.818344485604506788e-01
-1.593749369121327808e+00
-2.227124534636999886e+00
-1.894773401931310497e+00
-1.279394835320089463e+00
-8.448021332627995150e-01
-6.186763009556623949e-01
-4.440132572719217574e-01
-3.968808564063737165e-01
-7.344588863737517848e-01
-1.241290129126609409e+00
-1.695182654664426636e+00
-5.963050994173340058e-01
-4.612476170988513147e-01
-5.765954403504180981e-01
-5.860731022195930784e-01
-5.479306978686211416e-01
-8.467327503618333751e-01
-1.292752626487041701e+00
-8.274524216965872814e-01
7.188180808216848572e-01
1.098002296182499782e+00
-1.908682799667835717e-01
-1.520898477085345757e+00
-2.079480888571557884e+00
-1.310941262898016602e+00
2.258941908255871489e-01
8.196960548549800940e-01
7.139354642983994914e-01
5.836583868228668592e-01
3.746459437223212952e-01
8.668950694424815140e-02
-9.605334990669023298e-02
5.184425579939122564e-02
2.586723303321889489e-01
-2.876771983368888730e-01
-8.230434552486973754e-01
-1.145414124557240454e+00
-1.089404563941323900e+00
-4.932286569997699210e-01
4.808970487376278413e-01
1.225302279777859882e+00
1.129541893522141516e+00
5.099710969376980430e-01
-5.010673126571041358e-02
-3.901476796452636453e-01
-6.218127686094246931e-01
-8.310166318121285922e-01
-9.492337860614612488e-01
-1.080973916358742626e+00
-1.110778689885382642e+00
-6.649051253381014215e-01
1.381614048094448322e-03
6.121531079311316459e-01
1.298546147715844867e+00
1.723393164498655761e+00
1.395334285498832205e+00
2.405773414627367934e-01
-1.118755739967508767e+00
-1.617655939678780852e+00
-1.097484569571277158e+00
-4.731371818280947217e-01
-1.595472016543120208e-01
-8.706191003546415175e-03
2.371911036003948592e-01
6.301875093272606421e-01
1.110441794533352455e+00
1.704593229209395044e+00
2.114822203697317882e+00
1.610761257183843664e+00
1.171219728253021231e-01
-1.489474859494519299e+00
-2.442884231622159064e+00
-2.468145720866784742e+00
-2.000706314248585027e+00
-1.536232296274906872e+00
-1.442409453124635199e+00
-1.771944312881665429e+00
-2.268386877674043234e+00
-2.708752941035523776e+00
-2.993268470566746942e+00
-2.842239884292141472e+00
-2.467930250288286498e+00
-2.467930250288286498e+00
-2.842239884292141472e+00
-2.993268470566746942e+00
-2.708752941035523776e+00
-2.268386877674043234e+00
-1.771944312881665429e+00
-1.442409453124635199e+00
-1.536232296274906872e+00
-2.000706314248585027e+00
-2.468145720866784742e+00
-2.442884231622159064e+00
-1.489474859494519299e+00
1.171219728253021231e-01
1.610761257183843664e+00
2.114822203697317882e+00
1.704593229209395044e+00
1.110441794533352455e+00
6.301875093272606421e-01
2.371911036003948592e-01
-8.706191003546415175e-03
-1.595472016543120208e-01
-4.731371818280947217e-01
-1.097484569571277158e+00
-1.617655939678780852e+00
-1.118755739967508767e+00
2.405773414627367934e-01
1.395334285498832205e+00
1.723393164498655761e+00
1.298546147715844867e+00
6.121531079311316459e-01
1.381614048094448322e-03
-6.649051253381014215e-01
-1.110778689885382642e+00
-1.080973916358742626e+00
-9.492337860614612488e-01
-8.310166318121285922e-01
-6.218127686094246931e-01
-3.901476796452636453e-01
-5.010673126571041358e-02
5.099710969376980430e-01
1.129541893522141516e+00
1.225302279777859882e+00
4.808970487376278413e-01
-4.932286569997699210e-01
-1.089404563941323900e+00
-1.145414124557240454e+00
-8.230434552486973754e-01
-2.876771983368888730e-01
2.586723303321889489e-01
5.184425579939122564e-02
-9.605334990669023298e-02
8.668950694424815140e-02
3.746459437223212952e-01
5.836583868228668592e-01
7.139354642983994914e-01
8.196960548549800940e-01
2.258941908255871489e-01
-1.310941262898016602e+00
-2.079480888571557884e+00
-1.520898477085345757e+00
-1.908682799667835717e-01
1.098002296182499782e+00
7.188180808216848572e-01
-8.274524216965872814e-01
-1.292752626487041701e+00
-8.467327503618333751e-01
-5.479306978686211416e-01
-5.860731022195930784e-01
-5.765954403504180981e-01
-4.612476170988513147e-01
-5.963050994173340058e-01
-1.695182654664426636e+00
-1.241290129126609409e+00
-7.344588863737517848e-01
-3.968808564063737165e-01
-4.440132572719217574e-01
-6.186763009556623949e-01
-8.448021332627995150e-01
-1.279394835320089463e+00
-1.894773401931310497e+00
-2.227124534636999886e+00
-1.593749369121327808e+00
-3.818344485604506788e-01
6.782536844995517011e-01
2.334888716251335428e-01
5.853514531397130405e-02
5.716561149503096573e-02
8.957194121941824960e-02
-6.156636834800988112e-02
2.371158204866880281e-01
6.202528494615064947e-01
3.102959340135033051e-01
-7.208720359295851532e-01
-2.109958884846317773e+00
-2.094036729094402638e+00
-1.199347481281832106e+00
-3.311130671037609829e-04
7.781801378088438748e-01
-4.297853257637251900e-02
-4.101239455884433394e-01
-3.873750318933149028e-01
-1.269936691844836263e-01
1.397756053769039220e-01
4.843226835993985624e-01
1.055251648287466093e+00
1.474210941571909572e+00
1.066597726968156579e+00
2.631526163207218438e-01
-2.811927711447212985e-01
-8.345555033691614000e-01
-1.131538079177286216e+00
-6.933636153651913103e-01
-2.914058576668168143e-01
-3.864660187361472765e-01
-6.454413555144480341e-01
-6.800707359762525606e-01
1.413309872202455075e-01
1.469442215377177341e+00
2.110397744976288514e+00
1.410871115995818270e+00
4.354583799130260502e-01
3.956785345998565795e-01
1.565864171662917137e+00
2.802044157164176319e+00
2.122354972298588383e+00
9.019513872652507036e-01
3.832403574368308252e-01
-2.162788203398553488e-01
-9.804089369101771645e-01
-8.359450902709337772e-01
-2.299428500567954892e-01
1.532212716703442723e-01
2.394619458507438736e-01
7.208064495708721431e-02
-4.092164125270931763e-01
-9.518164936453743508e-01
-1.271367971331776037e+00
-1.242930218633317541e+00
-1.028102276844053975e+00
-9.293023358969767500e-01
-9.070212742200030043e-01
-7.104540774963572503e-01
-4.608732687357428581e-01
-2.304962529720060438e-01
3.296574800602284361e-01
3.591539503679567202e-01
3.673619895155941784e-01
3.019715435743470788e-01
1.807104206982868000e-02
-4.132681103034182568e-01
-7.905951044094254865e-01
6.165785739486417949e-02
-2.091858115363534054e-01
-1.148195109732952357e+00
-2.457795185394326509e+00
-2.961949284598188736e+00
-6.251841748245969832e-01
1.531098971363969774e+00
-8.970314909480130439e-01
-2.382085280795855020e+00
-2.511695535429977699e+00
9.247387194911677044e-01
4.151703376980933058e-01
-5.707922470652979641e-01
-3.058206926923168201e-01
-6.159509033270306189e-01
-1.760964676800928608e+00
-2.259283517473334335e+00
-1.727929011931527148e+00
-4.031110309440526507e-01
-4.611158824030137104e-01
-1.403291017082312964e+00
-1.138765435288948691e+00
-3.036621144535927019e-01
-3.357975267681896359e-01
-5.499225358615675852e-01
-4.410936180592486267e-01
-6.240099178586966389e-02
2.568854134351106211e-01
2.928155211881883213e-01
1.493201236988350722e-01
-9.317782973498767163e-02
-1.017852963710254022e+00
-1.127601433631909789e+00
-4.496620436128890841e-01
1.406479483972764566e-01
-1.041359470227003037e+00
-1.170850956278926214e+00
-2.035152041393404332e-01
1.179267175283692293e+00
-4.989987337208092733e-01
-2.407224733944385520e+00
-2.437683045006218130e+00
-1.186857385823710143e+00
-3.122219408727811008e-01
-7.032798312670767160e-01
-9.997664699374029240e-01
-5.114105451241151012e-01
0.000000000000000000e+00
0.000000000000000000e+00
0.000000000000000000e+00
0.000000000000000000e+00
0.000000000000000000e+00
0.000000000000000000e+00
0.000000000000000000e+00
0.000000000000000000e+00
0.000000000000000000e+00
0.000000000000000000e+00
0.000000000000000000e+00
0.000000000000000000e+00
0.000000000000000000e+00
0.000000000000000000e+00
0.000000000000000000e+00
0.000000000000000000e+00
0.000000000000000000e+00
0.000000000000000000e+00
0.000000000000000000e+00
0.000000000000000000e+00
0.000000000000000000e+00
0.000000000000000000e+00
0.000000000000000000e+00
0.000000000000000000e+00
0.000000000000000000e+00
0.000000000000000000e+00
0.000000000000000000e+00
0.000000000000000000e+00
0.000000000000000000e+00
0.000000000000000000e+00
0.000000000000000000e+00
0.000000000000000000e+00
0.000000000000000000e+00
0.000000000000000000e+00
0.000000000000000000e+00
0.000000000000000000e+00
0.000000000000000000e+00
0.000000000000000000e+00
0.000000000000000000e+00
0.000000000000000000e+00
0.000000000000000000e+00
0.000000000000000000e+00
0.000000000000000000e+00
0.000000000000000000e+00
0.000000000000000000e+00
0.000000000000000000e+00
0.000000000000000000e+00
0.000000000000000000e+00
0.000000000000000000e+00
0.000000000000000000e+00
0.000000000000000000e+00
0.000000000000000000e+00
0.000000000000000000e+00
0.000000000000000000e+00
0.000000000000000000e+00
0.000000000000000000e+00
0.000000000000000000e+00
0.000000000000000000e+00
0.000000000000000000e+00
0.000000000000000000e+00
0.000000000000000000e+00
0.000000000000000000e+00
0.000000000000000000e+00
0.000000000000000000e+00
0.000000000000000000e+00
0.000000000000000000e+00
0.000000000000000000e+00
0.000000000000000000e+00
0.000000000000000000e+00
0.000000000000000000e+00
0.000000000000000000e+00
0.000000000000000000e+00
0.000000000000000000e+00
0.000000000000000000e+00
0.000000000000000000e+00
0.000000000000000000e+00
0.000000000000000000e+00
0.000000000000000000e+00
0.000000000000000000e+00
0.000000000000000000e+00
0.000000000000000000e+00
0.000000000000000000e+00
0.000000000000000000e+00
0.000000000000000000e+00
0.000000000000000000e+00
0.000000000000000000e+00
0.000000000000000000e+00
0.000000000000000000e+00
0.000000000000000000e+00
0.000000000000000000e+00
0.000000000000000000e+00
0.000000000000000000e+00
0.000000000000000000e+00
0.000000000000000000e+00
0.000000000000000000e+00
0.000000000000000000e+00
0.000000000000000000e+00
0.000000000000000000e+00
0.000000000000000000e+00
0.000000000000000000e+00
0.000000000000000000e+00
0.000000000000000000e+00
0.000000000000000000e+00
