2.475646972656250000e+00
1.700190676716036187e+00
2.639978084528313840e-01
-6.089216528738365941e-01
-6.496248553724637276e-01
-2.277783872253222874e-01
4.255925989509604657e-01
-2.659439066228437287e-01
-4.917828658019094412e-01
-3.614216325234964611e-01
-6.938183274639636577e-01
-1.176074345121864262e+00
-8.023083951987797224e-01
-4.228491560622607004e-01
7.058400304848211348e-02
1.887634847788879355e-01
6.167082491554154444e-02
8.648863903344183868e-02
1.164438377068213182e-01
-2.768441906707281852e-01
-2.560330367840408794e-01
2.005519632624144233e-01
-4.495788912191621689e-01
-1.080227700632776511e+00
-4.993326371460937718e-01
9.578153318119899673e-01
1.704760014249362410e+00
9.808074636223573783e-01
-4.794549229577311777e-01
-2.040099859151182748e+00
-2.863890242229451211e+00
-2.331228618652361639e+00
-1.395872256909550302e+00
-8.268194714720118466e-01
-2.136615177175760216e-01
1.961658498900301639e-01
2.059784271208053852e-02
-1.710164323540674935e-01
-1.646113417362591314e-01
-6.828652661478478159e-01
-1.853935531048316765e+00
-1.045390321814129608e+00
1.578817235277123476e+00
2.798634081702254583e+00
2.135139605166296306e+00
1.194579596039470726e+00
7.590059175510710521e-01
7.085324687744235517e-01
-4.574703921531703132e-01
-1.287638799179518401e+00
-9.377762609237303426e-01
-3.126723787301266544e-01
5.818248404700510079e-02
-1.585926744822809820e-01
-2.893749726634800012e-01
-4.507020282249918353e-02
7.945186703389339744e-01
9.170463647742237434e-01
3.804739946474966494e-01
-1.138803429236643350e-01
3.798289662886866758e-02
-2.489585057250782718e-01
-8.855094831034316938e-01
6.049980283514699853e-01
8.049631679094946257e-01
-9.406909837357000370e-01
-2.411285992253264787e+00
-9.124206171103093066e-01
1.396098217763304117e-01
-6.307329432780386380e-01
-1.232653480776074062e+00
-1.057173461159742978e+00
-5.401354258380917095e-01
-5.589594578999645957e-01
2.512110826265947505e-01
2.949122220955899820e-01
-2.437784845882182694e-01
-8.644039755833916594e-01
-1.347454520805972056e+00
-1.237292980982738655e+00
1.318298360791425594e-02
1.086966850142855101e+00
6.944908035191121876e-01
-5.656648836810687087e-01
-1.635003361455944049e+00
-1.810164017315953444e+00
-1.702145363108672704e+00
-1.844238089325264340e+00
-2.380822783367528395e+00
-2.431772462338487983e+00
-2.133352679623619519e+00
-1.541840061780667348e+00
-6.806261023362250029e-01
-3.264738407239142770e-01
-5.548485634547535295e-01
-1.091231610602697133e+00
-1.520403492135234735e+00
-1.271038630354940357e+00
-5.009906975499280879e-01
-1.266424340171552476e-01
-6.757582802787662768e-01
-1.165263903611228002e+00
-9.910789964211975667e-01
-7.804378090041284022e-01
-1.004499799258677495e+00
-7.755947615318632415e-01
-6.102813910431653666e-01
-4.802923432216464894e-01
-2.514957974394420592e-01
6.403602674657848937e-02
1.510363959628209241e-01
-1.250454055846703660e-01
-4.605524047649839359e-01
-2.199901217830613209e-01
-1.675348472190163474e-01
-6.602646598048143023e-01
-1.375501634606651313e+00
-5.746581562330627113e-01
6.646374033644031343e-01
3.563206489398063059e-01
-5.402145354003349276e-01
-1.001282510649221136e+00
-1.580948510195969714e-01
1.448870267773154641e-01
-6.205154321577954768e-02
2.118414016192199933e-01
-3.082871777352609310e-01
-3.511455459451106043e-01
1.957025499964507587e-01
-5.795904662027575593e-01
-1.122675100472627641e+00
-5.909092128841761937e-01
-3.537849060560566694e-01
-1.530302531072383232e+00
-1.289174924473151629e+00
-1.396752344556606573e-03
4.512277524685892605e-02
-9.748799778192764887e-01
-8.071694264700830512e-01
-4.104637369970945970e-01
-1.225287600897865037e+00
-8.214869957825170488e-01
-7.820631070469752366e-02
-1.222079860556919861e+00
-2.116864866821911662e+00
-1.039195927606478831e+00
-9.966954201830313664e-01
-2.345333386320963776e+00
-2.160506358010824357e+00
-1.574602961369714782e+00
-2.770748035647534913e+00
-3.497287813480823182e+00
-2.572122130623200942e+00
-7.602091074264567538e-01
-1.004395757448841575e+00
-1.481361003973772794e+00
-4.966806694252057230e-01
-1.001754842570878212e+00
-2.274353190614347930e+00
-1.326100344620543270e+00
-1.897671007378448849e+00
-3.559625791573892695e+00
-3.676103984510275424e+00
-1.962792774296474807e+00
-9.834634821142456129e-01
-1.782164933996311262e+00
-1.476346585512610332e+00
-1.660943967684100908e+00
-2.581825433156658356e+00
-2.011732969611112587e+00
8.540242852915551630e-01
-9.556320676183953644e-01
-1.974242058883302509e+00
-1.370987129363635315e+00
2.163481638639598303e-01
-1.644116109964734118e+00
-1.629022793006520864e+00
-5.237064574272380924e-01
-2.704091922110851698e-03
-1.276633209639543409e+00
-1.352026359736011596e+00
-5.364946743953487029e-01
-1.213147250214747785e-01
-2.513515251141769546e+00
-3.194456881092855305e+00
-1.853124860021091891e+00
-1.305694307804503573e-01
-1.119612437665306715e+00
-2.842429288095219775e+00
-1.719705937108946259e+00
1.883054229685158232e+00
8.743685802608713864e-01
-8.131348363698176485e-01
-1.468605930936984993e+00
-3.978763638274021019e-01
1.725092944635932213e+00
1.727693728507992965e-01
-1.097641456331391208e+00
-2.046357219497293212e+00
-2.695251464843750000e+00
-2.046357219497293212e+00
-1.097641456331391208e+00
1.727693728507992965e-01
1.725092944635932213e+00
-3.978763638274021019e-01
-1.468605930936984993e+00
-8.131348363698176485e-01
8.743685802608713864e-01
1.883054229685158232e+00
-1.719705937108946259e+00
-2.842429288095219775e+00
-1.119612437665306715e+00
-1.305694307804503573e-01
-1.853124860021091891e+00
-3.194456881092855305e+00
-2.513515251141769546e+00
-1.213147250214747785e-01
-5.364946743953487029e-01
-1.352026359736011596e+00
-1.276633209639543409e+00
-2.704091922110851698e-03
-5.237064574272380924e-01
-1.629022793006520864e+00
-1.644116109964734118e+00
2.163481638639598303e-01
-1.370987129363635315e+00
-1.974242058883302509e+00
-9.556320676183953644e-01
8.540242852915551630e-01
-2.011732969611112587e+00
-2.581825433156658356e+00
-1.660943967684100908e+00
-1.476346585512610332e+00
-1.782164933996311262e+00
-9.834634821142456129e-01
-1.962792774296474807e+00
-3.676103984510275424e+00
-3.559625791573892695e+00
-1.897671007378448849e+00
-1.326100344620543270e+00
-2.274353190614347930e+00
-1.001754842570878212e+00
-4.966806694252057230e-01
-1.481361003973772794e+00
-1.004395757448841575e+00
-7.602091074264567538e-01
-2.572122130623200942e+00
-3.497287813480823182e+00
-2.770748035647534913e+00
-1.574602961369714782e+00
-2.160506358010824357e+00
-2.345333386320963776e+00
-9.966954201830313664e-01
-1.039195927606478831e+00
-2.116864866821911662e+00
-1.222079860556919861e+00
-7.820631070469752366e-02
-8.214869957825170488e-01
-1.225287600897865037e+00
-4.104637369970945970e-01
-8.071694264700830512e-01
-9.748799778192764887e-01
4.512277524685892605e-02
-1.396752344556606573e-03
-1.289174924473151629e+00
-1.530302531072383232e+00
-3.537849060560566694e-01
-5.909092128841761937e-01
-1.122675100472627641e+00
-5.795904662027575593e-01
1.957025499964507587e-01
-3.511455459451106043e-01
-3.082871777352609310e-01
2.118414016192199933e-01
-6.205154321577954768e-02
1.448870267773154641e-01
-1.580948510195969714e-01
-1.001282510649221136e+00
-5.402145354003349276e-01
3.563206489398063059e-01
6.646374033644031343e-01
-5.746581562330627113e-01
-1.375501634606651313e+00
-6.602646598048143023e-01
-1.675348472190163474e-01
-2.199901217830613209e-01
-4.605524047649839359e-01
-1.250454055846703660e-01
1.510363959628209241e-01
6.403602674657848937e-02
-2.514957974394420592e-01
-4.802923432216464894e-01
-6.102813910431653666e-01
-7.755947615318632415e-01
-1.004499799258677495e+00
-7.804378090041284022e-01
-9.910789964211975667e-01
-1.165263903611228002e+00
-6.757582802787662768e-01
-1.266424340171552476e-01
-5.009906975499280879e-01
-1.271038630354940357e+00
-1.520403492135234735e+00
-1.091231610602697133e+00
-5.548485634547535295e-01
-3.264738407239142770e-01
-6.806261023362250029e-01
-1.541840061780667348e+00
-2.133352679623619519e+00
-2.431772462338487983e+00
-2.380822783367528395e+00
-1.844238089325264340e+00
-1.702145363108672704e+00
-1.810164017315953444e+00
-1.635003361455944049e+00
-5.656648836810687087e-01
6.944908035191121876e-01
1.086966850142855101e+00
1.318298360791425594e-02
-1.237292980982738655e+00
-1.347454520805972056e+00
-8.644039755833916594e-01
-2.437784845882182694e-01
2.949122220955899820e-01
2.512110826265947505e-01
-5.589594578999645957e-01
-5.401354258380917095e-01
-1.057173461159742978e+00
-1.232653480776074062e+00
-6.307329432780386380e-01
1.396098217763304117e-01
-9.124206171103093066e-01
-2.411285992253264787e+00
-9.406909837357000370e-01
8.049631679094946257e-01
6.049980283514699853e-01
-8.855094831034316938e-01
-2.489585057250782718e-01
3.798289662886866758e-02
-1.138803429236643350e-01
3.804739946474966494e-01
9.170463647742237434e-01
7.945186703389339744e-01
-4.507020282249918353e-02
-2.893749726634800012e-01
-1.585926744822809820e-01
5.818248404700510079e-02
-3.126723787301266544e-01
-9.377762609237303426e-01
-1.287638799179518401e+00
-4.574703921531703132e-01
7.085324687744235517e-01
7.590059175510710521e-01
1.194579596039470726e+00
2.135139605166296306e+00
2.798634081702254583e+00
1.578817235277123476e+00
-1.045390321814129608e+00
-1.853935531048316765e+00
-6.828652661478478159e-01
-1.646113417362591314e-01
-1.710164323540674935e-01
2.059784271208053852e-02
1.961658498900301639e-01
-2.136615177175760216e-01
-8.268194714720118466e-01
-1.395872256909550302e+00
-2.331228618652361639e+00
-2.863890242229451211e+00
-2.040099859151182748e+00
-4.794549229577311777e-01
9.808074636223573783e-01
1.704760014249362410e+00
9.578153318119899673e-01
-4.993326371460937718e-01
-1.080227700632776511e+00
-4.495788912191621689e-01
2.005519632624144233e-01
-2.560330367840408794e-01
-2.768441906707281852e-01
1.164438377068213182e-01
8.648863903344183868e-02
6.167082491554154444e-02
1.887634847788879355e-01
7.058400304848211348e-02
-4.228491560622607004e-01
-8.023083951987797224e-01
-1.176074345121864262e+00
-6.938183274639636577e-01
-3.614216325234964611e-01
-4.917828658019094412e-01
-2.659439066228437287e-01
4.255925989509604657e-01
-2.277783872253222874e-01
-6.496248553724637276e-01
-6.089216528738365941e-01
2.639978084528313840e-01
1.700190676716036187e+00
0.000000000000000000e+00
0.000000000000000000e+00
0.000000000000000000e+00
0.000000000000000000e+00
0.000000000000000000e+00
0.000000000000000000e+00
0.000000000000000000e+00
0.000000000000000000e+00
0.000000000000000000e+00
0.000000000000000000e+00
0.000000000000000000e+00
0.000000000000000000e+00
0.000000000000000000e+00
0.000000000000000000e+00
0.000000000000000000e+00
0.000000000000000000e+00
0.000000000000000000e+00
0.000000000000000000e+00
0.000000000000000000e+00
0.000000000000000000e+00
0.000000000000000000e+00
0.000000000000000000e+00
0.000000000000000000e+00
0.000000000000000000e+00
0.000000000000000000e+00
0.000000000000000000e+00
0.000000000000000000e+00
0.000000000000000000e+00
0.000000000000000000e+00
0.000000000000000000e+00
0.000000000000000000e+00
0.000000000000000000e+00
0.000000000000000000e+00
0.000000000000000000e+00
0.000000000000000000e+00
0.000000000000000000e+00
0.000000000000000000e+00
0.000000000000000000e+00
0.000000000000000000e+00
0.000000000000000000e+00
0.000000000000000000e+00
0.000000000000000000e+00
0.000000000000000000e+00
0.000000000000000000e+00
0.000000000000000000e+00
0.000000000000000000e+00
0.000000000000000000e+00
0.000000000000000000e+00
0.000000000000000000e+00
0.000000000000000000e+00
0.000000000000000000e+00
0.000000000000000000e+00
0.000000000000000000e+00
0.000000000000000000e+00
0.000000000000000000e+00
0.000000000000000000e+00
0.000000000000000000e+00
0.000000000000000000e+00
0.000000000000000000e+00
0.000000000000000000e+00
0.000000000000000000e+00
0.000000000000000000e+00
0.000000000000000000e+00
0.000000000000000000e+00
0.000000000000000000e+00
0.000000000000000000e+00
0.000000000000000000e+00
0.000000000000000000e+00
0.000000000000000000e+00
0.000000000000000000e+00
0.000000000000000000e+00
0.000000000000000000e+00
0.000000000000000000e+00
0.000000000000000000e+00
0.000000000000000000e+00
0.000000000000000000e+00
0.000000000000000000e+00
0.000000000000000000e+00
0.000000000000000000e+00
0.000000000000000000e+00
0.000000000000000000e+00
0.000000000000000000e+00
0.000000000000000000e+00
0.000000000000000000e+00
0.000000000000000000e+00
0.000000000000000000e+00
0.000000000000000000e+00
0.000000000000000000e+00
0.000000000000000000e+00
0.000000000000000000e+00
0.000000000000000000e+00
0.000000000000000000e+00
0.000000000000000000e+00
0.000000000000000000e+00
0.000000000000000000e+00
0.000000000000000000e+00
0.000000000000000000e+00
0.000000000000000000e+00
0.000000000000000000e+00
0.000000000000000000e+00
0.000000000000000000e+00
0.000000000000000000e+00
