-1.044097900390625000e+00
-1.047491507645597952e+00
-7.910953158132871810e-01
-8.823299766431447200e-02
7.466445104848082881e-01
4.592345743835845595e-01
1.294439437485401800e-01
-1.465403950005349509e-01
-4.851534207042359492e-01
-6.866479109556071769e-01
-6.664168068873808082e-01
-5.767896839425917799e-01
-6.261457160316468151e-01
-8.083130722797127188e-01
-6.985626890113298959e-01
-4.561859923476614398e-01
-5.536284995701132861e-01
-7.741908879506143037e-02
5.880313962998332533e-01
-1.835611920357239635e-01
-7.672978482124612754e-01
-9.088456145565586564e-01
-8.440846552984959672e-01
-1.087088064397283338e+00
-8.423956650326669404e-01
-6.298179073848830800e-02
-4.935488161463690293e-01
-8.981532289866853702e-01
-6.288969745574133352e-01
-5.932391251429494083e-01
-3.302785503673829615e-01
-2.128264868325863146e-02
-5.821070970927200161e-01
-2.885520686302528448e-01
7.019652489498950931e-02
-6.052933957235078211e-01
-1.236235805061519644e+00
-1.718454251853539061e+00
-1.650883548304288517e+00
-1.569855861885274928e+00
-2.255544189617344486e+00
-2.522823963353430621e+00
-2.405832829982539334e+00
-3.372717278274710129e+00
-4.728302696730936283e+00
-4.698913374355893069e+00
-3.867973287122381976e+00
-2.928061884906730139e+00
-1.399169101005350857e+00
4.086111414005066944e-01
1.043605560346040129e+00
1.096273529150747938e+00
1.021675357094508074e+00
1.925425825088225018e-01
6.212097366685358502e-01
6.730437590562041716e-01
-2.925045176631682065e-01
-2.005408281992933084e-01
4.187805316199546546e-01
6.860021031716795337e-01
6.101293910654470576e-01
3.680553404306855514e-01
7.375845618484366817e-02
-1.884020378097273074e-01
1.171114865262863347e-01
1.112246817819065203e+00
5.166787268080121898e-01
-9.489582404397798321e-01
-1.150125501566028330e+00
-4.536441169423341968e-01
-3.870873627513052861e-01
-5.868401668988458830e-01
-5.628416349464223645e-01
-9.663374670055768778e-02
1.577729278434242266e-01
-5.140993148094430421e-01
-1.543894355699835685e+00
-2.076010509187123709e+00
-1.311976063539028514e+00
1.179938527724999631e-01
-2.359883236373802040e-01
-1.236448431043539742e+00
-6.563027879897564976e-01
-2.813373265296019166e-01
-1.926866944666043358e+00
-3.828800254398415426e+00
-4.870278026034369212e+00
-3.725002122206090061e+00
-6.959545905800725851e-01
-3.971662237708541987e-01
-2.161093757029441509e+00
-3.785732697016465753e+00
-4.679181634182832283e+00
-2.508717966920163356e+00
5.745151224497502263e-01
2.083199472007525088e+00
2.344484573937433591e+00
1.959478187991489317e+00
1.000023971281500668e+00
-2.180110772561523191e-01
-9.330770746675831617e-01
-7.477306969845027851e-01
2.107382983151397937e-01
1.545174505291877054e+00
2.214184354858396375e+00
1.820785608686902535e+00
4.370950325991458385e-01
6.784463887945522131e-01
1.823364961157754038e+00
1.143544443803597765e+00
1.680131154602383825e+00
2.301039819773463169e+00
-2.939636721557370436e-02
-1.012140366019762983e+00
-1.147981164598916415e+00
-2.622484365579508481e+00
-3.021316744083993200e+00
-1.205338555100083031e+00
1.805549778195447042e+00
-8.913718617487020879e-04
-1.574323047801430953e+00
5.304973779383859167e-02
-3.716451842458710075e+00
-6.446881261399843410e+00
-4.823256582579727336e+00
5.133073667632181980e-02
3.600237942784667133e+00
2.727069398168663117e+00
4.214089713257195058e+00
3.872412516543552119e+00
-2.115081392958199302e+00
-6.026604012908888919e+00
-5.737074660059716891e+00
-1.970900900396576727e+00
-1.251553677806412690e+00
-1.255011969444245423e+00
-5.732775111075318897e-01
-1.482821012042411013e+00
-3.009175469815477122e+00
-1.851065607477790920e+00
6.672945506216181322e-01
8.645440204426315667e-01
-2.510986807385138242e-01
-8.131809623965229328e-01
1.761826917781692536e-01
1.185892106421607251e+00
-6.123436092081369075e-01
-4.884511647260874057e-01
1.561369074843893312e+00
1.907820398099171921e+00
8.366838289463882639e-01
9.671128298486724173e-01
1.839900762478605678e-01
-1.148632176812319550e+00
-1.138567237556380451e+00
-9.456199984739415143e-01
-1.584567604772462168e+00
-9.654905254168340001e-01
8.469761295169750959e-01
7.497673016661314804e-01
-3.348803542507141628e-01
-6.643642906934124071e-01
-6.973260372104888027e-01
-9.026938567821041204e-01
-1.796521814249994131e+00
-2.911013315778137045e+00
-3.230382657815503933e+00
-2.173199228615075640e+00
-2.222529934658759032e-01
1.615542549703544717e+00
2.185552902881055637e+00
2.453786089408817261e+00
2.775549756660210754e+00
2.710758722424269962e+00
2.261767294242996051e+00
1.865678283122042869e+00
1.240009143232319699e+00
-4.922897921578774927e-01
-2.287363272955665217e+00
-3.381215335929673937e+00
-3.265242430510522098e+00
-2.278184062091612283e+00
-1.358386769290018004e+00
-1.006948898049311536e+00
-8.698130656447751186e-01
-6.333545786103464970e-01
2.185947569295048076e-01
-1.035023003890556126e-02
-2.166680153752677640e+00
-2.954001440903252895e+00
-2.199185800765161236e+00
-2.081992908472099391e+00
-1.750244895839434101e+00
-1.760112923991274947e-01
6.445618994112936040e-01
3.838542770572770380e-01
1.281906646306782527e+00
8.036556626607138654e-01
-1.315975075637866309e+00
-1.560828798537376771e+00
-1.605835631874836800e-01
-1.741618683592142336e+00
-3.167049504493719692e+00
-2.731529947992900276e+00
-1.165109740277256778e+00
-3.020295428413444228e-02
-4.448123858952177656e-01
-1.430868127112444821e+00
-1.145755188602993968e+00
-1.120644706429252402e+00
-2.127984163677933527e+00
-1.793239662050908123e+00
-1.447702056645669089e+00
-5.137349535333614270e+00
-7.838985064077395926e+00
-5.719941329036114297e+00
-6.961937092136158967e-01
-5.395675196455924638e-01
-1.349934783796933768e+00
9.694636437413932661e-01
-8.716765210614463300e-01
-4.300967150352372315e+00
-5.031624130773058035e+00
-1.978792153399712372e+00
1.726853223264272152e+00
-2.072612075217974414e-01
6.839205414247873094e-01
1.438025103827343054e+00
-2.426715258618246107e+00
-4.360637377781163337e+00
-3.210259569130419877e+00
-5.894228302238788686e-01
3.399218710486806572e-02
3.627619671070787533e-01
1.820101923022705570e+00
7.169398872877572604e-01
4.983472007064020382e-01
2.125822461178572098e+00
1.713327454477585388e+00
1.570879290967097219e+00
2.514684791146605480e+00
1.916103273989569367e+00
-2.747560731258146260e-01
-1.242457239529700663e+00
-6.477722326754062898e-01
1.361463897568597758e-01
1.146566428689952399e+00
1.825659964916376055e+00
1.205734249206834807e+00
8.109670381841851405e-01
2.434836887723386578e+00
2.641472501110458282e+00
7.979324560934708543e-01
-8.921631117160515601e-01
-4.852737372839905916e-01
-5.579527421773722295e-02
5.197894711362938125e-01
-4.205505283566375319e-01
-3.498400336515719466e+00
-4.338235793393474538e+00
-2.882088764573456530e+00
-5.568422951180469482e-01
1.680223344759162352e+00
2.170410959715222798e+00
2.072072942297996434e+00
2.600552855512144212e+00
1.873992392246435212e+00
-8.368336176775734714e-01
-2.162248610500148605e+00
-9.957542992966614825e-01
9.905144120352380455e-01
2.466124342171423400e+00
2.571980413963446122e+00
1.718266679479159675e+00
1.192437958322568381e+00
1.312093429549439749e+00
1.259488070897732070e+00
3.795986937526096838e-01
3.022714736878859831e-01
1.541683906571642781e+00
2.014736723356824299e+00
1.022993327972139044e+00
7.196923261300942620e-01
1.034287030885493675e+00
1.542713788374679762e+00
2.042817688913254770e+00
2.229849879122720591e+00
1.894290907104034360e+00
1.154522042038214069e+00
1.012779993542127777e+00
1.864515008824270126e+00
1.506501935968364014e+00
6.417954474500902062e-01
9.393099409961724877e-01
4.290636334826605225e-01
-1.042959303672530424e-01
-1.006684026936741860e+00
-2.838225005050425409e+00
-4.206427044356097156e+00
-4.930359608280639350e+00
-5.292177235703251270e+00
-4.536067354873476454e+00
-2.797245684287550382e+00
-1.774527789754069440e+00
-1.876251549805594276e+00
-1.605590647012210326e+00
-9.785766992851272494e-01
-1.233264397275736668e+00
-1.673768263691276514e+00
-1.334151522509928078e+00
-5.451499719646146769e-01
2.520076020741458533e-01
4.921773507006643733e-02
9.124953980811167931e-02
1.006816343968808480e+00
9.235236542492325507e-01
7.837058362657247645e-01
7.310457957387023198e-01
2.988185126812867853e-01
4.811944732673715253e-01
8.093018142788681590e-01
1.665025307555457745e-01
1.747539710919490119e-01
4.114719268096402871e-01
1.267662755004959063e-01
-1.062603770529868541e-02
4.956564282124833465e-01
1.443716750225028100e+00
1.020309045452131969e+00
7.089816815948029038e-01
8.927720681571651440e-01
7.608014148740733784e-01
7.341710228933580051e-01
7.659907209893381808e-01
4.115789828031457542e-01
-1.961482675219843319e-01
-6.918806029035203808e-01
-7.556395143830212380e-01
-2.627720789263108259e-01
3.297101232866566090e-01
8.318267330608983823e-01
1.104812789052148192e+00
9.602782218951488868e-02
-8.199399887847842461e-01
-1.105259389827178973e+00
7.009004158039073840e-01
7.877924802950582173e-01
7.932258153191374950e-01
6.775961322383768914e-01
4.716334134341772510e-01
3.047374206971147914e-01
2.743002939155230191e-01
2.826180912382776356e-01
2.761873993244746139e-01
2.735668609995720590e-01
2.710415168959711130e-01
2.382721084226888109e-01
1.549862616017047279e-01
9.678854426556537938e-02
2.658948308003630245e-01
4.942592946129444331e-01
7.002316637420784584e-01
8.314355025544130084e-01
8.316403314747718989e-01
7.121356929050517426e-01
5.730640256654750964e-01
4.988717159078213115e-01
4.458001975533412153e-01
4.138104528620367151e-01
4.846250161974370863e-01
6.511669969616252773e-01
8.303316659137804923e-01
9.183228053691998571e-01
9.013563016733677768e-01
8.647260573224339053e-01
8.788638042111220905e-01
8.993827885788460152e-01
8.569095545964090510e-01
7.658273059932809712e-01
6.844368020884630255e-01
6.500276732385138478e-01
0.000000000000000000e+00
0.000000000000000000e+00
0.000000000000000000e+00
0.000000000000000000e+00
0.000000000000000000e+00
0.000000000000000000e+00
0.000000000000000000e+00
0.000000000000000000e+00
0.000000000000000000e+00
0.000000000000000000e+00
0.000000000000000000e+00
0.000000000000000000e+00
0.000000000000000000e+00
0.000000000000000000e+00
0.000000000000000000e+00
0.000000000000000000e+00
0.000000000000000000e+00
0.000000000000000000e+00
0.000000000000000000e+00
0.000000000000000000e+00
0.000000000000000000e+00
0.000000000000000000e+00
0.000000000000000000e+00
0.000000000000000000e+00
0.000000000000000000e+00
0.000000000000000000e+00
0.000000000000000000e+00
0.000000000000000000e+00
0.000000000000000000e+00
0.000000000000000000e+00
0.000000000000000000e+00
0.000000000000000000e+00
0.000000000000000000e+00
0.000000000000000000e+00
0.000000000000000000e+00
0.000000000000000000e+00
0.000000000000000000e+00
0.000000000000000000e+00
0.000000000000000000e+00
0.000000000000000000e+00
0.000000000000000000e+00
0.000000000000000000e+00
0.000000000000000000e+00
0.000000000000000000e+00
0.000000000000000000e+00
0.000000000000000000e+00
0.000000000000000000e+00
0.000000000000000000e+00
0.000000000000000000e+00
0.000000000000000000e+00
0.000000000000000000e+00
0.000000000000000000e+00
0.000000000000000000e+00
0.000000000000000000e+00
0.000000000000000000e+00
0.000000000000000000e+00
0.000000000000000000e+00
0.000000000000000000e+00
0.000000000000000000e+00
0.000000000000000000e+00
0.000000000000000000e+00
0.000000000000000000e+00
0.000000000000000000e+00
0.000000000000000000e+00
0.000000000000000000e+00
0.000000000000000000e+00
0.000000000000000000e+00
0.000000000000000000e+00
0.000000000000000000e+00
0.000000000000000000e+00
0.000000000000000000e+00
0.000000000000000000e+00
0.000000000000000000e+00
0.000000000000000000e+00
0.000000000000000000e+00
0.000000000000000000e+00
0.000000000000000000e+00
0.000000000000000000e+00
0.000000000000000000e+00
0.000000000000000000e+00
0.000000000000000000e+00
0.000000000000000000e+00
0.000000000000000000e+00
0.000000000000000000e+00
0.000000000000000000e+00
0.000000000000000000e+00
0.000000000000000000e+00
0.000000000000000000e+00
0.000000000000000000e+00
0.000000000000000000e+00
0.000000000000000000e+00
0.000000000000000000e+00
0.000000000000000000e+00
0.000000000000000000e+00
0.000000000000000000e+00
0.000000000000000000e+00
0.000000000000000000e+00
0.000000000000000000e+00
0.000000000000000000e+00
0.000000000000000000e+00
0.000000000000000000e+00
0.000000000000000000e+00
0.000000000000000000e+00
0.000000000000000000e+00
0.000000000000000000e+00
0.000000000000000000e+00
0.000000000000000000e+00
0.000000000000000000e+00
0.000000000000000000e+00
0.000000000000000000e+00
0.000000000000000000e+00
0.000000000000000000e+00
0.000000000000000000e+00
0.000000000000000000e+00
0.000000000000000000e+00
0.000000000000000000e+00
0.000000000000000000e+00
0.000000000000000000e+00
0.000000000000000000e+00
