2.312377929687499112e+00
1.187339736485432340e+00
7.331809889134950353e-01
1.512072761227266859e+00
1.557497390430814921e+00
1.881268206581098834e+00
1.090856865124167907e+00
-6.089414207567505066e-01
-1.361238230382745051e+00
-6.101242951244336687e-01
-6.258888461119627156e-01
-2.129596177101470200e+00
-8.645496974635151766e-01
6.905178618288494441e-01
9.154913726926694473e-02
1.250851504974037631e-01
1.387448796803623763e+00
3.452703640529273255e+00
2.382242351508476297e+00
1.462469286027830329e+00
1.859299416032789587e+00
2.648814650910422674e+00
6.002110955437094386e-01
-8.386214256016991664e-01
1.273932834426316774e+00
1.583320011465724431e+00
8.786427833105765473e-01
8.191877615739695528e-02
2.851718936226201873e-01
3.640882124509237094e-02
-6.754506422173753855e-01
9.039475906107363734e-02
-5.997383527851440910e-01
1.576342739534016602e+00
3.918440938062328627e-01
2.206056630084188175e+00
2.148976483821560812e+00
2.168263318665617057e+00
3.943952264662686780e+00
1.733162416073592116e+00
2.624707880911250513e+00
3.140683759958038390e+00
3.297504633566688881e+00
1.196821678781881504e+00
2.026953838180651335e+00
3.078290772606072867e+00
1.566144898590438039e+00
-8.036620966501704100e-01
1.981021920962983351e+00
1.237488415446092560e+00
7.621017631310597062e-01
6.572070633808771989e-01
8.880844066070805454e-01
6.063516302651461576e-01
3.935380319081223988e+00
2.930799431293586998e+00
2.882991365307452369e-02
4.627741852899014408e-01
-5.255190159194143007e-01
1.160734074626825318e+00
3.195993248321766345e+00
-3.416138151504676812e-01
1.079456432870852911e+00
-7.325715441417426366e-01
-2.621853445924783976e+00
-1.053710758236349410e+00
-4.916860784290009168e-01
-7.274221182871842828e-02
5.326375788414217105e-01
-1.285140485615889450e+00
-3.275639916273678232e+00
-3.066722784488814746e+00
-2.544644629631198640e-02
-4.412739329535303234e+00
-3.269192792664892711e+00
6.481825650098538283e-01
-1.490009374056921576e+00
-3.783679081673229305e+00
-3.948496525647616995e+00
9.811201920810714849e-01
2.074311477025370110e-01
1.399414481950311817e-01
1.400963372196268875e-01
5.856367277618392819e-01
-3.347128747032567242e-01
-1.619596737992402335e+00
-1.086914024556974834e+00
-9.584153655345549749e-01
6.725077348311430114e-01
-8.396348403882925027e-05
-1.594419061831261697e+00
1.369720249846789972e+00
1.839376773547187760e-01
-2.201926321621757054e+00
-1.402455070958618988e+00
-8.287150011297961250e-01
-6.729137818449704156e-01
-1.485486073269551621e+00
-9.390074542632067534e-01
-2.072599725175533703e+00
2.177917995088025194e+00
2.287389573877316451e-01
2.128899704530499815e+00
-1.470975268341467856e+00
8.327463099216374509e-01
2.382661417552527361e-01
2.197373496487478040e+00
4.626398700762694105e+00
5.573545206592356749e+00
8.882449173547954935e-01
3.178103042242689469e+00
1.724005727731432902e+00
1.112168137603884555e+00
7.779284694880475470e+00
3.683917862120718478e+00
3.063425505249356195e+00
3.205351137316958976e+00
-1.144141439607154531e+00
1.693484224014716100e+00
4.824327643731555426e+00
5.545152224301395094e-01
3.673487764987380721e+00
9.347134101509431137e-01
3.150728284673651736e-01
2.854858062060461776e+00
1.175885816123995120e+00
1.622671710314895321e+00
5.089616120576621050e-01
-8.515888678431624559e-01
2.593903118323522605e+00
8.257564204493224036e-01
5.767822825259648623e-01
-8.099992973730716361e-01
1.999110210996185355e+00
-1.719241429258887122e+00
-4.583955127997825230e-01
-3.475658929199591629e+00
-2.101259108424939015e+00
1.432717155205466497e+00
-7.825098773238012839e-01
4.181758275394377833e+00
7.540924568487112900e-01
1.075838924582876110e+00
6.008980449639969024e-01
-8.454035575620089560e+00
-6.891177906611440918e+00
-4.027115021149038299e+00
-6.182679675779487738e-01
-2.002643060005304676e-02
3.504582729022756027e+00
1.009391532125884616e+00
1.190378318346354547e+00
-2.197861675503958168e+00
-5.964431878900793293e-01
4.103697040929686679e+00
-2.283964963313625418e+00
5.004193569151185628e+00
-6.605461638259659818e-01
3.059456753515831018e+00
1.365969306576886311e+00
-3.281493835150013361e-01
4.563912808857431003e-01
-3.965850892313227405e-01
1.011997428614472394e+00
-6.630574517601015572e-01
2.024372386061624951e+00
5.424710011535536225e-01
1.318313256224461272e+00
-3.899106765738653557e-01
1.643553771539481234e+00
7.313815569763029156e-01
-5.490555332702695690e-01
3.029905643967693019e-01
-1.069999373065755321e-02
-9.438924364787071308e-01
-9.597133929449299661e-01
7.640385080333614853e-01
4.507777273917290550e-02
-2.032323649343669381e+00
4.849525947352282262e-01
1.772448772457705601e+00
9.388530503700274199e-01
2.211481377524535663e-01
3.725390270900290624e-01
4.499961264440068831e-01
-3.167417711799394020e-01
9.565201581801963115e-02
6.282784224153432628e-01
-1.510871880832072023e-01
-1.051280536945346178e+00
-3.670052958304375057e-01
1.002777896523503465e+00
-1.120069063613923666e+00
6.202172145202804465e-01
-4.733889425442443510e-01
-1.974157876963511082e+00
8.113224588377752067e-01
9.801401711720876264e-01
-5.773029049186757522e-01
1.423532558283779892e+00
-1.340711334358315687e+00
-2.186217226540123626e+00
-4.526374392688432557e-01
-2.421310588488851945e-01
-4.474856255401495897e-01
2.106948630885972840e+00
-8.860350878385849782e-01
1.308608322789879708e+00
-1.039043014871862569e+00
-1.254220436926400506e+00
-2.253910803316897749e+00
-3.220977354892128997e+00
-4.574477887731198678e-02
2.509698466926934657e+00
5.198730875593229328e-01
8.098172125705049851e-02
-1.823867180518575326e+00
-1.245334655821428882e+00
-5.161894666077704308e+00
-5.536729137662339539e+00
-6.154603973972978537e-01
2.043654530672847525e+00
-2.652905927252791951e+00
2.628997698597919985e+00
4.598511376673602769e+00
1.030803147119716101e+00
-1.544602296309667278e+00
1.379913420711838867e+00
1.013961188417649595e+00
7.262159356714706249e+00
2.016376947026032429e+00
2.983059623029964857e+00
1.258670711616281856e+00
2.064237513017318726e+00
1.345144088250675329e+00
-3.344920825859660773e-01
1.214322576475553195e+00
9.638042356023693857e-01
3.201376133944463742e+00
1.068189779383904359e+00
1.383387656291461099e+00
1.315788710811331752e+00
2.163298902510033095e+00
8.144216994149553468e-01
1.381552743940491546e+00
1.435022865106041712e+00
-1.818144317332142323e+00
6.739843025154725886e-01
4.565087038200401626e-01
1.890538591557261228e+00
3.661328004772963496e+00
1.237698922893708309e+00
1.358881466058971199e+00
1.681689073436900550e-01
1.243616509731211739e+00
8.347835291354563925e-01
1.704562671327250811e+00
1.548906309799675585e+00
-9.520642877572749185e-02
1.138288587641459682e+00
3.620185536570930118e-01
1.606385249183527986e+00
-9.259658352783491919e-01
1.156133645972667878e-02
-1.731145887078956669e+00
-1.824859008278866490e+00
-1.445140000786524270e+00
-2.115329281420736951e+00
-1.362504064424657768e+00
-1.197882631519413321e+00
-4.495597153248334088e-01
-1.105235498079179424e+00
-2.073496433981393494e+00
-2.368584317754921287e+00
-2.003819919010121353e-01
9.033584198898751971e-01
3.384444965837112296e-01
-1.482269734203818468e+00
-1.808627611553544456e+00
-4.481202705373549255e-01
-1.033404222795506033e+00
2.582178768074576691e-01
3.950264178924896008e-01
-1.601690587910739705e+00
-4.259556543468442369e-01
-2.994766806517950464e+00
-4.018270780286580468e+00
-4.857594758347505426e-01
-4.108075545683886887e-02
-3.932425890886533715e+00
-4.891525214910351416e+00
-2.503412619709088904e-01
-1.660885635289983897e+00
-2.576978504330848185e+00
-2.216802915031665933e+00
-1.017783634058085029e+00
-1.830994159644062425e+00
-5.048283668063742180e-01
-1.086534346854027167e+00
-1.285906365870910673e+00
4.218177190310163915e-01
-7.785482901711587855e-01
2.089627078576843822e+00
2.314013745859902382e+00
2.371477585948428946e+00
-2.313970478751583570e-01
9.917779427735802233e-01
1.918753997923382748e+00
8.622568557110279475e-01
2.396724026965400878e+00
2.435031103912719264e-01
5.137945118214590767e-01
1.768579696067573259e+00
3.733948673861409162e+00
1.312752209399505432e+00
-5.401364830255357408e-01
1.073436912230216755e-01
-7.049305776134835444e-01
2.676444422743940788e+00
1.497599058800127114e+00
1.278350684402400850e+00
2.536750582206480864e+00
2.822222407768453678e+00
2.975523868907431257e+00
1.521929445412828263e+00
2.959926662724206015e+00
1.413461082210551778e+00
2.872026745712534357e+00
4.220264422889452582e-01
1.326388767905846144e-01
2.535441991162227904e+00
8.070720782289525497e-01
3.561922640191004241e+00
1.190389838659238864e+00
7.953555316451172530e+00
2.458331547404808859e+00
5.530981423789121720e+00
3.679948798729760551e+00
3.522121557229081379e+00
5.853444007033267837e+00
3.167627853079877376e+00
-1.143640114891526061e+00
3.900187314836068619e+00
1.563314801666981779e+00
1.391075876172835901e+00
3.066012490194189866e+00
4.183658528037216051e+00
3.414099607020082416e-02
5.510907727738914019e-01
1.324052666979132153e+00
1.697943030172770040e+00
8.129773186274964480e-01
3.932584290548097883e-01
7.504043129261879219e-01
-9.366818170588375736e-01
-1.980478172638723722e+00
-2.374333775218992582e+00
-2.219231327776394647e+00
1.310118748865751748e-01
-2.548627137107023266e+00
-2.698997527300003085e+00
-4.058177761398226835e+00
-4.247360947196447079e+00
1.531694408650551287e+00
2.755595457684608451e+00
1.948979929288614243e-01
2.381066266301878454e+00
1.513324703546433891e+00
6.375563534657288089e-01
1.186176656784024841e+00
1.646964952760377798e+00
6.949846200714644429e-01
1.647345016831900821e+00
1.070438313655502904e+00
1.217842867368083226e+00
1.441164595669151227e+00
8.905170051380794094e-01
1.799949247076257919e+00
2.022268310889842713e+00
1.948936641053632846e+00
1.043692506352671856e+00
1.130529056493358997e+00
1.848233969110932851e+00
2.443602251720348395e+00
1.983893109344854189e+00
3.066864327261128453e-01
1.749375003997411193e+00
1.026277090756097632e+00
6.325383908074284633e-01
1.325230967834722273e+00
1.426743615755282857e+00
9.475576847051665474e-01
1.265998150415118539e+00
1.758129295216400267e+00
3.303119370867750426e+00
2.221803553855374425e+00
2.020315500933119957e+00
1.943397096283344450e+00
2.796573283909162377e+00
6.690054476407270023e-01
3.884403171623339368e+00
2.469820078375187133e+00
2.144368176208143684e+00
1.868643697168133944e+00
2.945080275572044659e+00
4.325844482207987340e+00
1.574998703890915452e+00
5.406841316929487107e+00
6.932543203502479212e-01
7.033466782828064368e+00
4.258416212374400267e+00
4.400010997220554998e+00
5.261290348809680495e+00
1.900737007340715712e+00
5.714872517046177158e+00
3.157844414753005591e+00
3.155701969434041576e+00
1.836547400248183859e+00
3.178665660773121626e+00
6.395098531025974475e-01
4.155914917768550154e+00
3.690079701462640305e+00
3.957687468381308360e+00
6.549401574441162666e+00
1.762951054689797736e+00
4.767787995015730473e+00
3.414982193556853396e+00
1.137566287981935265e+00
2.394563002212641400e+00
5.817378337297076651e-01
2.286164066187228450e+00
1.168203558938409659e+00
1.114376143109387263e+00
2.004649615425962317e+00
3.416589253497106515e+00
1.824077036080243852e+00
2.987829832291004628e+00
2.550414143060156569e+00
1.498511951965434186e+00
3.564319785892871906e+00
1.973309884623019261e+00
2.583621550441959513e+00
4.336751204711909224e+00
1.315679365290371994e+00
5.130141153158474410e+00
3.336316132808738733e+00
1.213184033871150813e+00
4.870252082602210209e+00
4.391053485674566659e+00
4.545829711575383847e+00
8.474047596242984426e+00
2.597822611919852864e+00
2.308302332169319016e+00
4.472099917093111721e+00
2.537145412425339419e+00
6.758795871550741907e+00
5.609754282835088368e+00
2.643664466007104252e+00
2.179030671668657604e+00
3.502118491810718215e+00
6.064770390086796636e-01
3.322881718687904051e+00
1.776762933624203455e+00
5.233007876099117439e+00
1.911802538004367502e+00
2.888922329748513373e+00
1.847323000663412707e+00
2.246672006320298287e+00
1.983970220186526578e+00
1.540911766806805749e+00
7.853759749927203826e-01
3.091233038075770434e+00
4.219490839016916794e+00
1.237755089425729871e+00
2.204302207265407265e+00
2.182667034287534058e+00
7.310389183098683352e-01
1.463828852861134955e+00
1.255546488094831048e+00
8.861804436481383052e-01
2.112531898573123179e+00
1.452573766303865588e+00
1.315610336194237950e+00
2.302612683629054580e+00
2.179848894241955826e+00
1.127858954040220629e-01
1.303064841827642040e+00
1.023648882205963506e+00
3.102781039812958941e+00
2.667237277070074963e+00
9.423757188771180182e-01
1.001168970863330010e+00
3.962227134430412745e-01
1.839081169346814093e+00
2.677146635661787677e+00
3.000602369791171675e+00
2.562508454559875748e+00
1.900811361523813359e+00
2.035894364350531394e+00
9.173092960470714541e-01
