-2.689819335937502220e-01
-2.884024096758849298e-01
-2.537164567927553960e-01
-1.798581576017772021e-01
-8.273149907368709810e-02
4.991363105014723356e-02
1.935137712350309958e-01
3.045948282360738113e-01
4.383226514918774908e-01
6.525169743732355254e-01
8.721654184364793228e-01
8.917566032620330985e-01
8.958679360130681335e-01
9.635484848821459503e-01
9.830359529957890530e-01
7.341083455182619844e-01
3.447920132521313796e-01
9.212685256107855380e-03
-2.542633316886413475e-01
-4.561987660166280101e-01
-5.900266116251756676e-01
-6.127306410924757696e-01
-5.716593606839331931e-01
-5.562112427901935163e-01
-5.823523608702783072e-01
-6.349466927543296890e-01
-6.788576999729314387e-01
-6.698499635432972887e-01
-6.035656680866905432e-01
-5.175939038979158191e-01
-4.635839310436666305e-01
-3.131320290151010655e-01
-1.415369274593769322e-01
-3.223454087465232876e-02
-9.422622177027395463e-02
-3.449276856069479757e-01
-6.144825645571616590e-01
-7.320205434174351655e-01
-7.436560701332548540e-01
-7.271055737455329737e-01
-7.601578997042395258e-01
-6.471597062706057057e-01
-5.851358706701432766e-01
-6.966391323179889072e-01
-7.563068397319695491e-01
-7.550310626882046350e-01
-6.995909254513089648e-01
-5.805736503125676906e-01
-5.502250099475798351e-01
-5.840454220365286497e-01
-6.699519614809466006e-01
-1.124893062137153343e+00
-1.593675150371147931e+00
-1.369244333894023224e+00
-6.759950846507849498e-01
1.435706013789750379e-02
5.218459531785817340e-01
5.200037611614745092e-01
-4.414885342912167054e-02
-4.866206612038007639e-01
-7.302618455507351447e-01
-7.949142079355610013e-01
-7.681656142411122934e-01
-7.313251856154854291e-01
-1.001605194417215516e+00
-1.499101785647542151e+00
-1.909740181834133743e+00
-1.969324843865547070e+00
-1.400697898304379407e+00
-8.421182204836019647e-01
-1.217859062266302583e+00
-2.892904397396156124e+00
-4.971173896660557645e+00
-5.421230526844755815e+00
-3.553362221612898608e+00
-1.265321787379399154e+00
-1.269044101011918002e-02
7.624036401032956434e-01
1.772879852204569673e+00
2.669193205623238363e+00
2.788351725346986054e+00
1.908006311738811078e+00
9.097233965340871809e-01
3.202978456222610459e-01
-3.081200743940550879e-01
-1.134253991656742677e+00
-1.664440229163124396e+00
-2.344741542170108772e+00
-2.924335318113790994e+00
-2.633486217066424828e+00
-1.776108071536891542e+00
-5.024861340509692020e-01
6.407855941392486265e-01
1.302790911149188657e+00
1.280168726446672567e+00
8.519047185109739351e-01
5.610235406210444253e-01
4.528300015586109173e-01
1.334331809831299509e-01
-5.568232112139465118e-02
-1.852455049299840395e-01
-3.203644282708190683e-01
-5.366001993329588826e-01
-9.609620663950670938e-01
-1.460761702442504584e+00
-1.829631141142627815e+00
-1.866811171285942539e+00
-1.363362425008703527e+00
-6.512641307788600287e-01
-1.751911447146989875e-01
5.486391343711671809e-02
6.592368667650250202e-02
-1.262920511210063879e-01
-3.314528331185206955e-01
-4.015265274758805791e-01
-3.225472646305078683e-01
-1.006165182890417231e-01
1.984205579583125933e-01
2.353612684235165675e-01
1.781759248642622584e-02
-9.867295880726734136e-02
1.805798095954251892e-01
5.735514092088868088e-01
6.841966090412803236e-01
7.028159138915970328e-01
9.825844650472292940e-01
1.122549837839934117e+00
9.023584624212612759e-01
4.907759091756269121e-01
1.597891971173343029e-01
-8.546031344698346022e-02
-2.056520705805583438e-01
-1.848941538447602673e-01
-2.444091982517049289e-03
3.318744587973372351e-01
6.398459508376941329e-01
6.489976502471729303e-01
3.002969246452307228e-01
-2.036646637370826962e-01
-3.204695944330595569e-01
-3.534730114715700644e-01
-7.276746520978308874e-01
-1.106737802568436235e+00
-1.170050875699659709e+00
-1.249919710645084336e+00
-1.580859050638191210e+00
-1.865584452746627431e+00
-1.603329699364823613e+00
-9.230837110976406468e-01
-1.265288341965880026e-01
5.200270407720526400e-01
9.472794658963270553e-01
1.185344017453301202e+00
1.249656385185525798e+00
1.232590191082210129e+00
1.035667481769325660e+00
4.323194086777042422e-01
3.983241687987248980e-02
-6.487937751973599232e-02
-3.848893428114474879e-01
-1.180981809204418642e+00
-2.102285772340812375e+00
-2.892151531992828595e+00
-3.426151029082938670e+00
-3.502509273826281078e+00
-2.552326999243252015e+00
-1.208313500023835196e+00
8.898222477301476196e-02
1.089959593549806538e+00
1.469132658205358322e+00
1.605648013385609474e+00
1.618503237958377028e+00
1.177941193764109995e+00
1.968556082347394653e-01
-1.157944476529843669e+00
-2.787703623762928018e+00
-4.128024960539526056e+00
-5.013610105597580358e+00
-5.735750740630498612e+00
-6.057045177145163883e+00
-4.672038542702743769e+00
-1.978157308417141103e+00
3.229301468943117648e-01
1.352170181550029326e+00
1.311854921506443894e+00
1.472756294598118298e+00
2.052411427080510720e+00
1.878048488641324898e+00
1.039598576108103467e+00
3.597507017732100021e-01
1.263943989563887094e-01
3.704894495547883526e-01
7.975917848255992260e-01
7.512690233677191687e-01
5.375352009901533945e-01
4.369447024159265336e-01
-6.611930613500549558e-02
-7.705876893715458698e-01
-1.332037848646769218e+00
-1.739657247114338556e+00
-1.816348530521249227e+00
-1.382331803561631656e+00
-1.068846673259360669e+00
-8.367004271759834744e-01
-5.082072085909276060e-01
-2.116010704207132997e-01
-3.263425264931751890e-02
7.101166932580027513e-02
2.443516086294383882e-02
-2.129143131805469880e-01
-3.962992876613030679e-01
-4.573619055700473002e-01
-4.581836519933399909e-01
-3.465167916957976324e-01
-2.725126279083102121e-01
-2.363650112288767646e-01
-1.892039380320110764e-01
-4.958996381081648419e-02
5.108530611544181976e-02
3.090536434707608082e-02
-3.678017944077016654e-02
-1.738976606585889151e-01
-3.807200906555812669e-01
-6.090783598967117740e-01
-8.325223257453595593e-01
-9.693407683062087443e-01
-9.671486614243962610e-01
-8.588833869096164086e-01
-7.724134295632815173e-01
-8.004735716400894763e-01
-9.314186727682713940e-01
-1.103550664889650479e+00
-1.219983935685995391e+00
-1.195928741529902251e+00
-1.161703039022259132e+00
-1.049843225694234272e+00
-7.611328239886709923e-01
-3.181822949734314787e-01
4.011987596366006770e-02
2.408834552028592535e-01
3.972298197792446528e-01
5.093286283316652563e-01
6.611609549175145872e-01
8.275495436745867739e-01
9.954836668334745564e-01
1.137486858654399358e+00
1.160517183216686510e+00
1.085300308340304776e+00
1.017081824871223006e+00
9.089719020150128781e-01
7.831006287801998145e-01
7.206582536572901931e-01
9.422341241284863944e-01
7.838881811845376246e-01
6.707429557142333687e-01
6.089536490167679617e-01
5.536391499427750773e-01
4.514821358008248020e-01
3.147284514777254905e-01
1.772536970400490075e-01
6.454442581376129695e-02
7.340401270858457929e-03
0.000000000000000000e+00
0.000000000000000000e+00
0.000000000000000000e+00
0.000000000000000000e+00
0.000000000000000000e+00
0.000000000000000000e+00
0.000000000000000000e+00
0.000000000000000000e+00
0.000000000000000000e+00
0.000000000000000000e+00
0.000000000000000000e+00
0.000000000000000000e+00
0.000000000000000000e+00
0.000000000000000000e+00
0.000000000000000000e+00
0.000000000000000000e+00
0.000000000000000000e+00
0.000000000000000000e+00
0.000000000000000000e+00
0.000000000000000000e+00
0.000000000000000000e+00
0.000000000000000000e+00
0.000000000000000000e+00
0.000000000000000000e+00
0.000000000000000000e+00
0.000000000000000000e+00
0.000000000000000000e+00
0.000000000000000000e+00
0.000000000000000000e+00
0.000000000000000000e+00
0.000000000000000000e+00
0.000000000000000000e+00
0.000000000000000000e+00
0.000000000000000000e+00
0.000000000000000000e+00
0.000000000000000000e+00
0.000000000000000000e+00
0.000000000000000000e+00
0.000000000000000000e+00
0.000000000000000000e+00
0.000000000000000000e+00
0.000000000000000000e+00
0.000000000000000000e+00
0.000000000000000000e+00
0.000000000000000000e+00
0.000000000000000000e+00
0.000000000000000000e+00
0.000000000000000000e+00
0.000000000000000000e+00
0.000000000000000000e+00
0.000000000000000000e+00
0.000000000000000000e+00
0.000000000000000000e+00
0.000000000000000000e+00
0.000000000000000000e+00
0.000000000000000000e+00
0.000000000000000000e+00
0.000000000000000000e+00
0.000000000000000000e+00
0.000000000000000000e+00
0.000000000000000000e+00
0.000000000000000000e+00
0.000000000000000000e+00
0.000000000000000000e+00
0.000000000000000000e+00
0.000000000000000000e+00
0.000000000000000000e+00
0.000000000000000000e+00
0.000000000000000000e+00
0.000000000000000000e+00
0.000000000000000000e+00
0.000000000000000000e+00
0.000000000000000000e+00
0.000000000000000000e+00
0.000000000000000000e+00
0.000000000000000000e+00
0.000000000000000000e+00
0.000000000000000000e+00
0.000000000000000000e+00
0.000000000000000000e+00
0.000000000000000000e+00
0.000000000000000000e+00
0.000000000000000000e+00
0.000000000000000000e+00
0.000000000000000000e+00
0.000000000000000000e+00
0.000000000000000000e+00
0.000000000000000000e+00
0.000000000000000000e+00
0.000000000000000000e+00
0.000000000000000000e+00
0.000000000000000000e+00
0.000000000000000000e+00
0.000000000000000000e+00
0.000000000000000000e+00
0.000000000000000000e+00
0.000000000000000000e+00
0.000000000000000000e+00
0.000000000000000000e+00
0.000000000000000000e+00
0.000000000000000000e+00
0.000000000000000000e+00
0.000000000000000000e+00
0.000000000000000000e+00
0.000000000000000000e+00
0.000000000000000000e+00
0.000000000000000000e+00
0.000000000000000000e+00
0.000000000000000000e+00
0.000000000000000000e+00
0.000000000000000000e+00
0.000000000000000000e+00
0.000000000000000000e+00
0.000000000000000000e+00
0.000000000000000000e+00
0.000000000000000000e+00
0.000000000000000000e+00
0.000000000000000000e+00
0.000000000000000000e+00
0.000000000000000000e+00
0.000000000000000000e+00
0.000000000000000000e+00
0.000000000000000000e+00
0.000000000000000000e+00
0.000000000000000000e+00
0.000000000000000000e+00
0.000000000000000000e+00
0.000000000000000000e+00
0.000000000000000000e+00
0.000000000000000000e+00
0.000000000000000000e+00
0.000000000000000000e+00
0.000000000000000000e+00
0.000000000000000000e+00
0.000000000000000000e+00
0.000000000000000000e+00
0.000000000000000000e+00
0.000000000000000000e+00
0.000000000000000000e+00
0.000000000000000000e+00
0.000000000000000000e+00
0.000000000000000000e+00
0.000000000000000000e+00
0.000000000000000000e+00
0.000000000000000000e+00
0.000000000000000000e+00
0.000000000000000000e+00
0.000000000000000000e+00
0.000000000000000000e+00
0.000000000000000000e+00
0.000000000000000000e+00
0.000000000000000000e+00
0.000000000000000000e+00
0.000000000000000000e+00
0.000000000000000000e+00
0.000000000000000000e+00
0.000000000000000000e+00
0.000000000000000000e+00
0.000000000000000000e+00
0.000000000000000000e+00
0.000000000000000000e+00
0.000000000000000000e+00
0.000000000000000000e+00
0.000000000000000000e+00
0.000000000000000000e+00
0.000000000000000000e+00
0.000000000000000000e+00
0.000000000000000000e+00
0.000000000000000000e+00
0.000000000000000000e+00
0.000000000000000000e+00
0.000000000000000000e+00
0.000000000000000000e+00
0.000000000000000000e+00
0.000000000000000000e+00
0.000000000000000000e+00
0.000000000000000000e+00
0.000000000000000000e+00
0.000000000000000000e+00
0.000000000000000000e+00
0.000000000000000000e+00
0.000000000000000000e+00
0.000000000000000000e+00
0.000000000000000000e+00
0.000000000000000000e+00
0.000000000000000000e+00
0.000000000000000000e+00
0.000000000000000000e+00
0.000000000000000000e+00
0.000000000000000000e+00
0.000000000000000000e+00
0.000000000000000000e+00
0.000000000000000000e+00
0.000000000000000000e+00
0.000000000000000000e+00
0.000000000000000000e+00
0.000000000000000000e+00
0.000000000000000000e+00
0.000000000000000000e+00
0.000000000000000000e+00
0.000000000000000000e+00
0.000000000000000000e+00
0.000000000000000000e+00
0.000000000000000000e+00
0.000000000000000000e+00
0.000000000000000000e+00
0.000000000000000000e+00
0.000000000000000000e+00
0.000000000000000000e+00
0.000000000000000000e+00
0.000000000000000000e+00
0.000000000000000000e+00
0.000000000000000000e+00
0.000000000000000000e+00
0.000000000000000000e+00
0.000000000000000000e+00
0.000000000000000000e+00
0.000000000000000000e+00
0.000000000000000000e+00
0.000000000000000000e+00
0.000000000000000000e+00
0.000000000000000000e+00
0.000000000000000000e+00
0.000000000000000000e+00
0.000000000000000000e+00
0.000000000000000000e+00
0.000000000000000000e+00
0.000000000000000000e+00
0.000000000000000000e+00
0.000000000000000000e+00
0.000000000000000000e+00
0.000000000000000000e+00
0.000000000000000000e+00
0.000000000000000000e+00
0.000000000000000000e+00
0.000000000000000000e+00
0.000000000000000000e+00
0.000000000000000000e+00
