7.260131835937502220e-01
6.510868038215193998e-01
2.579634952620781796e-01
-3.364153294569504071e-01
-1.693490003694859691e-01
1.682523464620011566e-02
-4.625558980084976124e-01
-8.749769659690094237e-01
-7.196798705747884384e-01
3.799304225725924633e-01
-2.965965276180915211e-02
-4.519265570349825234e-01
-8.217861673484807561e-01
-2.016120358298179038e-01
3.400793983862261394e-01
2.216451977415407892e-01
7.574463250986416263e-01
1.339825631436921016e+00
1.228101097792553720e+00
7.990685753438206973e-01
2.893122356706978593e-01
-1.876603486139598043e-01
-2.685197242758495806e-01
-1.540111458390147625e-01
-7.589872594023697738e-01
-1.227411846138403595e+00
-2.674504323091591029e-01
1.132859980436152547e+00
9.651709185554054882e-01
-1.267889337712701625e+00
-5.853314682078125664e-01
4.307632344152705350e-01
6.790905529958310982e-01
1.932942103428874070e-01
5.254835195320053387e-01
1.089452244147045779e+00
1.572032967447489327e+00
1.691760299853896310e+00
4.788246323955127615e-01
-1.639853754572216049e+00
-2.115038164624141181e-01
6.602735848312231148e-01
-2.218651457085567102e+00
-5.029235837806638187e+00
-2.640552022299722967e+00
1.238770136154232482e-01
1.901418994039174137e+00
1.063365619207958357e+00
-4.883706383531809525e-01
-9.011721219386883419e-01
-7.374298704250039638e-01
-7.561560893871775990e-01
-4.300079377274568238e-01
5.633056984640916198e-02
6.751431871435049636e-01
9.922233235787913941e-01
4.152569587506591553e-01
-7.951270778198796796e-01
-3.644814231137052385e-01
1.530790485321609218e-02
-3.093071636283708514e-01
-9.252498303079991215e-01
-4.547100765230149833e-01
2.974000987166882659e-01
1.752827546886259746e-01
-2.657813747565078710e-01
-5.778083303655290326e-01
-5.038320157010514055e-01
7.754782152599193346e-02
3.657292376147409652e-01
5.062412468782007124e-02
-7.030168904517585249e-01
-1.768201881330475622e-01
-8.515556083173336788e-02
-5.338136356527121151e-01
-8.150382799629981578e-01
-1.155093330576970612e+00
-4.689384897920021444e-01
-1.487852010151820004e-01
-8.438555176618725007e-01
-1.202980406104568800e+00
-6.686620792917783440e-01
-8.904508149609551282e-01
-1.363927899326336401e+00
-1.055946813595311173e+00
-1.115872865235551847e+00
-1.371880235898380818e+00
6.140521629460014008e-01
2.271458107106405500e-01
-3.822809210927708090e+00
-3.061880528996441253e+00
5.650663128420596593e-02
1.641045520797792090e+00
3.081804527298506180e-01
3.496587577905694300e-01
8.921540200023303502e-01
1.540531610184767253e+00
2.229464296195806661e+00
1.782808051310588837e+00
6.931475918568594796e-01
1.390135873935276045e+00
1.971822590917480467e+00
3.126866294848151817e-01
-5.613442379028308338e-01
3.161262775356949994e-01
2.046482282656889584e-01
-1.479499872925007509e+00
-4.307899349282902079e-01
3.317831666896338128e-01
8.758636573805891334e-01
1.548645498753159266e+00
5.356225108735854779e-01
-3.309951122300287540e-01
-9.271808373736578623e-02
1.270312449470496485e+00
1.723854975914374643e+00
2.244647465961853161e-01
-1.173782214801612600e+00
-7.338269393469787349e-01
2.343612256622469303e-01
3.218820463729090697e-01
-9.484609030175348288e-01
3.995341674098318308e-01
2.781128523113626905e+00
2.184677166342160248e+00
-3.562285398231224143e-01
-1.647878406058775447e+00
7.018899763241317480e-01
2.241020602981744769e+00
3.029400025823177245e+00
4.935985491899719690e+00
4.574138820979232634e+00
2.315432839069978321e+00
2.193817763810492760e+00
2.825436154106802267e+00
1.216752534397542718e+00
-7.452747856642769619e-01
-4.470424360388565166e-01
-6.217193280149846402e-02
7.016501271070498813e-01
3.084516527815894804e+00
2.267826247952064556e+00
-9.657425389244309599e-01
-2.162037562028529258e+00
6.471726258688084155e-01
1.814985462308717601e+00
6.758781745039676991e-01
6.227972573433513404e-01
1.507099224607083565e+00
1.972138827724924548e+00
9.593196469519932323e-01
1.006283276886582811e+00
1.015543319785583876e+00
6.510880251805235552e-01
9.494147451322105802e-01
2.031525249046938431e+00
2.673366775312810528e+00
9.539070026313454242e-01
1.026057568513432550e+00
2.001954890754308103e+00
-5.621055296523964628e-01
6.398328855977202245e-01
2.681378133894410265e+00
-1.712129974397260668e+00
-4.697312872807992257e+00
-3.590995628458329314e+00
-8.610424846599027404e-01
9.212010238135568407e-01
4.167143142396734223e-01
5.866266676848469475e-01
-4.927678843627796290e-01
-1.759872187924266029e+00
-1.455768238214715460e+00
-1.078646419911668541e+00
-2.360565749135655533e+00
-2.835565638937133759e+00
-9.299203547811731863e-01
1.678042840274328373e+00
7.697791075319240228e-01
5.185927996997081735e-01
2.833565627283731736e-01
3.680373088882233912e-01
-1.185110294814018417e+00
-1.098444766638109860e+00
-5.828397704932997136e-01
4.931342674481831168e-02
7.368171683993089971e-01
3.981875154592459110e-01
-7.024177067510246619e-01
-6.121264175678882147e-01
-4.988833259365872408e-01
-1.590254649200804282e+00
-1.063663205465778416e+00
-1.896545219919019143e-01
6.891083229021932599e-02
-9.182093020404935579e-02
8.250312967712214451e-01
1.831306606802969084e+00
2.297590453632460950e+00
2.711364746093751776e+00
2.297590453632460950e+00
1.831306606802969084e+00
8.250312967712214451e-01
-9.182093020404935579e-02
6.891083229021932599e-02
-1.896545219919019143e-01
-1.063663205465778416e+00
-1.590254649200804282e+00
-4.988833259365872408e-01
-6.121264175678882147e-01
-7.024177067510246619e-01
3.981875154592459110e-01
7.368171683993089971e-01
4.931342674481831168e-02
-5.828397704932997136e-01
-1.098444766638109860e+00
-1.185110294814018417e+00
3.680373088882233912e-01
2.833565627283731736e-01
5.185927996997081735e-01
7.697791075319240228e-01
1.678042840274328373e+00
-9.299203547811731863e-01
-2.835565638937133759e+00
-2.360565749135655533e+00
-1.078646419911668541e+00
-1.455768238214715460e+00
-1.759872187924266029e+00
-4.927678843627796290e-01
5.866266676848469475e-01
4.167143142396734223e-01
9.212010238135568407e-01
-8.610424846599027404e-01
-3.590995628458329314e+00
-4.697312872807992257e+00
-1.712129974397260668e+00
2.681378133894410265e+00
6.398328855977202245e-01
-5.621055296523964628e-01
2.001954890754308103e+00
1.026057568513432550e+00
9.539070026313454242e-01
2.673366775312810528e+00
2.031525249046938431e+00
9.494147451322105802e-01
6.510880251805235552e-01
1.015543319785583876e+00
1.006283276886582811e+00
9.593196469519932323e-01
1.972138827724924548e+00
1.507099224607083565e+00
6.227972573433513404e-01
6.758781745039676991e-01
1.814985462308717601e+00
6.471726258688084155e-01
-2.162037562028529258e+00
-9.657425389244309599e-01
2.267826247952064556e+00
3.084516527815894804e+00
7.016501271070498813e-01
-6.217193280149846402e-02
-4.470424360388565166e-01
-7.452747856642769619e-01
1.216752534397542718e+00
2.825436154106802267e+00
2.193817763810492760e+00
2.315432839069978321e+00
4.574138820979232634e+00
4.935985491899719690e+00
3.029400025823177245e+00
2.241020602981744769e+00
7.018899763241317480e-01
-1.647878406058775447e+00
-3.562285398231224143e-01
2.184677166342160248e+00
2.781128523113626905e+00
3.995341674098318308e-01
-9.484609030175348288e-01
3.218820463729090697e-01
2.343612256622469303e-01
-7.338269393469787349e-01
-1.173782214801612600e+00
2.244647465961853161e-01
1.723854975914374643e+00
1.270312449470496485e+00
-9.271808373736578623e-02
-3.309951122300287540e-01
5.356225108735854779e-01
1.548645498753159266e+00
8.758636573805891334e-01
3.317831666896338128e-01
-4.307899349282902079e-01
-1.479499872925007509e+00
2.046482282656889584e-01
3.161262775356949994e-01
-5.613442379028308338e-01
3.126866294848151817e-01
1.971822590917480467e+00
1.390135873935276045e+00
6.931475918568594796e-01
1.782808051310588837e+00
2.229464296195806661e+00
1.540531610184767253e+00
8.921540200023303502e-01
3.496587577905694300e-01
3.081804527298506180e-01
1.641045520797792090e+00
5.650663128420596593e-02
-3.061880528996441253e+00
-3.822809210927708090e+00
2.271458107106405500e-01
6.140521629460014008e-01
-1.371880235898380818e+00
-1.115872865235551847e+00
-1.055946813595311173e+00
-1.363927899326336401e+00
-8.904508149609551282e-01
-6.686620792917783440e-01
-1.202980406104568800e+00
-8.438555176618725007e-01
-1.487852010151820004e-01
-4.689384897920021444e-01
-1.155093330576970612e+00
-8.150382799629981578e-01
-5.338136356527121151e-01
-8.515556083173336788e-02
-1.768201881330475622e-01
-7.030168904517585249e-01
5.062412468782007124e-02
3.657292376147409652e-01
7.754782152599193346e-02
-5.038320157010514055e-01
-5.778083303655290326e-01
-2.657813747565078710e-01
1.752827546886259746e-01
2.974000987166882659e-01
-4.547100765230149833e-01
-9.252498303079991215e-01
-3.093071636283708514e-01
1.530790485321609218e-02
-3.644814231137052385e-01
-7.951270778198796796e-01
4.152569587506591553e-01
9.922233235787913941e-01
6.751431871435049636e-01
5.633056984640916198e-02
-4.300079377274568238e-01
-7.561560893871775990e-01
-7.374298704250039638e-01
-9.011721219386883419e-01
-4.883706383531809525e-01
1.063365619207958357e+00
1.901418994039174137e+00
1.238770136154232482e-01
-2.640552022299722967e+00
-5.029235837806638187e+00
-2.218651457085567102e+00
6.602735848312231148e-01
-2.115038164624141181e-01
-1.639853754572216049e+00
4.788246323955127615e-01
1.691760299853896310e+00
1.572032967447489327e+00
1.089452244147045779e+00
5.254835195320053387e-01
1.932942103428874070e-01
6.790905529958310982e-01
4.307632344152705350e-01
-5.853314682078125664e-01
-1.267889337712701625e+00
9.651709185554054882e-01
1.132859980436152547e+00
-2.674504323091591029e-01
-1.227411846138403595e+00
-7.589872594023697738e-01
-1.540111458390147625e-01
-2.685197242758495806e-01
-1.876603486139598043e-01
2.893122356706978593e-01
7.990685753438206973e-01
1.228101097792553720e+00
1.339825631436921016e+00
7.574463250986416263e-01
2.216451977415407892e-01
3.400793983862261394e-01
-2.016120358298179038e-01
-8.217861673484807561e-01
-4.519265570349825234e-01
-2.965965276180915211e-02
3.799304225725924633e-01
-7.196798705747884384e-01
-8.749769659690094237e-01
-4.625558980084976124e-01
1.682523464620011566e-02
-1.693490003694859691e-01
-3.364153294569504071e-01
2.579634952620781796e-01
6.510868038215193998e-01
0.000000000000000000e+00
0.000000000000000000e+00
0.000000000000000000e+00
0.000000000000000000e+00
0.000000000000000000e+00
0.000000000000000000e+00
0.000000000000000000e+00
0.000000000000000000e+00
0.000000000000000000e+00
0.000000000000000000e+00
0.000000000000000000e+00
0.000000000000000000e+00
0.000000000000000000e+00
0.000000000000000000e+00
0.000000000000000000e+00
0.000000000000000000e+00
0.000000000000000000e+00
0.000000000000000000e+00
0.000000000000000000e+00
0.000000000000000000e+00
0.000000000000000000e+00
0.000000000000000000e+00
0.000000000000000000e+00
0.000000000000000000e+00
0.000000000000000000e+00
0.000000000000000000e+00
0.000000000000000000e+00
0.000000000000000000e+00
0.000000000000000000e+00
0.000000000000000000e+00
0.000000000000000000e+00
0.000000000000000000e+00
0.000000000000000000e+00
0.000000000000000000e+00
0.000000000000000000e+00
0.000000000000000000e+00
0.000000000000000000e+00
0.000000000000000000e+00
0.000000000000000000e+00
0.000000000000000000e+00
0.000000000000000000e+00
0.000000000000000000e+00
0.000000000000000000e+00
0.000000000000000000e+00
0.000000000000000000e+00
0.000000000000000000e+00
0.000000000000000000e+00
0.000000000000000000e+00
0.000000000000000000e+00
0.000000000000000000e+00
0.000000000000000000e+00
0.000000000000000000e+00
0.000000000000000000e+00
0.000000000000000000e+00
0.000000000000000000e+00
0.000000000000000000e+00
0.000000000000000000e+00
0.000000000000000000e+00
0.000000000000000000e+00
0.000000000000000000e+00
0.000000000000000000e+00
0.000000000000000000e+00
0.000000000000000000e+00
0.000000000000000000e+00
0.000000000000000000e+00
0.000000000000000000e+00
0.000000000000000000e+00
0.000000000000000000e+00
0.000000000000000000e+00
0.000000000000000000e+00
0.000000000000000000e+00
0.000000000000000000e+00
0.000000000000000000e+00
0.000000000000000000e+00
0.000000000000000000e+00
0.000000000000000000e+00
0.000000000000000000e+00
0.000000000000000000e+00
0.000000000000000000e+00
0.000000000000000000e+00
0.000000000000000000e+00
0.000000000000000000e+00
0.000000000000000000e+00
0.000000000000000000e+00
0.000000000000000000e+00
0.000000000000000000e+00
0.000000000000000000e+00
0.000000000000000000e+00
0.000000000000000000e+00
0.000000000000000000e+00
0.000000000000000000e+00
0.000000000000000000e+00
0.000000000000000000e+00
0.000000000000000000e+00
0.000000000000000000e+00
0.000000000000000000e+00
0.000000000000000000e+00
0.000000000000000000e+00
0.000000000000000000e+00
0.000000000000000000e+00
0.000000000000000000e+00
0.000000000000000000e+00
