-1.293365478515625666e+00
-1.010600740838804690e+00
-9.568812128016674912e-01
-7.118901830897184091e-01
-5.331459856871831882e-01
-3.512299643232869029e-01
-6.116039248091036384e-01
-1.290002799056714444e+00
-1.615814055896984014e+00
-1.661455430818326473e+00
-1.376927544617923438e+00
-7.467592699623062380e-01
7.387897056836290055e-02
2.894530851333821930e-01
-4.252459420069716334e-01
-7.983446034189827234e-01
-7.656334900796293308e-01
-1.460763104245188515e-02
1.519384297999677891e+00
1.568553894732162890e+00
1.641786994008518130e+00
1.722699148050253370e+00
8.275693823167109553e-01
-1.989757088673507202e-01
-7.941990556017103353e-01
-4.974404495460093556e-01
7.846045764940333678e-01
1.036470289816527002e+00
1.272048079119781017e+00
1.447297094387217431e+00
1.403772786292218910e+00
8.985383683015705225e-01
-1.463312688528035643e-01
-6.308729004007029850e-02
3.093323940625256618e-01
5.855134820499945381e-01
1.546492548631344999e+00
3.165464110854936397e+00
3.505813789289385696e+00
2.211733625236874445e+00
6.592819628475075078e-01
2.683266059820037519e-01
1.801916571115643517e+00
3.474188584217208220e+00
3.683174989864859139e+00
3.396659896559827807e+00
2.819993304044128291e+00
2.092458035397480653e+00
1.625553574234086085e+00
1.998928843563027691e+00
2.836651215051051445e+00
1.742472361118274193e+00
-2.949956116689369523e-01
-1.912314220649579566e+00
-1.299445603558343487e+00
-7.926447588857330473e-01
-4.429939108584397545e-01
-9.505590055216206480e-02
2.181884762825019308e-01
4.710408100528828967e-01
2.012136465590300904e+00
3.424300892753046721e+00
4.668154094803390386e+00
4.458221549927118943e+00
3.037031002320190520e+00
8.054198436647377335e-01
-1.193971380457990339e+00
1.071908223092970402e+00
1.345401429042501817e+00
-5.029240045418106320e-01
-5.107463114431780582e-01
1.529705595300162368e+00
1.617451670994360269e+00
-6.788499309003039883e-01
-2.411528884423138841e+00
-2.021520772589029846e+00
-1.524274804639572878e+00
-1.706314950713658574e+00
-2.007840410536841258e+00
-1.755369025034239971e+00
-2.293233562523224300e+00
-1.753251563375880950e+00
-4.930897037370589597e-01
1.801996918833614902e-01
4.870678089904312280e-01
1.331513591727672807e+00
1.246618825291842869e+00
5.186352548318633460e-01
1.607055348496624347e-01
2.288538868239156088e-01
5.240664613177004050e-01
-2.385976746115181513e-01
-1.629289453893792317e+00
-7.842748518731730289e-01
9.899178630510232502e-01
1.779091931897099244e+00
1.254193844638244348e+00
1.257239796228024398e+00
1.819278567623938248e+00
1.531171253163853718e+00
1.659477118208311008e+00
1.818607356712367285e+00
1.065472023329693485e+00
6.856306469706903162e-01
1.695196852670235677e+00
2.029048200622589615e-01
-7.965311124580661817e-01
4.516694628525761424e-01
1.635374036738125536e+00
1.630085167922586065e+00
4.541693854633472860e-01
5.615514297852008951e-02
5.363858594506263344e-01
1.840529106425703443e-02
-7.445566113597087421e-01
-2.435716338238105294e-01
4.936071265204541869e-02
-4.188322764360121742e-01
-4.427257179952290844e-01
-3.396283229545166149e-01
-2.356873953957061563e-03
1.820989391244741684e-01
1.912847998044436837e-01
-4.883201157114229751e-01
-7.675645523794547564e-01
-6.794288982964096224e-01
-3.616479064643891572e-01
1.162185033952090052e-02
-4.338926069783091144e-01
-8.690053728607609607e-01
-7.387638603227442147e-03
6.444999406016478360e-01
2.141368282164693992e-01
1.063394804575075847e+00
3.206593686080222438e-01
-2.358903698801409821e+00
-1.366899405930342759e+00
1.798965150672477975e-01
1.035745950734505261e+00
7.391170423268519363e-01
1.194433002778358954e+00
7.391331237267256826e-01
-9.088769991509056956e-01
9.712121572417782289e-01
2.191625787983095375e+00
1.640869432253169835e+00
5.616071145912044926e-01
1.566248735827538763e+00
1.279356218778660459e+00
1.129547324246682471e-01
7.800797654339441944e-01
1.067776400448834817e+00
1.128838776273146660e-01
-1.503505923522040266e+00
-3.309388827605530103e+00
-4.684962125482822870e+00
-3.679064134756949045e+00
-1.942983445045642910e-01
6.497617805084546783e-01
8.759184788561236168e-02
2.707351276135165907e-01
-2.494839341527478993e+00
-1.979178754538666762e+00
9.147683319473287611e-02
1.684040285788533930e-01
-3.617467841463155587e-01
9.258707562578782913e-01
1.172218212671759741e+00
4.167101692002999069e-01
-2.921056388965234119e-01
2.659923169430170597e-01
-1.703487609244118683e-01
6.017073942964001887e-01
1.616531572940042238e+00
1.719952186062112087e+00
1.059443889058665045e+00
-2.290510537726846430e-01
-3.103367740255218443e-01
3.661538288196886093e-01
1.534422910588668421e+00
8.170885681949638935e-01
-5.852007202058183699e-01
1.883834483576044549e-01
1.571611796308718834e+00
1.449032293949438222e+00
5.348856428510850858e-01
-4.276696339765089228e-01
-5.853420872147081511e-01
7.966557544107955025e-02
-8.913587266174083368e-03
-1.127385520284933662e+00
-1.830530262451097290e+00
-1.499361200403119154e+00
-5.327014995981149692e-01
9.047399060924754544e-02
-6.059574054230894014e-01
-1.047253926826994475e+00
-4.291250478835336724e-01
3.781946042758557724e-01
3.781946042758557724e-01
-4.291250478835336724e-01
-1.047253926826994475e+00
-6.059574054230894014e-01
9.047399060924754544e-02
-5.327014995981149692e-01
-1.499361200403119154e+00
-1.830530262451097290e+00
-1.127385520284933662e+00
-8.913587266174083368e-03
7.966557544107955025e-02
-5.853420872147081511e-01
-4.276696339765089228e-01
5.348856428510850858e-01
1.449032293949438222e+00
1.571611796308718834e+00
1.883834483576044549e-01
-5.852007202058183699e-01
8.170885681949638935e-01
1.534422910588668421e+00
3.661538288196886093e-01
-3.103367740255218443e-01
-2.290510537726846430e-01
1.059443889058665045e+00
1.719952186062112087e+00
1.616531572940042238e+00
6.017073942964001887e-01
-1.703487609244118683e-01
2.659923169430170597e-01
-2.921056388965234119e-01
4.167101692002999069e-01
1.172218212671759741e+00
9.258707562578782913e-01
-3.617467841463155587e-01
1.684040285788533930e-01
9.147683319473287611e-02
-1.979178754538666762e+00
-2.494839341527478993e+00
2.707351276135165907e-01
8.759184788561236168e-02
6.497617805084546783e-01
-1.942983445045642910e-01
-3.679064134756949045e+00
-4.684962125482822870e+00
-3.309388827605530103e+00
-1.503505923522040266e+00
1.128838776273146660e-01
1.067776400448834817e+00
7.800797654339441944e-01
1.129547324246682471e-01
1.279356218778660459e+00
1.566248735827538763e+00
5.616071145912044926e-01
1.640869432253169835e+00
2.191625787983095375e+00
9.712121572417782289e-01
-9.088769991509056956e-01
7.391331237267256826e-01
1.194433002778358954e+00
7.391170423268519363e-01
1.035745950734505261e+00
1.798965150672477975e-01
-1.366899405930342759e+00
-2.358903698801409821e+00
3.206593686080222438e-01
1.063394804575075847e+00
2.141368282164693992e-01
6.444999406016478360e-01
-7.387638603227442147e-03
-8.690053728607609607e-01
-4.338926069783091144e-01
1.162185033952090052e-02
-3.616479064643891572e-01
-6.794288982964096224e-01
-7.675645523794547564e-01
-4.883201157114229751e-01
1.912847998044436837e-01
1.820989391244741684e-01
-2.356873953957061563e-03
-3.396283229545166149e-01
-4.427257179952290844e-01
-4.188322764360121742e-01
4.936071265204541869e-02
-2.435716338238105294e-01
-7.445566113597087421e-01
1.840529106425703443e-02
5.363858594506263344e-01
5.615514297852008951e-02
4.541693854633472860e-01
1.630085167922586065e+00
1.635374036738125536e+00
4.516694628525761424e-01
-7.965311124580661817e-01
2.029048200622589615e-01
1.695196852670235677e+00
6.856306469706903162e-01
1.065472023329693485e+00
1.818607356712367285e+00
1.659477118208311008e+00
1.531171253163853718e+00
1.819278567623938248e+00
1.257239796228024398e+00
1.254193844638244348e+00
1.779091931897099244e+00
9.899178630510232502e-01
-7.842748518731730289e-01
-1.629289453893792317e+00
-2.385976746115181513e-01
5.240664613177004050e-01
2.288538868239156088e-01
1.607055348496624347e-01
5.186352548318633460e-01
1.246618825291842869e+00
1.331513591727672807e+00
4.870678089904312280e-01
1.801996918833614902e-01
-4.930897037370589597e-01
-1.753251563375880950e+00
-2.293233562523224300e+00
-1.755369025034239971e+00
-2.007840410536841258e+00
-1.706314950713658574e+00
-1.524274804639572878e+00
-2.021520772589029846e+00
-2.411528884423138841e+00
-6.788499309003039883e-01
1.617451670994360269e+00
1.529705595300162368e+00
-5.107463114431780582e-01
-5.029240045418106320e-01
1.345401429042501817e+00
1.071908223092970402e+00
-1.193971380457990339e+00
8.054198436647377335e-01
3.037031002320190520e+00
4.458221549927118943e+00
4.668154094803390386e+00
3.424300892753046721e+00
2.012136465590300904e+00
4.710408100528828967e-01
2.181884762825019308e-01
-9.505590055216206480e-02
-4.429939108584397545e-01
-7.926447588857330473e-01
-1.299445603558343487e+00
-1.912314220649579566e+00
-2.949956116689369523e-01
1.742472361118274193e+00
2.836651215051051445e+00
1.998928843563027691e+00
1.625553574234086085e+00
2.092458035397480653e+00
2.819993304044128291e+00
3.396659896559827807e+00
3.683174989864859139e+00
3.474188584217208220e+00
1.801916571115643517e+00
2.683266059820037519e-01
6.592819628475075078e-01
2.211733625236874445e+00
3.505813789289385696e+00
3.165464110854936397e+00
1.546492548631344999e+00
5.855134820499945381e-01
3.093323940625256618e-01
-6.308729004007029850e-02
-1.463312688528035643e-01
8.985383683015705225e-01
1.403772786292218910e+00
1.447297094387217431e+00
1.272048079119781017e+00
1.036470289816527002e+00
7.846045764940333678e-01
-4.974404495460093556e-01
-7.941990556017103353e-01
-1.989757088673507202e-01
8.275693823167109553e-01
1.722699148050253370e+00
1.641786994008518130e+00
1.568553894732162890e+00
1.519384297999677891e+00
-1.460763104245188515e-02
-7.656334900796293308e-01
-7.983446034189827234e-01
-4.252459420069716334e-01
2.894530851333821930e-01
7.387897056836290055e-02
-7.467592699623062380e-01
-1.376927544617923438e+00
-1.661455430818326473e+00
-1.615814055896984014e+00
-1.290002799056714444e+00
-6.116039248091036384e-01
-3.512299643232869029e-01
-5.331459856871831882e-01
-7.118901830897184091e-01
-9.568812128016674912e-01
-1.010600740838804690e+00
0.000000000000000000e+00
0.000000000000000000e+00
0.000000000000000000e+00
0.000000000000000000e+00
0.000000000000000000e+00
0.000000000000000000e+00
0.000000000000000000e+00
0.000000000000000000e+00
0.000000000000000000e+00
0.000000000000000000e+00
0.000000000000000000e+00
0.000000000000000000e+00
0.000000000000000000e+00
0.000000000000000000e+00
0.000000000000000000e+00
0.000000000000000000e+00
0.000000000000000000e+00
0.000000000000000000e+00
0.000000000000000000e+00
0.000000000000000000e+00
0.000000000000000000e+00
0.000000000000000000e+00
0.000000000000000000e+00
0.000000000000000000e+00
0.000000000000000000e+00
0.000000000000000000e+00
0.000000000000000000e+00
0.000000000000000000e+00
0.000000000000000000e+00
0.000000000000000000e+00
0.000000000000000000e+00
0.000000000000000000e+00
0.000000000000000000e+00
0.000000000000000000e+00
0.000000000000000000e+00
0.000000000000000000e+00
0.000000000000000000e+00
0.000000000000000000e+00
0.000000000000000000e+00
0.000000000000000000e+00
0.000000000000000000e+00
0.000000000000000000e+00
0.000000000000000000e+00
0.000000000000000000e+00
0.000000000000000000e+00
0.000000000000000000e+00
0.000000000000000000e+00
0.000000000000000000e+00
0.000000000000000000e+00
0.000000000000000000e+00
0.000000000000000000e+00
0.000000000000000000e+00
0.000000000000000000e+00
0.000000000000000000e+00
0.000000000000000000e+00
0.000000000000000000e+00
0.000000000000000000e+00
0.000000000000000000e+00
0.000000000000000000e+00
0.000000000000000000e+00
0.000000000000000000e+00
0.000000000000000000e+00
0.000000000000000000e+00
0.000000000000000000e+00
0.000000000000000000e+00
0.000000000000000000e+00
0.000000000000000000e+00
0.000000000000000000e+00
0.000000000000000000e+00
0.000000000000000000e+00
0.000000000000000000e+00
0.000000000000000000e+00
0.000000000000000000e+00
0.000000000000000000e+00
0.000000000000000000e+00
0.000000000000000000e+00
0.000000000000000000e+00
0.000000000000000000e+00
0.000000000000000000e+00
0.000000000000000000e+00
0.000000000000000000e+00
0.000000000000000000e+00
0.000000000000000000e+00
0.000000000000000000e+00
0.000000000000000000e+00
0.000000000000000000e+00
0.000000000000000000e+00
0.000000000000000000e+00
0.000000000000000000e+00
0.000000000000000000e+00
0.000000000000000000e+00
0.000000000000000000e+00
0.000000000000000000e+00
0.000000000000000000e+00
0.000000000000000000e+00
0.000000000000000000e+00
0.000000000000000000e+00
0.000000000000000000e+00
0.000000000000000000e+00
0.000000000000000000e+00
0.000000000000000000e+00
0.000000000000000000e+00
0.000000000000000000e+00
