-2.727050781249991118e-01
-2.383553847113812907e-01
-1.597081519244731851e-01
-2.900996762434662202e-01
-4.212847464243036910e-01
-3.412641624399257445e-01
-1.316123079753375169e-01
-3.074717958267361162e-01
-4.117671122496493474e-01
-3.557847047848157196e-01
-1.258831911485411847e-01
5.182016062061223227e-02
-4.861074229622350806e-01
-5.453961884970393026e-01
-3.819714629303345710e-01
-2.764808997739084395e-01
-3.501344701521718061e-01
-3.087247510936323991e-01
-8.878826229974268180e-02
2.544669800717297981e-01
2.933417124946818832e-02
-1.309093578015256831e-01
-5.396804189848519728e-02
-2.514656088634830144e-01
-3.705539698062174647e-01
-3.275805635673274541e-01
-1.058434769654181817e-01
5.977817739711194234e-02
-1.664417631318710900e-01
-1.301002493402396709e-01
1.546019148266772891e-01
4.945306773514928644e-01
-3.226549167169702748e-01
-5.298530117393721595e-01
2.899195050163827503e-02
-1.466004293906193467e-01
-3.234698095510744054e-01
-2.973883321305073046e-01
-4.382711840342392584e-01
-7.805877533784162381e-01
-9.206629335491791633e-01
-3.236194997304405740e-01
-1.771572919718327199e-01
-2.232002260298053820e-01
-5.938312652671828840e-02
-6.289704879275983540e-01
-7.838786286692500660e-01
-5.680791299638383585e-01
2.078144212248584921e-01
4.682964527466997318e-01
5.714526112063692542e-01
1.701929493008818017e-01
-4.012924806923990895e-01
-3.837759280209805945e-01
-1.613934786272688826e-01
4.740348318153864149e-02
2.686853531912392068e-02
2.080356737914267340e-01
3.590870098569547419e-01
-4.252886561746427319e-01
-1.217731209893244682e-01
3.897777378293042494e-01
3.207559145324941907e-01
-1.047851005938693625e-01
-1.540200771668599478e-01
5.546715947070302022e-02
-2.909333667956147673e-01
-1.468468759676885282e-01
-2.004064365819688831e-01
-2.634804686450077371e-01
-1.496483254683654840e-01
-4.140978548596918607e-02
9.816325153136973292e-02
2.239418598485023448e-01
4.755483577064809619e-01
8.712659351631171223e-01
8.515232706833169019e-01
1.032648027273034508e+00
1.376849767514644718e+00
1.579551438090166071e+00
-3.268228142752169774e-01
-2.344273509233309571e+00
-2.191749834227430860e+00
-1.384941812651981463e+00
-5.699127833788564246e-02
2.681701734876820176e-01
1.891480453760769898e-01
2.952328726234525469e-01
8.401973818138563921e-01
1.836809172825907499e+00
1.125264461380279357e+00
7.569984964337455047e-01
6.901888897128545253e-01
8.313055135617610780e-01
9.151130396209380402e-01
-7.305783235329931236e-01
-1.349900214798714471e+00
-1.442052930057460713e+00
-1.052267092101119683e+00
-2.347901323525758421e-02
2.130439916570443515e-01
-4.776069735207322253e-02
-1.963109988296816155e-01
-5.766314883856793472e-02
1.884044761641749943e-01
9.553017870402591427e-02
-6.799226785214580460e-01
-1.386389276177316443e+00
-1.557680424611299852e+00
-1.381178326091804021e+00
-1.132217992484306990e+00
-1.006338087349594401e+00
-9.203462092454901544e-01
-7.884129027961852554e-01
-6.738352487162844184e-01
-3.816996820649591893e-01
-7.057291834691747923e-02
-3.675296116331328022e-03
-5.180148662544015181e-02
-3.027933415031380804e-03
1.843615989156286439e-01
4.734282029246990042e-01
6.200799637040002033e-01
3.886286278752664192e-01
-8.375343197344142787e-02
-5.777652942702302674e-01
-7.699723257955748412e-01
-3.834522196072620570e-02
1.925720669581668654e-01
-4.046375536666031447e-01
-8.205843631728644283e-01
-7.456445761317491705e-01
-2.403336539117681969e-01
1.743051486385546189e-01
-4.703020161697500368e-01
-5.191718053489715601e-01
-4.946599945294308798e-01
-4.587627954441305111e-01
8.554254537760224153e-01
1.049478455127011323e+00
8.298530593105504227e-01
2.874369295161063320e-01
-1.634360378618975318e-01
-2.715393871529288017e-01
-7.469549407081554904e-02
-2.061486719530991607e-02
-2.041385459574821537e-01
-6.778549058650329417e-01
-1.054876371975167038e+00
-1.212694571081593287e+00
-1.167942974615321816e+00
-6.653359337395636786e-01
2.984483157214405935e-01
1.208968552439066313e+00
1.588193413927510012e+00
8.262906950699577813e-01
-7.373957177349632630e-01
-2.203003059632386407e+00
-3.098401330205799553e+00
-3.247828632728960052e+00
-2.548195046771379424e+00
-1.254141778580642574e+00
-7.168930531934245565e-01
-5.923366841150370377e-01
-3.536502978050550805e-01
9.528763101176096484e-02
6.144289621766425569e-01
1.123307499956537114e+00
1.560697400952133052e+00
1.508131833525823140e+00
7.242746647807982718e-01
4.755547708945127017e-01
1.966397328961951851e+00
1.682221021247852999e+00
4.601532855416612389e-01
-5.737300408318621869e-01
-1.173202704327634738e+00
-1.274854916528749715e+00
-1.040840842801012300e+00
-8.667791248207743493e-01
-6.015764507875642764e-01
1.403217862173349317e-01
9.652251686315125312e-01
1.261634789094665532e+00
1.352736629343285424e+00
1.273216056781768746e+00
1.093264684720062885e+00
2.393000032885215234e-01
-8.890065314190471746e-01
-9.579165990835840638e-01
6.026441953236405524e-02
9.004184078800743229e-01
6.801147610205409144e-01
4.378027274065958707e-01
6.531531854076160215e-01
5.355867418552513470e-01
-1.379374047317647012e+00
-6.352004053079047807e-01
-1.547278583663311835e-01
-1.547278583663311835e-01
-6.352004053079047807e-01
-1.379374047317647012e+00
5.355867418552513470e-01
6.531531854076160215e-01
4.378027274065958707e-01
6.801147610205409144e-01
9.004184078800743229e-01
6.026441953236405524e-02
-9.579165990835840638e-01
-8.890065314190471746e-01
2.393000032885215234e-01
1.093264684720062885e+00
1.273216056781768746e+00
1.352736629343285424e+00
1.261634789094665532e+00
9.652251686315125312e-01
1.403217862173349317e-01
-6.015764507875642764e-01
-8.667791248207743493e-01
-1.040840842801012300e+00
-1.274854916528749715e+00
-1.173202704327634738e+00
-5.737300408318621869e-01
4.601532855416612389e-01
1.682221021247852999e+00
1.966397328961951851e+00
4.755547708945127017e-01
7.242746647807982718e-01
1.508131833525823140e+00
1.560697400952133052e+00
1.123307499956537114e+00
6.144289621766425569e-01
9.528763101176096484e-02
-3.536502978050550805e-01
-5.923366841150370377e-01
-7.168930531934245565e-01
-1.254141778580642574e+00
-2.548195046771379424e+00
-3.247828632728960052e+00
-3.098401330205799553e+00
-2.203003059632386407e+00
-7.373957177349632630e-01
8.262906950699577813e-01
1.588193413927510012e+00
1.208968552439066313e+00
2.984483157214405935e-01
-6.653359337395636786e-01
-1.167942974615321816e+00
-1.212694571081593287e+00
-1.054876371975167038e+00
-6.778549058650329417e-01
-2.041385459574821537e-01
-2.061486719530991607e-02
-7.469549407081554904e-02
-2.715393871529288017e-01
-1.634360378618975318e-01
2.874369295161063320e-01
8.298530593105504227e-01
1.049478455127011323e+00
8.554254537760224153e-01
-4.587627954441305111e-01
-4.946599945294308798e-01
-5.191718053489715601e-01
-4.703020161697500368e-01
1.743051486385546189e-01
-2.403336539117681969e-01
-7.456445761317491705e-01
-8.205843631728644283e-01
-4.046375536666031447e-01
1.925720669581668654e-01
-3.834522196072620570e-02
-7.699723257955748412e-01
-5.777652942702302674e-01
-8.375343197344142787e-02
3.886286278752664192e-01
6.200799637040002033e-01
4.734282029246990042e-01
1.843615989156286439e-01
-3.027933415031380804e-03
-5.180148662544015181e-02
-3.675296116331328022e-03
-7.057291834691747923e-02
-3.816996820649591893e-01
-6.738352487162844184e-01
-7.884129027961852554e-01
-9.203462092454901544e-01
-1.006338087349594401e+00
-1.132217992484306990e+00
-1.381178326091804021e+00
-1.557680424611299852e+00
-1.386389276177316443e+00
-6.799226785214580460e-01
9.553017870402591427e-02
1.884044761641749943e-01
-5.766314883856793472e-02
-1.963109988296816155e-01
-4.776069735207322253e-02
2.130439916570443515e-01
-2.347901323525758421e-02
-1.052267092101119683e+00
-1.442052930057460713e+00
-1.349900214798714471e+00
-7.305783235329931236e-01
9.151130396209380402e-01
8.313055135617610780e-01
6.901888897128545253e-01
7.569984964337455047e-01
1.125264461380279357e+00
1.836809172825907499e+00
8.401973818138563921e-01
2.952328726234525469e-01
1.891480453760769898e-01
2.681701734876820176e-01
-5.699127833788564246e-02
-1.384941812651981463e+00
-2.191749834227430860e+00
-2.344273509233309571e+00
-3.268228142752169774e-01
1.579551438090166071e+00
1.376849767514644718e+00
1.032648027273034508e+00
8.515232706833169019e-01
8.712659351631171223e-01
4.755483577064809619e-01
2.239418598485023448e-01
9.816325153136973292e-02
-4.140978548596918607e-02
-1.496483254683654840e-01
-2.634804686450077371e-01
-2.004064365819688831e-01
-1.468468759676885282e-01
-2.909333667956147673e-01
5.546715947070302022e-02
-1.540200771668599478e-01
-1.047851005938693625e-01
3.207559145324941907e-01
3.897777378293042494e-01
-1.217731209893244682e-01
-4.252886561746427319e-01
3.590870098569547419e-01
2.080356737914267340e-01
2.686853531912392068e-02
4.740348318153864149e-02
-1.613934786272688826e-01
-3.837759280209805945e-01
-4.012924806923990895e-01
1.701929493008818017e-01
5.714526112063692542e-01
4.682964527466997318e-01
2.078144212248584921e-01
-5.680791299638383585e-01
-7.838786286692500660e-01
-6.289704879275983540e-01
-5.938312652671828840e-02
-2.232002260298053820e-01
-1.771572919718327199e-01
-3.236194997304405740e-01
-9.206629335491791633e-01
-7.805877533784162381e-01
-4.382711840342392584e-01
-2.973883321305073046e-01
-3.234698095510744054e-01
-1.466004293906193467e-01
2.899195050163827503e-02
-5.298530117393721595e-01
-3.226549167169702748e-01
4.945306773514928644e-01
1.546019148266772891e-01
-1.301002493402396709e-01
-1.664417631318710900e-01
5.977817739711194234e-02
-1.058434769654181817e-01
-3.275805635673274541e-01
-3.705539698062174647e-01
-2.514656088634830144e-01
-5.396804189848519728e-02
-1.309093578015256831e-01
2.933417124946818832e-02
2.544669800717297981e-01
-8.878826229974268180e-02
-3.087247510936323991e-01
-3.501344701521718061e-01
-2.764808997739084395e-01
-3.819714629303345710e-01
-5.453961884970393026e-01
-4.861074229622350806e-01
5.182016062061223227e-02
-1.258831911485411847e-01
-3.557847047848157196e-01
-4.117671122496493474e-01
-3.074717958267361162e-01
-1.316123079753375169e-01
-3.412641624399257445e-01
-4.212847464243036910e-01
-2.900996762434662202e-01
-1.597081519244731851e-01
-2.383553847113812907e-01
0.000000000000000000e+00
0.000000000000000000e+00
0.000000000000000000e+00
0.000000000000000000e+00
0.000000000000000000e+00
0.000000000000000000e+00
0.000000000000000000e+00
0.000000000000000000e+00
0.000000000000000000e+00
0.000000000000000000e+00
0.000000000000000000e+00
0.000000000000000000e+00
0.000000000000000000e+00
0.000000000000000000e+00
0.000000000000000000e+00
0.000000000000000000e+00
0.000000000000000000e+00
0.000000000000000000e+00
0.000000000000000000e+00
0.000000000000000000e+00
0.000000000000000000e+00
0.000000000000000000e+00
0.000000000000000000e+00
0.000000000000000000e+00
0.000000000000000000e+00
0.000000000000000000e+00
0.000000000000000000e+00
0.000000000000000000e+00
0.000000000000000000e+00
0.000000000000000000e+00
0.000000000000000000e+00
0.000000000000000000e+00
0.000000000000000000e+00
0.000000000000000000e+00
0.000000000000000000e+00
0.000000000000000000e+00
0.000000000000000000e+00
0.000000000000000000e+00
0.000000000000000000e+00
0.000000000000000000e+00
0.000000000000000000e+00
0.000000000000000000e+00
0.000000000000000000e+00
0.000000000000000000e+00
0.000000000000000000e+00
0.000000000000000000e+00
0.000000000000000000e+00
0.000000000000000000e+00
0.000000000000000000e+00
0.000000000000000000e+00
0.000000000000000000e+00
0.000000000000000000e+00
0.000000000000000000e+00
0.000000000000000000e+00
0.000000000000000000e+00
0.000000000000000000e+00
0.000000000000000000e+00
0.000000000000000000e+00
0.000000000000000000e+00
0.000000000000000000e+00
0.000000000000000000e+00
0.000000000000000000e+00
0.000000000000000000e+00
0.000000000000000000e+00
0.000000000000000000e+00
0.000000000000000000e+00
0.000000000000000000e+00
0.000000000000000000e+00
0.000000000000000000e+00
0.000000000000000000e+00
0.000000000000000000e+00
0.000000000000000000e+00
0.000000000000000000e+00
0.000000000000000000e+00
0.000000000000000000e+00
0.000000000000000000e+00
0.000000000000000000e+00
0.000000000000000000e+00
0.000000000000000000e+00
0.000000000000000000e+00
0.000000000000000000e+00
0.000000000000000000e+00
0.000000000000000000e+00
0.000000000000000000e+00
0.000000000000000000e+00
0.000000000000000000e+00
0.000000000000000000e+00
0.000000000000000000e+00
0.000000000000000000e+00
0.000000000000000000e+00
0.000000000000000000e+00
0.000000000000000000e+00
0.000000000000000000e+00
0.000000000000000000e+00
0.000000000000000000e+00
0.000000000000000000e+00
0.000000000000000000e+00
0.000000000000000000e+00
0.000000000000000000e+00
0.000000000000000000e+00
0.000000000000000000e+00
0.000000000000000000e+00
0.000000000000000000e+00
