-3.960876464843736677e-01
1.223132863838765072e-01
6.136999468397650315e-01
-9.669216316506301645e-03
1.110644121384323224e-01
-2.160302469039481199e-01
-1.237137578634139867e-02
1.516193701101042901e-01
-1.850272684363894471e-01
2.609454828132934390e-01
1.343213969047151179e-01
4.484130917986157705e-01
6.376306017501431889e-02
-4.846381231639269593e-01
1.659518428763706588e-02
-7.911002602296024477e-02
-1.029648880097098207e-01
-3.157940062050272889e-01
-7.058553842295319791e-01
3.315055953445339432e-01
-1.143257404569212321e-01
9.577862002216419590e-02
2.788302645462503726e-02
-5.902275172318411922e-01
7.497157590247907066e-01
3.021491813299104212e-01
1.539272037434455953e-01
7.502879461451774645e-01
-1.709631796139278737e-01
8.029294619140668887e-01
4.629517793328572495e-01
2.076748455992010189e-01
5.878348833837752085e-01
-1.296840677657369101e+00
-2.265600152827658142e+00
-2.052692058494967497e+00
-1.810715612559919752e+00
-1.609876779987715167e+00
-1.852162653269107118e+00
-1.833149490384530456e+00
-1.175660636089561617e+00
5.852033488991005283e-01
-5.160432710802560496e-01
-2.116160208930030429e+00
-1.938654930190762071e+00
-1.453845881220882541e+00
-1.479879992681229606e+00
-1.272617164906987952e+00
1.346737375887186339e+00
-8.479496053750203988e-01
-4.282886632167368646e+00
-4.746549199625412996e+00
-3.196286366118410882e+00
-2.226247094020946893e+00
-1.761933530027554706e+00
4.110592341652137272e-01
-2.148500672225587493e+00
-1.472568156600337463e+00
1.539117124060558339e-01
-3.022466128099592364e+00
-2.517730345650073254e+00
-1.587767183973983975e+00
-1.827878621922480296e+00
-4.291534521055018203e-01
-1.192286230253232659e+00
-1.069403604499534310e+00
1.660246403823306682e-01
-8.152619705847046205e-01
3.465983117172450889e-01
6.532997451836521918e-01
-2.808465686616183898e+00
-1.125961339827179497e+00
-1.351494438456223968e+00
-4.317613207913427509e+00
-3.567596164856867702e+00
-1.278264180610838130e+00
-5.337189850904586308e+00
-3.290807194321568652e+00
-4.410605119848074906e+00
-3.284924937799923228e+00
-3.351693800139634583e+00
1.959668942299594541e+00
6.991096984693506045e+00
3.231250782350235440e+00
-9.727579228744724915e-01
1.968706143523495822e+00
5.641982667250646344e+00
3.698119620036989019e+00
5.763151678525968435e-02
-3.559568808153107167e+00
-5.319037733619222941e+00
-6.095502487842349382e+00
-1.912218228019750832e+00
5.998317013490074956e+00
3.081073180561988423e+00
-1.317235417098995942e+00
3.394670065144409943e+00
7.644798483237638109e-01
-1.638184029710494372e+00
-1.064352147388852199e+00
2.560822769564113699e+00
-1.277682595068855509e+00
-4.024781005928510957e+00
-2.658905019950475346e+00
3.203458740763318602e-01
-9.559420955235723438e-01
1.485256984015457693e+00
-5.645119202279724746e-02
-4.862179445589339899e+00
-4.293570949848660945e+00
-3.828668680606214902e+00
1.016124053327042143e+00
-2.221882997587458775e+00
-6.095728780666666680e+00
-5.457583544353573402e+00
-1.253547326406991846e+00
-1.461344907959150063e-02
-3.020565495649833121e+00
-5.812451376901102140e-01
-9.627355486870534662e-01
4.424316411036381957e-01
3.039007370603382441e+00
1.947783120677228474e+00
2.552563434686959454e+00
2.606131466894066051e+00
-7.115682805393013233e-01
-3.757297796468137108e+00
-3.468890931182652793e+00
-2.630299830248964632e+00
2.358206421848177747e+00
3.520427987470537534e+00
1.227941013944069404e+00
4.090999861227093248e+00
3.063771425915341240e+00
-4.323818598228575949e-01
2.164595114561556954e+00
1.247606940940219289e+00
3.114560251019105941e+00
5.621032515975952215e-01
-2.450361164178935791e+00
-4.536933527360063056e-01
-1.524351835429101909e-01
3.794211903113695605e-01
7.662555215035180556e-01
-2.709525084746378099e-01
-1.850747289343804614e+00
1.137816954544152992e-01
2.496266858707760772e-01
-2.658395102526110776e+00
-5.726182200194163130e-03
-2.074910435040812740e+00
-8.134399708555986042e-01
-8.019455887432576091e-01
-3.491781564190968190e+00
-1.412941930558612169e-01
-1.758019963872761826e+00
-7.688316881664772895e-01
-5.282673384606988876e+00
-5.467594798116635957e+00
1.089259458160540817e-02
-3.803151571766897998e+00
-4.935189382423445181e+00
5.769477876111928083e-02
1.370018160302843846e-01
-2.085992159353730280e+00
2.361040357166745540e+00
5.723235069230563354e-01
-5.249801929614243079e+00
1.767269038476077192e+00
5.005754537022642836e+00
1.090920254901491138e+00
2.724678428808842146e+00
2.246938699616022994e+00
2.325240790430071591e+00
2.662747551130044243e+00
-1.404136562151432344e+00
3.345319972009606069e+00
3.182218393997928274e+00
3.614906603484898007e+00
8.883878544850038139e+00
4.261628885893951058e+00
2.964013174490593094e+00
4.707708125987861258e+00
-1.967405315296621993e-02
3.454439514613779849e+00
6.869683079441116114e+00
7.340644488235246179e-01
2.682453319643684164e+00
3.033355271796228436e+00
2.678913312110307476e+00
1.976088879326201919e+00
9.899878670925987834e-02
4.762287281454329335e-01
2.300891173322458627e+00
9.406545450755179338e-01
2.463031430906732488e+00
2.678524245272419613e+00
1.929452582090285806e-01
7.097381441477037534e-01
4.026013226775018161e-01
1.475142928738577552e-01
1.243978250686406328e+00
1.057065730844348295e+00
7.132397430360326585e-01
1.200617021920237004e+00
-1.692297857703112252e-01
1.590220997492430843e-01
-3.883844618759532130e-01
1.445313737533654441e-01
2.009368383365162103e-01
-8.826974594696030962e-01
8.298392610417556492e-01
1.300629494553361631e+00
-7.247092575196416586e-01
4.090503787116195333e-02
9.683715843246483157e-01
4.594450037249626639e-01
-1.744087887182741214e+00
-1.035057168837232755e+00
-1.072306429137038775e-01
-7.866219022893385926e-01
-4.258090282271640992e-01
-1.849812413866581018e+00
-1.682880586886611241e+00
-1.140261379611706705e-03
-1.221154676797234551e+00
-2.656566680585917606e+00
-2.781721410984116183e+00
-1.001912447795282102e+00
3.509847700372235035e-01
-1.640035416300037907e+00
-2.253803963097944951e+00
8.469851121969509400e-01
-2.575737367625499097e+00
-6.116238645045658728e+00
-1.726706983484179059e+00
-9.788211621531905937e-01
-4.498676040046792224e+00
-1.454179404954589083e+00
-5.609263935036707949e-01
-5.674081336821890531e+00
-5.471383615339858508e+00
-1.881501111825937489e+00
-5.576862340462756862e+00
-4.858991235984743362e+00
-1.195517955186939929e-01
-1.681289845766489321e+00
-3.213850515675209518e-01
-3.921801639328899469e+00
-2.008052772112485673e+00
-1.664909311023344607e+00
-2.032364978401179911e-01
1.099216572325748764e+00
-2.261420850415643891e+00
1.434308648493656024e+00
-4.129259072087800853e-01
-1.915204097278355055e+00
1.203545024886389037e+00
2.167371090977407988e+00
3.094716327447445181e+00
3.376564951958598737e+00
3.500919201993868413e-02
4.518890714027252287e+00
2.987061879739352221e+00
1.098524842648865185e+00
4.855315694083396139e+00
3.453207212860682329e+00
3.927075761635492768e+00
9.314896377695053076e+00
3.271597594960026445e+00
8.041372410321212527e-02
2.093444406937324143e+00
9.154325165334106229e-01
1.066888780102066114e+00
-1.659210940438340387e+00
-1.444423669901527152e+00
2.008895174635556113e+00
3.136435262429319693e+00
4.998074793821221107e+00
4.144610796914943052e+00
-1.894368105725481088e+00
3.899434341081731148e-02
2.468399353295720022e+00
4.262493496707202567e-01
-2.381461908261441884e-01
-9.473842919724848599e-01
-3.160374349281906081e+00
-4.555946217070943050e+00
-5.477335366015710250e+00
-3.133469702030792892e+00
-8.003666698827412995e-01
-3.790945759885784305e+00
-4.378288282977639945e+00
-4.646294202110383686e+00
-2.193195378036802978e+00
2.862721345412562179e-01
-5.239811716550417664e-01
-6.673890879187380776e-01
-2.844227234983017105e+00
-4.682010348756423745e+00
-1.541516883995326825e+00
1.914540928776596651e+00
-1.951751122974746178e+00
-3.849250217326152690e+00
-2.661687923257347155e+00
5.981963504519621777e-01
-3.125533702665372005e+00
-2.592715274011451854e+00
-1.487727744199747182e+00
-2.460282312064465682e+00
-3.321168900246885158e+00
-4.583990912657725403e+00
-2.784090626571923632e+00
-5.541112570695918116e+00
-1.159367593500589599e+00
3.033956888174073274e+00
2.848425884583943191e+00
1.943238111917199973e+00
-1.983881250850310529e+00
1.129248240471221187e-01
-1.189378284514533313e+00
-4.798757516202492468e+00
-3.319682497281998934e+00
-2.166387657001608069e+00
-2.799620490410855034e+00
-3.078382739170024696e+00
3.491735934076109160e+00
-5.638329605747482987e-02
-5.209375502189354634e+00
-4.068373045642553976e+00
-4.159258178289967134e+00
-8.084461723189151350e-01
9.470180676252502039e-01
2.871212250050640957e-01
-1.016827923842663184e+00
7.680952543556232026e-01
1.331481544532773009e+00
-2.036891864996790424e+00
-1.161072263894908918e+00
-2.575730186427144019e+00
-1.753378401483036697e-01
-7.618805059167317317e-01
-4.372968994761015971e+00
-2.640105272854963658e+00
-1.977290695148660848e+00
-1.929684616198988012e+00
-6.152643379151321312e-01
8.159499185117979891e-02
-2.089875585600145413e+00
-2.383155513389163538e+00
-9.167452083432641174e-01
-5.927792244403349287e-01
-3.458222888082373991e-01
6.489437975624283261e+00
5.730841176092537737e+00
7.945594964570776852e-01
-1.584963275136866301e+00
-1.428349167655546648e+00
-6.197659816689125023e-01
4.486687190052411012e+00
8.755377273548848649e+00
7.262302318155541059e+00
1.388123954249681269e+00
1.142957114694938436e+00
6.613064418945165279e+00
6.633764654678278028e+00
2.162712590487841258e+00
-1.308453566844405724e+00
-3.821459879987054720e-03
7.210734755986476507e-01
2.495909705265435097e+00
2.034663767257329781e-01
4.093658416895283869e-01
4.276619618027325265e-01
1.699801480287765232e+00
3.368539741401030962e+00
2.463805534551946508e+00
1.998566940713793483e-01
1.877695662908789309e+00
9.725973896696782361e-01
1.058575065684022931e+00
1.169575235200178476e+00
-3.159049729268875728e-01
7.856115760702366835e-01
1.049427149029305673e+00
1.735737877408910501e-01
1.134571002492911873e+00
7.297028936787424147e-01
1.161612126746985219e+00
4.502662297195770158e+00
2.465385653940673549e+00
1.405513478629857316e+00
3.044682537225623875e+00
3.977486893695975079e-01
1.276397677480876514e+00
1.908229627283687169e+00
5.543104597807083644e-01
-3.227608427121256840e-01
1.156008153358785151e+00
1.656395557764976711e+00
1.852675689757721234e-01
1.307190475841161881e+00
1.251443256273045757e+00
8.297027845715783112e-01
5.496902446517180074e-01
1.322664765475938475e+00
1.460576732666102107e+00
6.411791667253395888e-01
5.838196447790305887e-01
3.730398634256997803e-01
8.606570448158110120e-02
5.405119201845285382e-01
1.318941177622263483e+00
9.362378589898131542e-01
6.459858389187067562e-01
1.383756763653568367e+00
8.607847648097569637e-01
1.526424945864978344e+00
1.801035845679086478e+00
2.532016053005292089e-01
1.317964549792373985e+00
1.117238280523901839e+00
1.041195776248578397e+00
1.162778943643452356e+00
2.702298859363366779e-01
8.275350462110462324e-01
7.914721376097503258e-01
5.105268341388100595e-01
8.637983972939684563e-01
1.680071350873001690e-01
8.128169029408871538e-01
7.771865773373235475e-01
7.880607546552638176e-01
1.157097288297969984e+00
4.917334463182659876e-01
5.976351423344334890e-01
8.183163744939411233e-01
4.854383711623801445e-01
5.396460213703263564e-01
3.827702284215496742e-01
8.821850315706595280e-01
6.160755890616740338e-01
4.637631491138879403e-01
9.606211023769832824e-01
6.326096707238688666e-01
6.923308263493376247e-01
8.074107278590921810e-01
0.000000000000000000e+00
0.000000000000000000e+00
0.000000000000000000e+00
0.000000000000000000e+00
0.000000000000000000e+00
0.000000000000000000e+00
0.000000000000000000e+00
0.000000000000000000e+00
0.000000000000000000e+00
0.000000000000000000e+00
0.000000000000000000e+00
0.000000000000000000e+00
0.000000000000000000e+00
0.000000000000000000e+00
0.000000000000000000e+00
0.000000000000000000e+00
0.000000000000000000e+00
0.000000000000000000e+00
0.000000000000000000e+00
0.000000000000000000e+00
0.000000000000000000e+00
0.000000000000000000e+00
0.000000000000000000e+00
0.000000000000000000e+00
0.000000000000000000e+00
0.000000000000000000e+00
0.000000000000000000e+00
0.000000000000000000e+00
0.000000000000000000e+00
0.000000000000000000e+00
0.000000000000000000e+00
0.000000000000000000e+00
0.000000000000000000e+00
0.000000000000000000e+00
0.000000000000000000e+00
0.000000000000000000e+00
0.000000000000000000e+00
0.000000000000000000e+00
0.000000000000000000e+00
0.000000000000000000e+00
0.000000000000000000e+00
0.000000000000000000e+00
0.000000000000000000e+00
0.000000000000000000e+00
0.000000000000000000e+00
0.000000000000000000e+00
0.000000000000000000e+00
0.000000000000000000e+00
0.000000000000000000e+00
0.000000000000000000e+00
0.000000000000000000e+00
0.000000000000000000e+00
0.000000000000000000e+00
