7.308654785156250000e-01
7.159345610751874922e-01
6.650937320564107580e-01
5.328316023890700137e-01
3.062329244422961061e-01
1.671822589808424908e-02
-3.091722558734031345e-01
-4.353370009787260742e-01
-3.481496664343721736e-01
-3.228329836727906743e-01
-4.188450213609957729e-01
-4.408522941761867653e-01
-5.086216952618256570e-01
-6.812314738586513485e-01
-6.079092188681993747e-01
-6.027877290700875967e-01
-9.056732472144339852e-01
-9.176347283409134192e-01
-4.241086489348933064e-01
3.575053883994039339e-02
2.629970524574654078e-02
-6.955502262058397278e-01
-1.224015691373245396e+00
-7.754130869090971601e-01
-5.143669606359990709e-02
3.604706279879361652e-01
1.547034761257797264e-01
-4.854976378090367639e-01
-9.633346699104921029e-01
-8.411590662526906570e-01
-3.585781897601747481e-01
2.691536396925719998e-02
-2.243385388334147024e-01
-1.256454617552483999e+00
-2.107280821836581275e+00
-1.656044178957057689e+00
-5.092095059585100003e-01
5.331589745080096421e-01
1.431775879967646992e+00
2.202817512745703699e+00
1.207861638081483058e+00
6.780495568973885501e-01
6.315322322203398286e-01
4.556143675439082719e-01
3.152058017547920699e-02
-3.884784564215304492e-02
4.092349031957729366e-01
1.109966124177642399e+00
1.629625033488432351e+00
1.636176772791619216e+00
1.124314755149528722e+00
2.775669546977941327e-01
-6.840797728557083124e-01
-1.295256517304752997e+00
-6.678294547221887978e-01
-1.324352250395515185e-01
2.929360893396801835e-01
5.667666846243579748e-01
7.202003039493936054e-01
7.694681558519274045e-01
5.603774022576790692e-01
2.340990139722197161e-01
3.341429720894961708e-02
5.626686360861876679e-02
2.064710220341091640e-01
3.431860835227966700e-01
4.105266588556587548e-01
3.303398776497430411e-01
2.888318072365780864e-02
-4.964527419068204273e-01
-3.891206243761874961e-01
9.615444595569044850e-02
5.023529852816109864e-01
6.554164022794831679e-01
2.088201179649554762e-01
-3.575216218182036831e-01
-2.787455529627868023e-01
-3.056679019827501786e-02
9.907083915139724972e-03
-2.487291112185113229e-01
-4.479635015504878637e-01
-3.945567387999530107e-01
-2.833976915182451206e-01
-2.481831001741868770e-01
-1.735628369004532656e-01
9.023654622227095246e-03
5.443107359153285252e-01
8.662996763187876814e-01
6.894970014655483759e-01
4.692809055718359379e-01
2.857710511073761062e-01
8.219791317627136995e-02
-1.463031357342734484e-01
-3.237161354258903945e-01
6.731535944077038369e-02
7.791795933917965433e-01
1.499998847583818851e+00
2.230170612410903530e+00
2.135359870794268033e+00
1.043079119485880835e+00
4.163929637053547239e-01
6.501902143216546914e-01
1.226884098234805487e+00
1.991078052837321533e+00
1.909564888225253387e+00
1.372902150717629777e+00
1.326650653519941825e+00
1.417110087543236085e+00
1.146075194302027311e+00
9.484944977126517074e-01
9.233408473147555195e-01
9.807298298438995587e-01
9.856601652708922856e-01
7.392886071905975243e-01
2.285700270584345439e-01
-5.229543390551398829e-01
-1.569134214761999324e+00
-2.284645581948062443e+00
-1.535668499647474539e+00
-3.946267899148808711e-01
1.390626947586666162e+00
1.465223040552142919e+00
1.159186455689960482e+00
7.867361645218391430e-01
3.378221680164492646e-01
4.971230635873238324e-01
1.074238733969005599e+00
1.707984707227225396e+00
1.977539035708488768e+00
1.158746371550988474e+00
5.151843316048709820e-02
1.508462375474819872e+00
2.502057799618217171e+00
2.422028156714538305e+00
1.659222560690384318e+00
7.078643714850647584e-01
-1.528411211268386749e-01
-5.262300723759014698e-01
-2.396278324811048632e-01
1.891485125346422658e-01
3.065161840013059802e-01
-1.734129436798096391e-01
-3.794978817517413172e-01
1.274472083775639586e-01
1.186512164217943255e-01
-3.987785409261908054e-01
-7.981786265507090361e-01
-9.767988805200424896e-01
-1.337867222144021317e+00
-1.704783151028231636e+00
-1.932309584147270609e+00
-2.268034806106531409e+00
-2.498213640762994459e+00
-2.425989237405818510e+00
-5.950359073981672520e-01
1.712639277103215285e+00
3.072510050304877449e+00
3.488397100103381554e+00
3.317651885586242244e+00
2.917972654437509750e+00
1.843825907949672160e+00
2.476191488757256920e+00
3.121362897459352137e+00
2.798537405853781301e+00
1.499345529882316619e+00
1.056167947726014411e-01
-6.795265206255007850e-01
-3.478027489451243071e-01
5.535934324039649690e-01
-4.863573997804815363e-02
-1.672597530164474655e-01
4.540469746979192145e-01
1.400664865306361584e+00
2.024283174580028266e+00
7.814019295495837625e-01
-1.683112259485821216e+00
-1.238280041020645150e+00
-1.938628571079410445e-01
7.760782870593530003e-01
1.098851217042635220e+00
7.678829028490352648e-01
2.941942692257044634e-01
-3.060953468920972753e-01
-3.879482330303023474e-01
-1.167473995665719855e-01
1.979548175488532458e-01
7.735366487487738141e-02
-6.640636587088843967e-01
-1.681446406644901970e+00
-2.591536819300646499e+00
-3.355527215662116980e+00
-2.042371937618352007e+00
-2.295168355302390495e-02
1.523039489434191207e+00
2.480021555353994600e+00
2.758242025927920782e+00
2.481176633795145747e+00
1.842257540443050789e+00
2.592077427385989008e+00
4.496147843947750466e+00
5.603806449726228323e+00
5.177531958764485687e+00
3.277849915183733476e+00
9.359830069800738617e-01
-2.412916457186482511e-01
4.275205420313630267e-01
8.786850571720128400e-01
8.094688464556145657e-01
5.985133742837219772e-01
6.431459069679930085e-01
4.601464885970482088e-01
3.199195500939228110e-01
6.551061121465755477e-01
5.012232757739587541e-01
-1.352730390914486103e-01
-8.289569822679832001e-01
-3.839835663805293287e-01
1.454786490581616576e-01
-5.037351481951812815e-01
-1.000268398371651823e+00
-6.875114688489596393e-01
3.185233400005207938e-01
6.019343543153654608e-02
-4.273465827710154485e-03
1.633692647350448723e-01
2.669432299080050086e-01
-9.573130310196575898e-02
-9.879572604208824993e-01
3.783378674218793591e-01
1.927903774460600683e+00
2.220772748507460648e+00
1.524516344862588468e+00
4.149211361378215557e-01
8.056578132275227233e-02
1.188127891057259911e+00
1.757024425343044927e+00
1.534310724632555356e+00
1.002311156878530340e+00
5.262635017209194022e-01
2.508950383121100747e-01
-1.569582993805247739e-01
-4.182161975106757357e-02
6.142340527816970708e-01
1.349024868330503057e+00
1.263147520519554146e+00
8.338040859318279763e-01
6.763573339790801553e-01
7.264089520856946702e-01
9.754141143774716083e-01
1.643715958015332435e+00
2.408792064134409827e+00
2.350569665425933596e+00
2.038383667036099300e+00
2.113498822871069383e+00
1.876997954619990416e+00
1.041577884652501007e+00
2.264153770849243186e-01
2.845817955681013700e-01
9.264213530356977255e-01
1.686307057946006882e+00
1.902230638809762509e+00
1.446665147988709155e+00
9.008198742858274377e-01
3.804737781141787067e-01
-1.538170131447745836e-01
-3.969135468467211991e-01
-4.237961218886699966e-01
5.589948113601733715e-02
5.850630912580232490e-01
6.542829512161288941e-01
5.313887563425691019e-01
2.403369473822751790e-01
8.774876739913473056e-02
1.776531415396614966e-01
8.021784070921500476e-02
-1.746039924152443801e-01
-3.788363705453999808e-01
-3.862409812455036007e-01
-2.194857857765623588e-01
2.131336963078367397e-02
2.232063970057575619e-01
2.386615004054198352e-01
8.931957876026525023e-02
2.100537295639544610e-01
3.587788596576714228e-01
2.983392382120806374e-01
-1.140869147222840496e-01
-8.358416087323261578e-01
-1.203020530255094922e+00
-7.604469261387507562e-01
-3.961250418573905030e-01
-2.164865428248816670e-01
-2.823904502961147589e-01
-5.868755873457083272e-01
-9.901388278563423295e-01
-1.158343849352886590e+00
-8.619684272652816670e-01
-3.150100918787981374e-01
5.348344369473867488e-02
3.859193653324344275e-02
-2.954731171368218945e-02
1.941552730760746082e-01
6.205243585682990171e-01
-8.338534113724738184e-01
-2.476509085446657377e+00
-2.745980297955515237e+00
-2.313795325096009492e+00
-1.482958442022050960e+00
-5.878108936544026442e-01
-3.250007534778984741e-01
-1.000332888004859644e+00
-2.099181111017877299e+00
-2.888848082081415747e+00
-2.862456118839191710e+00
-2.017528024641640272e+00
-1.270744645307972931e+00
-1.145227727365538017e+00
-1.264001725990290037e+00
-1.087774766422463735e+00
-4.573269474266834500e-01
3.024422011413343547e-01
3.184385758267440636e-01
-6.158880338914860531e-01
-1.362885288907875081e+00
-9.206975880962016134e-01
7.459091041508569830e-02
5.858087654877999206e-01
5.218682335105127024e-01
5.208165031039313497e-01
7.691252684073903723e-01
1.120667032653656081e+00
1.692226923128883342e+00
2.159384884678989369e+00
1.750922093732723894e+00
4.771248498022671036e-01
-7.309287324418582976e-01
-8.240576510219357331e-01
-1.697301788734670858e-01
2.641845324691560748e-01
6.682483480662870790e-02
-5.229461906491290613e-01
2.199466767113863241e+00
2.611262109410663612e+00
2.753141547613817242e+00
2.330255710166851291e+00
1.802859198158254905e+00
1.367041278864292941e+00
1.015308985926600016e+00
8.765566518477451163e-01
1.151370212450200325e+00
1.775695528894098985e+00
2.450807156836214862e+00
2.941528616901949000e+00
3.136863814927032479e+00
3.204917795263404035e+00
3.331597383775140031e+00
3.510535212727194487e+00
0.000000000000000000e+00
0.000000000000000000e+00
0.000000000000000000e+00
0.000000000000000000e+00
0.000000000000000000e+00
0.000000000000000000e+00
0.000000000000000000e+00
0.000000000000000000e+00
0.000000000000000000e+00
0.000000000000000000e+00
0.000000000000000000e+00
0.000000000000000000e+00
0.000000000000000000e+00
0.000000000000000000e+00
0.000000000000000000e+00
0.000000000000000000e+00
0.000000000000000000e+00
0.000000000000000000e+00
0.000000000000000000e+00
0.000000000000000000e+00
0.000000000000000000e+00
0.000000000000000000e+00
0.000000000000000000e+00
0.000000000000000000e+00
0.000000000000000000e+00
0.000000000000000000e+00
0.000000000000000000e+00
0.000000000000000000e+00
0.000000000000000000e+00
0.000000000000000000e+00
0.000000000000000000e+00
0.000000000000000000e+00
0.000000000000000000e+00
0.000000000000000000e+00
0.000000000000000000e+00
0.000000000000000000e+00
0.000000000000000000e+00
0.000000000000000000e+00
0.000000000000000000e+00
0.000000000000000000e+00
0.000000000000000000e+00
0.000000000000000000e+00
0.000000000000000000e+00
0.000000000000000000e+00
0.000000000000000000e+00
0.000000000000000000e+00
0.000000000000000000e+00
0.000000000000000000e+00
0.000000000000000000e+00
0.000000000000000000e+00
0.000000000000000000e+00
0.000000000000000000e+00
0.000000000000000000e+00
0.000000000000000000e+00
0.000000000000000000e+00
0.000000000000000000e+00
0.000000000000000000e+00
0.000000000000000000e+00
0.000000000000000000e+00
0.000000000000000000e+00
0.000000000000000000e+00
0.000000000000000000e+00
0.000000000000000000e+00
0.000000000000000000e+00
0.000000000000000000e+00
0.000000000000000000e+00
0.000000000000000000e+00
0.000000000000000000e+00
0.000000000000000000e+00
0.000000000000000000e+00
0.000000000000000000e+00
0.000000000000000000e+00
0.000000000000000000e+00
0.000000000000000000e+00
0.000000000000000000e+00
0.000000000000000000e+00
0.000000000000000000e+00
0.000000000000000000e+00
0.000000000000000000e+00
0.000000000000000000e+00
0.000000000000000000e+00
0.000000000000000000e+00
0.000000000000000000e+00
0.000000000000000000e+00
0.000000000000000000e+00
0.000000000000000000e+00
0.000000000000000000e+00
0.000000000000000000e+00
0.000000000000000000e+00
0.000000000000000000e+00
0.000000000000000000e+00
0.000000000000000000e+00
0.000000000000000000e+00
0.000000000000000000e+00
0.000000000000000000e+00
0.000000000000000000e+00
0.000000000000000000e+00
0.000000000000000000e+00
0.000000000000000000e+00
0.000000000000000000e+00
0.000000000000000000e+00
0.000000000000000000e+00
0.000000000000000000e+00
0.000000000000000000e+00
0.000000000000000000e+00
0.000000000000000000e+00
0.000000000000000000e+00
0.000000000000000000e+00
0.000000000000000000e+00
0.000000000000000000e+00
0.000000000000000000e+00
0.000000000000000000e+00
0.000000000000000000e+00
0.000000000000000000e+00
0.000000000000000000e+00
0.000000000000000000e+00
0.000000000000000000e+00
0.000000000000000000e+00
0.000000000000000000e+00
0.000000000000000000e+00
0.000000000000000000e+00
0.000000000000000000e+00
0.000000000000000000e+00
0.000000000000000000e+00
0.000000000000000000e+00
0.000000000000000000e+00
0.000000000000000000e+00
0.000000000000000000e+00
0.000000000000000000e+00
0.000000000000000000e+00
0.000000000000000000e+00
0.000000000000000000e+00
0.000000000000000000e+00
0.000000000000000000e+00
0.000000000000000000e+00
0.000000000000000000e+00
0.000000000000000000e+00
0.000000000000000000e+00
0.000000000000000000e+00
0.000000000000000000e+00
0.000000000000000000e+00
0.000000000000000000e+00
0.000000000000000000e+00
