3.344726562500000000e-02
1.974178839662342311e+00
2.182736718760710293e+00
2.292332931768226167e-01
-6.880155173328670326e-01
-4.565422679870154710e-01
-4.581542814536085917e-01
2.566466247031782277e-01
-2.969754648733839986e-01
-1.346973118692750715e+00
-2.363532123023362352e+00
-2.731717703547387632e+00
-8.532829526948536580e-01
2.945976560207419492e-02
-4.508963333765838577e-01
3.067654472541363475e-01
6.513016228469532543e-01
2.738559340712871659e-01
1.947186674455846145e+00
1.150904708456566450e+00
-7.012044466601246029e-01
-1.963288828642326678e-01
1.887435989893887722e+00
3.410886650935826658e+00
3.566791108471070171e+00
8.530005563057896367e-01
-9.944290991453148543e-01
-8.058624315000479932e-01
2.096815719795677602e+00
6.932268298048471777e+00
4.693164351939785206e+00
-1.185040301860178502e-01
-4.075055837714589124e+00
-2.747211597307188224e+00
-4.523998909410296143e-01
-1.057773149623335573e-01
3.293492848823890373e+00
2.655756614171203900e+00
-4.007667741092237890e-01
1.671932041611583930e+00
6.668457344897896988e+00
6.271636954428634780e+00
2.323534131259036073e+00
1.845944789141009679e+00
1.787615245770221239e+00
-2.858439458151720736e+00
-2.937803547809934468e+00
4.629885323861477886e-01
3.739993579912872512e+00
3.121803881374797029e+00
-2.470484089768250513e+00
5.259906448139979318e-01
2.631786830246973352e+00
2.741808279673681348e+00
2.266012021285418676e+00
2.779741785343375682e+00
3.878864209613087866e+00
3.457793906118765470e+00
1.193172195441947636e+00
-1.496829059264323414e+00
-2.053357853667847621e-01
-1.673220390970938443e+00
-7.649532745529437072e-01
1.518785048345320465e+00
3.104497553168652946e+00
3.369707585080276679e+00
2.343743247061272683e+00
2.516873870806210611e+00
1.317636865290074955e+00
-5.820552614263168056e-01
1.803527826667065348e+00
2.113464960133294213e+00
-5.566096951191865649e-01
-1.200432853394364674e+00
-3.802898151879934296e-01
2.399560469508916771e-01
5.663348517621136224e-01
4.179469123151489107e-01
4.708597306696946649e-01
2.023820898693534431e+00
2.284980839160547283e+00
6.789392525441861892e-01
-1.252238310613054573e+00
-1.320311599635885180e+00
-8.855156307623803791e-01
-1.800781478446273010e+00
-1.344564229752674756e+00
7.720512334585816205e-01
1.084930921530118386e+00
-6.831941080813110911e-01
-1.510919450463965585e-01
1.706878482702135713e+00
2.447562195427670062e+00
2.027424893717196142e+00
6.980509678549378094e-01
-3.725076616828404408e-01
-7.500149969005351913e-01
3.188477171229492368e-01
8.398608637275899458e-01
9.626982214968666796e-01
1.636213555498605032e+00
3.009621543944076549e+00
2.673862867218590456e+00
9.186706716987789179e-01
-1.281170560996602426e+00
-4.927498064307545000e-01
1.824683316201805239e+00
3.497353645629026619e-01
-5.768239239957995146e-01
9.263482799620701424e-01
1.242250143341352420e+00
-1.531007695829735837e-01
-1.506505252757865954e+00
-1.179788702899229103e+00
9.831149890114871948e-01
2.625672123098872213e-01
-1.861988646708074846e-01
6.986279452578294524e-01
1.686321565989376436e+00
1.052986000393701937e+00
-4.143442671357271401e-01
1.639079641440552626e+00
2.466682503645599489e+00
1.679045073717318370e+00
2.535194914267114852e-01
5.535861315812860006e-01
9.050464712751018492e-01
6.904967867726152786e-01
-2.003454641096014122e-02
2.857911822140997149e-01
1.122136653997726219e+00
1.176740727464649527e+00
9.024867637253782826e-01
6.644032391020102679e-01
-1.182518948293777572e-01
-1.480725807454768561e-01
1.066969300592293113e-01
-3.585611260426372349e-01
-6.449224594477652728e-01
-3.708973428234937364e-01
-7.850440917656975603e-02
6.416471461399970710e-01
6.312770191659868857e-01
4.295211099843416758e-01
7.861984021462371519e-01
1.158495674878589288e+00
-2.101586637416561487e-01
-4.476590718925845813e-01
2.038257165053307673e-01
5.076221697847614900e-01
3.708162398586456465e-02
4.066884075985854885e-02
-1.975502373613187146e-01
-9.828374562111781287e-01
-1.433611982463960377e-01
3.647477024295158188e-01
4.888683205378234753e-01
6.606359828494732245e-01
7.945336543483820790e-01
6.105893030757787443e-01
6.905511087658422475e-01
9.662782474064912641e-01
8.178511927164959783e-01
-2.523750218737075279e-02
1.330736195648882791e-01
4.929916682995756361e-01
6.417062527081600631e-01
1.212022200954055773e+00
1.026041039563815316e+00
4.900436239888756873e-01
5.920476278245692114e-01
1.095695846081147007e+00
1.457936127620562239e+00
1.149542444770012661e+00
-1.399783299022050453e-01
-2.937119162740455813e-01
7.139732625891727080e-01
-5.436888680683474862e-01
-6.940047208284960689e-02
1.053535286442687680e+00
1.712192549797155072e+00
2.412820535251373855e+00
2.808489978197540982e+00
1.842465349349430515e+00
-7.423303360296418241e-02
-1.083719368863637733e+00
-1.880762189534497253e-01
1.211217109419172377e+00
2.662747118055447615e+00
3.090857875945486555e+00
2.623928463748838258e+00
2.073882132129440503e+00
1.846550314293487816e+00
1.786526589875306659e+00
1.567835629068560888e+00
1.069303045157849130e+00
1.840572335043466623e-02
4.684677578536220466e-01
8.418166782724587627e-01
5.001956119682153812e-01
-9.988360085309335723e-01
-2.425727836947453753e+00
-1.741923351265603159e+00
-5.259350216831450986e-01
-4.337051671902110161e-01
-1.005520459765985919e+00
5.776309919912776536e-01
2.350804149910599605e+00
3.135319869663852010e+00
2.533040330087941605e+00
1.083751924103066422e+00
-3.373959721656007993e-01
-1.110121066131276812e+00
-1.418421449768340281e+00
-1.238437126144183775e+00
-1.107345767839964523e-01
1.971690337182734565e+00
2.641513898757093859e+00
7.947964379228422693e-01
5.006441767541667254e-01
1.625786643754552063e+00
1.842004673270519088e+00
1.184773456770389810e+00
6.970777004951473899e-01
1.810258034222323786e+00
2.086139972930645570e+00
6.916305058541349915e-01
-5.849932044939998299e-01
-1.173083969293926998e+00
-1.565769164845582484e+00
-1.705769001804971818e+00
-8.160854060636051344e-01
1.082444030284970715e+00
2.929690147045992177e+00
3.940208720311793478e+00
3.280015128073704656e+00
9.374529038244330259e-01
-1.352092605486627797e+00
-1.202138920154365964e+00
-1.509458520645892587e+00
-2.496231644712381126e+00
-2.464298403676468574e+00
-3.843001204423095452e-01
1.365682778578596324e+00
2.009989694847857500e+00
1.826130960323606001e+00
9.062261606325983099e-02
1.051835716684101918e-02
5.904255750636804301e-01
1.103967608850893178e+00
1.712468372614688317e+00
2.529827961995110730e+00
3.464655524491634608e+00
3.759612762246817397e+00
2.795610684562490622e+00
1.192427247783041322e+00
-1.668022014134737940e-01
-9.794160178340819423e-01
3.021359925586875050e-02
1.830690815396510907e+00
2.681405390359833163e+00
2.250842438529890188e+00
1.437019480749799127e+00
8.895801868090840170e-01
4.533925050948699464e-01
4.043987103386745829e-01
-1.354708648350948508e-01
-7.714341835338056619e-01
-9.413639068857659886e-02
8.460477925639362518e-01
1.050964945626723157e+00
9.054546855079790291e-01
8.171300916143344750e-01
1.229901827840549133e+00
2.062818545476697629e+00
1.003835620152279784e+00
-3.472748918949373209e-01
3.960338990637226608e-01
7.592853156069685472e-01
1.001316806638319346e-01
7.941963732775101370e-01
1.581919851877486627e+00
2.668054596963331804e-02
-9.348707794585964237e-03
8.953857716228419417e-01
7.070823508587955608e-01
4.409597262921955974e-01
5.775201000444891708e-01
2.405262109333714537e-01
-6.504222019915028019e-01
1.175600756271633074e-02
2.247235836666230391e-01
-3.888558569173016233e-01
-2.554773830267491608e-01
-5.828494744985679432e-02
1.923110677677537517e-01
5.410581199025842336e-01
3.744301615622627200e-01
5.862817375985178714e-01
9.985998087433978210e-01
1.204220034020028196e+00
4.148017009023282631e-01
-3.613767532179442687e-01
-5.589313574206338231e-01
-4.974315597827982938e-01
3.044609936763065239e-02
2.308019307541698817e-01
-1.224159870761099000e-01
1.750352334685733868e-01
2.810156580869985765e-01
4.233995527765428424e-01
8.394684617707788288e-01
9.041680813431980379e-01
3.716414216380778957e-01
1.152423256161450027e-01
6.501770875543702033e-01
1.124700552330798464e+00
1.026891559588213099e+00
4.180038362146260011e-01
1.492279071361477083e+00
2.297672941865037011e+00
1.512556383110753355e+00
-5.757245209234217453e-01
5.437593853935498434e-01
9.268541001400487644e-01
5.462540448710080376e-01
7.542309606166754943e-01
1.432978188084868654e+00
-5.994732389347336987e-01
-2.177130644255188763e+00
-1.402237005061064412e+00
6.274220775894336910e-01
1.589917347929167279e+00
8.100945253114526512e-01
1.787248298328258933e-02
1.317446487955757917e+00
4.964135611886126842e-01
-1.368927313305132953e+00
-1.168387504536543275e+00
1.849966443671350103e+00
3.739450071877312265e+00
2.833450864952025139e+00
1.390596072289765450e+00
1.074628598152920445e+00
8.925433441685383107e-01
-1.530980165574336027e-02
-1.036080655023320807e+00
-1.837303165610226774e-01
1.009200038480539519e+00
1.649197231791704743e+00
2.124494176429018388e+00
1.587709010513741248e+00
-1.705798462955177008e-02
-1.570286499094827315e-01
8.338619944710057297e-01
-1.434610674141061359e-01
-1.676199959740218848e+00
-1.614552838980551019e+00
-8.640167604095210230e-01
-1.450622835785460030e+00
-9.068134828667089309e-01
1.718849550846796026e+00
2.591832478286082875e+00
8.565620973433840657e-01
1.185464594895413448e-01
8.358836601020382950e-01
5.965558525723737571e-01
-8.373533987375085808e-01
-1.168117660829392168e+00
-7.220595677741519225e-01
1.109784018172416120e+00
2.038018502140032773e+00
1.409508279270348607e+00
5.265042570848432746e-01
6.305228075738493754e-01
2.231949452929369748e+00
3.588291056722370698e+00
2.086114817072784788e+00
1.267554021277085941e+00
1.129371766225172102e+00
3.847053662938737517e-01
-3.554397146876480118e-01
-1.109287624798838356e+00
-3.378390430821434975e+00
2.516954682363001794e-01
4.632986447051434808e+00
5.208860298412285594e+00
1.171210839037275520e+00
1.517381341852611421e+00
3.836421181376195477e+00
3.334952440133666762e+00
9.821441451709311821e-01
-3.361828449966013932e-01
1.465324090847171856e+00
1.014647570673665733e+00
-3.681236037534416639e-01
-1.364222278017116263e+00
-1.013377032913269415e+00
5.479194371698223875e-01
1.679660336997952363e+00
4.205483275478117733e+00
6.490744286355949910e+00
4.755250788589851396e+00
1.483267143615638162e+00
9.749241774832366758e-01
4.160522170295196887e+00
3.136616089154758757e+00
-1.936120183749771018e+00
-3.159971794945728440e+00
-4.357970555516288869e+00
-3.105416296965008094e+00
2.982369831149029427e+00
7.733288868352792278e+00
4.315125491470433339e+00
1.107530310290723463e+00
-1.297970873430203120e-01
7.420662021615371806e-01
1.156222663105673565e+00
5.458426945992727042e-01
6.773779019518517686e-01
1.175428799774505428e+00
1.567764910963439284e+00
2.241201910300291811e+00
3.321167162726544220e+00
5.569032095085857392e-01
-1.169359261700655406e+00
3.775386302120891102e-01
1.642372750268899395e+00
1.845700645271094897e+00
-1.454771890853434613e+00
-2.023738648288678110e+00
-3.132791867952081422e+00
-2.190600481353843332e+00
-5.142599345128984201e-01
9.864604197508379801e-01
-3.295157990782628943e-01
-1.352905251513007334e+00
-2.672938487837304145e-01
7.447990863449605037e-02
7.748189007638646153e-01
2.314747719328527964e+00
2.879327044794778967e+00
0.000000000000000000e+00
0.000000000000000000e+00
0.000000000000000000e+00
0.000000000000000000e+00
0.000000000000000000e+00
0.000000000000000000e+00
0.000000000000000000e+00
0.000000000000000000e+00
0.000000000000000000e+00
0.000000000000000000e+00
0.000000000000000000e+00
0.000000000000000000e+00
0.000000000000000000e+00
0.000000000000000000e+00
0.000000000000000000e+00
0.000000000000000000e+00
0.000000000000000000e+00
0.000000000000000000e+00
0.000000000000000000e+00
0.000000000000000000e+00
0.000000000000000000e+00
0.000000000000000000e+00
0.000000000000000000e+00
0.000000000000000000e+00
0.000000000000000000e+00
0.000000000000000000e+00
0.000000000000000000e+00
0.000000000000000000e+00
0.000000000000000000e+00
0.000000000000000000e+00
0.000000000000000000e+00
0.000000000000000000e+00
0.000000000000000000e+00
0.000000000000000000e+00
0.000000000000000000e+00
0.000000000000000000e+00
0.000000000000000000e+00
0.000000000000000000e+00
0.000000000000000000e+00
0.000000000000000000e+00
0.000000000000000000e+00
0.000000000000000000e+00
0.000000000000000000e+00
0.000000000000000000e+00
0.000000000000000000e+00
0.000000000000000000e+00
0.000000000000000000e+00
0.000000000000000000e+00
0.000000000000000000e+00
0.000000000000000000e+00
0.000000000000000000e+00
0.000000000000000000e+00
0.000000000000000000e+00
0.000000000000000000e+00
0.000000000000000000e+00
0.000000000000000000e+00
0.000000000000000000e+00
0.000000000000000000e+00
