-2.323944091796876776e+00
-1.826043094620679597e+00
-3.619704636845462176e-01
1.396762846943843339e+00
7.335566331433724940e-01
-8.535488994481070790e-01
-4.121960441784735529e-01
1.272614908034709114e+00
1.672595383465687480e+00
1.215170799527948819e+00
1.305541364592945897e+00
5.070419069581836302e-01
-1.028296355933939754e+00
-2.828064477517278075e+00
-2.773622031317406922e+00
-2.029528671879644364e+00
-1.222547706996352401e+00
-4.349709686603928649e-01
3.806419125588991204e-01
2.228105982461117129e-01
-2.629025837662932741e-01
-4.798179478833999312e-01
-6.687669596024354846e-01
-1.286085808904490646e+00
-1.005326342067013545e+00
2.293367313252980821e-02
1.057417386232574641e+00
2.390865306272648816e+00
1.455668948866948087e+00
-1.468499135053078497e-01
-1.839900608646821034e+00
-9.997293923396552984e-01
-1.596805847552759783e+00
-2.180514897049926848e+00
-1.381562074836492737e+00
-1.223719344393912056e+00
-4.927193140614898326e+00
-7.764931597053513990e+00
-7.055400879359223332e+00
-4.410531185314728653e+00
-4.807661412403314571e+00
-5.903046954307347605e+00
-3.925353566701168084e+00
-6.011114013136396039e-01
8.899779259297688760e-01
-8.194003786531083300e-01
-3.020328878958301821e+00
-2.026956202096485082e+00
-1.380189879504483130e-01
-5.724642541774027649e-02
2.079397481627522914e-01
5.967507839058177055e-01
-1.260050344928972166e+00
-2.906411505179079757e+00
-4.109305429469652715e+00
-3.574967614909863922e+00
-3.727880695241796882e+00
-4.432005605232236078e+00
-4.200817361449408871e+00
-3.125432802444239933e+00
-7.774468544779616908e-01
9.226465150989526798e-01
-5.556320628489972435e-01
-7.769227168686336782e-01
1.053595142716922339e+00
-5.306466587585529915e-01
-1.223350863837370461e+00
4.639175124629604241e-01
-6.474898358915726071e-01
-2.619923241216542742e+00
-2.464313251996106402e+00
-3.526663843895445627e-01
-3.578435492400735551e-01
-3.358406502802628424e+00
-4.781020265287489579e+00
-4.161326509666415596e+00
-2.250896899626039893e+00
-8.616668018505253546e-01
-4.486940103787548928e-01
2.975318977750933680e-01
-1.293072540036789730e+00
-1.200275969814157850e+00
-1.768514998084453893e-01
-2.248751291745005876e-01
-5.034413316382764236e-01
4.946266758292949817e-02
6.921449918338318241e-02
-1.488713611063450237e+00
-9.320028944166774965e-01
-4.942116614276226283e-02
-2.902257305716308133e-01
-6.036549061934558535e-01
-2.766246837089192390e-02
4.116144555549650086e-01
-1.453917298346800724e-01
-4.675544245575127267e-01
-3.116058669640321410e-01
-1.090227686044384914e-01
-4.852552045264135749e-01
-3.581207693358338107e-01
9.179806711440757772e-01
5.979781802520454104e-01
-1.073373086452440450e-01
4.898033678821021031e-01
1.699301906796957251e-01
-1.068698773534930035e+00
-1.601371510503909246e+00
-1.411913982173569337e-01
6.973329161004780952e-01
-1.074118532854753338e+00
-1.476726288797078013e+00
-1.410619385951872085e+00
-9.033730625748713772e-01
-1.380170464816421472e-03
4.631081986777447757e-01
-6.258235126313216323e-02
1.464048789517689020e-01
8.854590664637762565e-01
1.085266219092472895e+00
2.494605927659274691e-01
3.684418984093469351e-01
6.770878212305351251e-01
-4.423693653294424877e-01
-1.107643131987525065e+00
-2.218293866896705602e-01
3.390578786036062553e-01
1.763635746752726385e-01
1.656059729647676448e-01
6.750731917632752932e-01
1.075768935373567103e+00
9.431479756928021763e-01
-5.090044873658827740e-03
-1.997213770135013444e-01
4.005783879198594466e-01
4.924164224837610515e-01
-1.248261562401281610e-01
4.488855228102723860e-01
8.046122652707059508e-01
5.709404763879788458e-01
2.625337894276711381e-01
3.518812129808402966e-01
-2.545538888515563869e-02
-3.548934129109309055e-01
1.258293705324639022e-01
5.729678998414579061e-01
-1.807718346072983984e-02
-2.049393745257036548e-01
-2.707165816239812117e-01
-6.915764698472467442e-01
-6.818258486275023955e-01
-5.306192860268841294e-01
-5.938625475896357475e-01
-2.238638146343907565e-02
2.214104110977763162e-01
-9.932042169211746652e-02
-2.060831139655910915e-01
1.865765738650018157e-01
5.390802589249339416e-01
8.859640961602399667e-02
-7.286562262308495797e-01
-5.795564730991098479e-01
-3.921086788232403531e-01
-3.586588343237813170e-01
-3.422118758482680656e-01
-3.403773109384957696e-01
-4.695690037844076903e-01
-6.819850532061582093e-01
-5.727333305638262484e-01
-3.225484200730742712e-01
-3.071654324197833352e-01
-3.427951574539698787e-01
1.094053306720796370e-01
3.080427417925731270e-01
-1.122035857667822434e-01
-5.032370321722449136e-01
-6.275630426475788948e-01
-2.684213365674104623e-01
-5.744955351955638445e-02
-7.609961998231884461e-02
-6.129834450423887748e-02
-1.723651088358117422e-01
-3.486592221052597917e-01
-4.756178153814699661e-01
-3.926967586551362022e-01
-1.472844239059412919e-01
7.999822948577806070e-02
-2.782319373729317258e-01
-2.105958582835205928e-01
-1.403007360686417682e-01
-1.251335026484099444e-01
-8.836418135514312322e-02
4.806456929348124074e-02
2.938741663374724311e-01
4.810247891964309908e-01
3.054215139646583865e-01
-1.201805632087687981e-02
-2.659374304090499908e-01
-2.795395674507749617e-01
-8.604246041380705923e-02
1.632998324431630122e-01
-1.597106022075357734e-01
-3.188885166711510344e-01
-3.258992724029577404e-01
-1.596847842620311986e-01
1.679849187611912598e-01
4.634243628729523001e-01
4.172215092050881591e-01
2.495492483053310395e-01
9.022744756400150057e-02
-1.226363823656365926e-01
-2.073712253593941734e-01
-1.869820552221093390e-01
-1.448728046832475636e-01
1.253006056088487585e-02
-2.380205334010649376e-01
-4.249658900287776042e-01
-5.582608059014302349e-01
-4.493472109212195420e-01
-1.405322838129708929e-01
5.165208664445258835e-02
-2.318053835426800990e-01
-2.291358968728780532e-01
-1.538908141525511253e-01
-4.683673704064232335e-01
-7.392686958905467787e-01
-3.033637113780484063e-01
3.982152873488228884e-01
4.183397850652675887e-01
-3.699415030208407784e-01
-5.723059322380501523e-01
-3.060731411503270216e-01
-3.393509697640081368e-01
-6.731674767390599667e-01
-7.590097150374928159e-01
-4.308284043137889929e-01
-1.509707178108701253e-01
-1.187508280154436768e-01
-5.156203650437909403e-01
-5.659108659674703112e-01
-4.019353786791595717e-01
-2.999378838133869296e-01
1.996108479109218181e-01
2.727410813462709527e-01
2.107134409835399458e-01
-4.353663472596042139e-02
-1.725874437317648225e-02
1.306739424296839980e-01
-2.514116866210049928e-01
-8.733367173035884168e-01
-7.476655101934175374e-01
-5.984932658212493983e-01
-4.084645271463045457e-01
-5.343571986081985248e-01
-3.574610878306213602e-01
6.223909495771290379e-01
4.571473554728128219e-01
-7.325337289506632654e-01
-4.401783536363779170e-01
7.652649163750911976e-01
6.404758651633762900e-01
-6.499511963777916401e-01
3.280757748702303189e-01
1.261456898676921679e+00
1.006194760119704767e+00
-5.065513519102395890e-01
4.546039003137236634e-02
4.111316719249031859e-01
1.213641406623926500e-01
2.532532543125459723e-01
8.213729743897706381e-01
8.554491080506791967e-01
7.562429261719125773e-01
4.166693598519805031e-01
-2.740581067973597573e-01
-2.943224391639005511e-01
-2.357302621615544602e-01
-5.288331200873961357e-01
-7.910702743824260530e-02
5.792726672270314126e-01
6.962767701313656854e-01
3.428309508600175803e-01
5.880961134254201195e-01
9.346417794380568189e-01
8.740903473040497751e-01
-2.729628977093941367e-01
-4.636353109293001040e-02
-1.672547601130645045e-01
-1.298783038109753374e+00
-1.649694662859459759e+00
-1.027391747828608093e+00
1.315298984128857596e-01
-2.030240997147481075e-01
-1.256779255118321670e+00
-1.670176982179671032e+00
-1.135258257848956731e-01
1.115190793609344366e+00
-3.324557165235735301e-01
-2.145356006450602759e-01
1.189152794594015461e+00
7.110263046502773854e-01
-7.417931900211013341e-01
-3.508896047756349112e-01
5.733455758162087079e-03
-5.501944683185234775e-01
-4.552106817593744026e-01
3.269348015148527686e-01
9.726289416412514655e-02
-3.080253245965947073e-01
9.135863302090763138e-02
-1.607765163489297544e-01
-1.078210550818094138e+00
-8.554358894069925556e-01
-9.560076504788780349e-01
-1.120696298047826334e+00
-3.757528735357555938e-01
8.103854739794758011e-01
-3.510629355545060726e-01
-1.479216475182083768e+00
-5.051883421255003448e-01
7.363030003323816075e-01
-1.112065109480550040e+00
-7.664482368662066669e-01
-1.611293739013619053e+00
-4.063011607201803876e+00
-5.239097784172729533e+00
-3.983800595155839730e+00
-7.144245269779834207e-01
-2.002125932992517843e-01
-2.116570711278919603e+00
-2.632884641189987107e+00
-1.014305139503972386e+00
5.536865090191172012e-01
-1.969352710526010464e+00
-1.423230149141292866e+00
1.692101705325349315e+00
-1.070892675947257011e-01
-1.484523081379633958e+00
1.260930400437378474e+00
7.814282674260619732e-01
-3.606368789477982784e+00
-5.417946266781417997e+00
-4.612127952154821742e+00
-3.209596522958174880e+00
-2.580501073868889161e+00
-2.986946100578164565e+00
-3.766516457160696163e+00
-1.895681441363789688e+00
-2.775564582145699788e-01
-1.763658700243766475e-01
1.086680249769562678e-01
5.830976046545188751e-02
-1.157109037929881179e+00
-2.208072527948646613e+00
-2.010014477233358576e+00
1.966093935408101956e-01
-4.917161520333794833e-01
-3.253618440675798418e+00
-5.455000881773420573e+00
-5.357395063285161463e+00
-4.404099379976845086e+00
-6.016067468524912698e+00
-7.491763978604850216e+00
-5.363624268473823342e+00
-6.075298559613757643e-01
-2.672823825228153982e+00
-3.849294698709938789e+00
-1.946032529747576678e+00
4.019288288185833835e-01
3.188702727137329163e-01
-1.994485045961712721e+00
5.789884516682939353e-01
2.533382575738087450e+00
1.458793926630520099e+00
5.860586170444450627e-01
2.986021736383071001e-02
-1.075322661474694907e+00
-1.644414690351712505e+00
-9.034346141417914922e-01
-4.562911819853221473e-02
7.920088902481776660e-01
6.326725546945737300e-01
-7.346621100689241235e-01
-1.446171367717279166e+00
-1.891842612668656498e+00
-2.175299812759928120e+00
-2.275907112542342681e+00
-1.856290935770004147e+00
6.841903803837234843e-02
1.361512742281367760e+00
1.103680872834222892e+00
1.266025250288954851e+00
1.333896435841977812e+00
2.875287786798081946e-01
-7.683427866946157536e-01
-5.155254095620898092e-02
1.074819448754110951e+00
-3.121304319524176307e-01
-1.843558793207711766e+00
2.197105945206080158e+00
0.000000000000000000e+00
0.000000000000000000e+00
0.000000000000000000e+00
0.000000000000000000e+00
0.000000000000000000e+00
0.000000000000000000e+00
0.000000000000000000e+00
0.000000000000000000e+00
0.000000000000000000e+00
0.000000000000000000e+00
0.000000000000000000e+00
0.000000000000000000e+00
0.000000000000000000e+00
0.000000000000000000e+00
0.000000000000000000e+00
0.000000000000000000e+00
0.000000000000000000e+00
0.000000000000000000e+00
0.000000000000000000e+00
0.000000000000000000e+00
0.000000000000000000e+00
0.000000000000000000e+00
0.000000000000000000e+00
0.000000000000000000e+00
0.000000000000000000e+00
0.000000000000000000e+00
0.000000000000000000e+00
0.000000000000000000e+00
0.000000000000000000e+00
0.000000000000000000e+00
0.000000000000000000e+00
0.000000000000000000e+00
0.000000000000000000e+00
0.000000000000000000e+00
0.000000000000000000e+00
0.000000000000000000e+00
0.000000000000000000e+00
0.000000000000000000e+00
0.000000000000000000e+00
0.000000000000000000e+00
0.000000000000000000e+00
0.000000000000000000e+00
0.000000000000000000e+00
0.000000000000000000e+00
0.000000000000000000e+00
0.000000000000000000e+00
0.000000000000000000e+00
0.000000000000000000e+00
0.000000000000000000e+00
0.000000000000000000e+00
0.000000000000000000e+00
0.000000000000000000e+00
0.000000000000000000e+00
0.000000000000000000e+00
0.000000000000000000e+00
0.000000000000000000e+00
0.000000000000000000e+00
0.000000000000000000e+00
0.000000000000000000e+00
0.000000000000000000e+00
0.000000000000000000e+00
0.000000000000000000e+00
0.000000000000000000e+00
0.000000000000000000e+00
0.000000000000000000e+00
0.000000000000000000e+00
0.000000000000000000e+00
0.000000000000000000e+00
0.000000000000000000e+00
0.000000000000000000e+00
0.000000000000000000e+00
0.000000000000000000e+00
0.000000000000000000e+00
0.000000000000000000e+00
0.000000000000000000e+00
0.000000000000000000e+00
0.000000000000000000e+00
0.000000000000000000e+00
0.000000000000000000e+00
0.000000000000000000e+00
0.000000000000000000e+00
0.000000000000000000e+00
0.000000000000000000e+00
0.000000000000000000e+00
0.000000000000000000e+00
0.000000000000000000e+00
0.000000000000000000e+00
0.000000000000000000e+00
0.000000000000000000e+00
0.000000000000000000e+00
0.000000000000000000e+00
0.000000000000000000e+00
0.000000000000000000e+00
0.000000000000000000e+00
0.000000000000000000e+00
0.000000000000000000e+00
0.000000000000000000e+00
0.000000000000000000e+00
0.000000000000000000e+00
0.000000000000000000e+00
0.000000000000000000e+00
