-7.558288574218754441e-01
-8.347391321245223317e-02
1.946305594464274868e-01
2.608024191358646604e-01
5.149975891638146619e-01
5.723472869112424810e-01
4.597304609098213923e-01
1.712612011946066382e-01
6.737289519287289474e-01
2.248154412080118902e+00
2.063050434943295208e+00
6.701352069653583321e-01
-1.530593430536599353e+00
-7.222341018836764270e-01
5.740434485115493146e-01
1.079147802573104720e+00
1.185271703631554319e+00
1.223311532174811589e+00
1.716060856921514777e+00
2.088231448733726570e+00
2.846709699691392537e+00
5.605514180804691549e-01
-8.903160398094067673e-01
-2.594125055206302211e+00
-1.906243606565134252e+00
5.152993118946449513e-01
2.708843461259322183e+00
1.676404310068495107e+00
5.091803144930624470e-01
-5.255941916170678851e-01
-1.018558101385967252e+00
-1.372727552469211743e+00
8.841826126442469125e-01
1.804267717892180656e-01
-1.095061910876134803e+00
-1.354646119607155308e+00
1.498304595152911256e+00
3.192504691485924528e+00
2.777391523219305824e+00
1.653901896449796460e+00
1.552599036802375654e-01
7.922497445990810405e-01
1.173484568437813902e+00
8.503062192034323008e-01
2.058975825293401840e+00
4.068338049588239969e+00
5.677511433640346716e+00
4.237059556444461528e+00
2.675214316233931466e+00
3.140670724447740980e+00
2.879084630900366371e+00
1.229520502541834315e+00
5.484432444420050956e-02
7.346946678987942292e-02
1.090227992721193973e+00
2.565931414110147024e+00
2.783337851272834396e+00
2.432512850332841481e+00
1.430279157895658848e+00
-1.830354580025890243e-01
-1.610786908444858723e+00
-1.104513840879757236e-01
2.938477207684926817e+00
2.170727816559455459e+00
7.703633400302412060e-01
1.363283555095056387e+00
1.960888215748674224e+00
1.809618459797574630e+00
1.339065816475022430e+00
5.350004832435311108e-01
6.870333335931557706e-01
4.925795735878439885e-01
8.861253961657489242e-02
1.064200113608632536e+00
1.757650146043629569e+00
1.507364814552944354e+00
5.495577506296420722e-01
-3.799051201200059902e-01
1.337045829858346524e-01
1.456803212861981001e+00
2.014992435993664621e+00
2.528637884653753609e+00
2.425533908962852259e+00
1.016349785470837208e+00
-9.305254869402683759e-01
5.311168473549109370e-01
1.982404236149490462e+00
2.558129672676472399e+00
2.198858639138428828e+00
1.976517945853277780e+00
1.767839529449876768e+00
1.669274833767228294e+00
1.675470504771805480e+00
1.333886694271516848e+00
4.738359181548694732e-01
7.884786245380830394e-01
2.031988127940491218e+00
2.394787041243898074e+00
1.968742796037375120e+00
1.041901137530486743e+00
2.013294333377350642e-01
4.913608495606425208e-01
7.013073536123641816e-01
7.425181626079301322e-01
8.461549608544909340e-01
9.146804641341371722e-01
7.894921760692799051e-01
6.322619222453935706e-01
6.152831015553524852e-01
7.353748417413080718e-01
7.998421077996379358e-01
-2.489624991162721623e-01
-7.973160693377254749e-01
-5.901119767649097847e-01
-3.952622572090862541e-01
-2.682912702646607084e-01
8.773046447731069897e-02
5.050053710036799259e-01
5.215391720844367862e-01
-2.710392789640779787e-01
4.055622532012717052e-01
1.346604099951274280e+00
1.862081525305585128e+00
1.724733598386909872e+00
1.457306786893041162e+00
1.303978031238237634e+00
1.299490756036342232e+00
1.403099352432930491e+00
2.032798183128776692e-01
-3.845970640744404978e-01
-4.620830581265034098e-02
4.605894962074952304e-01
8.646986807627268234e-01
1.058111428282153099e+00
1.055109126145725718e+00
9.165740728025935091e-01
6.750904831522377414e-01
3.546306989080428851e-01
1.046265049520921364e-01
2.463016893550986630e-01
2.383744055608167933e-01
1.239624686960629774e-01
1.123348207979324442e-02
-7.831462684233958527e-03
-1.785924200553434815e-02
-2.113952132091673208e-01
-9.316630413063187177e-04
4.074662998207935205e-01
4.207474048147211154e-01
4.622378291699154040e-01
4.962577291875091001e-01
3.475621266104551577e-01
4.977200296297832338e-01
9.666848687306437427e-01
1.226430122257922584e+00
5.767027389034218299e-02
-1.344155979035921433e-01
8.900827517182821058e-01
1.346955774865520317e+00
9.542083740219429178e-01
7.428486932069415793e-01
1.322211265747805786e+00
4.672609807019647565e-01
1.246297042672749544e+00
3.464247572751964821e+00
3.695317816164963798e+00
1.370925584571441647e+00
-9.724670395867929251e-02
1.426548706707200020e+00
1.903557305947980005e+00
1.296285662769488978e+00
2.679867778801333422e+00
3.072590901001665653e+00
8.137395241085028097e-01
8.296974194372130906e-01
2.653587520028579227e+00
2.461191178224494625e+00
8.825333064923255311e-01
4.856833994118315290e-01
6.901747171020242710e-01
-1.882547732813109609e-01
1.009241614851464020e+00
1.740293277966753038e+00
1.343432889886582826e+00
2.722321045280675644e-01
3.632496706220380567e-01
1.045616346156901688e+00
1.272906551046123935e+00
8.078718191855069897e-01
1.546229270392106558e-01
-1.513825615375798961e-01
1.081548683611219808e-01
7.499872513364759241e-01
1.091931543854786302e+00
9.061765711613654073e-01
6.987915576041963117e-01
9.306711581834115066e-01
1.458891774711569944e+00
1.935528399500057839e+00
1.935528399500057839e+00
1.458891774711569944e+00
9.306711581834115066e-01
6.987915576041963117e-01
9.061765711613654073e-01
1.091931543854786302e+00
7.499872513364759241e-01
1.081548683611219808e-01
-1.513825615375798961e-01
1.546229270392106558e-01
8.078718191855069897e-01
1.272906551046123935e+00
1.045616346156901688e+00
3.632496706220380567e-01
2.722321045280675644e-01
1.343432889886582826e+00
1.740293277966753038e+00
1.009241614851464020e+00
-1.882547732813109609e-01
6.901747171020242710e-01
4.856833994118315290e-01
8.825333064923255311e-01
2.461191178224494625e+00
2.653587520028579227e+00
8.296974194372130906e-01
8.137395241085028097e-01
3.072590901001665653e+00
2.679867778801333422e+00
1.296285662769488978e+00
1.903557305947980005e+00
1.426548706707200020e+00
-9.724670395867929251e-02
1.370925584571441647e+00
3.695317816164963798e+00
3.464247572751964821e+00
1.246297042672749544e+00
4.672609807019647565e-01
1.322211265747805786e+00
7.428486932069415793e-01
9.542083740219429178e-01
1.346955774865520317e+00
8.900827517182821058e-01
-1.344155979035921433e-01
5.767027389034218299e-02
1.226430122257922584e+00
9.666848687306437427e-01
4.977200296297832338e-01
3.475621266104551577e-01
4.962577291875091001e-01
4.622378291699154040e-01
4.207474048147211154e-01
4.074662998207935205e-01
-9.316630413063187177e-04
-2.113952132091673208e-01
-1.785924200553434815e-02
-7.831462684233958527e-03
1.123348207979324442e-02
1.239624686960629774e-01
2.383744055608167933e-01
2.463016893550986630e-01
1.046265049520921364e-01
3.546306989080428851e-01
6.750904831522377414e-01
9.165740728025935091e-01
1.055109126145725718e+00
1.058111428282153099e+00
8.646986807627268234e-01
4.605894962074952304e-01
-4.620830581265034098e-02
-3.845970640744404978e-01
2.032798183128776692e-01
1.403099352432930491e+00
1.299490756036342232e+00
1.303978031238237634e+00
1.457306786893041162e+00
1.724733598386909872e+00
1.862081525305585128e+00
1.346604099951274280e+00
4.055622532012717052e-01
-2.710392789640779787e-01
5.215391720844367862e-01
5.050053710036799259e-01
8.773046447731069897e-02
-2.682912702646607084e-01
-3.952622572090862541e-01
-5.901119767649097847e-01
-7.973160693377254749e-01
-2.489624991162721623e-01
7.998421077996379358e-01
7.353748417413080718e-01
6.152831015553524852e-01
6.322619222453935706e-01
7.894921760692799051e-01
9.146804641341371722e-01
8.461549608544909340e-01
7.425181626079301322e-01
7.013073536123641816e-01
4.913608495606425208e-01
2.013294333377350642e-01
1.041901137530486743e+00
1.968742796037375120e+00
2.394787041243898074e+00
2.031988127940491218e+00
7.884786245380830394e-01
4.738359181548694732e-01
1.333886694271516848e+00
1.675470504771805480e+00
1.669274833767228294e+00
1.767839529449876768e+00
1.976517945853277780e+00
2.198858639138428828e+00
2.558129672676472399e+00
1.982404236149490462e+00
5.311168473549109370e-01
-9.305254869402683759e-01
1.016349785470837208e+00
2.425533908962852259e+00
2.528637884653753609e+00
2.014992435993664621e+00
1.456803212861981001e+00
1.337045829858346524e-01
-3.799051201200059902e-01
5.495577506296420722e-01
1.507364814552944354e+00
1.757650146043629569e+00
1.064200113608632536e+00
8.861253961657489242e-02
4.925795735878439885e-01
6.870333335931557706e-01
5.350004832435311108e-01
1.339065816475022430e+00
1.809618459797574630e+00
1.960888215748674224e+00
1.363283555095056387e+00
7.703633400302412060e-01
2.170727816559455459e+00
2.938477207684926817e+00
-1.104513840879757236e-01
-1.610786908444858723e+00
-1.830354580025890243e-01
1.430279157895658848e+00
2.432512850332841481e+00
2.783337851272834396e+00
2.565931414110147024e+00
1.090227992721193973e+00
7.346946678987942292e-02
5.484432444420050956e-02
1.229520502541834315e+00
2.879084630900366371e+00
3.140670724447740980e+00
2.675214316233931466e+00
4.237059556444461528e+00
5.677511433640346716e+00
4.068338049588239969e+00
2.058975825293401840e+00
8.503062192034323008e-01
1.173484568437813902e+00
7.922497445990810405e-01
1.552599036802375654e-01
1.653901896449796460e+00
2.777391523219305824e+00
3.192504691485924528e+00
1.498304595152911256e+00
-1.354646119607155308e+00
-1.095061910876134803e+00
1.804267717892180656e-01
8.841826126442469125e-01
-1.372727552469211743e+00
-1.018558101385967252e+00
-5.255941916170678851e-01
5.091803144930624470e-01
1.676404310068495107e+00
2.708843461259322183e+00
5.152993118946449513e-01
-1.906243606565134252e+00
-2.594125055206302211e+00
-8.903160398094067673e-01
5.605514180804691549e-01
2.846709699691392537e+00
2.088231448733726570e+00
1.716060856921514777e+00
1.223311532174811589e+00
1.185271703631554319e+00
1.079147802573104720e+00
5.740434485115493146e-01
-7.222341018836764270e-01
-1.530593430536599353e+00
6.701352069653583321e-01
2.063050434943295208e+00
2.248154412080118902e+00
6.737289519287289474e-01
1.712612011946066382e-01
4.597304609098213923e-01
5.723472869112424810e-01
5.149975891638146619e-01
2.608024191358646604e-01
1.946305594464274868e-01
-8.347391321245223317e-02
0.000000000000000000e+00
0.000000000000000000e+00
0.000000000000000000e+00
0.000000000000000000e+00
0.000000000000000000e+00
0.000000000000000000e+00
0.000000000000000000e+00
0.000000000000000000e+00
0.000000000000000000e+00
0.000000000000000000e+00
0.000000000000000000e+00
0.000000000000000000e+00
0.000000000000000000e+00
0.000000000000000000e+00
0.000000000000000000e+00
0.000000000000000000e+00
0.000000000000000000e+00
0.000000000000000000e+00
0.000000000000000000e+00
0.000000000000000000e+00
0.000000000000000000e+00
0.000000000000000000e+00
0.000000000000000000e+00
0.000000000000000000e+00
0.000000000000000000e+00
0.000000000000000000e+00
0.000000000000000000e+00
0.000000000000000000e+00
0.000000000000000000e+00
0.000000000000000000e+00
0.000000000000000000e+00
0.000000000000000000e+00
0.000000000000000000e+00
0.000000000000000000e+00
0.000000000000000000e+00
0.000000000000000000e+00
0.000000000000000000e+00
0.000000000000000000e+00
0.000000000000000000e+00
0.000000000000000000e+00
0.000000000000000000e+00
0.000000000000000000e+00
0.000000000000000000e+00
0.000000000000000000e+00
0.000000000000000000e+00
0.000000000000000000e+00
0.000000000000000000e+00
0.000000000000000000e+00
0.000000000000000000e+00
0.000000000000000000e+00
0.000000000000000000e+00
0.000000000000000000e+00
0.000000000000000000e+00
0.000000000000000000e+00
0.000000000000000000e+00
0.000000000000000000e+00
0.000000000000000000e+00
0.000000000000000000e+00
0.000000000000000000e+00
0.000000000000000000e+00
0.000000000000000000e+00
0.000000000000000000e+00
0.000000000000000000e+00
0.000000000000000000e+00
0.000000000000000000e+00
0.000000000000000000e+00
0.000000000000000000e+00
0.000000000000000000e+00
0.000000000000000000e+00
0.000000000000000000e+00
0.000000000000000000e+00
0.000000000000000000e+00
0.000000000000000000e+00
0.000000000000000000e+00
0.000000000000000000e+00
0.000000000000000000e+00
0.000000000000000000e+00
0.000000000000000000e+00
0.000000000000000000e+00
0.000000000000000000e+00
0.000000000000000000e+00
0.000000000000000000e+00
0.000000000000000000e+00
0.000000000000000000e+00
0.000000000000000000e+00
0.000000000000000000e+00
0.000000000000000000e+00
0.000000000000000000e+00
0.000000000000000000e+00
0.000000000000000000e+00
0.000000000000000000e+00
0.000000000000000000e+00
0.000000000000000000e+00
0.000000000000000000e+00
0.000000000000000000e+00
0.000000000000000000e+00
0.000000000000000000e+00
0.000000000000000000e+00
0.000000000000000000e+00
0.000000000000000000e+00
0.000000000000000000e+00
0.000000000000000000e+00
0.000000000000000000e+00
