-2.282440185546875000e+00
-1.952611914705498553e+00
-1.154866736463391330e+00
-1.812754486514642771e-01
1.834679722847885053e-01
-3.647718766514285171e-01
-9.509996150111823532e-01
-1.219234579942731989e+00
-1.109747467848986036e+00
-7.121857044990125285e-01
-1.657823766305983604e-01
4.065813923764756144e-01
6.544273698880491708e-01
1.652740156546588235e-01
-5.378203888793109400e-02
3.985763766478833681e-02
-7.478767261003493871e-02
-6.991387438726697212e-01
-1.382036828672205786e+00
-1.736458604470819012e+00
-1.509059417787492308e+00
-6.577452095026310452e-01
6.192304963661037220e-01
1.690063586166690168e+00
9.145096995579604648e-01
2.436489899079024024e-01
8.397692628419051175e-03
6.597116758114540680e-02
3.435632838250772814e-01
9.835908613336371564e-01
5.977725331254672980e-01
-3.401557718015366660e-01
-8.264855460759736872e-01
-5.390000536335339820e-01
6.449765709161083826e-01
1.900041735959244082e+00
7.572936634037776837e-01
-6.032448262801133332e-01
-1.246659460680102249e+00
-6.059021380091473841e-01
6.160738152792899491e-01
-2.210178321896907327e-01
-1.802430956385468352e+00
-2.943104919416637433e+00
-3.415567111559522750e+00
-3.467869435627034314e+00
-2.873326002340047758e+00
-1.455398592650328782e+00
1.974183418852268890e-01
-9.495713181171057116e-01
-2.730710416030258436e+00
-3.297267040130122062e+00
-2.380232911273011620e+00
-2.735336744893683836e-01
1.697582281975576146e+00
-4.844254794984665935e-01
-2.197021334797105929e+00
-2.727633194275528083e+00
-2.244591210108828783e+00
-1.071461277194955874e+00
-6.350962702832763096e-02
-1.511146840859537654e+00
-3.046368763810296976e+00
-3.328905048624787533e+00
-2.199387661959676166e+00
-3.200997536725453951e-01
-7.873374396616306115e-02
-1.083137936702095905e+00
-1.433932344219329025e+00
-1.381648335934853922e+00
-1.076951729437466199e+00
-4.430263374084307815e-01
9.709162850630875807e-02
-8.258155973042307085e-01
-1.352490322293935510e+00
-1.130811362993832336e+00
-5.175667316015011288e-01
-5.875305748274310957e-01
-1.579414628865074111e+00
-2.382659060645860638e+00
-2.780766554720320194e+00
-2.579306706891957734e+00
-1.946039095767963190e+00
-1.095630842897795443e+00
-4.059662595825569431e-01
-4.936343557055072884e-01
-8.845671303503972460e-01
-1.157884185502715102e+00
-1.233352514245741549e+00
-1.087586691280763240e+00
-8.286137846891952208e-01
-8.424990814686758034e-01
-9.442715103964138823e-01
-8.332083360655991866e-01
-4.734598068422183337e-01
8.640882436352767537e-02
-4.823443794859978428e-01
-1.207780197537573930e+00
-1.689859349159341662e+00
-1.684925896662029521e+00
-1.173221668441862153e+00
-3.697601415267109948e-01
-2.728876857114118648e-01
-7.847305894665300707e-01
-9.627444922127884608e-01
-7.947781011308600041e-01
-5.027462698418276865e-01
-2.932715279852291523e-01
-4.656551987754463662e-01
-6.449278318670459420e-01
-5.128182762177193599e-01
-7.708713692302687770e-02
-1.029649089402701612e-01
-7.376036225816240410e-01
-1.276678384881064554e+00
-1.574019678671792377e+00
-1.599103050863911024e+00
-1.334096158780932129e+00
-9.382713278653631583e-01
-4.040912768276231914e-01
-5.179604992313568967e-03
-3.748009208872318809e-03
-1.559043531978719921e-01
-1.210768908649769438e-01
-1.674760984808532083e-02
-1.329988397203581973e-01
-4.082382774967750483e-01
-6.602624992025203365e-01
-8.343763924036171620e-01
-8.593719234007652918e-01
-7.260948612501298971e-01
-4.793117106700947039e-01
-4.104208632051248307e-01
-5.797784778470538303e-01
-7.139442528091248796e-01
-5.814217960011824893e-01
-2.722178645615470627e-01
-1.820530154491369901e-01
-3.515233036927286059e-01
-4.240764067399882542e-01
-2.937591324256021985e-01
-2.026870833437260933e-02
2.402474943607346425e-01
3.735994942913813954e-01
1.784626420481844056e-02
-3.102752734477474683e-01
-4.280095641938830298e-01
-2.280029703706392130e-01
7.536191862793195639e-02
-7.737181028962103468e-02
-3.928878992449537644e-01
-4.855398276881959241e-01
-3.359608707098891145e-01
-3.546649160646808685e-02
2.315078812591931379e-01
2.254841083197602070e-01
6.642172247258770756e-02
-9.167383170870330167e-02
-2.155334278546940374e-01
-1.706240477175994252e-01
4.155779675080981117e-02
-7.477442165303957444e-02
-2.549343642245212038e-01
-3.784125649040219752e-01
-6.277804438913974217e-01
-8.822027781361863052e-01
-8.172127662134825998e-01
-4.818561491721702894e-01
-3.141738460620849271e-01
-4.404162309557457800e-01
-4.436745762300212670e-01
-1.669188495315336862e-01
2.918548456021576865e-01
1.626638696301233034e-01
-2.607099468548645937e-03
1.017157342505539130e-01
2.462744317218514278e-01
1.680877264824924833e-01
1.333578241120061958e-01
-2.801825546243574827e-02
-3.511340153717642520e-01
-5.542117543229216903e-01
-5.027766734038697782e-01
-2.341202935831287468e-01
-1.460515116038249017e-01
-2.119363692042887104e-01
-2.508148272964244585e-01
-3.050066509374931289e-01
-3.597062698586855900e-01
-3.019859889139604459e-01
-7.798081252305644195e-02
6.710241967461465229e-02
-3.594525693707592007e-01
-5.021824211755417933e-01
-3.780868126408912788e-01
-3.453461577559299167e-01
-5.125690671314253599e-01
-5.817993647421445536e-01
-4.525519158648956264e-01
-3.060684210657553250e-01
-3.573315322182809006e-01
-4.102331346413038982e-01
-2.848500701971061755e-01
-7.667510554861217686e-02
-7.089889884738942438e-02
-1.510960233601526537e-01
-8.510773035097618511e-03
3.707384384795516796e-01
1.671855072679246934e-01
-1.106516698234437657e-01
-2.212055308222146133e-01
-1.935466230134059717e-01
-1.795387161165300505e-01
-1.659149929017162406e-01
-1.290056608676189986e-01
-2.475882883384872835e-01
-5.441910596653045662e-01
-6.334709695254640005e-01
-4.724713868394739280e-01
-1.993028116410835437e-01
-1.071593717613117391e-01
-1.176616149935666433e-01
-4.358457947996116633e-02
-1.568673433442696608e-01
-2.090151222783268592e-01
2.850155381407093458e-03
1.698695795223823801e-01
-2.461238731170055649e-01
-4.847301230769063829e-01
-4.191567387344728446e-01
-2.174236023114376470e-01
-3.041778047441450750e-01
-6.118616579465374627e-01
-7.182719126240738605e-01
-5.410586983734846367e-01
-3.545145130927712662e-01
-2.912324749179961425e-01
-1.264158280787339161e-01
4.024811709648815072e-02
-1.223670172188520144e-01
-1.405033696796404441e-01
-4.695690290208442974e-03
1.510803480315784375e-01
2.836222712700939841e-01
2.399028245224852363e-01
-6.315539399376796093e-02
-4.038830437470362633e-01
-5.936539425790651192e-01
-5.535625335200491381e-01
-3.036144559834347834e-01
-2.090347957870027917e-01
-5.762555735405225921e-01
-8.161242260938341708e-01
-7.458713981827886919e-01
-4.575434150989651227e-01
-6.233692784857181729e-02
-1.669632784368258460e-01
-4.154649513237403946e-01
-6.605672624431053741e-01
-7.113309797080447083e-01
-5.254483308656036078e-01
-2.657362068687745271e-01
-3.061809638060110639e-01
-6.160960113958802165e-01
-7.863826246560327027e-01
-7.002389205392927085e-01
-5.432074392732775259e-01
-6.118103946031016038e-01
-8.178271540421413466e-01
-9.116633784389399642e-01
-8.274180578175759360e-01
-5.850967005648118890e-01
-2.428848135356246885e-01
1.218840460715209240e-01
3.030953390756682686e-01
2.463586292848906623e-01
2.464812543649425036e-01
3.372562214218799426e-01
1.874083289478237491e-01
-3.742088192508123412e-01
-1.061307213498214441e+00
-1.575557139935468420e+00
-1.889447873204627593e+00
-1.805802700192212118e+00
-1.396745214358528386e+00
-7.136601636027957163e-01
8.951699382337985345e-02
2.479730290411094606e-01
-7.179360970081993809e-02
-6.131938844486917173e-02
2.618664219858777287e-01
5.519934423391297251e-01
4.293593014534962116e-01
1.980571453841748486e-01
2.956120107547766107e-02
1.207363524172950786e-01
5.499708840207775395e-01
4.606203077661840117e-01
-2.581588419285617553e-01
-6.686715449440996384e-01
-5.352116019069863562e-01
1.486199446680962488e-01
1.118943592595725178e+00
1.954162320263445274e+00
1.619614769988874770e+00
1.447764494045689299e+00
1.398232340873665214e+00
1.487326272598315180e+00
1.357174368986296509e+00
8.838152872062259302e-01
4.492181697178521116e-01
2.204385822169403486e-01
2.079263707274261463e-01
4.973029850627255222e-01
7.520260856172256148e-01
3.638688859339764825e-01
-2.649389314683370245e-01
-8.228783193342730229e-01
-1.080942054048583678e+00
-7.549373456329890875e-01
8.677655621188518076e-02
1.339798952263504983e+00
1.632801911583244836e+00
1.012498374276418200e+00
5.387893872138138640e-01
6.910928185450475603e-01
1.218881037192157013e+00
3.664032314105427623e-01
-4.866317724142974477e-01
-9.226475023101632367e-01
-9.383938075455253713e-01
-4.395398802222485468e-01
7.457800938234000476e-01
6.694659306846331148e-01
-1.069440189311452460e+00
-2.188431440113112192e+00
-2.009753037193644953e+00
-7.458847989146750734e-01
3.237352477750137236e-01
-1.078429905844860759e+00
-2.624592855902970978e+00
-3.473345504028563013e+00
-3.293640721552873352e+00
-1.891279767704935111e+00
1.062476458817146474e-01
-1.924672780950319240e+00
-3.925508826154726627e+00
-4.653210583605775774e+00
-3.806246403012552904e+00
-1.723237420526486430e+00
-2.939141710914712213e-01
-1.739620174768171657e+00
-3.041269900928991188e+00
-3.743674105064896729e+00
-4.062276918199161813e+00
-4.067402072293806903e+00
-3.273958935585991270e+00
-1.810199651959794931e+00
-1.465180940398222997e+00
-2.550342136828696926e+00
-3.150217202665839267e+00
-2.699631717664197073e+00
-1.549860527102043806e+00
-4.743623707591532734e-01
-1.578197371085849898e+00
-2.515742845382014536e+00
-2.539475856245501539e+00
-1.844603710796376195e+00
-7.710953453785345246e-01
-3.407161487174429348e-01
-1.101590755491052898e+00
-1.587590807289847916e+00
-1.857703350383987484e+00
-1.796499783018725482e+00
-1.211474280332488940e+00
-3.906149762960354765e-01
-1.306685616311202836e+00
-2.322595169456894926e+00
-2.873398196778057301e+00
-2.833286741360889760e+00
-2.292417286243362273e+00
-1.484056970338025083e+00
-7.707011228771747380e-01
-6.119267060016765347e-01
-7.387502274900138444e-01
-6.316081415416070488e-01
-3.143489089999633723e-01
-7.570882340089664098e-01
-1.511236560944365204e+00
-2.195495677367229170e+00
-2.657725786620618091e+00
-2.740616208907939999e+00
-2.361953165149673239e+00
-1.611211720778074952e+00
-8.707574656318999295e-01
-1.043879772378100368e+00
-1.865279165600316480e+00
-2.561195280626485271e+00
0.000000000000000000e+00
0.000000000000000000e+00
0.000000000000000000e+00
0.000000000000000000e+00
0.000000000000000000e+00
0.000000000000000000e+00
0.000000000000000000e+00
0.000000000000000000e+00
0.000000000000000000e+00
0.000000000000000000e+00
0.000000000000000000e+00
0.000000000000000000e+00
0.000000000000000000e+00
0.000000000000000000e+00
0.000000000000000000e+00
0.000000000000000000e+00
0.000000000000000000e+00
0.000000000000000000e+00
0.000000000000000000e+00
0.000000000000000000e+00
0.000000000000000000e+00
0.000000000000000000e+00
0.000000000000000000e+00
0.000000000000000000e+00
0.000000000000000000e+00
0.000000000000000000e+00
0.000000000000000000e+00
0.000000000000000000e+00
0.000000000000000000e+00
0.000000000000000000e+00
0.000000000000000000e+00
0.000000000000000000e+00
0.000000000000000000e+00
0.000000000000000000e+00
0.000000000000000000e+00
0.000000000000000000e+00
0.000000000000000000e+00
0.000000000000000000e+00
0.000000000000000000e+00
0.000000000000000000e+00
0.000000000000000000e+00
0.000000000000000000e+00
0.000000000000000000e+00
0.000000000000000000e+00
0.000000000000000000e+00
0.000000000000000000e+00
0.000000000000000000e+00
0.000000000000000000e+00
0.000000000000000000e+00
0.000000000000000000e+00
0.000000000000000000e+00
0.000000000000000000e+00
0.000000000000000000e+00
0.000000000000000000e+00
0.000000000000000000e+00
0.000000000000000000e+00
0.000000000000000000e+00
0.000000000000000000e+00
0.000000000000000000e+00
0.000000000000000000e+00
0.000000000000000000e+00
0.000000000000000000e+00
0.000000000000000000e+00
0.000000000000000000e+00
0.000000000000000000e+00
0.000000000000000000e+00
0.000000000000000000e+00
0.000000000000000000e+00
0.000000000000000000e+00
0.000000000000000000e+00
0.000000000000000000e+00
0.000000000000000000e+00
0.000000000000000000e+00
0.000000000000000000e+00
0.000000000000000000e+00
0.000000000000000000e+00
0.000000000000000000e+00
0.000000000000000000e+00
0.000000000000000000e+00
0.000000000000000000e+00
0.000000000000000000e+00
0.000000000000000000e+00
0.000000000000000000e+00
0.000000000000000000e+00
0.000000000000000000e+00
0.000000000000000000e+00
0.000000000000000000e+00
0.000000000000000000e+00
0.000000000000000000e+00
0.000000000000000000e+00
0.000000000000000000e+00
0.000000000000000000e+00
0.000000000000000000e+00
0.000000000000000000e+00
0.000000000000000000e+00
0.000000000000000000e+00
0.000000000000000000e+00
0.000000000000000000e+00
0.000000000000000000e+00
0.000000000000000000e+00
0.000000000000000000e+00
0.000000000000000000e+00
