4.075927734375000000e-01
5.923920514695277806e-01
2.337815246625700172e-01
-1.164767246359218467e+00
-1.579144001412747134e+00
-1.061875590528800206e+00
-1.601097474321875325e-01
9.121561466434306986e-01
1.545736348145881234e+00
3.878051744624060326e-01
-7.330543034973755478e-01
-9.736283276605757209e-01
-2.840857388508455372e-02
1.076512813770718280e+00
1.386610824890646132e+00
8.089414073986684883e-01
-4.129068108335323117e-01
-1.909142171403789945e+00
-3.170249877223114687e+00
-2.632113608664345517e+00
-1.221175751958023969e+00
-1.107018541415111912e+00
-1.294648019495634017e+00
-6.293648431321017256e-01
1.229313263491464081e+00
3.366242303620546217e+00
4.584863229630184556e+00
3.794850086748067675e+00
1.354872486705243073e+00
-9.371871338932398210e-01
-2.292670900182190774e+00
-3.308432283380683625e+00
-3.779492300648854552e+00
-2.066194931046925198e+00
7.889824648250307604e-01
2.611544298256310626e+00
2.324976595424550929e+00
1.256958353590015953e+00
1.133949547356819965e+00
-6.973188074102798506e-02
-1.120775955923196454e+00
-1.597886383817070044e+00
-2.247305825120160527e-01
1.405366354058032119e+00
1.338901593957893654e+00
1.664301563563622688e+00
2.316917871036374255e+00
1.461453295816760090e+00
3.450784627169727337e-01
1.308324448248243677e-01
1.891046656125521253e-01
3.266238740962491560e-01
9.719187309609501613e-01
6.306226109149003500e-01
-4.815240146948386313e-01
-1.670970236700970446e+00
-5.845412478843184934e-01
6.574947886567996669e-01
7.558984554357237595e-01
-7.932129346979022166e-02
-6.023191279164306078e-01
-9.208552422647036106e-01
-1.274228741093359485e-01
8.252817378044209340e-01
7.705181560614371428e-02
-3.645921991901197590e-01
-2.704013158085667445e-01
-5.666134282067913919e-02
-4.420149985112989399e-01
-6.056882188542688228e-01
-1.797515116612541375e-01
8.789439538348156056e-01
-5.884872063513391094e-02
-7.839266563804927479e-01
-3.200216381711755709e-01
5.673598297182214090e-02
-1.741034732892663417e-01
1.287643140369776340e-01
6.095632881709979189e-01
-3.654329848349973653e-01
-1.050277982400614762e+00
-1.402808986767668520e+00
-1.477216639816343768e+00
-7.532568052868623409e-01
-1.583878604869599638e-01
-6.332022803745690487e-01
-1.007405763408483201e-01
2.100128464951150908e-01
-2.476709911758314675e-01
-5.055871167050636217e-01
-5.337327069216488695e-01
-1.173373069192322760e-01
5.721993982412865165e-01
7.694961521948324723e-01
2.576514403814514909e-01
-8.066057053794861709e-02
-8.773556641301993864e-02
1.528449825379474714e+00
4.687447199506506124e+00
7.556944334115744510e+00
6.938208879446192689e+00
8.799807109194919263e-01
-3.981452385407142636e+00
-2.523756046353898164e+00
3.841363917223190150e+00
4.343174625169307745e+00
3.293206194605389214e+00
2.424669169766767496e+00
-9.402041158392259179e-01
-2.218970440022109081e+00
-1.927410663922144884e+00
-1.652807772241609463e+00
2.984112935243120823e+00
4.668375214161539333e+00
3.493687213476732278e+00
2.191664600035637456e+00
1.554945768486389657e+00
1.672525555039445111e+00
1.652969151598058462e+00
1.017522400232254265e+00
7.136899327165884266e-01
2.267198464205821828e-01
-7.240919135389976002e-01
-2.026848229612095320e+00
-1.267396967225196791e+00
1.287760696929440840e-02
1.139071321014426319e+00
1.694404380451910663e+00
1.390108449292226211e+00
4.082386271926885524e-01
3.335768012073669908e-02
-1.080354374427112685e-01
3.736689986325418822e-01
1.097038538449138567e+00
1.293992224309862493e+00
5.710129606613382203e-01
-6.893792452072667887e-01
-1.033230004838594507e+00
-6.409731066894185370e-01
-4.086577271177425641e-01
-3.174410755947777441e-01
1.319782247523643148e-01
2.315983546716418595e-01
-7.067245735829525977e-01
-6.829738838915598853e-01
-3.486614747948383330e-01
1.925882157739605693e-02
2.070503385637678107e-01
3.341562888428147304e-01
4.570830491157662490e-01
-7.888333317203435335e-01
-2.397472741098892968e+00
-3.021179382496440358e+00
-1.964464254917646979e+00
-2.043251036306990009e-01
1.894747823369089534e-01
-1.011515938654522717e+00
-2.038024159017161274e+00
-2.151495234799103429e+00
7.314765845219728391e-02
-1.393008818600431908e-01
-9.690381223183508475e-01
-1.394530934628449792e+00
-8.910532439196301446e-01
6.693752615610959467e-01
1.377567299761393027e+00
-1.041718467511779656e+00
-2.150908850734676303e-01
2.677736414174365365e+00
1.245547072830164304e+00
1.621619411212726902e-01
3.274791381077779562e-01
4.844028794172536845e-01
-4.653718815112897200e-01
-1.555051926788247219e+00
-1.402306245596141920e+00
-7.328301119392821583e-01
-3.862467930267206029e-01
-4.206083333383365819e-01
-2.975615690156325766e-01
1.001444943462843629e-01
6.456473742134095639e-01
1.008342442917746551e+00
1.049774321630710272e+00
7.193556723049588930e-01
4.679535210519780719e-02
-5.153030368509310399e-01
-7.456233101758875659e-01
-7.762411424340673882e-01
-9.776397381661312558e-01
-1.184231720168870572e+00
-9.773177586522909799e-01
-5.227175835173127894e-01
-3.691201037137983310e-01
-1.163033206369554984e+00
-1.945707161036431820e+00
-1.051308836456320117e+00
1.151636900388851137e+00
-3.126856351354116992e-01
-5.477889385261747179e-02
2.018847637316190990e+00
7.042476619003856797e-02
-3.084284774093595694e+00
-4.649447961093279957e+00
-3.554525677254199323e+00
-9.680481817324184668e-01
1.520844799510457035e+00
5.056809314774821651e-01
-5.038666649199843306e-01
-3.410518231969308367e-01
3.646392346162847797e-01
-2.860419407972658590e-03
-5.345861711207076095e-01
-1.287817911761095502e-01
1.232174765008659634e+00
2.884003608252496242e+00
3.714287245080762023e+00
2.671315750229484642e+00
1.043357343032203399e+00
2.890331580614319273e-01
1.124329547245372929e+00
9.529326868253114036e-01
5.427256726730786962e-01
6.921731436272922089e-01
-1.909465605450487713e-01
-8.429626091723372294e-01
-5.126829314457727049e-01
-5.459056369575840950e-01
-9.337905023080067535e-01
-8.901114038016020302e-01
-1.986499821441991553e-01
-1.473001391513499292e-01
-4.546086876828558943e-01
-5.520219168353882599e-01
-8.738666681243940637e-01
-7.882224904383854369e-01
-3.168519863315623075e-01
-1.488803566195350259e-01
-9.436206737639989406e-01
-1.494616113887713205e+00
-1.725981223855554081e+00
-1.654800046907319189e+00
-8.649876853469118387e-01
6.781079389416166947e-02
-1.091136453286583041e-01
-6.539421543941683623e-01
-4.297297242471542766e-01
4.298455962237746064e-02
1.205460011558621147e-01
1.226747169423994865e+00
6.678888491776375780e-01
-5.008760578541591180e-01
-1.801242833019247591e-01
-2.675169919113136174e-01
-5.560869497207030498e+00
-7.048831937743151421e+00
-4.411364219724760005e+00
9.610408328767330310e-01
-1.379197183443586994e+00
-3.322101043170271328e+00
-1.371896787577111088e+00
1.350237080664861367e+00
6.267099782021579024e-01
1.709695673598657706e+00
3.217394748782756331e+00
3.337121571498211203e+00
2.714318783230821097e+00
3.147064349777155545e+00
6.723598996525477212e-01
-1.999604651684415479e+00
5.197893544101277463e+00
9.316344759169361112e+00
8.476947859774099925e+00
3.906006193512157942e+00
-7.874995622352642943e-01
-1.281166770484399198e+00
2.259359521474358257e+00
6.116975335638896283e+00
7.999493545909852621e+00
6.893819904608652571e+00
4.170621270207258924e+00
2.189223088836760756e+00
-1.714416062305132993e-01
-1.534558084982017512e+00
-7.527309564589093061e-01
4.606187715756240308e-01
1.336481653128392288e+00
2.029706666073597177e+00
1.406398751226753507e+00
8.537917348222903158e-01
4.400993496411577111e-01
-5.535142252545899311e-02
-5.401127897440886061e-01
-3.893615352202142166e-01
4.444165191513690383e-01
-4.037474744572949747e-01
-6.836124874291449327e-01
-6.165964891515522961e-01
-1.099146619888988208e-01
2.743219948757395499e-01
-1.961495124929473199e-01
-3.794938745103111355e-01
4.142341865054890437e-01
-2.858064582557712230e-01
-1.137549683570706849e+00
-7.278677626696121727e-01
-2.154647215153357998e-01
3.752966291952680167e-01
-8.472801362260262703e-02
-1.181775385848889304e+00
-1.424348898918263551e+00
-1.136788086048148960e+00
1.272901459889852482e-02
1.059155037080772299e+00
3.238835281129833765e-01
-1.156395919061613320e+00
-1.878610002440135762e+00
-1.173196207094431065e+00
2.112737588369780761e-01
6.053509648807314791e-01
-3.722420150919834025e-01
-6.946504687575508763e-01
-4.500909414349435478e-01
-1.662464540972861116e-01
-6.998195962007942583e-01
-9.347963259780454059e-01
7.920720878092790684e-02
1.638420234069195125e+00
1.030588365251933425e+00
3.418125200989989843e-01
-7.026325178495844703e-01
-1.971273987948262363e+00
-3.123310922904129594e+00
-4.079470159841672938e+00
-4.912616344716933980e+00
-5.366674537411136647e+00
-4.226283659891461042e+00
-1.664893699476331035e+00
1.977136166201343137e-01
1.223351017989723788e+00
1.814762433698068111e+00
2.091298043831351539e+00
1.628588500559957630e+00
5.205490897077602597e-01
-8.356063547278980153e-01
-1.514919253521144427e+00
-1.401074728341570985e+00
-1.656133890415210974e+00
-1.626483074783174221e+00
-1.846066596993951592e-01
2.085593878646205823e+00
3.361297550877262452e+00
2.867789802048084091e+00
1.391172692153461732e+00
5.832214970407494370e-01
1.210743707668675562e+00
2.487913563490930624e+00
3.075875843595301973e+00
1.338102544303142682e+00
7.394154795585798912e-01
1.506999774415547222e+00
1.774930102359861372e+00
1.925325772838190952e+00
2.463940831217964256e+00
2.064365253730877647e+00
2.176262544423062106e+00
1.878522881917084941e+00
1.926239426025092571e+00
2.023772508477361676e+00
2.064558199974059427e+00
1.925662502810785437e+00
1.397087757654223550e+00
7.534131966016875959e-01
2.629384084334386307e-01
1.961101151241991525e-01
6.562459852976942898e-01
1.093857620480719328e+00
0.000000000000000000e+00
0.000000000000000000e+00
0.000000000000000000e+00
0.000000000000000000e+00
0.000000000000000000e+00
0.000000000000000000e+00
0.000000000000000000e+00
0.000000000000000000e+00
0.000000000000000000e+00
0.000000000000000000e+00
0.000000000000000000e+00
0.000000000000000000e+00
0.000000000000000000e+00
0.000000000000000000e+00
0.000000000000000000e+00
0.000000000000000000e+00
0.000000000000000000e+00
0.000000000000000000e+00
0.000000000000000000e+00
0.000000000000000000e+00
0.000000000000000000e+00
0.000000000000000000e+00
0.000000000000000000e+00
0.000000000000000000e+00
0.000000000000000000e+00
0.000000000000000000e+00
0.000000000000000000e+00
0.000000000000000000e+00
0.000000000000000000e+00
0.000000000000000000e+00
0.000000000000000000e+00
0.000000000000000000e+00
0.000000000000000000e+00
0.000000000000000000e+00
0.000000000000000000e+00
0.000000000000000000e+00
0.000000000000000000e+00
0.000000000000000000e+00
0.000000000000000000e+00
0.000000000000000000e+00
0.000000000000000000e+00
0.000000000000000000e+00
0.000000000000000000e+00
0.000000000000000000e+00
0.000000000000000000e+00
0.000000000000000000e+00
0.000000000000000000e+00
0.000000000000000000e+00
0.000000000000000000e+00
0.000000000000000000e+00
0.000000000000000000e+00
0.000000000000000000e+00
0.000000000000000000e+00
0.000000000000000000e+00
0.000000000000000000e+00
0.000000000000000000e+00
0.000000000000000000e+00
0.000000000000000000e+00
0.000000000000000000e+00
0.000000000000000000e+00
0.000000000000000000e+00
0.000000000000000000e+00
0.000000000000000000e+00
0.000000000000000000e+00
0.000000000000000000e+00
0.000000000000000000e+00
0.000000000000000000e+00
0.000000000000000000e+00
0.000000000000000000e+00
0.000000000000000000e+00
0.000000000000000000e+00
0.000000000000000000e+00
0.000000000000000000e+00
0.000000000000000000e+00
0.000000000000000000e+00
0.000000000000000000e+00
0.000000000000000000e+00
0.000000000000000000e+00
0.000000000000000000e+00
0.000000000000000000e+00
0.000000000000000000e+00
0.000000000000000000e+00
0.000000000000000000e+00
0.000000000000000000e+00
0.000000000000000000e+00
0.000000000000000000e+00
0.000000000000000000e+00
0.000000000000000000e+00
0.000000000000000000e+00
0.000000000000000000e+00
0.000000000000000000e+00
0.000000000000000000e+00
0.000000000000000000e+00
0.000000000000000000e+00
0.000000000000000000e+00
0.000000000000000000e+00
0.000000000000000000e+00
0.000000000000000000e+00
0.000000000000000000e+00
0.000000000000000000e+00
0.000000000000000000e+00
0.000000000000000000e+00
0.000000000000000000e+00
0.000000000000000000e+00
0.000000000000000000e+00
0.000000000000000000e+00
0.000000000000000000e+00
0.000000000000000000e+00
0.000000000000000000e+00
0.000000000000000000e+00
0.000000000000000000e+00
0.000000000000000000e+00
0.000000000000000000e+00
0.000000000000000000e+00
0.000000000000000000e+00
0.000000000000000000e+00
0.000000000000000000e+00
0.000000000000000000e+00
0.000000000000000000e+00
0.000000000000000000e+00
0.000000000000000000e+00
0.000000000000000000e+00
0.000000000000000000e+00
