1.907348632812500000e-02
-4.780135653683342811e-02
3.181223766141227927e-02
2.636830787254595965e-01
9.018892734621897223e-02
-1.271101907225551386e-01
-2.795857360132363301e-01
-4.015068558034399215e-01
-6.787679312478196447e-01
-1.040701913561679737e+00
-1.111528050586182204e+00
-1.342555970449962333e+00
-1.469495506077596492e+00
-1.267064276027600522e+00
-7.021983098887947250e-01
-3.605569031959688919e-01
-4.236047319456781590e-01
-6.815846701761887338e-01
-1.202492245327214437e+00
-1.306073017718963669e+00
-8.618107056120152265e-01
-4.641147750191355614e-01
-1.606414570463405855e-01
2.491268781572127944e-01
6.433362628466667843e-01
7.609044519008241192e-01
5.044975390648804847e-01
2.004701678233375972e-01
3.386189776633852233e-02
3.401939228110562041e-02
3.060403948131695806e-02
1.852202610047215536e-02
-1.162838829610609581e-01
-1.200257740995216149e-01
5.976357482162103496e-02
6.190333280902382551e-02
-9.966095817275133495e-02
-2.431442875934060888e-01
-4.551758215726396939e-01
-2.592130785331743237e-01
2.426999512893046607e-02
2.430113795704755830e-01
4.412407282005628151e-01
5.110181486685263508e-01
4.770268437676422613e-01
3.870862940958511578e-01
2.765864404415396827e-01
1.938690696702728422e-01
1.491475430630875287e-01
9.682086717380056218e-02
1.752353092976843829e-02
-1.070142810112935106e-01
-1.793163225824339069e-01
-1.473751705271517665e-01
-6.473982223250651646e-02
-5.571344739955519376e-02
-9.384826674440083227e-02
-1.122365157714655393e-01
-5.095673412301338079e-02
2.149697039301234902e-02
8.364636588519602789e-03
-1.308310393842760933e-01
-2.723171958203486898e-01
-3.251869974303277511e-01
-2.882750483925411444e-01
-2.045935014400239171e-01
-1.310099502121862547e-01
-7.651593469094197797e-02
-3.712507652706414918e-02
-9.243076765583385646e-02
-2.388250792927091304e-01
-3.354759678596157535e-01
-2.957078010354423636e-01
-2.330800047047175694e-01
-1.951064261337568939e-01
-1.650266856594511111e-01
-1.490748966403618869e-01
-1.241672088953049147e-01
-1.329109638704357721e-01
-1.711620153945904721e-01
-1.452133931387906141e-01
-1.343828085218778112e-01
-1.236158858987930764e-01
-1.259735504981192578e-01
-1.046227895662573959e-01
-6.026102107380734707e-02
-5.072623785564536747e-02
-7.309852349803352967e-02
-9.426593624711072927e-02
-8.606147087101442827e-02
-7.604975755840760743e-02
-7.120657114355852246e-02
-4.484024971862257680e-02
-7.863365146980966225e-03
1.893338494424834373e-02
1.797580979430171699e-02
2.903482405634100205e-02
6.030939748870353667e-02
8.050486487854902062e-02
8.225541540952721609e-02
7.546669821892695862e-02
5.568326863790806769e-02
4.299622568961286584e-02
3.637647054552822778e-02
2.539480708731023384e-02
6.287377002372362966e-03
9.395004160301090312e-03
5.660046808484725522e-02
1.065997246969567214e-01
1.380194185676958396e-01
1.721569057818834181e-01
2.181672354965155658e-01
2.495952279205365665e-01
2.875164211265825998e-01
3.113569359328820507e-01
3.126531820450173527e-01
2.885526321992590293e-01
2.392989745170998050e-01
1.671824537793124565e-01
8.812033535062749334e-02
-1.228042360128805965e-02
-1.002400619019793437e-01
-1.441482650527328158e-01
-1.540951237231268645e-01
-1.188880772114163653e-01
-7.045617110284291273e-02
-3.346239014118013166e-02
1.838973873531146719e-02
7.788778278209701478e-02
1.228562903462622202e-01
1.651451650677093763e-01
2.164782052315153971e-01
2.682968686259947777e-01
2.907063042970142730e-01
2.838705549603278144e-01
2.677113927146423933e-01
2.563878552298840541e-01
2.292588308065589831e-01
1.754865607204725286e-01
1.357705330316511527e-01
1.122399353378019105e-01
1.031605486856303489e-01
1.138777667598472321e-01
1.038706654339907054e-01
6.042383983395899216e-02
2.888133692632846583e-02
-2.110031188715888462e-03
-5.029202703331447921e-02
-1.199309190101828515e-01
-1.605387387986864089e-01
-1.333921244573668119e-01
-9.236794078377044692e-02
-9.943678774291092592e-02
-1.628928056356843956e-01
-2.134888634720871203e-01
-2.934447660651152701e-01
-3.513397605086960307e-01
-3.520248858862868868e-01
-3.287193989636035818e-01
-3.039515101527361374e-01
-3.030324816700574742e-01
-2.793236825090830711e-01
-2.402747672414277669e-01
-2.213116586407173070e-01
-2.580871067531100294e-01
-3.368701310502651425e-01
-3.537226794803488006e-01
-3.604562485693573182e-01
-3.739830849757772024e-01
-3.577797068995884344e-01
-3.266517532461537532e-01
-3.166909475335131785e-01
-3.767615762877556396e-01
-4.874061960769320301e-01
-5.183317154554710759e-01
-4.926119642555101819e-01
-4.129619767441650158e-01
-3.486616881772370835e-01
-3.401855271191271401e-01
-4.070081906873770916e-01
-4.747557186603290624e-01
-4.387224885503911986e-01
-2.833072522991096354e-01
-1.332090140546565715e-01
-6.810524816829532924e-03
4.495131487157144612e-02
5.539063417869827255e-02
7.092733584404498082e-02
7.526687406315213380e-02
1.262170015270136503e-02
-1.073661836145256565e-01
-2.457033221231821329e-01
-2.223823547347639762e-01
-3.243416755676953311e-02
1.570527279566181766e-01
1.926742837391393626e-01
2.385244318178519896e-01
3.938090526973430094e-01
5.899358833081880249e-01
6.891599325209502025e-01
4.997087159379512977e-01
1.684820072334913821e-01
-3.629970727250904083e-01
-8.336341469616002087e-01
-1.176830931805008973e+00
-1.519830445755530057e+00
-1.621829606337645169e+00
-1.080478421401652733e+00
-6.691291278120379271e-01
-4.659337366434155303e-01
-5.799547394502816422e-01
-8.379396683050025496e-01
-7.801014266147068277e-01
-4.297127311431556684e-01
2.898379806350872556e-01
9.747085495744871597e-01
1.087736522406297812e+00
8.195120178755579410e-01
6.267054430941154664e-02
-7.968240328279287965e-01
-1.385552286242689890e+00
-1.776572066795084393e+00
-2.020925963605900044e+00
-2.030884412065246725e+00
-1.448688366270157513e+00
-1.167379160479423472e+00
-9.940819245899362722e-01
-5.162962653231830679e-01
1.101726060512142613e-01
8.345071543516260348e-01
1.156169488791991995e+00
1.299816597611560987e+00
1.619365041001283423e+00
1.592588811423529149e+00
1.656079163068718607e+00
1.500546387793744829e+00
1.117111869436610450e+00
9.135495133128020973e-01
8.466476823533251039e-01
7.461138108950119419e-01
5.909646465397490056e-01
4.216298517735926898e-01
2.886308163961697759e-01
2.689364330189517038e-01
0.000000000000000000e+00
0.000000000000000000e+00
0.000000000000000000e+00
0.000000000000000000e+00
0.000000000000000000e+00
0.000000000000000000e+00
0.000000000000000000e+00
0.000000000000000000e+00
0.000000000000000000e+00
0.000000000000000000e+00
0.000000000000000000e+00
0.000000000000000000e+00
0.000000000000000000e+00
0.000000000000000000e+00
0.000000000000000000e+00
0.000000000000000000e+00
0.000000000000000000e+00
0.000000000000000000e+00
0.000000000000000000e+00
0.000000000000000000e+00
0.000000000000000000e+00
0.000000000000000000e+00
0.000000000000000000e+00
0.000000000000000000e+00
0.000000000000000000e+00
0.000000000000000000e+00
0.000000000000000000e+00
0.000000000000000000e+00
0.000000000000000000e+00
0.000000000000000000e+00
0.000000000000000000e+00
0.000000000000000000e+00
0.000000000000000000e+00
0.000000000000000000e+00
0.000000000000000000e+00
0.000000000000000000e+00
0.000000000000000000e+00
0.000000000000000000e+00
0.000000000000000000e+00
0.000000000000000000e+00
0.000000000000000000e+00
0.000000000000000000e+00
0.000000000000000000e+00
0.000000000000000000e+00
0.000000000000000000e+00
0.000000000000000000e+00
0.000000000000000000e+00
0.000000000000000000e+00
0.000000000000000000e+00
0.000000000000000000e+00
0.000000000000000000e+00
0.000000000000000000e+00
0.000000000000000000e+00
0.000000000000000000e+00
0.000000000000000000e+00
0.000000000000000000e+00
0.000000000000000000e+00
0.000000000000000000e+00
0.000000000000000000e+00
0.000000000000000000e+00
0.000000000000000000e+00
0.000000000000000000e+00
0.000000000000000000e+00
0.000000000000000000e+00
0.000000000000000000e+00
0.000000000000000000e+00
0.000000000000000000e+00
0.000000000000000000e+00
0.000000000000000000e+00
0.000000000000000000e+00
0.000000000000000000e+00
0.000000000000000000e+00
0.000000000000000000e+00
0.000000000000000000e+00
0.000000000000000000e+00
0.000000000000000000e+00
0.000000000000000000e+00
0.000000000000000000e+00
0.000000000000000000e+00
0.000000000000000000e+00
0.000000000000000000e+00
0.000000000000000000e+00
0.000000000000000000e+00
0.000000000000000000e+00
0.000000000000000000e+00
0.000000000000000000e+00
0.000000000000000000e+00
0.000000000000000000e+00
0.000000000000000000e+00
0.000000000000000000e+00
0.000000000000000000e+00
0.000000000000000000e+00
0.000000000000000000e+00
0.000000000000000000e+00
0.000000000000000000e+00
0.000000000000000000e+00
0.000000000000000000e+00
0.000000000000000000e+00
0.000000000000000000e+00
0.000000000000000000e+00
0.000000000000000000e+00
0.000000000000000000e+00
0.000000000000000000e+00
0.000000000000000000e+00
0.000000000000000000e+00
0.000000000000000000e+00
0.000000000000000000e+00
0.000000000000000000e+00
0.000000000000000000e+00
0.000000000000000000e+00
0.000000000000000000e+00
0.000000000000000000e+00
0.000000000000000000e+00
0.000000000000000000e+00
0.000000000000000000e+00
0.000000000000000000e+00
0.000000000000000000e+00
0.000000000000000000e+00
0.000000000000000000e+00
0.000000000000000000e+00
0.000000000000000000e+00
0.000000000000000000e+00
0.000000000000000000e+00
0.000000000000000000e+00
0.000000000000000000e+00
0.000000000000000000e+00
0.000000000000000000e+00
0.000000000000000000e+00
0.000000000000000000e+00
0.000000000000000000e+00
0.000000000000000000e+00
0.000000000000000000e+00
0.000000000000000000e+00
0.000000000000000000e+00
0.000000000000000000e+00
0.000000000000000000e+00
0.000000000000000000e+00
0.000000000000000000e+00
0.000000000000000000e+00
0.000000000000000000e+00
0.000000000000000000e+00
0.000000000000000000e+00
0.000000000000000000e+00
0.000000000000000000e+00
0.000000000000000000e+00
0.000000000000000000e+00
0.000000000000000000e+00
0.000000000000000000e+00
0.000000000000000000e+00
0.000000000000000000e+00
0.000000000000000000e+00
0.000000000000000000e+00
0.000000000000000000e+00
0.000000000000000000e+00
0.000000000000000000e+00
0.000000000000000000e+00
0.000000000000000000e+00
0.000000000000000000e+00
0.000000000000000000e+00
0.000000000000000000e+00
0.000000000000000000e+00
0.000000000000000000e+00
0.000000000000000000e+00
0.000000000000000000e+00
0.000000000000000000e+00
0.000000000000000000e+00
0.000000000000000000e+00
0.000000000000000000e+00
0.000000000000000000e+00
0.000000000000000000e+00
0.000000000000000000e+00
0.000000000000000000e+00
0.000000000000000000e+00
0.000000000000000000e+00
0.000000000000000000e+00
0.000000000000000000e+00
0.000000000000000000e+00
0.000000000000000000e+00
0.000000000000000000e+00
0.000000000000000000e+00
0.000000000000000000e+00
0.000000000000000000e+00
0.000000000000000000e+00
0.000000000000000000e+00
0.000000000000000000e+00
0.000000000000000000e+00
0.000000000000000000e+00
0.000000000000000000e+00
0.000000000000000000e+00
0.000000000000000000e+00
0.000000000000000000e+00
0.000000000000000000e+00
0.000000000000000000e+00
0.000000000000000000e+00
0.000000000000000000e+00
0.000000000000000000e+00
0.000000000000000000e+00
0.000000000000000000e+00
0.000000000000000000e+00
0.000000000000000000e+00
0.000000000000000000e+00
0.000000000000000000e+00
0.000000000000000000e+00
0.000000000000000000e+00
0.000000000000000000e+00
0.000000000000000000e+00
0.000000000000000000e+00
0.000000000000000000e+00
0.000000000000000000e+00
0.000000000000000000e+00
0.000000000000000000e+00
0.000000000000000000e+00
0.000000000000000000e+00
0.000000000000000000e+00
0.000000000000000000e+00
0.000000000000000000e+00
0.000000000000000000e+00
0.000000000000000000e+00
0.000000000000000000e+00
0.000000000000000000e+00
0.000000000000000000e+00
0.000000000000000000e+00
0.000000000000000000e+00
0.000000000000000000e+00
0.000000000000000000e+00
0.000000000000000000e+00
0.000000000000000000e+00
0.000000000000000000e+00
0.000000000000000000e+00
0.000000000000000000e+00
0.000000000000000000e+00
0.000000000000000000e+00
0.000000000000000000e+00
0.000000000000000000e+00
0.000000000000000000e+00
0.000000000000000000e+00
0.000000000000000000e+00
0.000000000000000000e+00
0.000000000000000000e+00
0.000000000000000000e+00
0.000000000000000000e+00
0.000000000000000000e+00
0.000000000000000000e+00
0.000000000000000000e+00
0.000000000000000000e+00
0.000000000000000000e+00
0.000000000000000000e+00
0.000000000000000000e+00
0.000000000000000000e+00
0.000000000000000000e+00
0.000000000000000000e+00
0.000000000000000000e+00
0.000000000000000000e+00
0.000000000000000000e+00
0.000000000000000000e+00
0.000000000000000000e+00
