-3.401397705078124112e+00
-1.186889030426496072e+00
1.674015026838050701e+00
3.183758132837755106e+00
1.622009643302091186e+00
3.887116157434213903e-01
1.932303696633511647e-01
-3.024106203082310707e-02
-1.080095767191051381e+00
-4.902031645050310971e-01
7.103016937798720676e-01
1.745244493274222375e+00
2.192660443697689310e+00
9.261862610146676111e-01
-8.310414167958071197e-01
1.127307226729468148e-01
1.158090327393396457e+00
1.085375445157755525e+00
-2.658472541438232639e-01
-2.480756366369348598e+00
-1.822432773508357196e+00
-5.669603687655411228e-01
1.661896647156967610e+00
1.515518080274736334e+00
-1.188734223507923460e+00
-2.689004086489455325e+00
-2.142239787908407855e+00
1.331296055630884823e+00
2.153984111181936889e-01
-4.336036446549389467e-01
5.996417331840084408e+00
1.032455902769841849e+01
3.035939403432507788e+00
-3.317473625608961640e+00
-1.508104345105520494e+00
1.665429467332603775e+00
-9.914844934626119155e-01
-7.456558777789297210e-01
2.452069207146380325e+00
2.712093786091641867e+00
-6.961241880010067273e-01
-8.107402284805331760e-03
1.139903366809391638e+00
1.148533486773497092e+00
1.953560327080017034e+00
1.689551794668234352e+00
2.516754025489733593e-01
-4.185436910637101438e-01
1.290086926336079021e+00
4.973972663741352829e-01
-3.629412085112755371e-01
-1.900179131938840305e-01
-5.929447973758117385e-01
-8.755583893321310374e-01
-4.006550911120008163e-01
1.357505371972013153e-01
-7.487175765927395199e-01
-6.406237933078340330e-01
-1.820312406369639646e-01
4.880130584700130836e-01
3.260605706795182135e-01
-1.644889766834234379e-02
4.830457742321773162e-01
3.271540113027667784e-01
-5.322290230827120272e-01
1.353853354062239944e-02
4.120682799014818709e-01
4.025917831095938704e-01
-3.037592353032081416e-02
-4.223320418609306515e-01
-5.268635632767264543e-01
-5.024153691259582999e-01
-3.891915908693899251e-02
-1.103126826994753618e-01
-1.962037544265049505e-01
1.299409302941745281e-02
-3.744909420242515941e-01
-8.605005003956545107e-01
-7.976698382543576660e-01
-4.253180340301688789e-01
-2.902833185467610377e-01
-3.813302592502003652e-01
-1.197151042043823610e-01
2.613969703362892250e-01
-3.654945547554049323e-01
-3.801737101623492432e-01
-2.303869928875590389e-02
-3.354165674646035211e-01
-8.899623425573841562e-01
-1.902408969509574721e-01
6.411972816238502570e-01
3.336640227991983787e-01
3.096380277352986377e-01
-2.805552669811821609e-01
-9.911171086043349954e-01
-1.057654570051107301e+00
-5.160175694043417360e-01
-2.555871954443903471e-01
-8.563265130731623209e-01
-6.678334127784062435e-01
1.668278253107888798e-01
-3.632967117371341814e-01
-1.519439586085355121e+00
-1.388868824525528289e+00
-5.295848686621458246e-01
-5.074669647237805004e-01
-1.484233515406066406e+00
-1.461279803931428534e+00
-4.572713981977398756e-01
-4.826978197930298364e-01
-2.223440587324597040e+00
-1.720203339222996508e+00
-6.397500372983828676e-01
-1.453040599955968570e+00
-4.275236312193730903e-01
9.839132080188033314e-01
1.651624964589414768e+00
-6.198833201510394186e-01
-1.111535334407656839e+00
1.708105087954162826e+00
2.838673156781185813e+00
-2.729029781577874125e+00
-2.171178173199042050e+00
2.409859847043255066e+00
4.743410529193756275e+00
2.072093848780531822e-01
-1.150532578914471138e+00
1.135271318699599075e+00
2.004084858145679160e+00
4.475032490647468109e-02
-1.926228918091932307e+00
-9.468583489680675314e-01
-3.494226453199611448e-01
1.845022494086293596e-01
-9.553010695256101137e-01
-1.312539625662915377e+00
-8.306650218595006407e-01
5.390152988669694167e-01
-1.936024467843581176e+00
-1.771914748169471476e+00
-6.776887678093386214e-01
3.870227508434056496e-01
-8.151499154014147930e-01
-1.302432274453160232e+00
-9.184250744845952052e-01
-4.621825456068173743e-02
3.695687094479478407e-01
-2.103267750851867124e-02
5.130447874353905036e-02
-2.343325108277134472e-01
-1.079879582290781848e+00
-1.197542661236232320e+00
-1.038374074851189377e+00
-9.184756417553154861e-01
-6.744089869855118824e-01
-3.179800370791487918e-01
-2.910903970851266287e-01
-7.284819509967042084e-01
-1.376332327244043308e+00
-1.902136304023737345e+00
-2.031532202714719570e+00
-1.691720400079451458e+00
-1.015350899137059226e+00
-3.718411409583208815e-01
-1.014183403816744100e-01
-1.422448770223683212e-01
-2.625483972390836307e-01
-4.919883571194182403e-01
-8.516844395462521700e-01
-7.512801440678666953e-01
-1.749501012449499182e-01
4.411275062997012109e-01
4.514686188942600431e-01
6.952279044120550644e-01
4.135019289706928225e-01
1.025082839735380613e-01
6.838752955040616754e-02
2.858381602845484482e-01
5.215730069610193809e-01
-5.555882742236317728e-02
-3.910329620011074869e-01
-2.277605864956636639e-01
3.472202197946591129e-01
9.534617470858555155e-01
9.344493529725557135e-01
8.915756892298003500e-01
8.384209835156564150e-02
-6.551915236845767820e-01
-9.029635654975397552e-01
-9.764350041408338399e-01
-1.034707008276631646e+00
-6.040423377923823667e-01
-1.512448075651191548e-01
-2.566211091413539425e-01
-9.111108774799416832e-01
-1.573591068542162574e+00
-1.835196397411731351e+00
-1.738266220290687780e+00
-1.352821506924712480e+00
-7.816218264051665310e-01
-4.065859836222809331e-01
-5.333974249113808686e-01
-9.184551120297665960e-01
-1.017434819721921402e+00
-7.745622661430549005e-01
-5.242335870194121394e-01
-3.314854503832382893e-01
4.126803045463312003e-02
-1.156809074191238462e-01
-2.523914207278676880e-01
-3.515505055934486922e-02
-6.718844892382815903e-01
-1.294449588402361240e+00
-9.761319685549723069e-01
-4.300455875625885938e-03
3.325551383061959854e-01
-1.903836197112754647e+00
-2.404832237262131134e+00
-6.130145696561610791e-01
8.037134800472134355e-01
-2.648950977237115367e+00
-1.865504570527322992e+00
5.365338990561419052e-01
1.227304381559341184e+00
-2.009213815367108413e+00
-3.098649818473317996e+00
-1.140580306846989966e+00
1.480166542685134257e+00
-6.176803132650450223e-01
-1.937920053734953019e+00
7.639839984138858675e-01
2.476233305110010718e+00
5.338708410958903361e-01
-2.028112903997190575e+00
1.002452828093774784e+00
2.882020766324039140e+00
1.981325000845760353e+00
-1.202815072277515940e+00
1.336577517883033916e+00
2.590619462501519976e+00
5.822306829142371853e-01
-1.683012068376762871e+00
-2.585503143490952560e-01
1.656388373748054033e+00
2.037606055511607117e-01
-3.702586919791233111e+00
-1.764134357290089383e+00
1.504616884407895316e+00
-7.720135857682721703e-01
-2.793328762089860362e+00
-8.795685738676224386e-01
1.074323768843152838e+00
-3.071198751367298918e-02
-2.013657310852627891e+00
-1.592013528432156377e+00
7.007748290238091649e-02
-4.570002045822705306e-01
-1.904218789572108328e+00
-9.481572130470958815e-01
6.597494393924098199e-01
2.857317500273046651e-01
-9.192521972133711472e-01
-7.945267490833131108e-01
6.504963188828338794e-02
-7.386406724154542802e-02
-3.449903200909472112e-01
6.093283902860159307e-01
3.003999785858545435e-01
-1.885947678640232938e-01
-2.622642280213568489e-01
-5.702543149802660194e-01
-4.749363536179405654e-01
1.245416930782869969e-01
1.983527061270590197e-02
-9.991656684590338733e-01
-5.022419438958063420e-01
2.663861809775153189e-01
-2.395416429826835447e-01
-1.087223412983505666e+00
-6.546861405705849402e-01
2.200269563835381970e-01
-6.864520642195548472e-02
-6.129290792995344406e-01
7.293351736841630073e-02
3.217341761940140099e-01
-3.129820630225824130e-01
-4.713522489650795455e-01
-3.541337105123318341e-01
-3.026313462027517831e-01
-3.839796649095700842e-01
-2.778812923885909947e-01
-5.598311780258846682e-02
2.546189732731205524e-01
6.336240596556725890e-01
-2.946131098711638474e-01
-4.981860936523614392e-01
5.078044773528045397e-01
3.904351238206449359e-01
-1.004195053146796024e+00
-1.139940678366970994e+00
1.968437055511240708e-01
8.887055895383366710e-01
-1.274985494515562312e+00
-1.252259846518969155e+00
4.758396236383235500e-01
9.063713251558185302e-01
-6.092229612547748197e-01
-8.345112760934380036e-01
6.186089836925767749e-01
-2.009354665951526009e-01
-7.569222176977121741e-01
-2.024902181763792441e-01
1.955320466969154625e+00
2.890193873522925117e+00
1.383552420618491929e+00
-5.892676450869240856e-01
1.799736794364603654e-01
7.814470000248683323e-01
-8.134791992873620092e-01
7.817338223677317011e-01
2.129731414921512744e+00
-9.183245222208560321e-01
-5.883638178630740789e+00
-3.846907199409019817e+00
-1.389616850665884584e-01
3.076632216404333153e+00
3.525318155175601653e+00
7.203214660695619997e+00
9.483913984184088264e+00
1.896935120055587731e+00
-4.921913915225653469e+00
-3.958796610753434919e+00
-1.280352337907749494e+00
3.908429415486105896e+00
3.316423518238625689e+00
7.734823928174705543e-03
1.876934623026031979e-01
2.828837497827438874e-01
-9.998077712173192300e-01
-2.812043025116764294e+00
-1.440700889128792905e+00
1.737118833610336033e-01
1.385452196285066329e+00
1.066761820679366313e+00
-1.332439940215670582e-01
1.364639383179277576e+00
2.713177053928879534e+00
2.006291626118114291e+00
8.260659260251270730e-01
5.527419591162892054e-01
4.750809174820518344e-01
-2.233004828618994075e-01
-7.259209831786398448e-01
1.349995330072690125e+00
1.587084238479934406e+00
5.918088324013601742e-01
3.183232676202223388e+00
1.834304599845954398e+00
0.000000000000000000e+00
0.000000000000000000e+00
0.000000000000000000e+00
0.000000000000000000e+00
0.000000000000000000e+00
0.000000000000000000e+00
0.000000000000000000e+00
0.000000000000000000e+00
0.000000000000000000e+00
0.000000000000000000e+00
0.000000000000000000e+00
0.000000000000000000e+00
0.000000000000000000e+00
0.000000000000000000e+00
0.000000000000000000e+00
0.000000000000000000e+00
0.000000000000000000e+00
0.000000000000000000e+00
0.000000000000000000e+00
0.000000000000000000e+00
0.000000000000000000e+00
0.000000000000000000e+00
0.000000000000000000e+00
0.000000000000000000e+00
0.000000000000000000e+00
0.000000000000000000e+00
0.000000000000000000e+00
0.000000000000000000e+00
0.000000000000000000e+00
0.000000000000000000e+00
0.000000000000000000e+00
0.000000000000000000e+00
0.000000000000000000e+00
0.000000000000000000e+00
0.000000000000000000e+00
0.000000000000000000e+00
0.000000000000000000e+00
0.000000000000000000e+00
0.000000000000000000e+00
0.000000000000000000e+00
0.000000000000000000e+00
0.000000000000000000e+00
0.000000000000000000e+00
0.000000000000000000e+00
0.000000000000000000e+00
0.000000000000000000e+00
0.000000000000000000e+00
0.000000000000000000e+00
0.000000000000000000e+00
0.000000000000000000e+00
0.000000000000000000e+00
0.000000000000000000e+00
0.000000000000000000e+00
0.000000000000000000e+00
0.000000000000000000e+00
0.000000000000000000e+00
0.000000000000000000e+00
0.000000000000000000e+00
0.000000000000000000e+00
0.000000000000000000e+00
0.000000000000000000e+00
0.000000000000000000e+00
0.000000000000000000e+00
0.000000000000000000e+00
0.000000000000000000e+00
0.000000000000000000e+00
0.000000000000000000e+00
0.000000000000000000e+00
0.000000000000000000e+00
0.000000000000000000e+00
0.000000000000000000e+00
0.000000000000000000e+00
0.000000000000000000e+00
0.000000000000000000e+00
0.000000000000000000e+00
0.000000000000000000e+00
0.000000000000000000e+00
0.000000000000000000e+00
0.000000000000000000e+00
0.000000000000000000e+00
0.000000000000000000e+00
0.000000000000000000e+00
0.000000000000000000e+00
0.000000000000000000e+00
0.000000000000000000e+00
0.000000000000000000e+00
0.000000000000000000e+00
0.000000000000000000e+00
0.000000000000000000e+00
0.000000000000000000e+00
0.000000000000000000e+00
0.000000000000000000e+00
0.000000000000000000e+00
0.000000000000000000e+00
0.000000000000000000e+00
0.000000000000000000e+00
0.000000000000000000e+00
0.000000000000000000e+00
0.000000000000000000e+00
0.000000000000000000e+00
0.000000000000000000e+00
0.000000000000000000e+00
0.000000000000000000e+00
0.000000000000000000e+00
0.000000000000000000e+00
0.000000000000000000e+00
0.000000000000000000e+00
0.000000000000000000e+00
0.000000000000000000e+00
0.000000000000000000e+00
0.000000000000000000e+00
0.000000000000000000e+00
0.000000000000000000e+00
0.000000000000000000e+00
0.000000000000000000e+00
0.000000000000000000e+00
0.000000000000000000e+00
0.000000000000000000e+00
0.000000000000000000e+00
0.000000000000000000e+00
0.000000000000000000e+00
0.000000000000000000e+00
0.000000000000000000e+00
0.000000000000000000e+00
0.000000000000000000e+00
0.000000000000000000e+00
0.000000000000000000e+00
0.000000000000000000e+00
0.000000000000000000e+00
0.000000000000000000e+00
0.000000000000000000e+00
0.000000000000000000e+00
0.000000000000000000e+00
0.000000000000000000e+00
0.000000000000000000e+00
0.000000000000000000e+00
0.000000000000000000e+00
0.000000000000000000e+00
0.000000000000000000e+00
0.000000000000000000e+00
0.000000000000000000e+00
0.000000000000000000e+00
