2.305603027343750000e+00
1.463791846361057525e+00
-4.685516596301874115e-01
-5.644561621478795255e-01
-4.988473356242937307e-01
-1.303718831922340282e+00
7.565260481447482199e-01
1.771886802409539108e+00
3.596123232060177699e-02
-8.634954033313162469e-01
-1.830691286119519035e-01
-1.445560200909143944e+00
-7.180486728452506462e-02
2.200942210869182958e+00
-4.732586831049063747e-01
-1.742387552837994624e+00
8.248217118387985991e-01
2.643376195000187057e+00
-1.341250935456791860e+00
-1.426587131503975536e+00
1.430446623013343244e+00
3.924431058663011562e-01
3.179167070224562242e-01
2.142273470171266236e+00
1.945857906882184629e-01
-7.896539041136434456e-01
1.534708676131832483e+00
9.742529249124340929e-01
9.692682128278726772e-01
1.905923888857135706e+00
4.181865635204809806e+00
4.927842743348167076e+00
3.467828033131121312e+00
1.622656569577833885e+00
2.851574753337253743e-01
-6.305592373591080158e-01
8.597829339023368433e-01
1.061334391025114954e+00
1.480430522748171107e+00
3.700203430120876380e+00
5.057759863078594265e+00
3.265488349201825180e+00
9.449450519606550358e-01
-1.107273712573500823e+00
-4.606413012281253216e+00
-9.987838526157123198e+00
-6.983918270624293712e+00
9.939158915168944120e-01
4.609575918666485528e+00
-1.401243660148955072e+00
-1.908520823984913850e+00
-1.870285253969296457e+00
-2.751588891194161945e+00
-9.909205746068163734e-01
-9.599729470158022693e-01
-3.448499394487428482e+00
-4.588704671117318945e+00
-2.255230753481900052e+00
-2.971587219368215571e+00
-5.303286891807683645e+00
-4.695304642355239366e+00
-2.492129850087186682e+00
-1.166239211994053671e+00
3.102927222345952529e-02
2.249415392285012416e+00
3.394733219717506856e+00
2.328760440870702553e+00
-3.602526470692195559e-01
-1.444183667924481274e+00
-3.031964572034362426e-01
-1.274692215721447752e+00
-3.438806938818569581e+00
-2.249000623910556218e+00
6.238585775782814480e-01
1.238054650663922951e+00
-1.698736815737599049e+00
-1.373472709007685921e-01
2.281994556326004453e+00
3.289824952126619628e+00
1.705371476813111187e-02
5.279954075137042180e-01
1.592524946797372110e+00
-4.838743407198338176e-01
9.382901105006038467e-01
1.729758662176684947e+00
1.534699155161731721e+00
1.548730281614664195e+00
-1.103964308810501116e-01
-1.451225982289022554e+00
-9.788650647727630272e-01
-7.267032727392699343e-01
-1.491036119489751899e+00
-2.460660375105888864e+00
-1.160380057701169809e+00
-1.267431234787885774e-01
3.493202035557341212e-02
-6.984806301778148097e-01
-1.409595112489335111e+00
-7.673631627350303575e-01
9.152846108482495247e-01
8.232550643199860740e-01
-2.318692671271795902e-01
4.064484937401811049e-01
9.730548409744985694e-01
3.804907797435901351e-01
-7.274378939853318737e-01
1.166398402133979051e+00
2.982043073599864869e+00
1.111531427948242001e+00
-3.366950404468402880e-01
-1.437085179124019785e+00
-1.824576860849993043e+00
-5.201621044331519172e-01
-1.965109533337630277e+00
-3.729334021555264389e+00
-1.551662629681856309e+00
-6.611465367651008229e-01
-2.707637078723148960e+00
-2.513926779366733921e+00
-1.175889233044468796e+00
-2.696753490335446202e-02
4.743908587448895098e-01
-3.225899664635401010e-01
5.143377675082572154e-01
2.745168304745090992e+00
2.316989846334544190e+00
1.826807980742614079e+00
2.109634247476409818e+00
1.441307035875293519e+00
6.049879664060178186e-01
9.434879233681532362e-01
1.088702822652842794e+00
1.060194106455113694e+00
1.254965544074883921e+00
1.329580998888906240e+00
1.409655931780488647e+00
-5.310976874001616110e-03
-1.552427177177567064e+00
-9.893123626209135990e-01
-8.343587782628192340e-01
-1.622069070045744299e+00
-1.115673572281646209e+00
-9.756830049012648054e-01
-1.001498149755798650e+00
8.396123259097731939e-02
-4.372525191496392516e-01
-1.158322499288342078e+00
-5.740596668048837392e-01
-7.376602076187255275e-02
3.920974204320868406e-01
1.117593972096638799e+00
1.024791423173952332e+00
7.976162035729490452e-01
3.706849285960066576e-01
1.299877720766049460e-01
2.463186437386203353e-01
-5.311946058052645636e-01
-1.398987575712275611e+00
-1.530763088305028941e+00
-4.237813606779854414e-01
2.133749203880963563e-01
-5.385254950608509006e-01
-1.969021124112236620e+00
-2.958382697707307774e+00
-3.898058676950227674e+00
-4.807747320935767732e+00
-4.573654559997829772e+00
-3.027205023334935241e+00
-7.832792506556978118e-01
1.418623937679254876e+00
2.017576384334498929e+00
1.388953031679525107e+00
1.301606929292542958e+00
1.344048191040041917e+00
1.443329583871989730e+00
1.811369205619636880e+00
1.730026165210067912e+00
3.648351950813819577e-01
-7.743574094919836170e-01
-3.793651650808089748e-01
6.407459036536349295e-01
1.161959149165138427e+00
1.563685214888265840e+00
1.980846324939118386e+00
1.419612048648283054e+00
-8.073816250941057149e-02
-1.353427399918914142e+00
2.174976238661169292e-01
9.249404990391831838e-01
5.390353990029412845e-01
4.163805434925875737e-01
2.123117074906422097e-02
-5.881530228745834865e-01
-1.108307523481624424e+00
-1.991821938621717969e+00
-2.864352086824931032e+00
-3.319303308166108302e+00
-3.145831937287637547e+00
-1.457631256682999421e+00
-2.965889736365334706e-01
-2.968613329247444810e-01
-4.932498399748111995e-01
-4.535546145519591121e-01
-3.784186120648720397e-01
-4.877527279462648968e-01
-4.343061869813712450e-01
5.478083471915350389e-01
-3.639602218918125409e-02
-5.275258632683497151e-01
-3.691221447570068870e-01
-2.887499473735239963e-01
-7.946329474918283342e-01
-1.248605695688089545e+00
-1.495221211077721435e+00
-1.118043190530630282e+00
-9.314885916203615723e-01
-7.058783281857347047e-01
2.514134158371412742e-01
6.177665184588273517e-01
3.122807119063253367e-02
-3.956511931785869352e-02
-2.520307455266818097e-01
7.519517211525905687e-02
5.371923643467946263e-01
6.445224076782343214e-01
1.863494048819759330e-01
-5.358150688321997590e-01
-1.134063134155405050e+00
-1.559557588954461282e+00
-1.390473590890802358e+00
-1.188987376062611956e+00
-7.215084435082030900e-01
9.967482328828236593e-02
-1.147642096397183398e-01
-4.734663247257016039e-01
-3.810860472987345204e-01
6.552323953278382795e-02
-3.958125076813812093e-03
-3.096384275308874390e-01
-5.611383143232504533e-01
-5.243584888082880591e-01
-2.680864177886554955e-01
-1.293817704596897933e-01
-5.956558211403221170e-01
-2.152135661893507468e+00
-2.784716293481805938e+00
-2.884831870180260438e+00
-2.538953930780892598e+00
-1.908893465393089128e+00
-1.221073743760135555e+00
-3.172274313386560518e-01
3.377828789518044772e-01
3.988068392357755343e-01
3.754349085967889632e-01
3.330649074827891631e-01
-3.004621094144842575e-01
4.319629036800187727e-01
1.245091318136942959e+00
1.734358667902009099e+00
1.579146913741485303e+00
1.046709414543423033e+00
7.639419317524800412e-01
2.322302248284358051e-01
-5.629275529233055408e-01
-3.081818910328868455e-01
8.016384184016560610e-01
1.770101196616538530e+00
1.802066950542015711e+00
1.737120719204771291e+00
1.653415369167686499e+00
1.280469817965072643e+00
1.272311600982487967e+00
2.070544027865254932e+00
1.255378284079220474e+00
-1.391300316981196161e+00
-3.825752027123146881e+00
-4.766371924357600598e+00
-4.285789545142291601e+00
-3.582715525971243320e+00
-2.790054610746253161e+00
-1.697375883145903597e+00
-8.603138864940227393e-01
-8.866528793312846712e-01
-1.579899727221901973e+00
-1.447282701666256610e+00
-8.831080183647439519e-01
-4.641436401973206838e-01
-4.252144662008151554e-01
8.079375364705803086e-01
1.055745220762705383e+00
6.342148381907115606e-01
6.980844574139623004e-01
7.656351952884018486e-01
-2.515677469634646779e-01
-2.582484966912537705e-01
-4.435861145115925219e-01
-4.357818269820792345e-01
1.560789652826466423e-03
-3.565034502084762913e-02
-3.168030621825344006e-01
-5.222417729441413137e-01
-1.624238828247225319e+00
-2.182342806874450147e+00
-1.640261852347614457e+00
-7.782404118964106887e-01
-4.697834030095344726e-01
2.264029928959145899e-01
1.237066721392175328e+00
9.653285914122514688e-01
1.546226922500628431e+00
2.306429277111542664e+00
1.068046627385948799e+00
-4.691730455804585809e-01
1.108171867555596712e+00
2.103256554975392323e+00
1.503670709350553469e+00
2.293432494276468780e+00
2.913375750481307591e+00
1.906565180101294610e+00
3.954466875691853289e-01
4.313990613073315217e-01
7.477249669596539583e-01
-1.156027934004799640e-01
-2.296803709910146818e+00
-2.945120267303532380e+00
-1.584467241444027508e+00
-1.291591251199559753e+00
-2.613969241788222764e+00
-3.101901294218676775e+00
-2.343200289988998541e+00
-3.782784237483285406e-01
-1.188728407023054157e+00
-1.498279019032440651e+00
8.266921849326713811e-02
1.797759571123838107e+00
2.665862720567943267e+00
-3.603706398130814836e-01
-7.631796603599458884e-01
1.632738280967515720e+00
7.276097452593679460e-01
-7.842503611949056541e-01
5.040604526667724627e-02
1.248748094850407275e+00
4.491190941522289481e-01
-1.516805734256425175e+00
-1.676935906752936134e+00
-3.714452872571181175e-01
3.899372403090191064e-01
-1.876472400808137930e-01
-1.923439179944642863e+00
-1.458642174450101470e+00
-6.899326362429918369e-01
-1.143839122135435815e+00
-1.601146765377373882e+00
-4.701656493918124902e-01
3.380384278920063323e-01
1.370832292722605983e+00
1.758192837245105444e+00
1.237843875689129014e+00
3.821949396268966570e-01
4.621658565111874672e-01
6.401888108903435182e-01
5.161970419913243235e-01
3.345586330530334607e+00
4.410816486187311369e+00
3.056810721134435305e-01
-3.062946864413000903e+00
1.355162556084499315e-02
2.550724290957069762e+00
1.583605067749851436e-01
-2.821826059128286435e+00
-3.114740721190825568e+00
-1.281506787162615790e+00
-6.240511492401386029e-01
-1.261235350286005197e+00
5.191332891214508471e-01
2.499325148213174863e+00
1.988065183453944673e+00
5.757324479800468575e-01
2.997160477136635581e-01
-1.062669569737597186e+00
-2.808451683469293414e+00
-3.836825282449081609e+00
-4.700402628887417222e+00
-4.193100870048520612e+00
-1.931484969080110803e+00
-1.702998017573981393e+00
-1.746855992077625430e+00
-1.897858298793819287e+00
-4.068181214799525769e+00
-3.451088990023124303e+00
5.083479674667668036e-02
-8.314550786870604782e-01
2.158216418760048327e-01
4.671184129331289903e+00
-2.021652435631969613e+00
-9.314912812727467184e+00
-7.281935775392465615e+00
-3.809297126931268096e+00
-4.555888175115629934e-02
2.075182323609953805e+00
2.953396998894215031e+00
4.410824036073702104e+00
4.258347232834646334e+00
1.368690569147839042e+00
-1.140736178035885118e+00
-2.155161137736404164e+00
1.284191834616215111e-01
1.011999632893761492e+00
3.155553089363768660e+00
4.844905413599163602e+00
4.146318908987024265e+00
2.720498481796551182e+00
2.199181925377714286e+00
9.492783360730285835e-01
2.268732192800593239e-02
-3.627020788983092991e-01
6.752722475657870760e-01
1.266021719868303474e+00
1.055272794481227683e+00
6.743265067026831261e-01
1.156681750347606119e+00
-2.214354048410012155e-01
-1.403682741784544552e+00
4.486967290196073321e-01
2.341921492652719206e+00
-6.418780761297731008e-01
-1.497721293262504361e+00
2.044050279372262580e-01
1.557704863355171110e+00
-1.212660941030859085e+00
-9.100181740611175130e-01
-2.848285512017636467e-01
2.044745225607200734e-01
1.095783669408020078e+00
1.094433428633677874e+00
-1.082130052635362549e+00
-1.172851823952479000e+00
-5.728287978222709187e-01
-4.459363346585006882e-01
6.547772718274151860e-01
-4.749316148940375126e-01
0.000000000000000000e+00
0.000000000000000000e+00
0.000000000000000000e+00
0.000000000000000000e+00
0.000000000000000000e+00
0.000000000000000000e+00
0.000000000000000000e+00
0.000000000000000000e+00
0.000000000000000000e+00
0.000000000000000000e+00
0.000000000000000000e+00
0.000000000000000000e+00
0.000000000000000000e+00
0.000000000000000000e+00
0.000000000000000000e+00
0.000000000000000000e+00
0.000000000000000000e+00
0.000000000000000000e+00
0.000000000000000000e+00
0.000000000000000000e+00
0.000000000000000000e+00
0.000000000000000000e+00
0.000000000000000000e+00
0.000000000000000000e+00
0.000000000000000000e+00
0.000000000000000000e+00
0.000000000000000000e+00
0.000000000000000000e+00
0.000000000000000000e+00
0.000000000000000000e+00
0.000000000000000000e+00
0.000000000000000000e+00
0.000000000000000000e+00
0.000000000000000000e+00
0.000000000000000000e+00
0.000000000000000000e+00
0.000000000000000000e+00
0.000000000000000000e+00
0.000000000000000000e+00
0.000000000000000000e+00
0.000000000000000000e+00
0.000000000000000000e+00
0.000000000000000000e+00
0.000000000000000000e+00
0.000000000000000000e+00
0.000000000000000000e+00
0.000000000000000000e+00
0.000000000000000000e+00
0.000000000000000000e+00
0.000000000000000000e+00
0.000000000000000000e+00
0.000000000000000000e+00
0.000000000000000000e+00
0.000000000000000000e+00
0.000000000000000000e+00
0.000000000000000000e+00
0.000000000000000000e+00
0.000000000000000000e+00
