-2.830108642578125888e+00
-2.251408873490385432e+00
-2.248920356075993610e+00
-1.891202453504838843e+00
-1.169633775354954608e+00
-2.770333097883437290e-04
1.062056377312079913e+00
1.314047500338600294e+00
1.171434595736492668e+00
1.404721449088110807e+00
9.346771045312731729e-01
7.132498619373053295e-01
1.976435351625465131e-01
-4.700634772127769700e-01
-1.259569091335954738e-01
1.262379269197831055e+00
7.814910058853969943e-01
-1.687372595077045734e-01
-7.596085410510075020e-01
-1.102122906557672088e-01
7.848444160052274743e-01
-4.091580087836932389e-02
-1.053879544850392813e+00
-8.859359396445066759e-01
-4.081509895904275043e-01
-2.329145559547584066e-01
-4.763244049373444033e-01
8.167980089122073295e-02
7.970307971723079588e-01
1.076610739847739584e+00
5.856806297870087441e-01
1.745402965854647714e-01
5.980456280524928947e-02
-1.171467128752076148e-01
3.948336479575242919e-02
1.675868076098314674e-01
6.466340483805343986e-02
-3.206155028280268660e-01
-3.168483160093463202e-01
5.580420268636483438e-01
7.716624531169942180e-01
5.431458082083777672e-01
4.049892058548874574e-01
7.194168456878763385e-01
7.442023252814814471e-01
3.155575309553041441e-01
-3.570716965120295239e-01
-6.560789855524651326e-01
-1.812889049581375422e-01
-4.270836444724875336e-01
-1.043821605564020372e+00
-1.037540484343042468e+00
-7.070089975364773904e-01
-3.172765528127841073e-01
-1.158303507486468931e-02
1.929780942292779189e-01
4.090398145415177211e-01
7.066959794881464418e-01
6.808944578841522599e-01
3.232470443440461638e-01
-1.213937189628926383e-01
-6.064593285640955678e-01
-9.784976851322493285e-01
-1.143950214353438133e+00
-1.140458050413555080e+00
-1.013204049998861045e+00
-7.703477561487563907e-01
-3.496427884005154363e-01
2.914851832339844240e-01
6.419620377682306867e-01
4.852382159459177613e-01
-1.135031157562456094e-01
-2.360102310260990266e-01
-3.677761725341537336e-01
-4.435850235588071344e-01
-2.867242836607282186e-01
-8.805406524602665819e-02
-2.069262358342912611e-01
-7.238081878033106875e-01
-4.826685516386288732e-01
-2.525633735606844787e-01
-1.446551588455158299e-01
-6.412475088495700470e-02
-3.974516053784349356e-01
-8.481238906272687839e-01
-1.162696652716808998e+00
-9.884003206501814631e-01
-6.430182018880383765e-01
-7.554656192464257458e-01
-1.045704633158528907e+00
-6.981417301326802161e-01
-2.084473733360159287e-02
4.079505073549594130e-03
-6.565077926115330254e-01
-8.264678137728651564e-01
-4.104244199398681126e-01
-6.489841807402374485e-02
8.987235457052121790e-01
1.544032978679016788e+00
1.701403951600335196e+00
1.472312154897060354e+00
1.399039840311862237e+00
1.744613706077162929e+00
1.548637455753041570e+00
8.068477864856413717e-01
1.613159863406710137e-02
-4.168142420815794669e-01
-5.253707487731181791e-01
-2.787874624991308892e-01
3.080278512470138175e-01
5.833233607323724534e-01
-3.444383789522633688e-01
-1.566216528269929631e+00
-1.767508490035871738e+00
-1.428948529782169352e+00
-9.218169592352638553e-01
-3.483288902344479077e-01
2.457264092166601133e-01
-1.704158123631362987e-01
-5.936518052139239110e-01
-9.208870582073471756e-01
-8.826579261025895295e-01
-2.293073685782166526e-01
-2.759161968094159256e-02
-1.396337829159446375e-01
4.552302351004278158e-02
8.401736603796585712e-01
1.561008169502753784e+00
1.324512050502157257e+00
1.050113811913425010e+00
7.773045772510420726e-01
4.326930866761241057e-01
-6.468345171129277760e-03
1.788187646849571655e-01
2.411122657567701388e-01
2.199067390410859857e-01
2.601444921408898603e-01
2.598682731440227212e-01
1.340670661468839064e-01
-2.635758991364722803e-02
-9.926021039354315789e-02
-7.648906531894161809e-02
7.188681328887769340e-02
4.273904473899035050e-01
9.032870015557667998e-01
1.148142555568777867e+00
1.002243609712109240e+00
9.259496901010909609e-01
8.810659604015396162e-01
8.999001109879625204e-01
1.109656730122574153e+00
1.302192625032887907e+00
1.048291342973849849e+00
8.715093615083491230e-01
8.551040606979465331e-01
1.033943365404718540e+00
1.329249465127815277e+00
1.503426075070343870e+00
1.433590048110412019e+00
1.063713125643048762e+00
2.175938857885872935e-01
-9.907949075800344119e-01
-2.214297626516978035e+00
-1.958878810578381202e+00
-1.099413911144710765e+00
-1.275188262918507398e-01
6.239411130668317540e-01
9.876728239247722918e-01
9.592803537681344750e-01
5.570109034404786552e-01
-4.356413070237408203e-02
-5.311562886131585559e-01
-7.395795052384912527e-01
-6.574803315749857546e-01
-3.428230693097596982e-01
7.523787356149536087e-02
3.053232293774545969e-01
-1.897855153868079903e-01
-1.380307163043523078e+00
-2.739970662789864786e+00
-3.587269821074693166e+00
-3.206964726062274895e+00
-1.629098089923864290e+00
7.002079879425560094e-02
7.850084305848841204e-01
8.594016307583862702e-01
7.222187900359511303e-02
-2.396337632634307102e+00
-2.552663755454261718e+00
-8.427867495822811694e-01
1.288777956502477950e+00
1.910053707382840305e+00
1.222430160163331836e+00
7.846733523068676330e-01
7.138741022573789063e-01
9.416555878949011138e-01
9.954212383730178804e-01
6.478720671178040957e-01
1.775458858909608195e-01
7.110595703123501199e-03
1.775458858909608195e-01
6.478720671178040957e-01
9.954212383730178804e-01
9.416555878949011138e-01
7.138741022573789063e-01
7.846733523068676330e-01
1.222430160163331836e+00
1.910053707382840305e+00
1.288777956502477950e+00
-8.427867495822811694e-01
-2.552663755454261718e+00
-2.396337632634307102e+00
7.222187900359511303e-02
8.594016307583862702e-01
7.850084305848841204e-01
7.002079879425560094e-02
-1.629098089923864290e+00
-3.206964726062274895e+00
-3.587269821074693166e+00
-2.739970662789864786e+00
-1.380307163043523078e+00
-1.897855153868079903e-01
3.053232293774545969e-01
7.523787356149536087e-02
-3.428230693097596982e-01
-6.574803315749857546e-01
-7.395795052384912527e-01
-5.311562886131585559e-01
-4.356413070237408203e-02
5.570109034404786552e-01
9.592803537681344750e-01
9.876728239247722918e-01
6.239411130668317540e-01
-1.275188262918507398e-01
-1.099413911144710765e+00
-1.958878810578381202e+00
-2.214297626516978035e+00
-9.907949075800344119e-01
2.175938857885872935e-01
1.063713125643048762e+00
1.433590048110412019e+00
1.503426075070343870e+00
1.329249465127815277e+00
1.033943365404718540e+00
8.551040606979465331e-01
8.715093615083491230e-01
1.048291342973849849e+00
1.302192625032887907e+00
1.109656730122574153e+00
8.999001109879625204e-01
8.810659604015396162e-01
9.259496901010909609e-01
1.002243609712109240e+00
1.148142555568777867e+00
9.032870015557667998e-01
4.273904473899035050e-01
7.188681328887769340e-02
-7.648906531894161809e-02
-9.926021039354315789e-02
-2.635758991364722803e-02
1.340670661468839064e-01
2.598682731440227212e-01
2.601444921408898603e-01
2.199067390410859857e-01
2.411122657567701388e-01
1.788187646849571655e-01
-6.468345171129277760e-03
4.326930866761241057e-01
7.773045772510420726e-01
1.050113811913425010e+00
1.324512050502157257e+00
1.561008169502753784e+00
8.401736603796585712e-01
4.552302351004278158e-02
-1.396337829159446375e-01
-2.759161968094159256e-02
-2.293073685782166526e-01
-8.826579261025895295e-01
-9.208870582073471756e-01
-5.936518052139239110e-01
-1.704158123631362987e-01
2.457264092166601133e-01
-3.483288902344479077e-01
-9.218169592352638553e-01
-1.428948529782169352e+00
-1.767508490035871738e+00
-1.566216528269929631e+00
-3.444383789522633688e-01
5.833233607323724534e-01
3.080278512470138175e-01
-2.787874624991308892e-01
-5.253707487731181791e-01
-4.168142420815794669e-01
1.613159863406710137e-02
8.068477864856413717e-01
1.548637455753041570e+00
1.744613706077162929e+00
1.399039840311862237e+00
1.472312154897060354e+00
1.701403951600335196e+00
1.544032978679016788e+00
8.987235457052121790e-01
-6.489841807402374485e-02
-4.104244199398681126e-01
-8.264678137728651564e-01
-6.565077926115330254e-01
4.079505073549594130e-03
-2.084473733360159287e-02
-6.981417301326802161e-01
-1.045704633158528907e+00
-7.554656192464257458e-01
-6.430182018880383765e-01
-9.884003206501814631e-01
-1.162696652716808998e+00
-8.481238906272687839e-01
-3.974516053784349356e-01
-6.412475088495700470e-02
-1.446551588455158299e-01
-2.525633735606844787e-01
-4.826685516386288732e-01
-7.238081878033106875e-01
-2.069262358342912611e-01
-8.805406524602665819e-02
-2.867242836607282186e-01
-4.435850235588071344e-01
-3.677761725341537336e-01
-2.360102310260990266e-01
-1.135031157562456094e-01
4.852382159459177613e-01
6.419620377682306867e-01
2.914851832339844240e-01
-3.496427884005154363e-01
-7.703477561487563907e-01
-1.013204049998861045e+00
-1.140458050413555080e+00
-1.143950214353438133e+00
-9.784976851322493285e-01
-6.064593285640955678e-01
-1.213937189628926383e-01
3.232470443440461638e-01
6.808944578841522599e-01
7.066959794881464418e-01
4.090398145415177211e-01
1.929780942292779189e-01
-1.158303507486468931e-02
-3.172765528127841073e-01
-7.070089975364773904e-01
-1.037540484343042468e+00
-1.043821605564020372e+00
-4.270836444724875336e-01
-1.812889049581375422e-01
-6.560789855524651326e-01
-3.570716965120295239e-01
3.155575309553041441e-01
7.442023252814814471e-01
7.194168456878763385e-01
4.049892058548874574e-01
5.431458082083777672e-01
7.716624531169942180e-01
5.580420268636483438e-01
-3.168483160093463202e-01
-3.206155028280268660e-01
6.466340483805343986e-02
1.675868076098314674e-01
3.948336479575242919e-02
-1.171467128752076148e-01
5.980456280524928947e-02
1.745402965854647714e-01
5.856806297870087441e-01
1.076610739847739584e+00
7.970307971723079588e-01
8.167980089122073295e-02
-4.763244049373444033e-01
-2.329145559547584066e-01
-4.081509895904275043e-01
-8.859359396445066759e-01
-1.053879544850392813e+00
-4.091580087836932389e-02
7.848444160052274743e-01
-1.102122906557672088e-01
-7.596085410510075020e-01
-1.687372595077045734e-01
7.814910058853969943e-01
1.262379269197831055e+00
-1.259569091335954738e-01
-4.700634772127769700e-01
1.976435351625465131e-01
7.132498619373053295e-01
9.346771045312731729e-01
1.404721449088110807e+00
1.171434595736492668e+00
1.314047500338600294e+00
1.062056377312079913e+00
-2.770333097883437290e-04
-1.169633775354954608e+00
-1.891202453504838843e+00
-2.248920356075993610e+00
-2.251408873490385432e+00
0.000000000000000000e+00
0.000000000000000000e+00
0.000000000000000000e+00
0.000000000000000000e+00
0.000000000000000000e+00
0.000000000000000000e+00
0.000000000000000000e+00
0.000000000000000000e+00
0.000000000000000000e+00
0.000000000000000000e+00
0.000000000000000000e+00
0.000000000000000000e+00
0.000000000000000000e+00
0.000000000000000000e+00
0.000000000000000000e+00
0.000000000000000000e+00
0.000000000000000000e+00
0.000000000000000000e+00
0.000000000000000000e+00
0.000000000000000000e+00
0.000000000000000000e+00
0.000000000000000000e+00
0.000000000000000000e+00
0.000000000000000000e+00
0.000000000000000000e+00
0.000000000000000000e+00
0.000000000000000000e+00
0.000000000000000000e+00
0.000000000000000000e+00
0.000000000000000000e+00
0.000000000000000000e+00
0.000000000000000000e+00
0.000000000000000000e+00
0.000000000000000000e+00
0.000000000000000000e+00
0.000000000000000000e+00
0.000000000000000000e+00
0.000000000000000000e+00
0.000000000000000000e+00
0.000000000000000000e+00
0.000000000000000000e+00
0.000000000000000000e+00
0.000000000000000000e+00
0.000000000000000000e+00
0.000000000000000000e+00
0.000000000000000000e+00
0.000000000000000000e+00
0.000000000000000000e+00
0.000000000000000000e+00
0.000000000000000000e+00
0.000000000000000000e+00
0.000000000000000000e+00
0.000000000000000000e+00
0.000000000000000000e+00
0.000000000000000000e+00
0.000000000000000000e+00
0.000000000000000000e+00
0.000000000000000000e+00
0.000000000000000000e+00
0.000000000000000000e+00
0.000000000000000000e+00
0.000000000000000000e+00
0.000000000000000000e+00
0.000000000000000000e+00
0.000000000000000000e+00
0.000000000000000000e+00
0.000000000000000000e+00
0.000000000000000000e+00
0.000000000000000000e+00
0.000000000000000000e+00
0.000000000000000000e+00
0.000000000000000000e+00
0.000000000000000000e+00
0.000000000000000000e+00
0.000000000000000000e+00
0.000000000000000000e+00
0.000000000000000000e+00
0.000000000000000000e+00
0.000000000000000000e+00
0.000000000000000000e+00
0.000000000000000000e+00
0.000000000000000000e+00
0.000000000000000000e+00
0.000000000000000000e+00
0.000000000000000000e+00
0.000000000000000000e+00
0.000000000000000000e+00
0.000000000000000000e+00
0.000000000000000000e+00
0.000000000000000000e+00
0.000000000000000000e+00
0.000000000000000000e+00
0.000000000000000000e+00
0.000000000000000000e+00
0.000000000000000000e+00
0.000000000000000000e+00
0.000000000000000000e+00
0.000000000000000000e+00
0.000000000000000000e+00
0.000000000000000000e+00
0.000000000000000000e+00
0.000000000000000000e+00
