1.106628417968749556e+00
-5.898556228888462982e-02
-6.903593043298668075e-01
7.161386799985867135e-01
5.404278691728126027e-01
-5.653991504664701573e-02
-9.104631839617183253e-03
-6.728336274494766123e-01
-1.090163784992626006e+00
-8.284760814455253142e-01
-1.039222270054729336e-02
-6.650946631962697531e-01
-1.320682139756007345e+00
-9.028413690255192581e-01
1.558807737142554384e+00
3.601353869850032474e-01
-3.861842875164809286e-01
-3.829730169183207522e-01
3.236659778396679954e-01
1.815993298489413377e-01
5.826797733840676230e-01
-1.414902229614145579e-01
-1.422556470083869318e+00
-7.222060249929720399e-01
8.138188327853976833e-01
-1.561103478249320498e+00
-1.726089077209484568e+00
1.110315134377613422e+00
1.563307686294354681e+00
-1.074550653179540127e+00
-1.555603232862893037e+00
-6.037759983908670414e-01
-2.689062110494480073e-01
-6.222729430129092520e-02
2.281767992680963975e+00
1.616213524696513026e+00
-1.693407486911243875e+00
-9.767825384865904681e-01
9.253391202788776582e-01
9.632246469386096521e-02
-1.127504486383234195e+00
-8.273139752071627662e-01
2.337454344980198773e-01
1.523471843155784100e+00
1.063834761466820211e+00
-3.263294129197773508e-01
-2.081474736388310376e+00
-1.979382172510589122e+00
-9.019288752784202501e-01
3.106852968396952575e-01
-1.224676058755057806e+00
-1.941244623482657694e+00
-1.688780429218854851e+00
-5.825867030563964821e-01
2.204791473181837436e-01
4.421995508446612266e-01
7.817196692202755814e-01
1.052764942599033304e+00
1.053473501149535529e-01
8.694081925611556461e-01
1.579843718538779251e+00
1.351747201824480049e+00
1.039363410879394767e+00
1.159881910345279099e+00
2.865102871953599806e-01
-8.279774620747861746e-01
-1.036427531786368039e+00
-4.413431225453741114e-01
-3.311350255234476458e-01
-6.058486216212435327e-01
-2.996874143693850634e-01
2.737175733701897595e-01
2.494038071137469892e-01
-2.035218086480542476e-01
1.053531691592471953e-01
3.176127355880120628e-01
-3.513484610352741733e-01
-7.089526382165818319e-01
-7.371178062597181224e-01
-7.960689952479187426e-01
-9.976396959005846554e-01
-1.281239367146736807e+00
-1.550463433080118136e+00
-1.787887671235800502e+00
-1.886242077956551189e+00
-1.435338004165280790e+00
-1.147832130455861188e+00
-1.689974861288892960e+00
-1.787917726676690355e+00
-2.500504741170248568e-01
8.523706404979165541e-01
-2.650083549299533381e-01
-1.249882929145854860e+00
-9.808804693288957210e-01
3.885327443313000284e-01
1.152115518703831221e+00
6.604287162544490997e-01
1.142404727763568495e-01
1.042251766939177315e-01
4.621176517588416743e-01
5.448487632465426334e-01
-1.779834932430630623e-01
-9.456843904190905814e-01
-4.041103210561494130e-01
-2.112597719793793960e-01
-2.432619138468398168e-01
-2.068202040600675140e-02
1.156110764400417601e-01
9.747004380541474111e-02
3.883011050717155577e-02
-1.487897329708209870e-01
-6.325674390613116316e-01
-1.056849731324011721e+00
1.366351965218708386e-01
7.513936656250062018e-01
8.632925174994441342e-01
7.194039168496411119e-01
5.307238593584506781e-01
3.497944107705649452e-01
-2.827298286338482680e-01
-4.682694724280756504e-01
6.613031671485158913e-02
2.116073530437480033e-01
-4.887289027438290745e-01
4.539487810055808925e-01
1.149374589110512046e+00
4.556875721553430569e-01
-1.756442234316233586e+00
-1.727624641764517799e+00
-7.207602132516925941e-01
5.510691248949832755e-01
1.242660925744006217e+00
2.417243726309159513e-01
-1.969030249897523177e+00
-2.764667148500343785e+00
-1.908529838351267216e-01
2.143937721156230491e+00
2.860882533313429565e+00
1.827966414213930468e+00
1.149275498733581813e+00
1.409966919387451556e+00
1.258177683748582076e+00
6.913358376888033563e-01
7.623854670392882227e-01
1.053136694301195053e+00
3.676888548601544571e-01
-2.112908086424818421e-01
9.079835832996230316e-02
-2.951509466222661526e-01
-6.410031062741935459e-01
1.645527573463754667e+00
2.463531830286626700e+00
1.660344230400625287e+00
4.647741013071691185e-01
1.103590534643822174e+00
2.301717274129965407e+00
1.820146915642855578e+00
1.065670370783236454e+00
1.053955985011045371e+00
1.062910548303330094e+00
6.016895709689709104e-01
3.590048396593761293e-01
3.516992939496994541e-01
-1.560639663289042911e-02
-7.434532387955991029e-01
-6.200491448451572740e-01
1.508423383886445812e-01
9.962439416096344758e-01
1.081349776762363657e+00
1.320998670604198733e-01
3.610404110794140919e-01
7.168415557833238694e-01
4.983253482288287906e-01
-1.845535642134610299e-02
6.176024961050927686e-01
1.100953662638625152e+00
6.274985289682279976e-01
-2.256688350808619958e-01
-8.532548641233161923e-01
-1.062753571658758833e+00
-1.024131291985039827e+00
-1.626717710953314300e-01
-1.987931988263118566e-01
-6.213591489691561165e-01
-1.041412057841845540e+00
-8.546060863630480231e-01
-6.768745398538822400e-01
-9.882890197921678777e-01
-1.301108153411707269e+00
-1.154899572611338909e+00
-4.892092368842120287e-01
-4.049502059356082651e-01
-5.146055076187523447e-01
-2.213556592831646963e-01
-1.325639213331948341e-01
-8.170193682727842077e-01
-1.716184096751747656e+00
-1.875256870138056975e+00
-1.318239928369989267e+00
-1.318239928369989267e+00
-1.875256870138056975e+00
-1.716184096751747656e+00
-8.170193682727842077e-01
-1.325639213331948341e-01
-2.213556592831646963e-01
-5.146055076187523447e-01
-4.049502059356082651e-01
-4.892092368842120287e-01
-1.154899572611338909e+00
-1.301108153411707269e+00
-9.882890197921678777e-01
-6.768745398538822400e-01
-8.546060863630480231e-01
-1.041412057841845540e+00
-6.213591489691561165e-01
-1.987931988263118566e-01
-1.626717710953314300e-01
-1.024131291985039827e+00
-1.062753571658758833e+00
-8.532548641233161923e-01
-2.256688350808619958e-01
6.274985289682279976e-01
1.100953662638625152e+00
6.176024961050927686e-01
-1.845535642134610299e-02
4.983253482288287906e-01
7.168415557833238694e-01
3.610404110794140919e-01
1.320998670604198733e-01
1.081349776762363657e+00
9.962439416096344758e-01
1.508423383886445812e-01
-6.200491448451572740e-01
-7.434532387955991029e-01
-1.560639663289042911e-02
3.516992939496994541e-01
3.590048396593761293e-01
6.016895709689709104e-01
1.062910548303330094e+00
1.053955985011045371e+00
1.065670370783236454e+00
1.820146915642855578e+00
2.301717274129965407e+00
1.103590534643822174e+00
4.647741013071691185e-01
1.660344230400625287e+00
2.463531830286626700e+00
1.645527573463754667e+00
-6.410031062741935459e-01
-2.951509466222661526e-01
9.079835832996230316e-02
-2.112908086424818421e-01
3.676888548601544571e-01
1.053136694301195053e+00
7.623854670392882227e-01
6.913358376888033563e-01
1.258177683748582076e+00
1.409966919387451556e+00
1.149275498733581813e+00
1.827966414213930468e+00
2.860882533313429565e+00
2.143937721156230491e+00
-1.908529838351267216e-01
-2.764667148500343785e+00
-1.969030249897523177e+00
2.417243726309159513e-01
1.242660925744006217e+00
5.510691248949832755e-01
-7.207602132516925941e-01
-1.727624641764517799e+00
-1.756442234316233586e+00
4.556875721553430569e-01
1.149374589110512046e+00
4.539487810055808925e-01
-4.887289027438290745e-01
2.116073530437480033e-01
6.613031671485158913e-02
-4.682694724280756504e-01
-2.827298286338482680e-01
3.497944107705649452e-01
5.307238593584506781e-01
7.194039168496411119e-01
8.632925174994441342e-01
7.513936656250062018e-01
1.366351965218708386e-01
-1.056849731324011721e+00
-6.325674390613116316e-01
-1.487897329708209870e-01
3.883011050717155577e-02
9.747004380541474111e-02
1.156110764400417601e-01
-2.068202040600675140e-02
-2.432619138468398168e-01
-2.112597719793793960e-01
-4.041103210561494130e-01
-9.456843904190905814e-01
-1.779834932430630623e-01
5.448487632465426334e-01
4.621176517588416743e-01
1.042251766939177315e-01
1.142404727763568495e-01
6.604287162544490997e-01
1.152115518703831221e+00
3.885327443313000284e-01
-9.808804693288957210e-01
-1.249882929145854860e+00
-2.650083549299533381e-01
8.523706404979165541e-01
-2.500504741170248568e-01
-1.787917726676690355e+00
-1.689974861288892960e+00
-1.147832130455861188e+00
-1.435338004165280790e+00
-1.886242077956551189e+00
-1.787887671235800502e+00
-1.550463433080118136e+00
-1.281239367146736807e+00
-9.976396959005846554e-01
-7.960689952479187426e-01
-7.371178062597181224e-01
-7.089526382165818319e-01
-3.513484610352741733e-01
3.176127355880120628e-01
1.053531691592471953e-01
-2.035218086480542476e-01
2.494038071137469892e-01
2.737175733701897595e-01
-2.996874143693850634e-01
-6.058486216212435327e-01
-3.311350255234476458e-01
-4.413431225453741114e-01
-1.036427531786368039e+00
-8.279774620747861746e-01
2.865102871953599806e-01
1.159881910345279099e+00
1.039363410879394767e+00
1.351747201824480049e+00
1.579843718538779251e+00
8.694081925611556461e-01
1.053473501149535529e-01
1.052764942599033304e+00
7.817196692202755814e-01
4.421995508446612266e-01
2.204791473181837436e-01
-5.825867030563964821e-01
-1.688780429218854851e+00
-1.941244623482657694e+00
-1.224676058755057806e+00
3.106852968396952575e-01
-9.019288752784202501e-01
-1.979382172510589122e+00
-2.081474736388310376e+00
-3.263294129197773508e-01
1.063834761466820211e+00
1.523471843155784100e+00
2.337454344980198773e-01
-8.273139752071627662e-01
-1.127504486383234195e+00
9.632246469386096521e-02
9.253391202788776582e-01
-9.767825384865904681e-01
-1.693407486911243875e+00
1.616213524696513026e+00
2.281767992680963975e+00
-6.222729430129092520e-02
-2.689062110494480073e-01
-6.037759983908670414e-01
-1.555603232862893037e+00
-1.074550653179540127e+00
1.563307686294354681e+00
1.110315134377613422e+00
-1.726089077209484568e+00
-1.561103478249320498e+00
8.138188327853976833e-01
-7.222060249929720399e-01
-1.422556470083869318e+00
-1.414902229614145579e-01
5.826797733840676230e-01
1.815993298489413377e-01
3.236659778396679954e-01
-3.829730169183207522e-01
-3.861842875164809286e-01
3.601353869850032474e-01
1.558807737142554384e+00
-9.028413690255192581e-01
-1.320682139756007345e+00
-6.650946631962697531e-01
-1.039222270054729336e-02
-8.284760814455253142e-01
-1.090163784992626006e+00
-6.728336274494766123e-01
-9.104631839617183253e-03
-5.653991504664701573e-02
5.404278691728126027e-01
7.161386799985867135e-01
-6.903593043298668075e-01
-5.898556228888462982e-02
0.000000000000000000e+00
0.000000000000000000e+00
0.000000000000000000e+00
0.000000000000000000e+00
0.000000000000000000e+00
0.000000000000000000e+00
0.000000000000000000e+00
0.000000000000000000e+00
0.000000000000000000e+00
0.000000000000000000e+00
0.000000000000000000e+00
0.000000000000000000e+00
0.000000000000000000e+00
0.000000000000000000e+00
0.000000000000000000e+00
0.000000000000000000e+00
0.000000000000000000e+00
0.000000000000000000e+00
0.000000000000000000e+00
0.000000000000000000e+00
0.000000000000000000e+00
0.000000000000000000e+00
0.000000000000000000e+00
0.000000000000000000e+00
0.000000000000000000e+00
0.000000000000000000e+00
0.000000000000000000e+00
0.000000000000000000e+00
0.000000000000000000e+00
0.000000000000000000e+00
0.000000000000000000e+00
0.000000000000000000e+00
0.000000000000000000e+00
0.000000000000000000e+00
0.000000000000000000e+00
0.000000000000000000e+00
0.000000000000000000e+00
0.000000000000000000e+00
0.000000000000000000e+00
0.000000000000000000e+00
0.000000000000000000e+00
0.000000000000000000e+00
0.000000000000000000e+00
0.000000000000000000e+00
0.000000000000000000e+00
0.000000000000000000e+00
0.000000000000000000e+00
0.000000000000000000e+00
0.000000000000000000e+00
0.000000000000000000e+00
0.000000000000000000e+00
0.000000000000000000e+00
0.000000000000000000e+00
0.000000000000000000e+00
0.000000000000000000e+00
0.000000000000000000e+00
0.000000000000000000e+00
0.000000000000000000e+00
0.000000000000000000e+00
0.000000000000000000e+00
0.000000000000000000e+00
0.000000000000000000e+00
0.000000000000000000e+00
0.000000000000000000e+00
0.000000000000000000e+00
0.000000000000000000e+00
0.000000000000000000e+00
0.000000000000000000e+00
0.000000000000000000e+00
0.000000000000000000e+00
0.000000000000000000e+00
0.000000000000000000e+00
0.000000000000000000e+00
0.000000000000000000e+00
0.000000000000000000e+00
0.000000000000000000e+00
0.000000000000000000e+00
0.000000000000000000e+00
0.000000000000000000e+00
0.000000000000000000e+00
0.000000000000000000e+00
0.000000000000000000e+00
0.000000000000000000e+00
0.000000000000000000e+00
0.000000000000000000e+00
0.000000000000000000e+00
0.000000000000000000e+00
0.000000000000000000e+00
0.000000000000000000e+00
0.000000000000000000e+00
0.000000000000000000e+00
0.000000000000000000e+00
0.000000000000000000e+00
0.000000000000000000e+00
0.000000000000000000e+00
0.000000000000000000e+00
0.000000000000000000e+00
0.000000000000000000e+00
0.000000000000000000e+00
0.000000000000000000e+00
0.000000000000000000e+00
0.000000000000000000e+00
0.000000000000000000e+00
