-4.427795410156250000e-01
8.979683888572103090e-01
1.815129323242225645e+00
1.916577587953471884e+00
4.090385775640482890e+00
5.021532656651840121e+00
4.001740372559914327e+00
-1.586123389195737143e+00
-4.872469514892801001e-01
9.233001497835888749e-01
-1.558434209143964688e+00
-1.503932461228786543e+00
-2.350393279006799396e-01
-5.119340691620902106e+00
-4.950111766353137099e+00
-4.720790672908243835e-01
7.696820776693411581e-01
-2.210538799941334620e+00
-7.912074045584285287e-01
-3.958141239902969843e+00
-4.435152321127439734e+00
1.575824022830107474e+00
5.931442463690991040e+00
2.557316691155325117e+00
1.989837690361094147e+00
2.908913653871201710e+00
3.040739172447638694e+00
3.972528738815058524e+00
2.848239593114872292e+00
-2.350764075897392669e+00
9.604872780329634097e-01
4.169122144867102087e+00
4.822292954785614150e+00
-4.109525910079309341e+00
-6.012335160811536738e+00
2.997393471493303707e-01
4.679976497884452691e-01
-1.156051936756553378e+00
2.467015442766187228e-01
1.237931939493625677e+00
3.023025754917838093e+00
3.699563482504035328e+00
5.228440626109892797e+00
6.423157155796700657e+00
6.112764948218454286e+00
-4.599287881496030295e-01
-2.953786675723913291e+00
1.537646509484423607e+00
2.632881944865812507e-01
2.512925836285376135e+00
5.528053636228394296e+00
5.348858438677429383e+00
6.722256580104042811e+00
-1.401771081695229348e+00
-2.051466474382106497e-01
6.113428005924395947e+00
9.987884982912929033e-01
-9.377232686907266412e-01
-3.708366144723980184e-01
-2.652614758871245204e+00
-6.585964078232593444e-01
2.259454084271369734e+00
-9.895091192160403448e-01
-1.463485348323417590e+00
-5.389583914221374172e-01
7.879927008707343639e-02
1.056006147799981587e+00
1.482419221774388784e+00
1.980783603918704339e+00
4.252674124610942741e+00
5.539255544795727459e+00
3.925110921466901104e+00
2.086764461443032737e+00
1.844846167578968466e-01
-1.355173347794184968e+00
-3.651079763948450463e-01
7.973505511235398080e-01
1.539180973351175208e-01
1.233527674426016851e+00
7.532857242334847214e-01
-9.459436406232035743e-02
-2.520889659855727327e-01
-7.269426301476458185e-01
-1.428866585818262536e-01
6.766958781819520929e-01
4.939440379899240341e-02
1.910355870404274459e-01
-3.969067491174357309e-01
-1.668787473347876915e-01
1.486705146631011054e+00
2.821626668779555480e-01
-4.777243320556263662e-01
1.321784823724710289e+00
1.578388107063130485e+00
-2.410839464947462929e-01
-9.039924493077201584e-01
6.746547826421624983e-01
4.604329205119324087e-01
7.611255695089509388e-01
-1.918695378398935780e-01
-5.613665743374083306e-01
-5.400071123677712137e-01
-1.423049623456612789e+00
-4.487092452959571265e-01
5.762368391208405605e-01
-9.651175078581646360e-01
-1.818531212769660010e+00
-4.842398229510226360e-01
-6.055444584743652214e-01
8.253318747422908608e-01
3.267604654088112959e+00
1.601783012886311086e+00
-4.666807013428806439e-01
9.240385303783937854e-01
8.209876891091785200e-01
1.455320528446033768e+00
1.689201516362003774e+00
9.201505351666863231e-01
-1.152307065494416749e-01
2.036166327310156454e+00
2.861587841137215538e+00
1.629532326629167915e+00
1.412917079540479293e+00
2.428466986184242060e+00
9.946198507336281303e-01
-5.202295868932544920e-01
-9.052667196809638384e-03
8.266527670003636086e-01
5.804176985156253021e-01
-3.909052922997142687e-01
-9.679588535739187538e-01
-1.766524486613458400e+00
-2.614323262544835380e+00
-2.198109203800748812e+00
-6.301838291398191849e-01
-7.207390239756686912e-01
5.200202315620083837e-01
-5.717554006367111530e-01
-7.244890245043886789e-01
1.063173127013323338e+00
-1.148485878533374027e-01
-2.344542377365375962e+00
-1.009286435888768763e+00
3.806338184809083813e-01
-2.296901602510792451e-01
-4.981571579423358376e-01
-9.381649336837162290e-01
-5.478064468885732730e-01
-8.828645774490023745e-01
4.138121369753668954e-01
-3.524395468421204214e-02
2.059717091543111778e-02
-6.090930328508314950e-02
-7.719433678072757932e-01
-1.516877722493202629e+00
-2.854970759917017098e-01
-8.528667768106499292e-01
-2.078535320250359586e+00
-1.524064239195656478e+00
-9.030400773922102609e-01
-1.723940429217029724e+00
-2.746135130677660907e+00
-1.471410447943984234e+00
-1.480729863856919515e+00
-2.368613902528091675e+00
-3.101317324664384589e+00
-2.591408920299556051e+00
-5.472998470638379409e-01
1.314635151419276893e+00
-1.676221376627650361e+00
-2.446449584963469093e+00
8.869084346239217709e-01
-2.362197775734349303e+00
-5.717552561801355182e+00
-5.018262206994600128e+00
-3.949901358097122284e+00
-3.852838246904938480e+00
-3.243972527584967569e+00
-1.688191095416066378e+00
2.714895695500367800e-01
-1.272809583802871014e+00
-9.992280329005680528e-01
2.107633434018261198e-01
1.606416064586688730e+00
3.602060595385450981e+00
-1.553005576057802539e+00
-5.895688279823836808e+00
-4.982091086378822808e+00
-5.680914851228497930e-01
-3.827666865126066131e+00
-1.929818019344005542e+00
2.559111902822539086e+00
-3.039061483523814999e+00
-2.011267040896711933e+00
4.301899020626398062e+00
-4.116830626184535546e-01
-2.870779039752495265e+00
-1.118847001681261499e+00
1.227731068156401317e+00
-3.156287322410604723e-01
5.208509166837353987e-01
2.242741302003919301e+00
2.647907005792776047e+00
3.641804340390778272e+00
6.635736497425526181e-01
-1.195723046317019200e+00
1.497692837842388158e-01
7.777082824345011858e-01
1.917620935679833494e-01
9.136304748341697035e-01
2.950302404241408105e+00
3.877364225268513209e+00
-1.267787026501717040e+00
-1.644361749586367605e+00
1.273044042061634906e+00
-4.935150047678584784e-01
-1.698127981420106458e+00
-1.009946562573100337e+00
4.279966033508557643e-01
2.138223063641328192e+00
1.358750600582746770e+00
-2.139694827050973469e+00
2.862279342410691818e-01
1.973071573682051660e+00
2.013183974374960439e+00
1.747727976985865350e+00
1.517185001342451711e+00
1.166446872602361795e+00
5.467853861031393148e-01
6.456411943280286891e-01
2.166956346933272215e+00
3.747248342294033030e+00
5.132931533804439006e+00
7.220888290229654061e+00
6.435107889327612796e+00
5.251974562370096855e+00
3.988672712604500958e+00
2.320945641710488339e+00
1.176043005697988697e+00
2.447525250660737672e+00
3.055708304678560694e+00
2.483813667607178477e+00
2.520241906360526141e+00
2.750264338241822593e+00
7.503645723854615035e-01
1.581310647799166968e+00
4.138594236908359036e+00
4.158242999965906961e+00
4.788556378116934020e+00
2.061443726291705580e+00
-2.249951837373642682e-01
1.944780947089553624e+00
2.177418340971862598e+00
3.946848200885875180e-01
-2.178004066557046592e-01
7.928327342630336894e-02
4.583467313935651877e-01
2.023909210723249252e-01
1.918758811056379798e+00
3.793689092717602129e+00
3.101376196234385318e+00
1.904751313951512648e+00
1.720037013765585598e+00
7.735812144563248838e-01
4.297565220558200449e-01
9.375820925123314886e-01
-6.526477445638612096e-04
8.262083442035283998e-01
1.481217785975600831e+00
5.144054278138974201e-01
3.427268229166613445e-01
7.279411517445322222e-01
1.189008143785621696e+00
4.792138240581329534e-01
6.171935479386225776e-01
9.107407243546739029e-01
-9.127033004273252814e-01
-6.067115415170958315e-01
5.761834627272954812e-01
-5.947583050114744196e-01
-1.440497415385713520e+00
-1.995886056626160698e+00
-1.380836251174948348e+00
4.935715487846881189e-02
3.925239359271976980e-01
-1.797355542038077569e+00
-9.838169724643321956e-01
-8.369103986162840236e-01
-1.900884346913308542e+00
-2.112443794402896202e-01
-4.782790533630489893e-01
-4.658350188188400409e-01
1.263971565795042995e+00
5.428835498591878528e-01
-1.762333069839514987e+00
1.503418610721090065e-01
-1.248395847480900933e+00
-1.316759316868529428e+00
5.172788905836496198e-01
-7.905636512591440734e-02
-1.085503624167052150e+00
-7.862296470087730693e-01
-9.669937525721206129e-03
1.314384124722134395e-01
-3.139825079463042234e-01
-7.078364115499486964e-01
5.208439249318497222e-02
-9.209957311614148656e-01
-1.624329470879063209e+00
-1.401346175299140961e+00
-5.552302338873937870e-01
-5.985237871127326859e-01
5.866094321649284460e-01
9.990077415204203781e-01
7.583769857731881281e-01
7.646426234201378902e-01
6.611823136938810297e-02
9.926255373867041154e-01
1.355040001795768001e+00
1.356189934798238461e+00
-4.609017945045756903e-01
1.233988666344841167e+00
-4.129190795441433082e-01
-1.942744189371941932e+00
-1.854143120545441725e+00
-3.429782643931445385e+00
-2.569855640706288025e+00
1.592136321877035687e+00
-2.660842756054290437e+00
-2.456173561412707151e+00
-3.559198480008380905e-01
-2.471421297500301151e+00
7.663966526210983510e-01
1.509341345235936105e+00
-1.328810420404191062e+00
-2.416790278688827343e+00
-6.058919594357614180e+00
-4.635149122205708849e+00
-7.675598692719254323e-01
-1.446703212441266428e+00
-1.554872074889623867e+00
-7.511606289304180173e-01
-1.804624781506419584e+00
-3.825464810581948871e+00
-1.701550431431352761e+00
6.844221814700315321e-01
3.310692667806294232e-01
-3.936850537760466784e-01
-4.199279624133719580e+00
-2.719600449193852132e+00
2.466160104647281415e-01
-5.726941563082477593e+00
-6.612265017396167899e+00
-2.203146158495272733e+00
9.780820247259670586e-01
-1.877929548960671990e+00
-2.234911664296843625e+00
-2.898251205287000865e+00
-4.176770032405750399e+00
-3.234282055995922001e+00
-1.997705697766778421e-01
-4.205964494283829680e+00
-7.037054264868698006e+00
-4.818421599354779872e+00
-2.479965692250238440e+00
-2.311530317939398671e+00
6.329460196064018440e-01
-3.316529434523684650e+00
-7.442423686810094807e+00
-5.839035408943645145e+00
1.570830701043264277e-01
1.812971410045580711e+00
2.779282849531404587e+00
1.887875599593404008e+00
-8.353519781839930936e-01
-2.080865018189652638e-01
1.241756073489456380e+00
-5.143694050010909624e-01
2.029939816537393860e-01
-1.446322718043950850e-01
7.552163079612113084e-01
1.257812076994300421e+00
2.751921091255629559e+00
1.852167677014372682e+00
2.078383437732172823e+00
4.248160249359155927e+00
6.657756258744987221e+00
7.161218032961405910e+00
4.172898756367152906e+00
3.048244920125688040e+00
8.383802412054498276e+00
1.074949241381835385e+01
9.059579907808869237e+00
4.339040609197942544e+00
2.766442901322809345e+00
4.942111661461455974e+00
4.708030735045805493e+00
6.211376189273079440e+00
9.221151864071165605e+00
9.491374895856582228e+00
7.556096320883207262e+00
6.360343416128655392e+00
7.222448726285019660e+00
7.040476801684295793e+00
3.916989571785296054e+00
1.076983630736527253e+00
2.827355027595097603e+00
1.610838664529758546e+00
1.385729386317861578e-01
2.003320157988286443e+00
7.545864143551123782e+00
1.120334983047762734e+01
8.850301596208309363e+00
2.204519900594654747e+00
3.735096469297096267e+00
6.241852473530679291e+00
7.190110111307610019e+00
8.175997692904930503e+00
8.412120449839088465e+00
8.330644926016091745e+00
8.201543468678508475e+00
6.877258727064505806e+00
3.942047384681700795e+00
2.720146688630540766e+00
3.661948940091822813e+00
1.986946802385040289e+00
1.702136556042734838e+00
3.913239784070463578e+00
3.380925386642001484e+00
2.452768233470881132e+00
3.265314008112723432e+00
2.496584425565418819e+00
1.983565113184232009e+00
4.093896650846605034e+00
3.536936794619229829e+00
9.085848668037791454e-01
4.696271921535125848e+00
6.642563535948967868e+00
5.344118034592677979e+00
2.723467495576559205e+00
2.592919362284638929e+00
2.538118981462528456e+00
0.000000000000000000e+00
0.000000000000000000e+00
0.000000000000000000e+00
0.000000000000000000e+00
0.000000000000000000e+00
0.000000000000000000e+00
0.000000000000000000e+00
0.000000000000000000e+00
0.000000000000000000e+00
0.000000000000000000e+00
0.000000000000000000e+00
0.000000000000000000e+00
0.000000000000000000e+00
0.000000000000000000e+00
0.000000000000000000e+00
0.000000000000000000e+00
0.000000000000000000e+00
0.000000000000000000e+00
0.000000000000000000e+00
0.000000000000000000e+00
0.000000000000000000e+00
0.000000000000000000e+00
0.000000000000000000e+00
0.000000000000000000e+00
0.000000000000000000e+00
0.000000000000000000e+00
0.000000000000000000e+00
0.000000000000000000e+00
0.000000000000000000e+00
0.000000000000000000e+00
0.000000000000000000e+00
0.000000000000000000e+00
0.000000000000000000e+00
0.000000000000000000e+00
0.000000000000000000e+00
0.000000000000000000e+00
0.000000000000000000e+00
0.000000000000000000e+00
0.000000000000000000e+00
0.000000000000000000e+00
0.000000000000000000e+00
0.000000000000000000e+00
0.000000000000000000e+00
0.000000000000000000e+00
0.000000000000000000e+00
0.000000000000000000e+00
0.000000000000000000e+00
0.000000000000000000e+00
0.000000000000000000e+00
0.000000000000000000e+00
0.000000000000000000e+00
0.000000000000000000e+00
0.000000000000000000e+00
0.000000000000000000e+00
0.000000000000000000e+00
0.000000000000000000e+00
0.000000000000000000e+00
0.000000000000000000e+00
