-1.302886962890625000e+00
-7.798850299687378751e-01
3.943952735873246240e-01
-1.162127434828310824e+00
-1.206967615936242133e+00
-7.142037754254069171e-01
-7.542168934269577463e-01
-8.072147719260938104e-01
-1.099919282289110178e-01
-1.209795980432414542e+00
-1.574270410362377248e+00
-1.321804422090987252e+00
-9.368290089773880780e-01
-5.314847633263237725e-01
2.334416323668748738e-01
1.068644940136004973e+00
-7.211168252015798252e-02
-6.377638051580136747e-02
2.191114979840069754e-01
-6.543450978587189715e-01
-2.281625181151603066e-01
5.611539763285755544e-01
-3.329743064213577242e-01
-7.395394750075168222e-01
-8.139063371470499630e-01
-6.444244607319893348e-01
-3.717548612676524478e-02
-1.470646851441316239e-01
-1.085722825273837122e+00
-4.916000128792603618e-01
3.072117920284391790e-01
3.386975070210451744e-01
3.818201823065381362e-02
1.886529125365146164e-01
3.041740895174678272e-01
1.260848821416531429e-01
-7.500687074967371526e-02
-9.624014686569609678e-02
-7.490056188658256175e-01
-1.048179362918413071e+00
-3.562560321413614783e-01
4.191744899909106703e-01
8.774315539907462380e-02
2.735586092138575509e-01
-2.930302140879548212e-01
-4.230090292040513678e-01
8.689695502283537598e-01
-9.555791687171178994e-01
-7.748331836649742232e-01
1.252134776474518985e+00
-6.453255159073578717e-01
-2.096050154736262439e+00
-2.169306777260482377e-01
1.400948582139624365e+00
-1.777183768549628340e-01
-4.003064503513652506e-01
-5.265529997652473870e-01
-9.128684253540857441e-01
-5.470795579450676849e-01
2.762906219314787970e-01
-2.871046590299219936e-02
-6.786876472941782978e-01
-1.576581211957366335e-01
6.942027817492710806e-01
-8.313204387951851349e-01
-1.902517757439170287e+00
-1.463492139775762979e+00
-2.838004876432513868e-01
1.142060203734884372e+00
1.665378558903132244e+00
8.489130774134173718e-01
-1.497525164607683035e+00
-3.134755557458190012e+00
-1.254623512522972106e-01
-3.183820515037050214e-01
-3.043489285546940870e+00
-4.090093895524216094e+00
1.168965889860009266e+00
1.480926199270615307e+00
-6.116548456264743194e-01
-1.549938846698878159e+00
2.599828642405777046e-02
1.862555294952090712e+00
1.613619900404595242e+00
1.174112613566664187e+00
-1.372133387210789479e+00
-1.862257404227144253e+00
-1.644459241976334862e+00
3.511247770862797601e-01
-2.604267980480505784e-01
-1.267903278187218596e+00
-1.320708054391923625e-01
1.924454307007015252e+00
5.608803113002425178e-02
-2.139362761456733875e+00
-1.417274493840785521e+00
-1.199818477152040153e+00
-1.626198709875211534e+00
1.181331860766521302e-01
3.111371385372903919e+00
2.473085201091500984e+00
-2.926452622287761596e+00
7.919693349153598128e-01
3.153233731505439508e+00
-2.221083814805706158e+00
-5.170104751892013795e+00
-6.840076008064128743e+00
-5.822506157521924131e+00
5.103890177216463542e-01
5.890682933432064949e+00
7.077903867619827594e+00
4.052910258955967571e+00
3.006815385473575741e-01
-1.010393107483691377e+00
1.833323365722776543e-01
3.721289566057093268e-01
-4.485458854979742505e+00
-6.909323469748517965e+00
-3.206665229472267953e+00
2.954619534223962063e+00
6.064366625410442246e+00
4.055467033407611055e+00
1.333239288431686820e+00
5.917846205855293862e-01
-1.799438022638533141e-01
-2.055846546451709500e-01
9.854967402150930367e-01
1.661413994181614395e+00
1.196690312184290672e+00
7.367593540998035317e-02
8.920853862741400242e-01
1.417579608494475174e+00
6.648749053213287574e-02
1.692668023278218747e-01
1.878203865931604932e+00
-2.539411450634281309e-01
-1.516760687647691785e+00
-1.453630249429859411e+00
-1.229287181888116809e+00
-1.146612234612941705e+00
-9.602029636247495503e-01
1.604010526905117473e-01
2.111548040292312134e+00
3.092596504005308500e+00
3.851408938781435420e+00
3.765283624696667442e+00
8.037374981992053691e-01
-2.155170553785419774e+00
-4.307818316951285809e+00
-3.321757411558911688e+00
-2.017449850877881978e+00
-3.555014996316260056e+00
-4.642399523766451708e+00
1.668469063179979006e+00
5.003397318091730384e+00
3.720092592911125262e+00
3.400346159753695474e+00
2.480390890438033402e-01
-3.660739110657977857e+00
-3.890563081267528922e+00
-3.106820418967748410e-01
3.022103013614644507e+00
8.487459348007790894e-01
-1.645646334249120102e-01
7.888041749646625966e-01
2.543167481831675403e+00
5.063264319953967529e+00
4.270785924066875516e+00
4.670240330226249625e-01
-2.570070072678675821e+00
-4.539142565701854259e+00
-2.514867120512122689e+00
-2.344774564499144454e+00
-1.474435422833355602e+00
8.204954183147776803e-01
1.279405142105201065e+00
4.865943717198408791e-01
2.549629744428634659e+00
1.936271458143120849e+00
-1.831855219979095617e+00
-1.507937131947019616e+00
1.030818699058719368e+00
1.876818933371589448e+00
1.609962567631701980e+00
-1.536686629484059319e+00
6.258007177066593485e-01
3.114065905803811152e+00
4.537164842860881286e-01
2.645501700010998380e+00
3.096282528278146096e+00
2.242519387273443687e+00
-1.757066805060219838e+00
-2.828289927872875253e+00
-1.473446203151075107e+00
1.562728878530070808e-01
2.932907682991377385e+00
1.586874208827527610e+00
-1.571929963562588517e+00
1.561014587689913746e+00
3.339268086544442404e-01
-1.712685765394443171e+00
3.350282758689555163e+00
5.560955505430698054e-01
-2.824624646151316476e+00
-2.508102087572467997e+00
-2.379206886387954079e+00
-1.584988995084679164e+00
1.387071009542711231e+00
9.095647142605027824e-01
4.644921926047278493e-01
3.571995610195329629e+00
1.892279575430311667e+00
-2.104358937452187384e+00
-3.853117737769368389e+00
-4.146970692255858459e+00
-1.066346995885769422e+00
-1.010878005365917875e+00
-1.808454936220941001e+00
-1.065712987714753091e+00
1.090526317594088912e+00
2.084960337181578360e+00
1.604005862179942898e+00
3.188339865082991942e+00
2.290708679528234537e+00
-1.209997724950319764e+00
-2.764095281215269040e+00
-1.564963724988917892e+00
-1.754696741432169027e+00
-1.914557433482197979e+00
1.080826831876990468e+00
4.440935018420671732e+00
3.676887681566309407e+00
-1.769466577849891031e+00
2.518509643729913705e-01
7.692054598751494332e-01
-1.760972137043371966e+00
-4.245766332200422433e-01
1.352185442213320155e+00
9.224421006312084614e-01
2.341546775909770339e+00
3.059134612504547324e+00
2.888610271849235467e+00
3.919821724455693435e+00
2.376758803715961044e+00
4.797269557258101447e-01
5.546053787637936772e-01
1.123292117863820883e+00
1.024015556725632825e+00
1.194557870784749509e+00
1.861136934128317044e+00
1.384820462010770470e+00
-2.195059866599493592e-01
-6.229170564851504999e-02
1.187647050006534144e+00
9.013490003576710707e-01
-4.660828409187973698e-01
5.933392972419599953e-01
-1.950836770923645158e+00
-5.865482787016391697e+00
-6.950911857420678963e+00
-4.370340116704939604e+00
-6.208853829437674943e-01
-5.515689009002353593e-01
2.227967248324861149e+00
6.074249328836668127e+00
6.263764234092145777e+00
3.583349588802195562e+00
-1.688589544419328181e+00
-5.666368270704061239e+00
-7.504869205307489466e+00
-7.787850265591394816e+00
-6.173634089655893220e+00
-1.942670620699539885e+00
3.715138181980519150e+00
5.135786920182488835e+00
5.611455211348633121e+00
5.183258205244074546e+00
6.377210209346411141e-01
-1.782957006437842828e+00
-2.696618248310624910e+00
-2.938114061246033248e+00
1.180798784808399837e+00
5.147540004486930165e-01
-3.122739522117879751e+00
2.543131688974029636e+00
5.015123311917726312e+00
3.126576954427457977e-01
-2.213253400822503103e+00
-4.174852304315925799e-01
-6.468370485523187163e-01
-3.106033081407139296e+00
6.539660992745099932e-02
1.528927649247806109e+00
-1.371227142099165519e+00
2.655729858944198440e+00
3.752130081338985956e+00
-1.193008658876112627e+00
-5.406610058133743735e+00
-2.526185400129989045e+00
-7.258701867323615886e-01
-2.134411636440146864e+00
-3.170989905271116349e+00
-1.708299414416323714e+00
-2.053239640097848095e-01
-3.208856604717920114e-01
3.267725772152260788e+00
5.668239483180239624e+00
2.504809594095771974e+00
-1.594205334268829155e+00
1.905080886550507557e-01
1.177369112975447774e+00
-1.048666254370966833e+00
-1.908049561639647784e+00
-2.039647612493140638e-01
-6.759852536228416753e-02
1.209665493705334161e+00
2.906662792928006667e+00
3.547502403071573163e+00
5.666790414973983392e-01
-7.025160841743622875e-01
8.142999688517954526e-01
1.140543456404633282e+00
5.039138774604172699e-01
1.076685273318040315e+00
-8.063589538478066476e-01
-2.173527815672593899e+00
-8.718767163413770893e-01
-6.120014286878872056e-02
-1.838562870821849771e+00
-1.440520207469072611e+00
-8.934722887594115370e-03
2.562164007336227289e-01
8.672448456608825573e-01
2.963523143575313989e-01
2.402651538278959276e-01
7.958050217174081897e-01
-8.055734276302570773e-01
-1.574106341139396292e+00
1.601365960341365469e-01
7.380406531837289119e-01
2.668571564002114593e-01
-2.259733467489967174e-01
-3.962854328864831022e-01
3.525036103573722102e-01
5.289687326514453947e-01
1.867018598511174243e-01
-9.346518944746327051e-01
-2.019547453790993430e+00
-1.352355356764814776e+00
8.062573363010554495e-01
5.686362050681919023e-01
-9.199960683159402741e-02
-1.981297676486066806e-01
1.425092628488680013e-01
1.049757095425905451e+00
1.774826781389199137e+00
5.151577485205094398e-02
-8.380348829135314537e-01
-4.334409066710476210e-01
-1.312797291688385881e+00
-1.201567043401971180e+00
-6.530557079072938365e-01
-2.451191639976990633e+00
-3.137165106725964492e+00
-3.559766278710892795e+00
-4.947674297741600391e+00
-4.002331674810761797e+00
-7.483267287073727125e-01
-4.904910296814448678e-01
-4.120778658786998783e+00
-4.286809579415063354e+00
-3.985527800742563631e+00
-2.711897180627111936e+00
2.241402267445963048e+00
1.864489882576245705e-01
-6.824541089289387408e+00
2.272730002817121786e+00
5.549362682616004960e+00
6.785346542494615996e+00
6.683432138815111223e+00
4.914723297929052492e+00
7.997668987846238142e-01
4.412561657556364203e+00
7.967637285383216472e+00
0.000000000000000000e+00
0.000000000000000000e+00
0.000000000000000000e+00
0.000000000000000000e+00
0.000000000000000000e+00
0.000000000000000000e+00
0.000000000000000000e+00
0.000000000000000000e+00
0.000000000000000000e+00
0.000000000000000000e+00
0.000000000000000000e+00
0.000000000000000000e+00
0.000000000000000000e+00
0.000000000000000000e+00
0.000000000000000000e+00
0.000000000000000000e+00
0.000000000000000000e+00
0.000000000000000000e+00
0.000000000000000000e+00
0.000000000000000000e+00
0.000000000000000000e+00
0.000000000000000000e+00
0.000000000000000000e+00
0.000000000000000000e+00
0.000000000000000000e+00
0.000000000000000000e+00
0.000000000000000000e+00
0.000000000000000000e+00
0.000000000000000000e+00
0.000000000000000000e+00
0.000000000000000000e+00
0.000000000000000000e+00
0.000000000000000000e+00
0.000000000000000000e+00
0.000000000000000000e+00
0.000000000000000000e+00
0.000000000000000000e+00
0.000000000000000000e+00
0.000000000000000000e+00
0.000000000000000000e+00
0.000000000000000000e+00
0.000000000000000000e+00
0.000000000000000000e+00
0.000000000000000000e+00
0.000000000000000000e+00
0.000000000000000000e+00
0.000000000000000000e+00
0.000000000000000000e+00
0.000000000000000000e+00
0.000000000000000000e+00
0.000000000000000000e+00
0.000000000000000000e+00
0.000000000000000000e+00
0.000000000000000000e+00
0.000000000000000000e+00
0.000000000000000000e+00
0.000000000000000000e+00
0.000000000000000000e+00
0.000000000000000000e+00
0.000000000000000000e+00
0.000000000000000000e+00
0.000000000000000000e+00
0.000000000000000000e+00
0.000000000000000000e+00
0.000000000000000000e+00
0.000000000000000000e+00
0.000000000000000000e+00
0.000000000000000000e+00
0.000000000000000000e+00
0.000000000000000000e+00
0.000000000000000000e+00
0.000000000000000000e+00
0.000000000000000000e+00
0.000000000000000000e+00
0.000000000000000000e+00
0.000000000000000000e+00
0.000000000000000000e+00
0.000000000000000000e+00
0.000000000000000000e+00
0.000000000000000000e+00
0.000000000000000000e+00
0.000000000000000000e+00
0.000000000000000000e+00
0.000000000000000000e+00
0.000000000000000000e+00
0.000000000000000000e+00
0.000000000000000000e+00
0.000000000000000000e+00
0.000000000000000000e+00
0.000000000000000000e+00
0.000000000000000000e+00
0.000000000000000000e+00
0.000000000000000000e+00
0.000000000000000000e+00
0.000000000000000000e+00
0.000000000000000000e+00
0.000000000000000000e+00
0.000000000000000000e+00
0.000000000000000000e+00
0.000000000000000000e+00
0.000000000000000000e+00
0.000000000000000000e+00
0.000000000000000000e+00
0.000000000000000000e+00
0.000000000000000000e+00
0.000000000000000000e+00
0.000000000000000000e+00
0.000000000000000000e+00
0.000000000000000000e+00
0.000000000000000000e+00
0.000000000000000000e+00
0.000000000000000000e+00
0.000000000000000000e+00
0.000000000000000000e+00
0.000000000000000000e+00
0.000000000000000000e+00
