2.068481445312493339e-01
1.953622545610168570e-01
1.494436393693122367e-01
-4.194353665542227549e-02
-1.365087600817117552e-01
-2.529856495871662947e-02
2.383721283943776026e-01
4.051159631486719315e-01
3.677765828852800345e-01
5.006257958302102740e-01
5.499004109200864576e-01
4.542899979620539375e-01
3.133063400799660503e-01
2.673860584819238717e-01
2.011548247797290134e-01
-8.061840615447601888e-02
-3.485622180739879061e-01
-1.456873785547273537e-01
-8.816654739222384851e-02
5.194652392041393396e-02
3.509948260672712816e-01
5.358577672923067192e-01
7.585030998163017069e-01
7.776875852530410471e-01
7.133280729340359949e-01
3.895200541292795915e-01
-3.822328377313777281e-03
-3.493384738582889781e-01
-4.285904235863400302e-01
-2.268939855276186357e-01
1.789529669005194279e-01
7.712183880679874814e-01
1.467251890699237116e+00
1.476261419655596097e+00
6.777115816766124956e-01
6.592396707462643279e-01
1.229897770600862472e+00
1.250863467378579230e+00
7.571859592469580846e-01
7.570714854392890381e-01
9.914842568293147362e-01
1.301373282725106773e+00
1.630083189645409547e+00
1.384552857856863550e+00
4.361135701138163512e-03
-9.122422768874671739e-01
-1.258474550118229285e-01
9.174493518422137672e-01
1.148213381813599998e+00
5.933782005689143269e-01
5.447136706099784398e-01
7.539692463968491465e-01
2.344940582135649487e-01
-3.485485624188792153e-01
-5.604949564232311054e-01
-9.102784632717619839e-02
4.841119337633591480e-01
-2.221248365164493199e-01
-1.277524387254331373e+00
-1.975280323268087557e+00
-1.887791323897137108e+00
-9.646687534210727222e-01
-2.480880229819267813e-01
-1.022198274898787673e+00
-3.141418671588360745e+00
-3.709853201425637792e+00
-3.346091986287841991e+00
-3.156412576555537974e+00
-2.744456238228575096e+00
-1.987500640375152283e+00
-1.225135719273607204e+00
-3.667093700661840927e-01
1.205282354747225781e-01
-3.897126579560437065e-01
-6.755600676123973969e-01
4.429601375531875274e-01
1.495910994547289041e+00
9.054250721545933356e-01
-3.149644066434844625e-01
-1.437623696874353207e+00
6.943737447144884278e-01
3.365421263704332144e+00
2.273829416909826762e+00
6.570078427763689222e-01
4.779346648694834943e-01
1.118272509691567329e+00
-6.155760628891803199e-01
-2.368858036747575113e+00
-3.124028276893881628e+00
-3.088411438679085741e+00
-2.308413187210791584e+00
-2.159139947303700069e+00
-3.281087909056504159e+00
-5.177375905895198471e+00
-6.909804809208493381e+00
-5.948867211660661347e+00
-1.976712320333691153e+00
1.685462370433366885e+00
2.716512591285397349e+00
2.953018987453595479e+00
2.573010717329675234e+00
2.430895356612259306e+00
-1.429618282549672603e+00
-4.961291681837940892e+00
-4.643257503109270878e+00
-2.361603019803466985e+00
2.711621762772211675e-01
-3.096790676696086209e-01
-2.616175942466071103e+00
-2.993723867541599137e+00
-7.150946718755626375e-01
-3.338661666788647064e-01
-2.308062295165220323e+00
-2.136914410877944981e+00
-2.839942593181588926e+00
-4.277997058537924779e+00
-3.410117298838943434e+00
-2.103375802127007255e+00
-1.019927326147227920e+00
-1.858770697269421568e+00
-4.162289980004227452e+00
-5.775180641872989185e+00
-5.042208767036761685e+00
-2.583887876558069507e+00
-6.437763900717401455e-01
1.309763302294442155e+00
3.227741867286948452e+00
3.602797874902469388e+00
1.561742521542577089e+00
1.541039721085950776e+00
1.504244503567632618e+00
1.128662252198916027e+00
-1.759393528391033357e-01
-2.512693704370980274e+00
-3.969816284665430572e+00
-3.042452235235201474e+00
-1.311363050153126153e+00
-2.186367633541230759e-02
2.023517458298907279e+00
3.623173771965282786e+00
1.066177805291917302e+00
-1.017851554956171967e+00
-1.526177983780578451e+00
-1.865389301705091096e+00
-9.861887039390724308e-01
4.661764851001479748e-01
-3.867698558786880625e-02
1.765468947356757745e+00
4.101497479808519309e+00
1.934552119397964454e+00
-3.845109578101514103e+00
-2.664477633931691791e+00
-1.227414130023473327e+00
-1.902957831661799659e+00
-4.433215868684627026e+00
-5.442405424257900748e+00
-1.604417872129189071e+00
2.797073221342855742e+00
4.782815705306155962e+00
1.998841468687125644e+00
3.222454062737778457e-01
-6.171792676186913518e-01
-1.779663758391293982e+00
-1.816163327429918262e-01
1.004527815740188013e+00
4.748722163073781921e-02
3.475897956936355726e-01
2.124136595363258273e+00
2.516766784416800906e+00
1.197954038537203392e+00
-1.988042821978459607e-01
-6.051119622356131433e-01
-3.331959556864829697e-01
-2.001459151337242059e-01
-1.876898371639330598e-01
-2.216331108638911473e-01
-4.112949397843199684e-01
-1.105123114363118164e+00
-1.740237054387461235e+00
-1.229034149544161680e+00
-1.099714760679030068e+00
2.116895799161402358e-01
8.390900217859107446e-01
-3.521489484040118967e-01
-2.334274343003849950e+00
-3.574054965658909566e+00
-2.567517540105245466e+00
3.559354590900265514e-02
-4.227793625687272794e-01
-9.607274295197729685e-01
-1.063926537824475993e+00
-1.167628317840779140e+00
-2.142562687999721938e+00
-3.361142772704792225e+00
-3.228312611696380507e+00
-3.171038090794931819e+00
-1.719437561119295133e+00
3.975735025178628312e-01
4.635516546236457813e-01
1.367051117054046916e+00
3.692066918688016841e+00
3.368249513652906479e+00
-1.211113342550618199e+00
-5.591500041285858202e+00
-5.376755595758527129e+00
-2.083815331433289231e+00
1.406314770449533125e+00
-6.305029258153709293e-01
-3.333774440275265150e+00
4.722086459652139467e-01
1.451084815693093333e+00
-6.075127824648349772e-01
-1.341781228137463255e+00
5.512687224898313865e-01
1.265114964735760017e+00
2.428684605066669722e+00
3.701624503971103763e+00
3.940569055443463142e+00
4.598779066622415534e+00
2.713352790026896333e+00
2.491749576990374138e-01
-1.420147583427319837e+00
-2.920544634787254346e+00
-6.280678794687565514e+00
-8.227549909101878001e+00
-6.654718055219444039e+00
-3.958086363735852764e+00
-3.390461761315863853e+00
-4.181023928270120038e+00
-4.332585664876658527e+00
-2.744228229656630713e+00
2.408434736135678378e-01
1.161048689995218375e+00
1.356682176398558148e+00
2.786641581964337533e+00
6.447315659682510969e-01
-1.798214476527357331e+00
-4.323363206874946130e-01
1.548584137952002671e+00
1.552781920901066037e+00
1.284268589618564604e-02
-1.005914677972003624e+00
-1.844462815981622761e+00
-1.982148002812747611e+00
3.852977607471714805e-01
2.155344623903176604e+00
1.435628824233776024e+00
-2.224271820032913460e+00
-2.990814494282684421e+00
-3.385594141673966551e+00
-6.505097538396881873e+00
-7.115646041618854944e+00
-5.130057844727867078e+00
-4.583136390031510743e+00
-4.169176571706331380e+00
-3.698149542980136317e+00
-2.382305377599979401e+00
-2.816756177281249940e-01
1.029810510712881211e+00
3.197529088132569086e+00
6.617326689912522042e+00
6.201306296310099775e+00
3.468523514385488227e+00
2.374003122316903358e+00
2.664644026285644784e+00
4.499438545659968369e-01
-9.273227990814580934e-01
-7.528999929938482438e-01
2.233131910277628140e-01
1.074898041126632897e+00
-8.216654569617478643e-01
-3.336477165940667788e+00
-4.084542574888600619e+00
-3.856939656806877448e+00
-4.452950591205993902e+00
-4.097781824636347991e+00
-1.781871689163562866e+00
-1.001434169976827881e+00
-2.326179811188136437e+00
-3.268612742136054017e+00
-2.025149132477471969e+00
-9.694669483588449488e-01
-5.420560586314548956e-02
8.613483535495973786e-01
1.103500695177010549e+00
1.759225671482424591e+00
2.573852510935652038e+00
2.924289317193242255e+00
2.863119534615217177e+00
2.345861760541584573e+00
1.396039510511675630e+00
1.262856522082612676e+00
1.421973345025250524e+00
8.100834411907232857e-01
1.081926015677323605e-01
2.168645928002793655e-01
2.913358601841938844e-01
1.578260863421671045e-01
-6.632987410818215190e-01
-1.300042751882934722e+00
-1.325320460988379523e+00
-5.612068480079269728e-01
4.247228145757779294e-01
-7.279695032831934309e-02
-9.938819749880838383e-01
-1.219929342627239288e+00
-6.757066690380806318e-01
1.134256780907763051e-01
7.825154224007515591e-01
7.378982675146960046e-01
8.027040003199376050e-01
1.279640194397849040e+00
1.368474680702780333e+00
2.882045990249525458e-01
-1.361666449493748043e-01
9.714572945170196761e-02
5.356257972478593032e-01
8.475216955798265950e-01
9.718891439130734611e-01
1.083500855230995041e+00
1.235798205464432309e+00
1.513208565430693042e+00
1.556390660107254575e+00
1.394474068981540915e+00
1.295823273539453702e+00
1.800783424323780579e+00
2.090109065237809816e+00
1.701655786907843471e+00
1.207274904132017657e+00
7.964578239371919999e-01
3.603736681322360358e-01
-6.903429534538996215e-02
-2.805207256064086163e-01
-2.143763861613305899e-01
6.415349721652796600e-02
4.453616068916969595e-01
7.519196649509639618e-01
7.186260998494683472e-01
4.447433617554960583e-01
-1.108779407296073272e-02
-2.943481854457630220e-02
2.782186112914908360e-02
1.163178189913960381e-03
6.003820346764693339e-01
1.073489737112984566e+00
1.462512235458861998e+00
1.330162141656892505e+00
1.166510576415844103e+00
9.727773934417522916e-01
7.211376510851406074e-01
5.321762014279427522e-01
4.899516405619097070e-01
5.331133442869523398e-01
5.162690696544930402e-01
4.143168325383385087e-01
3.164467084891655624e-01
3.389293126082864593e-01
4.464973053594586960e-01
0.000000000000000000e+00
0.000000000000000000e+00
0.000000000000000000e+00
0.000000000000000000e+00
0.000000000000000000e+00
0.000000000000000000e+00
0.000000000000000000e+00
0.000000000000000000e+00
0.000000000000000000e+00
0.000000000000000000e+00
0.000000000000000000e+00
0.000000000000000000e+00
0.000000000000000000e+00
0.000000000000000000e+00
0.000000000000000000e+00
0.000000000000000000e+00
0.000000000000000000e+00
0.000000000000000000e+00
0.000000000000000000e+00
0.000000000000000000e+00
0.000000000000000000e+00
0.000000000000000000e+00
0.000000000000000000e+00
0.000000000000000000e+00
0.000000000000000000e+00
0.000000000000000000e+00
0.000000000000000000e+00
0.000000000000000000e+00
0.000000000000000000e+00
0.000000000000000000e+00
0.000000000000000000e+00
0.000000000000000000e+00
0.000000000000000000e+00
0.000000000000000000e+00
0.000000000000000000e+00
0.000000000000000000e+00
0.000000000000000000e+00
0.000000000000000000e+00
0.000000000000000000e+00
0.000000000000000000e+00
0.000000000000000000e+00
0.000000000000000000e+00
0.000000000000000000e+00
0.000000000000000000e+00
0.000000000000000000e+00
0.000000000000000000e+00
0.000000000000000000e+00
0.000000000000000000e+00
0.000000000000000000e+00
0.000000000000000000e+00
0.000000000000000000e+00
0.000000000000000000e+00
0.000000000000000000e+00
0.000000000000000000e+00
0.000000000000000000e+00
0.000000000000000000e+00
0.000000000000000000e+00
0.000000000000000000e+00
0.000000000000000000e+00
0.000000000000000000e+00
0.000000000000000000e+00
0.000000000000000000e+00
0.000000000000000000e+00
0.000000000000000000e+00
0.000000000000000000e+00
0.000000000000000000e+00
0.000000000000000000e+00
0.000000000000000000e+00
0.000000000000000000e+00
0.000000000000000000e+00
0.000000000000000000e+00
0.000000000000000000e+00
0.000000000000000000e+00
0.000000000000000000e+00
0.000000000000000000e+00
0.000000000000000000e+00
0.000000000000000000e+00
0.000000000000000000e+00
0.000000000000000000e+00
0.000000000000000000e+00
0.000000000000000000e+00
0.000000000000000000e+00
0.000000000000000000e+00
0.000000000000000000e+00
0.000000000000000000e+00
0.000000000000000000e+00
0.000000000000000000e+00
0.000000000000000000e+00
0.000000000000000000e+00
0.000000000000000000e+00
0.000000000000000000e+00
0.000000000000000000e+00
0.000000000000000000e+00
0.000000000000000000e+00
0.000000000000000000e+00
0.000000000000000000e+00
0.000000000000000000e+00
0.000000000000000000e+00
0.000000000000000000e+00
0.000000000000000000e+00
0.000000000000000000e+00
0.000000000000000000e+00
0.000000000000000000e+00
0.000000000000000000e+00
0.000000000000000000e+00
0.000000000000000000e+00
0.000000000000000000e+00
0.000000000000000000e+00
0.000000000000000000e+00
0.000000000000000000e+00
0.000000000000000000e+00
0.000000000000000000e+00
0.000000000000000000e+00
0.000000000000000000e+00
0.000000000000000000e+00
0.000000000000000000e+00
0.000000000000000000e+00
0.000000000000000000e+00
0.000000000000000000e+00
0.000000000000000000e+00
0.000000000000000000e+00
0.000000000000000000e+00
0.000000000000000000e+00
0.000000000000000000e+00
0.000000000000000000e+00
0.000000000000000000e+00
0.000000000000000000e+00
0.000000000000000000e+00
0.000000000000000000e+00
0.000000000000000000e+00
0.000000000000000000e+00
0.000000000000000000e+00
0.000000000000000000e+00
0.000000000000000000e+00
0.000000000000000000e+00
0.000000000000000000e+00
0.000000000000000000e+00
0.000000000000000000e+00
0.000000000000000000e+00
0.000000000000000000e+00
0.000000000000000000e+00
0.000000000000000000e+00
