-1.885681152343750000e+00
-2.810097275202636524e+00
-2.796463444642176555e+00
-1.739409198518393040e+00
-2.095907450469697508e+00
-2.505850893422354009e+00
-3.045389353886935879e-01
-5.953265045187752236e-01
-2.630045703216238984e+00
-6.479318515232763698e-01
1.897038105844218503e+00
-7.632719665859395430e-01
1.463966916388366180e-01
1.710248948207545805e+00
1.082727542313759450e+00
7.448964870616681111e-02
-6.772094150186213080e-01
-3.702636361936866294e-01
8.317884371650063891e-02
2.323493281417057243e-01
1.250256090457722014e-01
-2.485942446198676770e-01
-8.685571346095308787e-01
-7.121039390078994780e-01
4.174017836386883507e-01
3.068015582972061228e-02
-1.131147470596711280e+00
-6.219064067634380022e-01
7.043576842779313285e-01
1.813570011894121148e-01
-7.702941801631342233e-01
-6.407269458987210342e-01
6.072296222824835610e-02
5.074834555325196117e-01
5.804319727539957174e-01
6.394666207234180888e-01
1.422518116557156542e-01
4.236050302747129681e-01
1.323828712244211836e+00
1.675387089076025848e+00
1.004692788174180063e+00
-3.545651932955826702e-01
-1.181895740889889801e+00
1.329844562924234364e+00
1.962858093693511830e+00
9.668123406219160110e-01
-1.675794225055264874e-01
1.221011139568878967e+00
3.258942056685952160e+00
1.164649968678650005e+00
-1.920383104612674696e+00
-2.144492059470126666e-01
3.549081419070802212e+00
2.798760216038202131e+00
1.290665925780242862e+00
-5.552810785800295079e-01
-2.050338342802166647e+00
-2.204009622267097512e+00
-1.279021146567498102e+00
8.928850058506521137e-03
1.490549136665306529e+00
2.401358946680259621e+00
2.131371000675247096e+00
1.014072182620133766e+00
-9.386569969303470984e-02
-1.263021337571943459e+00
-1.361090243024833057e+00
-3.433659192964131357e-01
9.658822003092215613e-01
9.719672665993273064e-01
-2.538861579660831591e-01
-1.832539229280079063e-01
-2.273056858313018402e-01
-1.253448532053992537e+00
-2.109350374719705101e+00
-1.826996382671352892e+00
-1.837576578554842577e+00
-1.534495872623425905e+00
6.539852283707396907e-01
2.306905556128300283e+00
1.958356079467621580e+00
3.793528228631091181e-01
-2.931553012882464060e-01
1.484900126901215200e+00
2.649718478836634361e+00
2.632661638387110425e-01
7.298226746260354503e-01
3.951435234421317055e+00
4.928547737572920084e+00
1.998176944614598494e+00
-8.311431963939410750e-01
-2.538196219893227301e-01
2.236636129761690128e+00
3.666822980706904822e+00
2.182708600989117009e+00
9.182435945098443852e-02
-2.820594283723551587e+00
-2.180820425860452438e-01
9.978840430435989006e-01
3.266817379707748437e+00
4.162967945964355820e+00
4.868096641775117916e+00
4.991038367655444397e+00
2.037265568056182197e+00
-4.409670447360628742e+00
-3.149741211785558104e+00
-2.690324666399549702e+00
-2.794987826358689809e+00
-1.239787357026415515e+00
-1.234599754518723058e+00
-1.384003821275324508e+00
-7.970190212525626317e-01
6.320343555999664575e-01
1.576692034114659524e+00
8.864088347378576982e-01
-3.027153465356929307e-01
1.252150728360170939e+00
1.298430643398467144e+00
-4.911632036091106990e-01
-8.616823655819990657e-01
3.243546498547018597e-01
1.516861478689977671e+00
2.707715561672209503e+00
2.237386167277257254e+00
1.518290176467114172e+00
4.809258888505412166e-01
-3.687272060243800276e-01
3.042493665372587586e-01
1.463763782625586707e-01
-2.519517266864443883e-01
1.149568461962912291e+00
2.990089207251425130e+00
3.082299875971343361e+00
1.702298317829527452e+00
-6.126976274639415188e-01
-1.441700643749373789e+00
-1.461359654527815577e+00
-1.279910542688732500e+00
9.979197952182872200e-02
4.354857306318302701e-01
-1.179676375753186512e+00
9.541107022135559834e-01
2.570270632537630551e+00
1.881504319611939202e+00
5.612160009974191954e-01
3.454587909410400393e-01
-2.410014106679922996e-01
-1.086177211840830381e+00
-9.825377322713606532e-01
1.402435217437384418e+00
3.639080762446933015e+00
2.411794815568544692e+00
1.598791409686564080e-01
-8.777261908467046680e-01
1.189682936348725573e+00
2.878097332776143880e-01
-6.345899983420753010e-01
1.550819918119161755e-02
1.435235639804735452e+00
-2.782306095679116797e-01
-2.535143199264070724e+00
-2.197238713795250931e+00
-1.461426364923024357e+00
-1.405316108351539750e+00
-2.412537852460796550e-01
1.853569110260907093e+00
2.493875604542957092e+00
1.987971925861069522e+00
1.361079422478172596e+00
1.088028440658273199e+00
3.719115600867215488e-01
-1.389798844193375960e+00
-2.392287121067707467e+00
-1.671918751566273009e+00
-6.261263471375329015e-01
-2.395156473071198278e-01
-8.464045309600803924e-01
-1.494493947799460987e+00
7.290900018332191479e-01
2.345217442549614617e+00
1.913048971304708079e+00
-8.990231530613939093e-01
-9.018651140368286745e-01
-2.617486045460042376e-01
4.270122794961132562e-01
-5.622277840724195785e-01
-3.400421328558043133e-01
1.430504246137887181e+00
7.588108473591415049e-01
-9.584828377748122463e-02
2.747795897301748003e-01
2.184156242491919198e+00
2.933451134733460641e+00
2.064116031535683682e+00
2.510592179862249917e-01
-1.684418792398256759e-01
5.902043181744136557e-01
-1.976305532035385060e-01
-1.972701857741417708e+00
-1.836140845746640604e+00
-8.180004591808018866e-01
9.623542927938844027e-01
2.163150072290391357e+00
2.639954768922669004e+00
1.609224412678693650e+00
-5.891488035942955559e-01
7.026810085227761515e-01
1.850075976433637415e+00
1.472482507848371203e+00
2.217501151362588629e-02
-6.341342466655115473e-01
2.090599827663375265e-01
1.263862736902917616e+00
1.065373003434587851e+00
-8.980437208744578292e-01
-2.030299065740206466e-01
1.326920388061031186e+00
1.916521432897280608e+00
-8.237679283995915647e-01
-6.245951519825854170e-01
3.314100400125821189e-01
8.839656617368936153e-01
1.023794096826740052e-01
-1.543139449605016367e+00
-2.057784090978346914e+00
1.256969327065160513e-01
2.701647945854037225e+00
3.046917363870067952e+00
2.232894035720830228e+00
1.953255587605415400e+00
1.811098716535616271e+00
1.521983044113103922e+00
1.409790767907155962e+00
1.706213955206876687e+00
1.699175481634347840e+00
8.849412178653000005e-01
1.948156765767419252e-01
2.472839479875093005e-01
5.148952194707003827e-01
-1.040139700302386006e-01
2.745961616794323490e-02
-2.913555303733006419e-01
-1.929620136534181185e+00
-3.217146760596703903e+00
-1.323541926975879912e+00
-1.073570632077153642e+00
-1.997425101284076909e+00
-2.449264338802184859e+00
-1.027218552935988960e+00
-7.823258526415877157e-02
-8.509896390836211300e-01
6.815456200249370156e-02
1.979262996799676877e+00
1.633650590940796343e+00
-2.355986550963736770e-01
4.866964121187526970e+00
7.404677823529798530e+00
7.441327132758362772e+00
5.887444229006783658e+00
3.306345593860359866e+00
2.175485134641054863e+00
5.577693662156866239e-01
-1.780543232978813561e+00
1.101383874778825378e+00
-6.295614995290765847e-02
-1.056407453802710172e+00
-1.521531184644826062e+00
-1.295877413155449798e+00
-1.891495376342220425e-01
1.291794918198227116e+00
2.393188550785345647e+00
3.178249327157638415e+00
2.059404469864621223e+00
-7.571531693581334821e-01
1.897869069196596037e-01
2.490632639556351613e-01
-4.320992775653840212e-01
7.098900784065396152e-01
2.458991418487818770e+00
1.525434972380085519e+00
-9.079289260936369566e-01
-2.667508539739997353e+00
-1.521039346860051822e+00
3.970768689225393500e-01
3.032508295730047543e-01
3.326853297252889696e-01
8.063246047798620086e-01
6.478961664800505504e-01
-8.107188250718928568e-01
-4.542677233833756212e-01
-3.127318835093020333e-01
-2.141444469548106078e-01
-2.635911171671161402e-01
-9.864894707492553039e-01
-8.008699524690481297e-01
-6.170892396693883342e-02
2.902424738998288234e-01
-4.233989900313090970e-01
-1.273147418842376144e+00
-1.595356322956559714e+00
-1.259933991999470093e+00
-1.161537752657670453e+00
-2.920298536130183642e-01
1.137941946222492229e+00
1.697728582393251973e+00
1.527190945252149934e+00
1.064278320703632819e+00
-1.132475543387838623e-01
-6.649648082692000139e-01
1.937256257250842939e+00
2.716645018271012457e+00
1.314608423716758567e+00
1.893312177546162545e-01
6.819133048695431576e-01
1.132143385377628597e-01
-1.277515766714444778e+00
-2.889132616809043430e+00
-9.258630922243704653e-01
1.653927766328522120e+00
3.502156907533458874e+00
7.337329270758310429e-01
-1.341260506064145597e+00
-1.189440451884948402e+00
5.645848383602957155e-01
-8.367093740336051244e-02
-1.205306571830431217e-01
3.570562163851425108e-01
9.243550432815527129e-01
8.063706141950613970e-01
5.867428474450386844e-02
-7.372078979317906455e-01
-1.652551111720714783e+00
-1.741691401277877027e+00
-7.942277119731979695e-01
-5.403153764174005724e-01
-5.543643545760394975e-01
3.510461690121663425e-02
2.517038740378229611e-01
-2.886225669794031390e-01
-6.866266717047759816e-01
-1.187023139218673640e+00
-1.522531900836846308e+00
-1.248746967352957649e+00
8.105529614923325799e-01
2.104818250380760425e+00
2.568498683183102482e+00
1.475103931982991501e+00
1.254732171687726217e+00
2.039597043669133303e+00
2.736381781142065428e-01
9.881261827639876705e-01
3.099061404181511659e+00
1.036816282124657151e+00
1.479865228223260054e+00
4.616097958448899696e+00
5.012890250440097617e+00
9.581469507033342214e-01
3.744846076112620104e-01
-2.260083267006092189e+00
-2.042474487604019728e+00
-2.214678599715616869e+00
-1.061090717145824147e+00
-2.140066646226885805e+00
-4.442985871896238059e+00
-4.104405228864138167e+00
-2.009593225002292982e+00
-4.844287045650411905e+00
-7.661230609153009574e+00
-7.614600956855062996e+00
-5.305387124409325139e+00
-5.537289064127581817e+00
0.000000000000000000e+00
0.000000000000000000e+00
0.000000000000000000e+00
0.000000000000000000e+00
0.000000000000000000e+00
0.000000000000000000e+00
0.000000000000000000e+00
0.000000000000000000e+00
0.000000000000000000e+00
0.000000000000000000e+00
0.000000000000000000e+00
0.000000000000000000e+00
0.000000000000000000e+00
0.000000000000000000e+00
0.000000000000000000e+00
0.000000000000000000e+00
0.000000000000000000e+00
0.000000000000000000e+00
0.000000000000000000e+00
0.000000000000000000e+00
0.000000000000000000e+00
0.000000000000000000e+00
0.000000000000000000e+00
0.000000000000000000e+00
0.000000000000000000e+00
0.000000000000000000e+00
0.000000000000000000e+00
0.000000000000000000e+00
0.000000000000000000e+00
0.000000000000000000e+00
0.000000000000000000e+00
0.000000000000000000e+00
0.000000000000000000e+00
0.000000000000000000e+00
0.000000000000000000e+00
0.000000000000000000e+00
0.000000000000000000e+00
0.000000000000000000e+00
0.000000000000000000e+00
0.000000000000000000e+00
0.000000000000000000e+00
0.000000000000000000e+00
0.000000000000000000e+00
0.000000000000000000e+00
0.000000000000000000e+00
0.000000000000000000e+00
0.000000000000000000e+00
0.000000000000000000e+00
0.000000000000000000e+00
0.000000000000000000e+00
0.000000000000000000e+00
0.000000000000000000e+00
0.000000000000000000e+00
0.000000000000000000e+00
0.000000000000000000e+00
0.000000000000000000e+00
0.000000000000000000e+00
0.000000000000000000e+00
0.000000000000000000e+00
0.000000000000000000e+00
0.000000000000000000e+00
0.000000000000000000e+00
0.000000000000000000e+00
0.000000000000000000e+00
0.000000000000000000e+00
0.000000000000000000e+00
0.000000000000000000e+00
0.000000000000000000e+00
0.000000000000000000e+00
0.000000000000000000e+00
0.000000000000000000e+00
0.000000000000000000e+00
0.000000000000000000e+00
0.000000000000000000e+00
0.000000000000000000e+00
0.000000000000000000e+00
0.000000000000000000e+00
0.000000000000000000e+00
0.000000000000000000e+00
0.000000000000000000e+00
0.000000000000000000e+00
0.000000000000000000e+00
0.000000000000000000e+00
0.000000000000000000e+00
0.000000000000000000e+00
0.000000000000000000e+00
0.000000000000000000e+00
0.000000000000000000e+00
0.000000000000000000e+00
0.000000000000000000e+00
0.000000000000000000e+00
0.000000000000000000e+00
0.000000000000000000e+00
0.000000000000000000e+00
0.000000000000000000e+00
0.000000000000000000e+00
0.000000000000000000e+00
0.000000000000000000e+00
0.000000000000000000e+00
0.000000000000000000e+00
0.000000000000000000e+00
0.000000000000000000e+00
0.000000000000000000e+00
0.000000000000000000e+00
0.000000000000000000e+00
0.000000000000000000e+00
0.000000000000000000e+00
0.000000000000000000e+00
0.000000000000000000e+00
0.000000000000000000e+00
0.000000000000000000e+00
0.000000000000000000e+00
0.000000000000000000e+00
0.000000000000000000e+00
0.000000000000000000e+00
0.000000000000000000e+00
0.000000000000000000e+00
0.000000000000000000e+00
0.000000000000000000e+00
0.000000000000000000e+00
0.000000000000000000e+00
0.000000000000000000e+00
0.000000000000000000e+00
0.000000000000000000e+00
0.000000000000000000e+00
0.000000000000000000e+00
0.000000000000000000e+00
0.000000000000000000e+00
0.000000000000000000e+00
