1.016357421874999556e+00
-7.178186158554727969e-02
7.614625732948576697e-01
6.618483337157419211e-01
-5.724508343345027228e-01
2.685952087618537210e-01
1.380540527650287119e+00
2.850309788143357004e-01
-5.934038987825254186e-01
1.258799852501701011e+00
2.006950268156860950e+00
1.395716280862881575e+00
2.855973497647265269e+00
2.095419418141645451e+00
1.720316370094501890e+00
2.126779841599035770e+00
-1.778234461818988255e-01
2.448493268427280434e+00
5.038456555545674398e+00
2.951086542113166900e+00
1.327883224314781785e+00
2.591768015707440309e+00
1.884410482002699005e+00
2.623569765818984934e-01
2.357131802643224638e+00
2.510458711509707008e+00
2.162432626950034908e-01
1.343096346890872761e+00
2.262766835063737769e+00
3.397037891117584696e+00
4.022396601195801225e+00
-1.451960519602179644e+00
-3.469372616280850696e+00
-4.116337461147155707e+00
-5.456789697533929839e+00
-2.265182565498073508e+00
9.898092324222298455e-01
-2.646587556826879517e+00
-1.758998514076744346e+00
9.617797465601185536e-02
-1.486189550481735733e+00
-3.433886677272070198e+00
-1.904806208754543650e+00
1.660425186257477037e+00
5.523731913270792937e-01
-3.552450360883367519e+00
-2.867829460384531792e+00
-6.773056960501833146e-02
2.019861354483534210e+00
2.320489328445177080e+00
2.658094248675047400e+00
1.937252462798619401e+00
-4.207088741472848614e-01
-6.406267826499858486e-01
-5.774662701378874274e-02
3.847689416765813775e-01
1.794009357594594789e-02
-1.955915602848236512e+00
-2.498100487775825496e+00
-2.046540246946509267e+00
-1.048129433695368817e+00
-1.657032241628879854e+00
-2.507859952688088701e+00
-2.475650625661848903e+00
-7.141474850035837152e-01
9.920342772699105582e-01
3.790156557142758675e-01
1.019330711298516157e-01
5.354793929446339806e-01
1.274286672399470799e+00
8.933314857118141994e-01
1.319120738774526291e-01
-7.134114846105179542e-01
-4.970168285855569579e-01
8.335804138509692596e-01
1.181137479956786862e+00
1.627829968294830287e+00
1.429563904664086449e+00
3.666957215692203675e-01
-2.210922587316459520e-01
3.421600584838796477e-01
1.166412413254251934e-01
-6.632322320110485281e-01
-9.437468370828497877e-01
-6.650306498143579992e-01
-1.224636785897493807e-01
1.549950459665405678e-02
2.324306719899047469e-01
6.899841443100362959e-02
-5.726766137112763166e-01
2.107812167464558906e-01
1.037487365208012546e+00
3.577520415479170657e-01
-4.544228461690701382e-01
-5.683896531065811830e-01
-7.609608348911064413e-01
-1.612200423538093119e+00
-2.244005015159681538e+00
-1.803526318199858425e+00
-5.663023718751499791e-01
3.777982444373230164e-01
6.312157670066216308e-01
5.654782905763611200e-01
1.014501492801577198e-01
-6.257835396922886151e-01
-2.422174262119103361e-02
-7.297443874675748621e-01
-2.619312809256194363e+00
-4.163688807437739392e+00
-4.553070883508409494e+00
-4.158740305550578498e+00
-3.447404568889541832e+00
-2.163233106188407806e+00
-4.509866528644661532e-01
-1.772216061928581610e+00
-2.944967396701062334e+00
-2.156993318577733909e+00
4.817763657991247506e-02
-2.841884761027496653e-01
-3.296877862128395620e+00
-7.159013021452102166e+00
-9.060963541242291086e+00
-8.679428510674998876e+00
-6.767249201009753357e+00
-4.292415168339482889e+00
-1.297729862809818835e+00
7.878724315610332596e-01
-5.811761159057036163e-01
-1.497474759133248012e+00
-1.400361793858719395e+00
5.602677119478627343e-01
8.163007015551418943e-01
1.850078843351032898e-01
-4.667293930223466170e-01
-1.290784325105536645e+00
-2.091466519933198764e+00
-4.233402854606600485e-01
1.437151792613310164e+00
2.023498668400208977e+00
2.280119621823914589e+00
3.418625444213192921e+00
4.441966067564650622e+00
4.293006779705077491e+00
2.929680817757675193e+00
7.648864091955992484e-01
2.154933091208343754e+00
4.600981883089197311e+00
5.639405421160623710e+00
4.901308351959987597e+00
3.163131102615523993e+00
1.622584041158068313e+00
-6.466344114496552775e-02
-4.754898647228777975e-01
2.110005396950835888e-01
1.340020218619748738e+00
2.801438117502158764e+00
6.564616127426428083e-01
-3.085532853604081360e+00
-6.971183201623819770e+00
-9.408097532369723126e+00
-9.892275237162925450e+00
-6.060107094156919949e+00
-1.632894010639933668e+00
1.060554006960348961e+00
6.956532593982329704e-01
-2.015205648826037255e+00
-3.242850776488282349e+00
-1.463577995111966512e+00
1.621650298197720996e-01
-1.498165031559484772e+00
-2.455928623614759942e+00
-3.332823754013196194e+00
-4.298861608061697481e+00
-4.262329618247322038e+00
-2.979878328242421937e+00
-1.652303673347210289e+00
2.558720372450720149e-01
1.013825810546629569e+00
1.617556496812568634e+00
1.732179770044941947e+00
1.034875744902358452e+00
-2.271080651731995914e-01
-4.886652729533061956e-01
-1.192404362728795686e+00
-7.961156745956161629e-01
4.200014582843509814e-01
1.626429585358226682e+00
2.086523347969604814e+00
1.567923444537749011e+00
7.531963223266655572e-01
2.975301088538713223e-01
1.904441574749076382e+00
4.292369245662023047e+00
6.545887188519748712e+00
7.365584554641261938e+00
6.029774542099414880e+00
2.982678664698626747e+00
5.054683987922248267e-01
1.832759751251518798e+00
3.150061498959026984e+00
3.953000594750141872e+00
3.056408657717411881e+00
1.497329794157700622e+00
1.484449511862482751e+00
1.690826593865870198e+00
6.734804145141752851e-01
-3.182662139508157795e-01
9.542113290005731496e-01
7.985530330846788427e-01
2.583110394952801148e-01
-1.712839010572264620e-02
-1.064929840285109286e-01
7.381237620348324313e-02
-7.087745846948245720e-02
-5.513935498697608573e-01
-5.486871014951699710e-01
1.356689909419893647e-01
-7.503826368068142738e-01
-1.540214518249221509e+00
-1.525234193337639210e+00
-8.699347320324403166e-01
-1.107391186801238936e+00
-2.093115245071377473e+00
-2.154405324581284198e+00
-1.111126025148510887e+00
2.124983654733018090e-01
-8.888232157493110019e-01
-2.236893051517119257e+00
-2.595185126205131532e+00
-1.374643464241693591e+00
-7.566842590006026548e-01
-1.177871082444506889e+00
-7.151711930592153932e-01
1.348747886596076695e-01
-2.412106110307594697e+00
-4.392096928300334824e+00
-4.926502938775747964e+00
-3.062665928087936251e+00
-1.268481747138454185e+00
-3.395126276872646898e+00
-3.857092791569182832e+00
-2.102856694868054710e+00
-2.756745109753825140e+00
-5.347983829682088519e+00
-5.143893717247141062e+00
-1.076141651069103089e+00
-3.470909144892801113e+00
-8.111989728486653561e+00
-9.218485063217322306e+00
-6.284822876315944384e+00
-1.784142637626473737e+00
-1.542721307862201297e+00
-3.739005137471206996e+00
-2.110380332273205095e+00
-4.464357898382802503e-01
-1.705803188344236165e+00
-2.267477746337076550e+00
-1.360784254963708140e+00
-5.250909999305065634e-01
-1.362798516264530413e+00
-1.748809019161669420e+00
-1.053601342034695909e+00
-2.092669489159215690e-01
6.911537757530933357e-01
7.971539618808554106e-01
5.276413018707493130e-01
4.590740462633304819e-01
6.650360530471852716e-01
3.143211933166745187e-01
5.616952052908793513e-01
1.570126220832788633e+00
9.012504598873947170e-01
-3.846853046285889643e-01
-7.699885382699986902e-01
1.695470769146663059e-01
8.050700183302941237e-01
6.606023816956740902e-02
-9.734190173445432803e-01
-1.222134281957460544e+00
-5.192126329019676190e-01
-1.700001377408517644e-01
2.337220576374407777e-01
5.655563803240326592e-01
6.476114052631860574e-01
3.074702392823469577e-01
5.891368105745432571e-01
1.753751389913080549e+00
2.579843692538907884e+00
2.127505158587562395e+00
1.406578183886309841e+00
3.301170491655263550e+00
4.608758494712995812e+00
3.899162914478504938e+00
2.769725874350163597e+00
3.414276394540995963e+00
2.629102606495406391e+00
2.019441550249713391e+00
3.775165208976490661e+00
3.748849637384346067e+00
2.506583822337149048e+00
1.292912368228128717e+00
1.330401487147952366e+00
3.392079322417652421e+00
3.919171070137616564e+00
2.868907862007338050e+00
2.672964555377324913e+00
1.913318654818300102e+00
3.124978884979483951e+00
5.621819992945415123e+00
3.797728016700892884e+00
1.538210930004807242e+00
6.404922621534511862e+00
7.307676273346077167e+00
5.188764745734635753e+00
2.896017192804875240e+00
2.849024222317344979e+00
5.410198342034317598e+00
4.132382521903883443e+00
1.395001262938974529e+00
4.067269408285044463e+00
5.261525563101607794e+00
3.401203225421702836e+00
4.062398421246468772e+00
5.707426714902791076e+00
3.647307513665885459e+00
1.408015656534913118e+00
3.415913895001777334e+00
2.244098594358631793e+00
2.409996970658838666e+00
3.381111654100751984e+00
1.701812254889471410e+00
3.196526986728991382e+00
3.296809561634983510e+00
1.616484873655325449e+00
1.972306043476775628e+00
2.584590076261219060e+00
1.743924335076181942e+00
1.049812062229011689e+00
2.093788218877976615e+00
1.643511805470758480e+00
2.512604956306104809e-01
0.000000000000000000e+00
0.000000000000000000e+00
0.000000000000000000e+00
0.000000000000000000e+00
0.000000000000000000e+00
0.000000000000000000e+00
0.000000000000000000e+00
0.000000000000000000e+00
0.000000000000000000e+00
0.000000000000000000e+00
0.000000000000000000e+00
0.000000000000000000e+00
0.000000000000000000e+00
0.000000000000000000e+00
0.000000000000000000e+00
0.000000000000000000e+00
0.000000000000000000e+00
0.000000000000000000e+00
0.000000000000000000e+00
0.000000000000000000e+00
0.000000000000000000e+00
0.000000000000000000e+00
0.000000000000000000e+00
0.000000000000000000e+00
0.000000000000000000e+00
0.000000000000000000e+00
0.000000000000000000e+00
0.000000000000000000e+00
0.000000000000000000e+00
0.000000000000000000e+00
0.000000000000000000e+00
0.000000000000000000e+00
0.000000000000000000e+00
0.000000000000000000e+00
0.000000000000000000e+00
0.000000000000000000e+00
0.000000000000000000e+00
0.000000000000000000e+00
0.000000000000000000e+00
0.000000000000000000e+00
0.000000000000000000e+00
0.000000000000000000e+00
0.000000000000000000e+00
0.000000000000000000e+00
0.000000000000000000e+00
0.000000000000000000e+00
0.000000000000000000e+00
0.000000000000000000e+00
0.000000000000000000e+00
0.000000000000000000e+00
0.000000000000000000e+00
0.000000000000000000e+00
0.000000000000000000e+00
0.000000000000000000e+00
0.000000000000000000e+00
0.000000000000000000e+00
0.000000000000000000e+00
0.000000000000000000e+00
0.000000000000000000e+00
0.000000000000000000e+00
0.000000000000000000e+00
0.000000000000000000e+00
0.000000000000000000e+00
0.000000000000000000e+00
0.000000000000000000e+00
0.000000000000000000e+00
0.000000000000000000e+00
0.000000000000000000e+00
0.000000000000000000e+00
0.000000000000000000e+00
0.000000000000000000e+00
0.000000000000000000e+00
0.000000000000000000e+00
0.000000000000000000e+00
0.000000000000000000e+00
0.000000000000000000e+00
0.000000000000000000e+00
0.000000000000000000e+00
0.000000000000000000e+00
0.000000000000000000e+00
0.000000000000000000e+00
0.000000000000000000e+00
0.000000000000000000e+00
0.000000000000000000e+00
0.000000000000000000e+00
0.000000000000000000e+00
0.000000000000000000e+00
0.000000000000000000e+00
0.000000000000000000e+00
0.000000000000000000e+00
0.000000000000000000e+00
0.000000000000000000e+00
0.000000000000000000e+00
0.000000000000000000e+00
0.000000000000000000e+00
0.000000000000000000e+00
0.000000000000000000e+00
0.000000000000000000e+00
0.000000000000000000e+00
0.000000000000000000e+00
0.000000000000000000e+00
0.000000000000000000e+00
0.000000000000000000e+00
0.000000000000000000e+00
0.000000000000000000e+00
0.000000000000000000e+00
0.000000000000000000e+00
0.000000000000000000e+00
0.000000000000000000e+00
0.000000000000000000e+00
0.000000000000000000e+00
0.000000000000000000e+00
0.000000000000000000e+00
0.000000000000000000e+00
0.000000000000000000e+00
0.000000000000000000e+00
0.000000000000000000e+00
0.000000000000000000e+00
0.000000000000000000e+00
0.000000000000000000e+00
0.000000000000000000e+00
0.000000000000000000e+00
0.000000000000000000e+00
0.000000000000000000e+00
0.000000000000000000e+00
0.000000000000000000e+00
0.000000000000000000e+00
0.000000000000000000e+00
0.000000000000000000e+00
0.000000000000000000e+00
0.000000000000000000e+00
0.000000000000000000e+00
0.000000000000000000e+00
0.000000000000000000e+00
0.000000000000000000e+00
0.000000000000000000e+00
0.000000000000000000e+00
0.000000000000000000e+00
0.000000000000000000e+00
0.000000000000000000e+00
0.000000000000000000e+00
0.000000000000000000e+00
0.000000000000000000e+00
0.000000000000000000e+00
0.000000000000000000e+00
0.000000000000000000e+00
0.000000000000000000e+00
0.000000000000000000e+00
0.000000000000000000e+00
0.000000000000000000e+00
0.000000000000000000e+00
0.000000000000000000e+00
0.000000000000000000e+00
0.000000000000000000e+00
0.000000000000000000e+00
0.000000000000000000e+00
0.000000000000000000e+00
0.000000000000000000e+00
0.000000000000000000e+00
