1.761322021484375000e+00
2.033165344161543597e+00
2.195571225876245869e+00
1.470924254691401423e+00
3.099351617573022910e-01
-2.955697986467141769e-01
-5.463053934214000540e-01
-6.405974034747370371e-01
-3.427680409124829186e-01
9.913683274536256862e-01
1.562422442124848265e+00
1.912242049797185262e+00
3.229532379416748089e+00
3.361954827562868786e+00
2.045396097571737126e+00
1.908879248040720400e+00
2.538822019430644339e+00
2.191468911358795957e+00
1.005714472301439288e+00
1.309064361821089095e+00
1.505045679709559270e+00
1.192198358076915543e+00
2.375261432388070748e+00
2.611337885622766919e+00
1.646199434883412360e+00
1.428222027538331940e+00
2.752608547831846053e+00
2.274105807679022373e+00
-3.126398261350751828e-01
1.614100112951487809e+00
2.118755738405683431e+00
3.825848808593601103e+00
5.223942539710790811e+00
2.974456720710225266e+00
1.193592617499575681e+00
1.755140902248843782e+00
2.078109455714625575e+00
3.376945213132784396e+00
3.471447941014938365e+00
2.351475472926649601e+00
1.441263917000357164e+00
2.275112936633795879e+00
3.116472488984684652e+00
2.648029720282830013e+00
2.823392944539025784e+00
4.161830390204130481e+00
5.162152625981788923e+00
3.476044754129469005e+00
1.636939541515902929e+00
6.996704307179795190e-01
-2.148388614745579961e-01
-1.432412909845902416e+00
-1.026289518696691161e+00
-8.726535060183941983e-01
9.152423431069078852e-02
1.606140126932924961e+00
2.396016572788509436e+00
2.236883806816932552e+00
2.027894030444147067e+00
2.379904439319550757e+00
2.534652344288021109e+00
1.827022053786318878e+00
1.911493345366006569e-01
5.308121105690466468e-01
1.734352158668260202e+00
1.609739887390265078e+00
3.898795352146522397e-01
-2.069621974869125802e-01
-9.867484193446518503e-03
4.709948132376966523e-01
8.354895817508096734e-01
5.163440229477606058e-01
6.262226970351190136e-01
6.197612825564160488e-01
9.232047247777368515e-01
1.863867836237438347e+00
1.448316811267049697e+00
-7.997250127203219261e-01
1.725284089211851501e-01
5.637075012214247671e-01
-3.163891051714498026e-01
-1.000868740091454656e+00
-8.104890452257801359e-01
-9.843402074823925929e-03
1.118962381890693969e+00
8.608749775089620249e-01
1.624779497039230414e-02
-1.229284937743115869e-01
-3.353390326678051814e-02
-3.292721310947394064e-01
2.630143702806688744e-01
-7.586490995160799500e-02
-1.462568037551212452e+00
-1.784000455351630210e+00
-1.190775946200504976e+00
-8.902070519589473374e-01
-5.770084663297732064e-01
5.177190893667169558e-01
6.893269077672314893e-02
2.146776149395059896e-01
7.763565622142855061e-01
3.291502832689752189e-03
-1.577520781461510868e+00
-2.370969190464825793e+00
-2.835350161209814868e+00
-2.298394936850918668e+00
-1.931914520563648985e+00
-1.383436241209202944e+00
9.859149627152022921e-01
2.927572588677191945e-01
-2.240867082522646658e+00
-3.394589864598925644e+00
-1.725168222541938690e+00
-1.354944179326705855e-01
-1.507515533601415436e+00
-3.150179674936907759e+00
-4.715793383553437579e+00
-4.556735313638063722e+00
-4.168223632834513914e+00
-2.509430053450353970e+00
4.223339448946346053e-01
1.966075801837301018e+00
1.164306151693280666e+00
7.131118571014485319e-01
3.879183936313777004e-01
1.581925707339080223e-01
2.498078636727716351e-01
1.128153209004062463e-01
5.835982110050111915e-01
1.062935418193128534e+00
7.402120650706625060e-01
9.735913931119268838e-01
1.686528248014552256e+00
1.396125389665772820e+00
-2.958901496273618204e-01
1.952663479065591456e+00
4.870337315823495494e+00
6.838703199985513237e+00
6.559259511374164298e+00
5.597483980758081401e+00
4.027455014646392328e+00
1.252457840094749253e+00
-1.264511603659605576e+00
-1.049438295451076364e+00
1.012249173039743377e+00
2.243227791757418821e+00
6.863617938833908028e-01
-1.650861072398181806e+00
-3.279780241245739525e+00
-4.187140105145960689e+00
-4.103315697538081785e+00
-2.652707320143522729e+00
-5.046256209637229873e-01
1.553394569365359690e+00
-4.524407022186451854e-01
-1.987134666804965200e+00
-1.827943760877846824e+00
-3.619515961547117300e-01
2.954919323103940565e-01
-2.075493536924315041e+00
-3.497996820203341350e+00
-3.211571713804190153e+00
-2.207413879394017009e+00
-1.555512661582348022e+00
-6.447235870495167109e-01
6.119739744207470800e-01
6.549692719987475487e-01
4.817366449596969247e-01
7.626305751724009596e-01
6.416930056411829231e-01
-6.534884648361961590e-01
-1.320838848855777847e+00
-1.682667730182303201e+00
-1.252857919856771307e+00
-6.381957211618245474e-01
-4.234088047956232614e-01
-2.041016587341015764e-03
1.014622925957245902e+00
1.380371774732770618e+00
8.452464796548336823e-01
3.242478653417671941e-01
5.167652223696627134e-01
1.153606580260522430e+00
9.598340020788896920e-01
9.344633438787501856e-01
1.017391875843509652e+00
4.333097133354901764e-01
-1.015166448858445758e+00
-6.935025626754793837e-01
1.897464111646266494e+00
3.962264524654969478e+00
5.477874055869141223e+00
7.049576620821587980e+00
7.618197426774297121e+00
5.972879347829007202e+00
2.865247265187795822e+00
-2.833301052076586668e-01
4.299040479531854864e-01
1.766684504846788295e+00
2.001043822330953681e+00
1.914486365907843712e+00
1.698477023033731381e+00
7.436142664988949491e-01
-3.758946155997940908e-01
-5.482669266515360906e-02
1.049696852763980726e+00
2.005510576748849694e+00
2.591266345618537859e+00
2.551681713222929027e+00
2.188908409364755059e+00
1.322887233761756987e+00
-4.324890475045828353e-01
-1.347659340196845301e+00
-1.317391853043202499e+00
-1.568936620306099261e+00
-7.925098555237866105e-01
-7.296861081293462004e-01
-1.503394951300498050e+00
-1.347504427292728124e+00
-7.813187840791266936e-01
1.163213712309782322e+00
1.070419457024663679e+00
-2.035977367844241659e-01
-6.078183907743297532e-01
6.200999523780550415e-01
7.484027850596808307e-01
-4.127244510424493695e-01
-7.931112529962103253e-01
-1.252669852720349919e+00
-8.583267665446739914e-01
3.005773959850415178e-01
5.006254208296598840e-01
-6.987207168466680329e-03
-1.156591528899904020e-01
-1.118465672376692810e-01
6.549390583482116446e-01
9.804925940088482506e-01
4.697932974454507304e-01
4.473908425297877800e-01
1.343460396195992335e+00
1.133780366733520450e+00
-1.182684316821479564e-01
-2.453485058405646679e-02
2.461336698932498068e-01
4.421105550596586831e-01
6.667640919618144091e-01
1.429139810523532006e-01
-7.243446453583058942e-01
-1.009611428429602942e+00
-6.905668880306849999e-01
4.257413805474257185e-01
1.496997588156464110e+00
9.645116944950317128e-01
-3.521362062521801728e-01
1.704048799310406537e+00
2.241565069529471099e+00
1.182590075240106620e+00
5.007372100611321430e-01
3.665032082685311110e-01
3.275898251223186008e-01
8.491913101101020711e-01
7.330550381155537254e-01
4.542187618638252600e-01
3.633098355303960858e-01
6.039040378540807552e-01
1.593350955929447199e+00
2.562305897325018567e+00
1.470438915412362268e+00
1.132213149503765948e+00
2.684185523126225714e+00
3.151315882656745782e+00
2.630323167817246954e+00
2.290538288694356606e+00
2.790742257448913133e+00
3.225155106288620122e+00
2.896357393825327531e+00
1.872608636995784170e+00
1.171717361087607268e+00
1.076647902019559400e+00
6.261915114046271436e-01
1.788836502184670385e+00
2.614931118867756865e+00
3.277961942531208983e+00
4.510321005234510849e+00
5.493877194309571443e+00
5.314600857945486645e+00
4.749891824990789324e+00
4.759114139103666652e+00
4.614989318494384207e+00
3.290382219624619520e+00
2.619935748043882295e+00
3.861984625584006015e+00
5.202663901622305964e+00
4.987459869417525837e+00
3.310262652244133630e+00
2.520310879942616822e+00
1.900765602089238060e+00
3.816637248422982687e+00
5.964803587702945720e+00
4.412750279473614867e+00
2.662633041641164322e+00
2.181645349754766983e+00
3.234586172281140315e-01
2.938601971146921343e+00
3.450129062012206926e+00
2.303350126315804047e+00
2.533707775635492432e+00
3.160596162820499710e+00
2.771629293382544379e+00
1.966118243809302557e+00
2.649355954364400301e+00
2.780028803465673271e+00
2.686427127877135668e+00
3.883694033371369869e+00
4.025650813195880140e+00
3.069890531527835975e+00
2.916659492499960926e+00
4.018027500913189165e+00
3.675420139994054480e+00
2.105071609737207083e+00
1.800689776365696382e+00
1.591281075845894843e+00
5.632488985223564892e-01
4.513475707026231021e-01
5.207142625276418579e-01
5.591650486567660838e-01
8.589740875958319366e-01
1.688974354929188681e+00
2.556111905073399804e+00
2.674395573467528209e+00
0.000000000000000000e+00
0.000000000000000000e+00
0.000000000000000000e+00
0.000000000000000000e+00
0.000000000000000000e+00
0.000000000000000000e+00
0.000000000000000000e+00
0.000000000000000000e+00
0.000000000000000000e+00
0.000000000000000000e+00
0.000000000000000000e+00
0.000000000000000000e+00
0.000000000000000000e+00
0.000000000000000000e+00
0.000000000000000000e+00
0.000000000000000000e+00
0.000000000000000000e+00
0.000000000000000000e+00
0.000000000000000000e+00
0.000000000000000000e+00
0.000000000000000000e+00
0.000000000000000000e+00
0.000000000000000000e+00
0.000000000000000000e+00
0.000000000000000000e+00
0.000000000000000000e+00
0.000000000000000000e+00
0.000000000000000000e+00
0.000000000000000000e+00
0.000000000000000000e+00
0.000000000000000000e+00
0.000000000000000000e+00
0.000000000000000000e+00
0.000000000000000000e+00
0.000000000000000000e+00
0.000000000000000000e+00
0.000000000000000000e+00
0.000000000000000000e+00
0.000000000000000000e+00
0.000000000000000000e+00
0.000000000000000000e+00
0.000000000000000000e+00
0.000000000000000000e+00
0.000000000000000000e+00
0.000000000000000000e+00
0.000000000000000000e+00
0.000000000000000000e+00
0.000000000000000000e+00
0.000000000000000000e+00
0.000000000000000000e+00
0.000000000000000000e+00
0.000000000000000000e+00
0.000000000000000000e+00
0.000000000000000000e+00
0.000000000000000000e+00
0.000000000000000000e+00
0.000000000000000000e+00
0.000000000000000000e+00
0.000000000000000000e+00
0.000000000000000000e+00
0.000000000000000000e+00
0.000000000000000000e+00
0.000000000000000000e+00
0.000000000000000000e+00
0.000000000000000000e+00
0.000000000000000000e+00
0.000000000000000000e+00
0.000000000000000000e+00
0.000000000000000000e+00
0.000000000000000000e+00
0.000000000000000000e+00
0.000000000000000000e+00
0.000000000000000000e+00
0.000000000000000000e+00
0.000000000000000000e+00
0.000000000000000000e+00
0.000000000000000000e+00
0.000000000000000000e+00
0.000000000000000000e+00
0.000000000000000000e+00
0.000000000000000000e+00
0.000000000000000000e+00
0.000000000000000000e+00
0.000000000000000000e+00
0.000000000000000000e+00
0.000000000000000000e+00
0.000000000000000000e+00
0.000000000000000000e+00
0.000000000000000000e+00
0.000000000000000000e+00
0.000000000000000000e+00
0.000000000000000000e+00
0.000000000000000000e+00
0.000000000000000000e+00
0.000000000000000000e+00
0.000000000000000000e+00
0.000000000000000000e+00
0.000000000000000000e+00
0.000000000000000000e+00
0.000000000000000000e+00
0.000000000000000000e+00
0.000000000000000000e+00
0.000000000000000000e+00
0.000000000000000000e+00
0.000000000000000000e+00
0.000000000000000000e+00
0.000000000000000000e+00
0.000000000000000000e+00
0.000000000000000000e+00
0.000000000000000000e+00
0.000000000000000000e+00
0.000000000000000000e+00
0.000000000000000000e+00
0.000000000000000000e+00
0.000000000000000000e+00
0.000000000000000000e+00
0.000000000000000000e+00
0.000000000000000000e+00
0.000000000000000000e+00
0.000000000000000000e+00
0.000000000000000000e+00
0.000000000000000000e+00
0.000000000000000000e+00
0.000000000000000000e+00
0.000000000000000000e+00
0.000000000000000000e+00
0.000000000000000000e+00
0.000000000000000000e+00
0.000000000000000000e+00
0.000000000000000000e+00
0.000000000000000000e+00
0.000000000000000000e+00
0.000000000000000000e+00
0.000000000000000000e+00
0.000000000000000000e+00
0.000000000000000000e+00
0.000000000000000000e+00
0.000000000000000000e+00
0.000000000000000000e+00
0.000000000000000000e+00
0.000000000000000000e+00
0.000000000000000000e+00
0.000000000000000000e+00
0.000000000000000000e+00
0.000000000000000000e+00
0.000000000000000000e+00
0.000000000000000000e+00
0.000000000000000000e+00
0.000000000000000000e+00
0.000000000000000000e+00
0.000000000000000000e+00
0.000000000000000000e+00
0.000000000000000000e+00
0.000000000000000000e+00
0.000000000000000000e+00
0.000000000000000000e+00
0.000000000000000000e+00
0.000000000000000000e+00
0.000000000000000000e+00
0.000000000000000000e+00
0.000000000000000000e+00
0.000000000000000000e+00
0.000000000000000000e+00
0.000000000000000000e+00
0.000000000000000000e+00
0.000000000000000000e+00
0.000000000000000000e+00
0.000000000000000000e+00
0.000000000000000000e+00
0.000000000000000000e+00
