-1.870727539062500000e-02
-3.165112606923883298e-01
-2.296401789062121890e-01
1.917663557129012375e-01
2.310934865331302213e-01
3.566317171021364807e-01
4.844112357185896833e-01
3.559702580025323471e-01
-2.114249503284879594e-01
-2.225173764931369647e-01
-2.153336337544198287e-01
-3.569005665394122673e-01
-7.947259185375221691e-02
1.035797839299066325e-01
-1.738066560834194973e-02
-6.083001225271322809e-02
3.254312077727891106e-01
5.102270386774111488e-01
1.296776941372457248e-01
-5.048621284603677095e-01
2.055667228933143464e-01
7.493928690157429795e-01
7.424857960658927114e-01
9.169889249271125919e-01
5.496579898755193927e-01
9.954443125374901058e-01
4.782262269444359504e-01
-8.886477540362198724e-01
1.407150448478574400e+00
1.530793074210148097e+00
-1.493241698010931984e-01
7.952296594118666295e-01
1.793804014556071191e+00
-7.389278897403839252e-02
-7.164862273430381290e-01
9.741913496769571967e-02
1.462897119209238816e-01
5.023033140273860386e-01
-8.190029924501860403e-01
1.825102607712467240e+00
3.900452241679384535e+00
3.655111809359820718e+00
2.950087544664169226e+00
1.243648305046966218e+00
1.110868787006489056e+00
-1.306235318264172829e-01
-2.722036731053662617e+00
-1.879236342366660706e+00
-6.694304080365292009e-01
-2.894208362588641670e-01
7.295489627111741981e-01
1.525552997710743153e+00
-1.071775202265913496e+00
-5.036554724383295323e-01
-3.878710942588230459e-01
-1.366233912809981632e+00
-1.548596041145927416e+00
-2.352494761173773430e+00
-1.093582270857170968e+00
-2.675094216221216570e-01
-8.530215207390234866e-02
1.857330285248153245e-01
-3.712174021592429263e-02
-1.145287565487647097e-01
3.215258046855127283e-01
-1.240818485972353669e+00
-3.655130311711447533e-01
2.970002996951575103e-01
-6.089584430923258296e-01
-3.454064901298243839e-01
-2.437889982973686642e-01
-4.384668922741664643e-01
2.827754167636120641e-01
-1.574025243842847033e-02
-5.547552055357134471e-01
-3.441067185836604869e-01
-2.784829577800194134e-01
-1.178512194748742692e+00
-3.715161088540159806e-01
-2.308806919819941239e-01
-5.278947956953581322e-01
-5.470309662318759703e-01
-6.890005175498226109e-02
3.467983054981527147e-02
3.301299727793032268e-01
-1.375858448034801285e+00
-1.372593381376494115e+00
2.977650673133602766e-03
-1.277229901656733446e+00
-2.130564497932141421e+00
-1.950246004977242542e+00
-1.000458042894242672e+00
-4.091670708702421777e-02
-4.958973506157717814e-01
-4.320542570530558901e-01
-9.793837423162625733e-01
-1.417785908892478464e+00
-4.016273293866552407e-01
-2.265513425083462984e-01
-5.876977802400307205e-01
-5.745269661037717412e-01
2.097758941077731976e-02
7.356700982084853901e-01
1.207027442107496462e+00
5.714278548280864456e-01
1.848465563659997812e-01
-3.211067072342022044e-01
6.316167052000576376e-02
5.028333861710363450e-01
-2.518480760294226073e-01
-7.680164696876028430e-01
6.824369162244234843e-01
1.311182166564909712e+00
1.575913471400708143e+00
1.130401145565637311e+00
-2.989251121160863001e-01
-1.324493727944297206e+00
1.429752844202658135e+00
1.402680222949442834e+00
4.224455334922772032e-02
-5.862647553800179878e-01
7.418572972824271083e-01
2.384839376700736757e+00
2.991196177126239419e+00
2.403339833562420758e+00
2.231561643816974971e+00
2.206313050311127455e+00
1.749137085917054524e+00
5.915732747766260236e-01
-7.226501504351789951e-02
6.024111053221563594e-01
1.294596289141145107e+00
1.598364766300460538e+00
9.388450409081321446e-01
1.107337827753805737e+00
1.412296678728613086e+00
9.294515894693080593e-01
-8.057869866360781175e-02
1.119926753787767959e+00
1.068400372319204150e+00
3.770163233154060212e-01
2.622946880362848621e-01
4.985981132263106463e-01
-1.953698248957391748e-01
-1.439495612464329666e+00
-2.216046622160420920e+00
-7.740857302253616457e-01
6.538572977784569140e-01
2.293673653263045509e+00
2.699165268399788875e+00
2.979483124287864548e+00
3.298708909007012746e+00
2.902998087446639452e+00
2.101623471631735018e+00
3.006818474830814658e+00
4.397776446102723114e+00
4.316275875697477282e+00
2.859757941779416335e+00
1.271027200206667152e+00
1.748124278798777187e+00
2.185799681846417819e+00
1.633086256280180004e+00
7.459082023539853612e-01
5.601014896637437346e-01
9.640646842916194004e-01
5.773975854828532484e-01
-1.712049774541323233e+00
-1.268099573972605754e+00
-1.426454718090636398e+00
-2.514258761641493756e+00
-1.937563864211929054e+00
-7.585780300202511484e-01
-3.785078761424172100e-01
-3.501072429030003264e-01
7.633099004839074553e-01
2.572102194227579020e+00
3.520399110293141121e+00
3.130995564612697013e+00
2.097089915801111815e+00
-1.574808454189763562e+00
-2.277862701665145817e+00
-5.583220441732499317e-01
9.541496814887748812e-01
1.946379278982428573e+00
-1.413033736992881373e-01
-3.334065918484917290e+00
-9.776334774547330575e-01
1.987268046778982722e+00
1.808752716788762482e+00
-6.011238787838375508e-01
-3.618487854214853527e-01
-4.558698704076906694e-01
-8.267630892094981476e-01
1.517961674874423128e+00
2.035539403546477555e+00
2.025937646051122698e+00
1.184292356226194221e+00
8.177467202047741246e-01
3.405762653763853010e-01
-1.150077758547469742e-01
-2.265644846801999623e-01
2.808231183426751487e-01
8.385464804103008873e-01
9.429938399585442443e-01
6.406196764269640465e-01
2.279619586644007212e-01
7.039282845145016232e-01
9.628047649251136875e-01
6.788543067759733596e-01
-1.083421624405429551e-01
-2.177821563201141064e-01
-5.684485561766385864e-01
-9.664478591216724146e-01
7.254200073191472420e-01
1.084639211573567019e+00
6.231761951540637501e-01
-4.706887339469147946e-01
-3.325024502480460331e-01
-1.342713166221050081e-01
-1.564225904751825880e-02
1.386459488919946637e-01
1.386459488919946637e-01
-1.564225904751825880e-02
-1.342713166221050081e-01
-3.325024502480460331e-01
-4.706887339469147946e-01
6.231761951540637501e-01
1.084639211573567019e+00
7.254200073191472420e-01
-9.664478591216724146e-01
-5.684485561766385864e-01
-2.177821563201141064e-01
-1.083421624405429551e-01
6.788543067759733596e-01
9.628047649251136875e-01
7.039282845145016232e-01
2.279619586644007212e-01
6.406196764269640465e-01
9.429938399585442443e-01
8.385464804103008873e-01
2.808231183426751487e-01
-2.265644846801999623e-01
-1.150077758547469742e-01
3.405762653763853010e-01
8.177467202047741246e-01
1.184292356226194221e+00
2.025937646051122698e+00
2.035539403546477555e+00
1.517961674874423128e+00
-8.267630892094981476e-01
-4.558698704076906694e-01
-3.618487854214853527e-01
-6.011238787838375508e-01
1.808752716788762482e+00
1.987268046778982722e+00
-9.776334774547330575e-01
-3.334065918484917290e+00
-1.413033736992881373e-01
1.946379278982428573e+00
9.541496814887748812e-01
-5.583220441732499317e-01
-2.277862701665145817e+00
-1.574808454189763562e+00
2.097089915801111815e+00
3.130995564612697013e+00
3.520399110293141121e+00
2.572102194227579020e+00
7.633099004839074553e-01
-3.501072429030003264e-01
-3.785078761424172100e-01
-7.585780300202511484e-01
-1.937563864211929054e+00
-2.514258761641493756e+00
-1.426454718090636398e+00
-1.268099573972605754e+00
-1.712049774541323233e+00
5.773975854828532484e-01
9.640646842916194004e-01
5.601014896637437346e-01
7.459082023539853612e-01
1.633086256280180004e+00
2.185799681846417819e+00
1.748124278798777187e+00
1.271027200206667152e+00
2.859757941779416335e+00
4.316275875697477282e+00
4.397776446102723114e+00
3.006818474830814658e+00
2.101623471631735018e+00
2.902998087446639452e+00
3.298708909007012746e+00
2.979483124287864548e+00
2.699165268399788875e+00
2.293673653263045509e+00
6.538572977784569140e-01
-7.740857302253616457e-01
-2.216046622160420920e+00
-1.439495612464329666e+00
-1.953698248957391748e-01
4.985981132263106463e-01
2.622946880362848621e-01
3.770163233154060212e-01
1.068400372319204150e+00
1.119926753787767959e+00
-8.057869866360781175e-02
9.294515894693080593e-01
1.412296678728613086e+00
1.107337827753805737e+00
9.388450409081321446e-01
1.598364766300460538e+00
1.294596289141145107e+00
6.024111053221563594e-01
-7.226501504351789951e-02
5.915732747766260236e-01
1.749137085917054524e+00
2.206313050311127455e+00
2.231561643816974971e+00
2.403339833562420758e+00
2.991196177126239419e+00
2.384839376700736757e+00
7.418572972824271083e-01
-5.862647553800179878e-01
4.224455334922772032e-02
1.402680222949442834e+00
1.429752844202658135e+00
-1.324493727944297206e+00
-2.989251121160863001e-01
1.130401145565637311e+00
1.575913471400708143e+00
1.311182166564909712e+00
6.824369162244234843e-01
-7.680164696876028430e-01
-2.518480760294226073e-01
5.028333861710363450e-01
6.316167052000576376e-02
-3.211067072342022044e-01
1.848465563659997812e-01
5.714278548280864456e-01
1.207027442107496462e+00
7.356700982084853901e-01
2.097758941077731976e-02
-5.745269661037717412e-01
-5.876977802400307205e-01
-2.265513425083462984e-01
-4.016273293866552407e-01
-1.417785908892478464e+00
-9.793837423162625733e-01
-4.320542570530558901e-01
-4.958973506157717814e-01
-4.091670708702421777e-02
-1.000458042894242672e+00
-1.950246004977242542e+00
-2.130564497932141421e+00
-1.277229901656733446e+00
2.977650673133602766e-03
-1.372593381376494115e+00
-1.375858448034801285e+00
3.301299727793032268e-01
3.467983054981527147e-02
-6.890005175498226109e-02
-5.470309662318759703e-01
-5.278947956953581322e-01
-2.308806919819941239e-01
-3.715161088540159806e-01
-1.178512194748742692e+00
-2.784829577800194134e-01
-3.441067185836604869e-01
-5.547552055357134471e-01
-1.574025243842847033e-02
2.827754167636120641e-01
-4.384668922741664643e-01
-2.437889982973686642e-01
-3.454064901298243839e-01
-6.089584430923258296e-01
2.970002996951575103e-01
-3.655130311711447533e-01
-1.240818485972353669e+00
3.215258046855127283e-01
-1.145287565487647097e-01
-3.712174021592429263e-02
1.857330285248153245e-01
-8.530215207390234866e-02
-2.675094216221216570e-01
-1.093582270857170968e+00
-2.352494761173773430e+00
-1.548596041145927416e+00
-1.366233912809981632e+00
-3.878710942588230459e-01
-5.036554724383295323e-01
-1.071775202265913496e+00
1.525552997710743153e+00
7.295489627111741981e-01
-2.894208362588641670e-01
-6.694304080365292009e-01
-1.879236342366660706e+00
-2.722036731053662617e+00
-1.306235318264172829e-01
1.110868787006489056e+00
1.243648305046966218e+00
2.950087544664169226e+00
3.655111809359820718e+00
3.900452241679384535e+00
1.825102607712467240e+00
-8.190029924501860403e-01
5.023033140273860386e-01
1.462897119209238816e-01
9.741913496769571967e-02
-7.164862273430381290e-01
-7.389278897403839252e-02
1.793804014556071191e+00
7.952296594118666295e-01
-1.493241698010931984e-01
1.530793074210148097e+00
1.407150448478574400e+00
-8.886477540362198724e-01
4.782262269444359504e-01
9.954443125374901058e-01
5.496579898755193927e-01
9.169889249271125919e-01
7.424857960658927114e-01
7.493928690157429795e-01
2.055667228933143464e-01
-5.048621284603677095e-01
1.296776941372457248e-01
5.102270386774111488e-01
3.254312077727891106e-01
-6.083001225271322809e-02
-1.738066560834194973e-02
1.035797839299066325e-01
-7.947259185375221691e-02
-3.569005665394122673e-01
-2.153336337544198287e-01
-2.225173764931369647e-01
-2.114249503284879594e-01
3.559702580025323471e-01
4.844112357185896833e-01
3.566317171021364807e-01
2.310934865331302213e-01
1.917663557129012375e-01
-2.296401789062121890e-01
-3.165112606923883298e-01
0.000000000000000000e+00
0.000000000000000000e+00
0.000000000000000000e+00
0.000000000000000000e+00
0.000000000000000000e+00
0.000000000000000000e+00
0.000000000000000000e+00
0.000000000000000000e+00
0.000000000000000000e+00
0.000000000000000000e+00
0.000000000000000000e+00
0.000000000000000000e+00
0.000000000000000000e+00
0.000000000000000000e+00
0.000000000000000000e+00
0.000000000000000000e+00
0.000000000000000000e+00
0.000000000000000000e+00
0.000000000000000000e+00
0.000000000000000000e+00
0.000000000000000000e+00
0.000000000000000000e+00
0.000000000000000000e+00
0.000000000000000000e+00
0.000000000000000000e+00
0.000000000000000000e+00
0.000000000000000000e+00
0.000000000000000000e+00
0.000000000000000000e+00
0.000000000000000000e+00
0.000000000000000000e+00
0.000000000000000000e+00
0.000000000000000000e+00
0.000000000000000000e+00
0.000000000000000000e+00
0.000000000000000000e+00
0.000000000000000000e+00
0.000000000000000000e+00
0.000000000000000000e+00
0.000000000000000000e+00
0.000000000000000000e+00
0.000000000000000000e+00
0.000000000000000000e+00
0.000000000000000000e+00
0.000000000000000000e+00
0.000000000000000000e+00
0.000000000000000000e+00
0.000000000000000000e+00
0.000000000000000000e+00
0.000000000000000000e+00
0.000000000000000000e+00
0.000000000000000000e+00
0.000000000000000000e+00
0.000000000000000000e+00
0.000000000000000000e+00
0.000000000000000000e+00
0.000000000000000000e+00
0.000000000000000000e+00
0.000000000000000000e+00
