-4.620361328125000000e-02
-2.799615261146559675e-02
5.582488598574091299e-01
1.238826288262026232e+00
5.334560435729354122e-01
2.163217621509039290e-02
2.513270693720370819e-01
-9.159507446096415428e-01
-1.272663325270446233e+00
-8.337854706560192675e-01
-9.109882737500190064e-01
-1.108581864799776495e+00
-6.711022751918527263e-01
-8.368429310272427202e-01
-4.072153050779681038e-01
6.684867241170202590e-01
4.619248954451142808e-01
-4.391096467059529829e-02
-2.919871246624792249e-01
-6.733621888427157032e-01
-6.662731687472893682e-01
-1.476812237417879814e+00
-3.017803490713106385e+00
-1.699875860254843829e+00
-4.904983735625179087e-01
-2.929079319162807948e+00
-3.308110274674649354e+00
-3.534322245342500501e-01
6.353246309155413662e-01
7.307513691756102325e-01
2.750552112940160221e+00
3.669986280471341900e+00
3.013791466248060935e+00
2.918009070321906595e+00
2.844179279426364282e+00
2.546061996568312225e+00
-8.159147215856576985e-01
-1.604696334569279070e+00
7.125766740998129567e-01
2.309538031069172881e+00
1.796050282792521768e+00
2.242661211365769791e+00
1.337201888478506628e+00
-6.382952225035263272e-01
-1.112666719880972988e+00
-2.940962898717716101e-01
5.302807929669761666e-01
7.798116490494626518e-01
1.864849291820984689e-01
-5.061869353667141080e-01
1.760124895225034791e-02
1.922729191927731840e+00
1.520103652244810810e+00
-3.804229627418838078e-01
-5.166694174313362087e-01
1.184315643660178718e+00
3.031924273397674785e-01
-6.482607036025032077e-01
-5.104190000769798230e-01
-1.208924322457832101e+00
5.418710423813735133e-01
1.163201999811498633e+00
1.363103163450893662e+00
-4.248634101412093189e-01
-9.579424573169205148e-01
-1.327620273971123144e+00
-1.242911035450937618e-01
3.493605848210945553e-01
3.093331132828993635e-01
-1.313158854477640691e-01
1.631492362427313658e-01
2.793989209495235659e-01
-5.730404262629634760e-01
8.105810825802444164e-01
-8.739938022167548226e-03
-7.479117822065609600e-01
-5.102557902074074114e-01
-8.345642383121065766e-01
-1.865151911150925157e-01
9.554936734619524641e-01
1.813938747947814178e-01
-1.443977614672116161e-01
-9.747962420358609048e-01
-1.298514223063360173e+00
-3.301827966149140092e-01
4.437144433789018683e-01
-8.434474408787859812e-01
2.064529436109863170e-01
1.037603945824451923e+00
-7.423721336970889872e-02
-7.382431969634662972e-01
-2.717301655658705961e-01
-1.273986612386961648e+00
-8.638060407821822606e-01
7.695319926868797733e-01
-1.403763828792558011e+00
-1.235420943974272490e+00
7.458953607858052059e-01
3.351994823496491360e-01
-1.726613426390775086e-01
-1.600128883895228338e+00
-4.279305253618407967e+00
-4.250676888873487158e+00
-1.691928221932352816e-01
-2.499545231178747606e+00
-2.139680038798690287e+00
7.967302388261492396e-01
5.026456639691874173e-01
-1.767243923032548736e-01
-4.553972647667682949e+00
-7.515956207004980349e+00
-4.482512923560427964e+00
-2.797398592745587997e-01
-6.375514050778850361e+00
-4.854493636768649978e+00
-2.399937193136549851e-01
7.641689387778249909e-01
1.709745616785197875e+00
-6.659827514193218612e+00
-3.778356887885682802e+00
2.278903766446880308e+00
9.534433512815656542e-01
-5.030649390189889658e-02
-9.420677586719730101e-01
5.714705982395272166e+00
5.916312655720729730e+00
2.538820092708184983e-01
-9.233906499916866295e-01
-5.175675055799718649e+00
-8.263587132391377210e+00
-7.884588748834953975e+00
-6.337238713356661890e+00
-4.802775298879445209e+00
-2.521159380696606167e+00
3.673205193026669590e+00
5.528289367843512991e-01
-2.863391360559564447e+00
-4.105866785359848947e+00
-3.408363484021098344e+00
-2.703391181266364462e+00
-4.074268813461155325e+00
1.126830690341326324e+00
8.730203280798864540e+00
1.226276731639661399e+01
8.613330680713762177e+00
3.389354046041664681e+00
-8.272906511612823088e-01
1.418480852003555892e+00
3.524968074365443460e+00
2.706944475426942276e+00
6.553336219179106692e-02
8.349400925162473452e-01
2.083974532670498370e+00
1.220084074068719104e+00
-1.975179760159915254e-01
-8.086090373287508903e-01
-4.641651793219518929e-01
-3.846759311961152061e-01
-1.085048504631335842e+00
-1.023076520894314223e+00
3.817560880062194073e-01
1.829440414071722643e+00
1.767259445052610012e+00
7.076366310222965694e-01
-5.487382159054696729e-01
-6.207075052132191573e-01
1.209915456299736070e-01
5.907345264151786512e-01
4.806886194684212299e-02
-5.149645446738675414e-01
2.737511101890970355e-01
-6.187703387497898166e-01
-5.801837404859269132e-01
-1.502596415454491297e-01
3.983553967646582539e-01
-3.166385864704369668e-01
1.738275752754374626e-01
1.171926149245959170e+00
-7.119833959074393093e-01
-1.518296299647223790e+00
-1.306962360919881938e+00
-9.678409218478939424e-01
-7.050830691257965466e-01
-3.124472229208247187e-01
-2.335724223447055437e-02
3.307403294244432024e-02
-3.545814331516197737e-01
-8.076843129182820213e-02
-5.679372397535675798e-02
-4.060392434130979389e-01
-3.199518841774573463e-01
-2.954451651994516315e-01
-4.957935861016538048e-01
-4.383598367508610982e-01
8.719420943137146107e-02
-3.147303139258400551e-01
-7.604962672476461849e-01
-1.090944680139643186e+00
-5.601836635137746878e-01
-4.676628922578098813e-01
7.647750389495278078e-02
5.156880606687060942e-01
3.625105584288894622e-01
2.180102003568225588e-01
-8.137534382272838540e-01
-7.662666969883047408e-03
-4.574602394546456452e-02
-5.449983269145697307e-01
-1.019927010821776836e+00
-8.776673818711206998e-01
-1.698775989686338583e-01
4.876217923302019752e-01
-6.569040759951738639e-02
-3.450917985405788091e-02
-1.114288074720124477e-01
-5.123986375178238850e-01
-4.159354744906835766e-01
-2.982709564902499277e-01
5.252460135890444359e-01
1.816770313925206715e-01
-2.100433400815325813e-01
-3.908914819158612053e-01
-2.266336014760022555e-01
-7.976546729803656310e-01
-1.247520567407518932e+00
-1.811267751839253259e+00
-1.063900556622121352e+00
1.907653971995643127e-01
-8.421710990634179161e-02
-1.006316331069657899e+00
-1.089938825301782543e+00
-7.933592062516616750e-01
-1.861383251149549389e+00
-3.336848367439170904e+00
-2.683313441558695445e+00
-1.112568674449321948e+00
-9.618624732814295974e-02
-5.727550713708051688e-02
-6.029003763662867943e-01
-1.367988153171553867e+00
-8.196800151698009351e-01
-8.800761953645244162e-01
-2.090771253391276563e+00
-2.267363092122947954e+00
-9.410271012211590680e-01
2.113786765502658760e+00
9.080599871433276959e-01
-2.448239481524757899e+00
-4.713274384407657003e+00
-7.789536185873101815e+00
-1.203306760174942269e+01
-1.414154152365804329e+01
-1.262078409147503066e+01
-6.557364596531094492e+00
8.954514618171676155e-01
-3.049641396206343558e+00
-5.879359430096314121e+00
-7.647501749536330884e+00
-8.608681707835208030e+00
-6.164110753631200090e+00
-3.205757280506223772e+00
-5.965771603719947080e-01
8.414588560441700338e-01
4.897396284730956673e+00
9.170885392579837259e+00
9.862804770140440880e+00
5.839682507921462040e+00
1.102165422260100058e+00
-1.272845168152698880e+00
-5.797596500207789383e+00
-1.953718725914823651e+00
1.023121648083826685e+01
4.850189713675117531e+00
2.592850281500647114e+00
-1.031357240052310331e+00
-5.149611114605347595e+00
5.003196831507672471e-01
-3.565539930469420415e+00
-7.886644235730418728e+00
-4.083474044406003145e+00
1.142030591307438225e+00
-1.043409339501264910e+00
-2.064820734682319525e+00
4.147393446815749840e+00
3.500833774920003805e+00
2.830312574125593006e-01
3.768299453153325373e-01
6.298593282243967195e-01
3.400882013590902808e+00
6.389887249446750239e+00
2.681464386725088467e+00
2.080478322848705375e+00
6.161897566579198404e+00
5.473194149189042790e+00
2.025392295876561999e+00
1.262099996971227212e+00
1.806508261834278928e+00
1.673102784588363479e+00
1.591909637720685389e+00
4.309850393901255572e-01
1.347560250969107365e+00
3.875253955662701255e+00
3.126116821687043856e+00
6.998038980605186810e-01
3.144486996632807063e-01
1.788457260971010321e-02
-5.195213739406062681e-01
3.216148454029612580e-01
-3.352301428378027803e-01
8.345894399528243079e-01
1.254629510942357307e+00
9.102214535214917523e-01
-1.395006850778272023e-01
-1.134729998810596108e+00
-3.159820835317653787e-01
2.585614541928454302e-01
-5.819664735866971750e-01
-8.527501241778150387e-01
-1.215179326155622519e+00
-1.765403971416821260e-01
7.019783637170629031e-01
1.355573379769814402e-01
-8.860662735534543533e-01
-7.842346245064322208e-01
-7.249183915202170869e-01
-5.804117627614796548e-01
-6.034217017879062173e-02
-6.780141153045498026e-01
-7.788005042413559398e-02
-1.429955856697904260e-01
-4.750063550873254714e-01
-8.584530566842891730e-01
-1.040327651892479333e+00
-1.007498432967322000e-01
-7.371223534012776302e-01
-1.831161804234792134e+00
-1.587146034499753444e+00
2.218604187370361025e-01
-3.440925931573077801e-01
-8.203545472948754469e-01
-4.917341117227500558e-01
1.565655175785631847e-01
-6.087390882739092124e-01
-2.054313961653246867e+00
-1.830345095808392664e+00
-1.968763106602594792e+00
-2.731920557554596840e-01
1.104628617914477751e+00
-3.271958092215099256e-02
-1.256929868539602868e+00
-8.967917976969380645e-01
-2.416571380227269472e+00
-1.771176645644731984e-01
1.743340499151436518e+00
-6.521668965952482910e-01
6.180876489347038039e-01
2.458039357206867948e+00
2.439916348753826014e+00
4.681581875565916651e-01
-8.766387894935652181e-01
-7.066532390934030516e-01
-2.048266075955608390e+00
-3.731836536703519780e+00
-3.631095933261824893e+00
-2.738221452132616918e+00
-2.689435629021811103e+00
-1.686626834418040843e+00
-1.015076094500737547e-01
-2.432768664319873153e-02
-8.844008911961109831e-01
-2.469668275080530329e+00
-3.321929602115874403e+00
-2.825425951505280864e+00
-6.348099242706335410e-01
1.623620486161105436e+00
2.051833919860178490e+00
1.074590199259198631e+00
1.437266382350785854e+00
2.124652245983908117e+00
7.348234614469002501e-01
3.299032359117131108e-01
1.691429637463826019e+00
1.173064427024256284e+00
6.016752694007956315e-01
2.462016728161302126e+00
1.662287056924790729e+00
-3.851385220342089521e-01
3.951300579184775508e-01
2.801533217458656910e+00
3.907029665137963903e+00
4.426108178298975737e+00
4.345306248486220824e+00
4.397385549721361642e+00
4.239100213384910276e+00
2.965318652166928803e+00
1.976535189634160972e+00
2.288157563900360625e+00
1.850309688134628816e+00
1.489075532018689030e+00
1.951991465995913888e+00
2.005497368477512143e+00
1.351369574573582533e+00
1.720154840800652174e+00
2.136897039330568404e+00
1.781960240121347017e+00
2.515330137426201151e+00
2.786192812752712022e+00
1.640520865556045482e+00
0.000000000000000000e+00
0.000000000000000000e+00
0.000000000000000000e+00
0.000000000000000000e+00
0.000000000000000000e+00
0.000000000000000000e+00
0.000000000000000000e+00
0.000000000000000000e+00
0.000000000000000000e+00
0.000000000000000000e+00
0.000000000000000000e+00
0.000000000000000000e+00
0.000000000000000000e+00
0.000000000000000000e+00
0.000000000000000000e+00
0.000000000000000000e+00
0.000000000000000000e+00
0.000000000000000000e+00
0.000000000000000000e+00
0.000000000000000000e+00
0.000000000000000000e+00
0.000000000000000000e+00
0.000000000000000000e+00
0.000000000000000000e+00
0.000000000000000000e+00
0.000000000000000000e+00
0.000000000000000000e+00
0.000000000000000000e+00
0.000000000000000000e+00
0.000000000000000000e+00
0.000000000000000000e+00
0.000000000000000000e+00
0.000000000000000000e+00
0.000000000000000000e+00
0.000000000000000000e+00
0.000000000000000000e+00
0.000000000000000000e+00
0.000000000000000000e+00
0.000000000000000000e+00
0.000000000000000000e+00
0.000000000000000000e+00
0.000000000000000000e+00
0.000000000000000000e+00
0.000000000000000000e+00
0.000000000000000000e+00
0.000000000000000000e+00
0.000000000000000000e+00
0.000000000000000000e+00
0.000000000000000000e+00
0.000000000000000000e+00
0.000000000000000000e+00
0.000000000000000000e+00
0.000000000000000000e+00
0.000000000000000000e+00
0.000000000000000000e+00
0.000000000000000000e+00
0.000000000000000000e+00
0.000000000000000000e+00
0.000000000000000000e+00
0.000000000000000000e+00
0.000000000000000000e+00
0.000000000000000000e+00
0.000000000000000000e+00
0.000000000000000000e+00
0.000000000000000000e+00
0.000000000000000000e+00
0.000000000000000000e+00
0.000000000000000000e+00
0.000000000000000000e+00
0.000000000000000000e+00
0.000000000000000000e+00
0.000000000000000000e+00
0.000000000000000000e+00
0.000000000000000000e+00
0.000000000000000000e+00
0.000000000000000000e+00
0.000000000000000000e+00
0.000000000000000000e+00
0.000000000000000000e+00
0.000000000000000000e+00
0.000000000000000000e+00
0.000000000000000000e+00
0.000000000000000000e+00
0.000000000000000000e+00
0.000000000000000000e+00
0.000000000000000000e+00
0.000000000000000000e+00
0.000000000000000000e+00
0.000000000000000000e+00
0.000000000000000000e+00
0.000000000000000000e+00
0.000000000000000000e+00
