-5.328979492187500000e-01
-7.475172374531485753e-01
-1.114929449359228553e+00
-1.671683500489003604e+00
-2.335485063835690767e+00
-2.072727923438563380e+00
-8.914047820196995264e-01
-7.776396234947879904e-02
-1.310568750780227165e-01
-1.270682866212964335e-01
-2.921942501713998830e-01
1.983244009169027322e-02
1.172871189164070405e+00
2.400425021556481742e+00
2.301006027597177983e+00
1.012821531752077675e+00
-7.433989810812430266e-01
5.651397585491204634e-01
6.686554923536922601e-01
1.219204727374072705e+00
2.750630789812760213e+00
2.731848335445028475e+00
-1.957173160117543720e+00
-3.357772070916635432e+00
-1.391161346649533392e+00
1.069348222975223806e-01
-8.923653214383890919e-01
4.898499831840632535e-01
1.198119897641285458e-01
-2.136379059424176496e+00
-3.092558797591206776e+00
-3.133236754780847289e+00
-3.185670942764788904e+00
-5.282106161947996981e-01
-2.415393853750633646e-01
4.095458602951498328e-01
1.428703188559962589e+00
9.710924510654985742e-01
1.383718046239430510e-01
1.958120533450035783e+00
2.876432921419005417e+00
2.021807362521603757e-01
-2.259474127196538618e+00
-1.699776960764716627e+00
2.916469695029505482e-01
-1.252011493485271743e+00
-1.481176954048305294e+00
2.587822771463172966e-01
7.330608152403821354e-01
-8.665157643224410400e-01
-1.244950012685158258e+00
1.435442428408009174e-01
-1.358165281733475727e+00
-2.024552308505526810e+00
-5.594686435356561738e-01
7.373525865669519064e-01
-2.099754473605837113e-01
-4.331082862526749455e-01
-2.339873199672104498e-02
-3.816808185988342927e-01
5.950892593573398059e-02
3.528714803305861292e-01
2.132604411739262851e-01
5.813598349924609110e-01
8.535667162962483623e-01
3.566569279022098193e-01
-7.105845119921827546e-01
-8.545230379461435932e-01
-4.159526246440587993e-01
8.929217787652025118e-01
2.713525034362975319e+00
2.433124080076866314e+00
2.205369520340194178e+00
1.512982457347879173e+00
1.301014474016735090e+00
8.948365389163748240e-01
2.816554335834324796e-01
-6.150875096703982692e-01
-1.537614834633008742e+00
-1.377167118348751718e+00
8.743747090854074866e-01
1.589454102104721045e+00
1.235746504206012286e+00
9.097533105697941380e-01
8.377385114925859355e-01
1.273935255150328461e+00
9.378993760864977602e-01
-1.594828694233815902e+00
-3.886408722573183372e+00
-2.729469839087021121e+00
-9.029072358343692706e-01
-2.852611643311879774e-01
-3.746044924611773297e-01
3.728174480074379904e-01
2.137771964295729354e-01
-1.798416499686825487e+00
-2.218674741451204024e+00
-1.050491345628085327e+00
4.152853694912375104e-01
2.157445345007031889e+00
3.264200499785847143e+00
2.028384655931959379e+00
8.736658992354673359e-02
-1.247457978899316089e+00
-2.837297389172626083e+00
-4.538905550771231034e+00
-5.077727714643541113e+00
-3.115956601629810585e+00
-3.746029543408102569e-02
-1.951444580223777869e-01
-2.799572146419141649e+00
-4.504515327469519548e+00
-2.739260692339838599e+00
6.675668418911895330e-01
4.110160496754375892e+00
5.710894185664768585e+00
3.707652883315514902e+00
2.227757349286039190e+00
1.685885277003530192e+00
1.486563542353745326e+00
1.375278464354904306e+00
1.401125983097286198e+00
1.137327640112779203e+00
3.797672861221941254e-01
-1.215085620475319095e-01
2.935295219755347240e-01
4.353463243942246041e-01
8.191735339128913829e-02
-2.231816488883097138e-01
-6.345424149517764345e-02
4.074058639103630419e-01
2.399295381293609086e-01
-2.464511146794590157e-01
-5.114545176089848599e-01
-2.851260183577861707e-01
2.569094425841665918e-01
8.710044728527785995e-01
1.055070458250036758e+00
8.326223229279164917e-01
2.179542853452649531e-01
-6.451525442425243284e-01
-6.594836337556370109e-01
4.924485218530016972e-02
-1.428199633079164643e-01
-3.128654685438939653e-01
-1.566706278318275025e-02
1.287694828017513782e-01
1.378756584540536956e-01
1.909345101015451629e-01
4.592312008453595107e-01
1.189704556221698573e+00
5.355786219549394378e-01
-6.953753414708050418e-01
-1.363635446948161967e+00
-9.231213090671583910e-01
5.353835106246433995e-01
1.264802818354809899e-01
-3.779256980446870640e-01
-7.572585448143782649e-01
-9.353019201248899961e-01
-4.695550951849022381e-01
2.927743486357247127e-01
9.319669768397941256e-01
4.352957515780455644e-01
-3.152385600088769557e-01
-4.919287120692135140e-01
5.793416804951290189e-02
6.118693827972707666e-01
1.516168961539090532e-01
-3.729274663183123617e-01
-3.793274866237288934e-01
-3.142738666148577886e-01
-3.312908803308382555e-01
-2.768854837901257859e-01
-2.210992470959607936e-01
-4.199468422873580131e-01
-7.212243362156585125e-01
-6.826505784924373765e-01
-3.839325274026439971e-01
-5.984358898425823359e-02
-1.065892159576292686e-02
-1.762706325832089083e-01
-2.147559208638343820e-01
-2.111872261514570193e-01
1.238687341017118554e-01
3.325620338017338806e-01
3.064023560229576781e-01
1.771182130254255749e-01
1.015547179906876041e-01
6.734476259336297232e-02
-3.040165131777116114e-01
-7.697553213627695845e-01
-7.227577500564532631e-01
-5.456004018298972191e-01
-2.411949372758949717e-01
6.838720328246084001e-02
8.696581109395379316e-02
-1.654550025627161136e-01
-4.432054884950535900e-01
-4.992731791266443730e-01
-5.114387356803249407e-01
-3.839589471006350507e-01
-1.077784699354731035e-01
-4.766760783675875190e-01
-8.249084129805028809e-01
-7.771256657804599399e-01
-5.008985793390063890e-02
5.740156124705328988e-01
1.403429269267756352e-01
-3.422103939303584585e-01
-2.699678569399497352e-01
2.035400035188504875e-01
4.463718397136726690e-01
3.785321406513292297e-01
3.275854552637964545e-01
-1.022165197997190411e+00
-1.761933819510526522e+00
-1.438255715828697490e+00
-1.943969150082077713e-01
3.837735619774430007e-01
-8.093124235738315964e-01
-5.471276621441041321e-01
4.451310445417311357e-02
2.669406371041145309e-01
4.163500961375079523e-01
5.567355248648540034e-01
6.113529360222828002e-01
5.819367237741776000e-01
2.412840678276428896e-01
-2.190885577890722136e-01
-4.766555260468513522e-01
-1.313380670415661422e-01
4.186287577453012831e-01
6.033231442077979789e-02
-2.644620026513390121e-01
-3.892078075941052262e-03
8.911353719188030986e-02
1.289367677332111661e-01
4.930810590886645084e-01
7.029082314727349567e-01
1.026270873079115908e-01
-2.830551714493552140e-01
-6.266849348125069774e-02
2.913967589106623013e-01
3.135332768938903225e-01
1.768199874686811057e-01
3.226894058579002911e-01
4.402774275338393606e-01
1.863867371989742505e-01
-1.571051476676582626e-01
-3.980273589403718892e-01
-4.057970235121972635e-01
-2.135123884177769771e-01
5.774475279294581931e-01
1.703814274513854032e+00
1.460002149254657766e-02
-1.742265121458681953e+00
-2.073011536695362977e+00
-9.391417683215141921e-01
9.308268767474272565e-01
2.596974135931812366e+00
1.660974966590063051e+00
-2.680577034958205651e+00
-6.711885323467695841e+00
-7.344569611189013969e+00
-6.523721561187616480e+00
-5.491350790639035750e+00
-4.225801241292371557e+00
-1.427936267391997305e+00
1.575026095404150617e+00
2.728528102210827200e+00
2.785414944770608692e+00
2.315568858496128257e+00
2.320784340865666984e+00
3.862979326731433627e+00
5.685761701608188723e+00
4.641585628476782688e+00
1.697553837114215813e+00
-6.000345973274976430e-01
-2.130262328287292561e+00
-3.020194885180601752e+00
-3.074154207149368823e+00
-1.373700368787428516e+00
9.549208908597983658e-01
8.874620875216623350e-01
-7.744141325715896418e-01
-1.868198088780426147e+00
-2.582374748539115750e-01
1.452508385531906310e+00
1.975673013881428020e+00
8.867826320973040133e-01
-2.394078082078365810e-03
-3.333164114126763167e-02
1.933724951493962507e-01
-4.663213553357328234e-01
-1.333241935014505497e+00
4.856983426265284454e-01
2.475914720924560442e+00
1.973596561820489814e+00
2.824779590785810868e+00
2.756575959939060461e+00
1.456400106222146107e+00
1.018054562441389477e+00
1.477975007889418047e+00
7.835880167907793847e-01
-6.038237619532211831e-01
-7.802149158736091383e-01
-5.017994913681506075e-01
2.816755632647538476e-01
1.584830565465512819e+00
2.172737318279163610e+00
1.716215961495263009e+00
-2.828330020229836705e-01
-4.553246854714823044e-01
5.620851549860328422e-01
-4.884056228227204866e-01
-2.233044328064776707e+00
-1.822086279936049769e+00
8.770047900004368513e-01
-8.299608422751572068e-01
-2.612314683220527733e+00
-8.287195108946077138e-01
3.730447520572921505e-02
-2.408832319145281620e+00
-1.350343881678618851e+00
1.909107266610742037e+00
-2.687875266109949202e-01
-1.366006397874370171e+00
-2.957364467204004477e-01
5.344393038961029463e-01
-7.933269310951959197e-01
-5.853444672649391611e-01
7.438692669213133879e-01
8.459594671108103814e-01
9.579192750156111380e-01
-6.712851521345797323e-02
-1.627409150277878691e+00
-2.426159903087934833e+00
-3.716087035783873560e+00
-4.671983889476859275e+00
-2.072509850875632775e+00
1.024684175538566944e+00
-1.247558690585077734e+00
1.091626758190262336e+00
3.733466880880135896e+00
-7.570982137314086202e-01
-3.510020552547610251e+00
-1.634667931468898772e+00
3.296770597596658803e-01
-6.019163308680501867e-01
9.386134307842091129e-01
5.656129833965404252e-01
9.499121648317765398e-02
2.460663823756245705e+00
2.379849112514301979e+00
7.739280727267110471e-01
2.144002563003986062e-01
-1.621241461968057074e-01
-2.214175539108895308e+00
3.961773514199471435e-01
2.809362465363693495e+00
3.851137306077839551e+00
2.435464199127028273e+00
2.140125642726706801e-01
-1.238322456344761680e+00
-2.175992547924767706e+00
-3.317833347172284508e+00
-1.803125850490633342e+00
1.585355252463387377e-01
1.354067117594917491e+00
1.323202765391038982e+00
1.984851740519502306e+00
1.771655574507196462e+00
8.181604699695056437e-01
0.000000000000000000e+00
0.000000000000000000e+00
0.000000000000000000e+00
0.000000000000000000e+00
0.000000000000000000e+00
0.000000000000000000e+00
0.000000000000000000e+00
0.000000000000000000e+00
0.000000000000000000e+00
0.000000000000000000e+00
0.000000000000000000e+00
0.000000000000000000e+00
0.000000000000000000e+00
0.000000000000000000e+00
0.000000000000000000e+00
0.000000000000000000e+00
0.000000000000000000e+00
0.000000000000000000e+00
0.000000000000000000e+00
0.000000000000000000e+00
0.000000000000000000e+00
0.000000000000000000e+00
0.000000000000000000e+00
0.000000000000000000e+00
0.000000000000000000e+00
0.000000000000000000e+00
0.000000000000000000e+00
0.000000000000000000e+00
0.000000000000000000e+00
0.000000000000000000e+00
0.000000000000000000e+00
0.000000000000000000e+00
0.000000000000000000e+00
0.000000000000000000e+00
0.000000000000000000e+00
0.000000000000000000e+00
0.000000000000000000e+00
0.000000000000000000e+00
0.000000000000000000e+00
0.000000000000000000e+00
0.000000000000000000e+00
0.000000000000000000e+00
0.000000000000000000e+00
0.000000000000000000e+00
0.000000000000000000e+00
0.000000000000000000e+00
0.000000000000000000e+00
0.000000000000000000e+00
0.000000000000000000e+00
0.000000000000000000e+00
0.000000000000000000e+00
0.000000000000000000e+00
0.000000000000000000e+00
0.000000000000000000e+00
0.000000000000000000e+00
0.000000000000000000e+00
0.000000000000000000e+00
0.000000000000000000e+00
0.000000000000000000e+00
0.000000000000000000e+00
0.000000000000000000e+00
0.000000000000000000e+00
0.000000000000000000e+00
0.000000000000000000e+00
0.000000000000000000e+00
0.000000000000000000e+00
0.000000000000000000e+00
0.000000000000000000e+00
0.000000000000000000e+00
0.000000000000000000e+00
0.000000000000000000e+00
0.000000000000000000e+00
0.000000000000000000e+00
0.000000000000000000e+00
0.000000000000000000e+00
0.000000000000000000e+00
0.000000000000000000e+00
0.000000000000000000e+00
0.000000000000000000e+00
0.000000000000000000e+00
0.000000000000000000e+00
0.000000000000000000e+00
0.000000000000000000e+00
0.000000000000000000e+00
0.000000000000000000e+00
0.000000000000000000e+00
0.000000000000000000e+00
0.000000000000000000e+00
0.000000000000000000e+00
0.000000000000000000e+00
0.000000000000000000e+00
0.000000000000000000e+00
0.000000000000000000e+00
0.000000000000000000e+00
0.000000000000000000e+00
0.000000000000000000e+00
0.000000000000000000e+00
0.000000000000000000e+00
0.000000000000000000e+00
0.000000000000000000e+00
0.000000000000000000e+00
0.000000000000000000e+00
0.000000000000000000e+00
0.000000000000000000e+00
0.000000000000000000e+00
0.000000000000000000e+00
0.000000000000000000e+00
0.000000000000000000e+00
0.000000000000000000e+00
0.000000000000000000e+00
0.000000000000000000e+00
0.000000000000000000e+00
0.000000000000000000e+00
0.000000000000000000e+00
0.000000000000000000e+00
0.000000000000000000e+00
0.000000000000000000e+00
0.000000000000000000e+00
0.000000000000000000e+00
0.000000000000000000e+00
0.000000000000000000e+00
0.000000000000000000e+00
0.000000000000000000e+00
0.000000000000000000e+00
0.000000000000000000e+00
0.000000000000000000e+00
