-1.030456542968750000e+00
9.265682133910519980e-01
1.395726612523183974e+00
3.012705091341074670e-01
6.825321525650712706e-01
1.556857213696853037e+00
2.491851108404131709e-01
-1.895273542531081823e-01
1.962118179691860753e-01
-9.447165011252844913e-02
-8.762338555394200146e-01
-1.429688549441925360e+00
-2.464787047605369041e-01
-8.535921114942564003e-01
1.148017581420468503e-03
1.267319455268588246e+00
1.188885427641659387e+00
-1.748528119275367665e-01
8.977833310766512032e-01
3.126232044891290140e+00
4.141776776603133925e+00
5.901915379135986406e+00
7.432099314608103136e+00
6.917752872306515144e+00
4.114579339311716488e+00
7.622127406158227814e-01
-4.026252132111771687e-01
-1.105289673112030968e-01
1.873988387261412925e+00
4.135447039341423547e+00
4.381138388651578452e+00
2.088179008586018348e+00
-9.859791230090984016e-01
-1.005988402342391286e+00
-8.650813403271504498e-01
-1.142212673939493106e+00
3.597794193851994393e+00
4.726227073960771463e+00
3.108732655668299483e+00
4.552310067161307039e+00
5.245673715022787675e+00
2.973023469160158250e+00
1.565764005934822123e-01
5.060043706219632398e-01
8.267388977942067285e-01
-1.252140443739497622e+00
5.382052707830249361e-01
3.342314229100088241e+00
3.872809294161920324e+00
1.762105319183455698e+00
-1.381863971640814537e+00
2.123685943272745291e+00
4.036899856898173766e+00
3.842280214910751113e+00
1.888889643173632393e+00
1.010962506605466160e+00
4.069964767708823317e+00
5.297159576274792059e+00
2.692807768108770983e+00
-1.198166159424742583e+00
-8.882343879898708661e-01
-1.298463906405563417e+00
1.025719789615957556e+00
3.262521877196791209e+00
2.998467727253084192e+00
2.000827592793294585e+00
2.267633555164606740e+00
1.778346278097280297e+00
-3.347780405695846007e-01
-4.651880986024312659e-01
2.702871862922204826e+00
1.954687197090831052e+00
-9.438455018183544709e-02
-4.916910755823855617e-01
-8.937510129160974870e-02
-1.665667118207729835e-01
3.376766038623708610e-01
8.119790823439598793e-01
7.535165604141267348e-01
1.256696436512166448e+00
1.962849962006823601e+00
1.657605085660490474e+00
3.460448409711066597e-01
2.726811955177155244e-02
3.586473274660617605e-02
-7.307160117078825845e-01
8.347760946964510875e-02
1.303887323131414089e+00
4.516191733528751584e-01
-8.080312115185459554e-01
1.039627309871226757e+00
1.847692466691488233e+00
8.036452543517982328e-01
-3.844775748087734257e-01
-7.058832354778434848e-01
-3.730968837971846419e-01
-6.323685029417505099e-01
-5.779068855785007841e-01
-4.329450201067353010e-01
-1.941859536461507663e-01
6.561667053474389277e-01
2.448784538895696805e+00
3.177861435957833436e+00
1.752039893222961942e+00
-8.357409755400837525e-01
-1.081080832041256157e+00
1.636563036354674594e-01
6.072117445222313670e-02
-1.706790340072439349e-02
1.830287486155798060e+00
2.723460157536520931e+00
5.211948488827808923e-01
-2.278892699038317815e+00
-3.750825242306350837e+00
-2.937583770222621737e+00
-1.456667235128061177e+00
9.523908864197538904e-02
1.244534480279923416e+00
1.795152530244868760e+00
9.211117440709071236e-01
-7.294223714915143431e-01
9.517125800149757175e-01
1.085685659930124558e+00
-1.079987231776144974e-01
-1.231746780299480593e+00
-3.867795629708055127e-01
4.016390765815165409e-01
8.435065127157554965e-01
1.140275114770277431e+00
1.399501280334557451e+00
1.657344057243124169e+00
1.227398373317297064e+00
5.236952761287789748e-01
1.711443896965330058e-01
-1.622353148973944559e-01
-3.863367649989603581e-01
-8.978401192797613728e-02
3.801215648467026753e-03
-2.036461571402030657e-01
-4.102757134463208555e-01
-4.658362897284464843e-01
3.863639440095351096e-01
1.240223999543981659e+00
8.544700063236017051e-01
4.480739253136645228e-01
-1.115002243613922861e-01
-5.066749277053730349e-01
3.724097438249174274e-01
1.180525340848697535e+00
7.636554041804415327e-01
-3.477458562038678869e-01
-4.886208954528398207e-01
-6.662461573103491963e-01
-8.054037370872955126e-01
8.516148474968638915e-01
1.215113581115931485e+00
9.997678004975514288e-01
1.559584596708874615e+00
2.538027137022515589e+00
1.036970564334423361e+00
8.285745950591061337e-02
1.124500921346687221e+00
6.292694097825306532e-01
-7.262045133618992843e-01
-6.259755911406950091e-02
3.508601376524791426e-01
-4.381401594675129463e-01
1.124854324487845059e-01
1.084625874975144288e+00
1.181959557794800553e+00
1.748590841748141500e+00
2.748050974853442074e+00
3.277110375135522169e+00
2.101479419101701218e+00
7.300317063066498191e-01
5.507301583373029885e-01
7.385414804706100789e-01
2.022684975764108550e-01
1.520484992158248616e+00
2.591389120050920258e+00
2.397960319753380087e+00
2.544031952436342170e+00
2.567457174655834784e+00
1.454726132755257195e+00
-4.407514946501283060e-01
-1.372739834064089059e+00
-3.559790270220428710e-01
1.350106495302502152e+00
3.444074456507075777e+00
4.966908819089580263e+00
5.424261952717075452e+00
5.134310859986729092e+00
4.546785804608202142e+00
3.343484938119472005e+00
1.233884104251458336e+00
-1.266704997606199923e+00
-2.889182975629220884e+00
-1.350461857542366584e+00
1.754554656588176442e-01
7.308596503633975061e-01
5.600724648970878405e-02
-8.421692977003942815e-01
-1.022286267427037210e-01
9.623294479213893027e-01
1.047054082390146412e+00
4.504785136260802680e-02
8.290440567269494743e-01
2.466889334226937791e+00
3.753015087805440242e+00
4.090277072967326788e+00
3.480795605149610505e+00
1.781059444421275062e+00
1.357092846098293393e-01
-1.620062676208855468e-01
5.543945491270565462e-01
1.503213931126604841e+00
1.972413134651036737e+00
1.497049887618752351e+00
4.904511089460985573e-01
5.529840725289196790e-01
1.217481361486894897e+00
1.433699391002861923e+00
1.237113352545142764e+00
3.927323715184036779e-01
6.657940230839822782e-01
2.086862770398947298e+00
2.305579013764736285e+00
1.207838470777240492e+00
8.333121285352773633e-02
-3.199388141044763323e-01
4.126864147819040429e-01
1.580958274982938949e+00
2.639680773164355898e+00
3.547385365187580408e+00
4.056293904628131664e+00
3.531428192809376476e+00
1.988021214953026750e+00
1.286666440937296318e-01
2.861255494501684371e-01
1.302362038770068509e-01
-9.126731054653216546e-01
-1.409455148655826218e+00
-1.536360820471274202e-01
6.993215659649552052e-01
1.910600794518688694e-01
-1.081457738656049550e+00
-2.245385426700789111e+00
-3.234331676502615327e-01
2.147383923307845777e+00
3.804203099165607949e+00
4.772897100471976906e+00
5.330161450963347924e+00
5.340706467635728316e+00
4.540940100698445114e+00
2.934500070445820619e+00
1.024524439714448176e+00
-4.558226666139251204e-01
-1.345934478881245955e+00
-3.575256173383045688e-01
1.589658011854804931e+00
2.812616807544801034e+00
2.936610208486115425e+00
2.974873314358031706e+00
2.479465651050182018e+00
1.199349870739628177e+00
4.289669282201118983e-01
7.089712097762537191e-01
9.857585267504920257e-02
8.578005836431121800e-01
2.665222040078896182e+00
2.703320074399018225e+00
2.061997899431551318e+00
1.509046025420259340e+00
1.288486663251878106e+00
9.632817769714263623e-01
-7.601079202339322549e-02
-4.894064225420338143e-01
2.003627203847648808e-01
5.831830443244001572e-02
-8.845010227013339055e-02
9.524190472177060940e-01
9.742262026175549927e-01
4.530618072282779352e-01
1.734144774879547546e+00
1.794334385482243333e+00
1.217981830818523514e+00
1.291325604978611263e+00
1.572496145787749100e+00
4.179599300572540699e-01
-1.119118121940533284e+00
-5.175337286499820388e-01
-1.601038965231094124e-01
-1.328226225216215806e-01
7.212222413166174961e-01
7.617838682676452144e-01
-1.042051961959631345e-01
-7.289377793373972292e-01
3.630568472969009086e-02
1.011230633937777901e+00
1.607546789121392594e+00
9.489368318895662346e-01
2.746982035045153481e-02
-4.007551238407713878e-01
-1.176550551130716160e-01
-1.350692180916940321e-01
-1.660348426195747962e-01
-7.462253499313620253e-03
-1.663994071441265987e-01
-3.182236159369038475e-01
-9.777582950960073127e-02
4.740571986291902684e-01
1.374675865016176779e+00
2.017878179463655552e+00
1.531951082819315468e+00
2.682520515592852206e-01
1.467696928607848950e-01
1.843348577787069509e-01
-4.583747121379790901e-01
-1.369039960680306978e+00
1.112822276460021520e-01
1.610305880439460324e+00
1.197478278754966263e+00
-7.075987772462165593e-01
6.525903496490421674e-01
1.472760635162142728e+00
8.276919981837909113e-01
-9.650034868212729045e-01
-2.487720571149240278e+00
-3.170509778341855878e+00
-2.949518090535640624e+00
-7.279413865953099361e-01
2.108632091784602203e+00
2.493856554122895197e+00
1.369850545906527772e+00
-2.711417071273969359e-01
-3.435805246105798627e-01
-9.191746442188897248e-02
-9.234977278486142804e-01
-3.350182830123602518e-01
2.353965012410593083e+00
3.178613066828932521e+00
1.853404014800859034e+00
2.337118971467480044e-01
-1.981772856814048023e-01
-4.211258532911710262e-03
1.023366923030413211e-01
-1.036669877137665008e+00
-1.587664519893803972e+00
-1.402702430045430049e+00
5.280290715832691717e-03
2.265308160418371131e+00
2.778428265431364785e+00
-1.418950880667866343e-01
-7.903403980867260703e-01
1.365698084143838198e+00
1.284580771808213839e+00
-6.061344930018285337e-01
-6.931724754715644643e-01
4.835629587781358207e-01
1.476603157987010917e-01
7.185235024959535366e-02
1.396718673693072121e+00
1.824708016104714892e+00
1.139218927087816136e+00
5.125786295183523134e-01
6.072254122022955336e-01
1.900330938007090964e-01
-5.464386848411248998e-01
-4.593758830174130559e-01
-2.598344228368008046e-01
9.510062551299527378e-01
2.937362538395172251e+00
1.526375442094234147e+00
-1.125910648774816281e+00
-1.080047851350811605e-01
2.155839761032703805e+00
2.219411064435388603e+00
1.980084991157216034e+00
3.011290850128556684e+00
2.920044830394073365e+00
7.594618508592487771e-01
-1.038338317310734116e+00
-8.106247249592575255e-01
-1.878754858154611407e+00
2.091061138392327212e+00
4.824087005147170260e+00
3.440081019674376073e+00
7.940884609254892368e-01
2.617853277089681185e+00
5.241534208027395891e+00
4.932647738592414122e+00
2.070764263298367602e+00
-1.695881407187942669e+00
1.598139805096219668e+00
3.893973267387606185e+00
3.107885214839517740e+00
2.420767363951070728e-01
-1.974253380889283926e+00
-7.920209813492240514e-01
-4.872973936676014972e-01
9.068697902096412022e-01
5.067960656480840598e+00
7.635628814139574949e+00
4.992766573393160989e+00
3.045394637272804239e+00
4.464823515323300462e+00
2.100180730177599209e+00
-2.348801633135892075e+00
-1.418748599980931502e+00
-1.268893840810798590e+00
-8.987332581929718955e-01
2.670343867860823561e+00
4.936467609645744048e+00
4.092298158936168662e+00
1.802863774479568360e+00
4.620067985911173736e-01
6.512783864715703253e-01
1.704010893946319660e+00
4.052708915969962078e+00
6.222041226666067182e+00
7.273673061774724502e+00
6.410746134226697812e+00
4.216529246735015946e+00
2.271763819347349056e+00
1.081944635097618068e-01
-6.317754569059492731e-01
1.338092638226541009e+00
2.094417101226903721e+00
9.626487681747641911e-01
-8.479676429191178588e-01
-7.217094941832159494e-01
-1.645493600468139084e+00
-9.380990127736210660e-01
-2.107265167032834619e-02
5.402864407945515701e-01
3.778235932157588683e-01
6.604942301708611740e-01
1.103253821114207778e+00
1.465171245917809006e-01
-1.219120547366170371e-02
1.267137093057237873e+00
2.879327044794778967e+00
0.000000000000000000e+00
0.000000000000000000e+00
0.000000000000000000e+00
0.000000000000000000e+00
0.000000000000000000e+00
0.000000000000000000e+00
0.000000000000000000e+00
0.000000000000000000e+00
0.000000000000000000e+00
0.000000000000000000e+00
0.000000000000000000e+00
0.000000000000000000e+00
0.000000000000000000e+00
0.000000000000000000e+00
0.000000000000000000e+00
0.000000000000000000e+00
0.000000000000000000e+00
0.000000000000000000e+00
0.000000000000000000e+00
0.000000000000000000e+00
0.000000000000000000e+00
0.000000000000000000e+00
0.000000000000000000e+00
0.000000000000000000e+00
0.000000000000000000e+00
0.000000000000000000e+00
0.000000000000000000e+00
0.000000000000000000e+00
0.000000000000000000e+00
0.000000000000000000e+00
0.000000000000000000e+00
0.000000000000000000e+00
0.000000000000000000e+00
0.000000000000000000e+00
0.000000000000000000e+00
0.000000000000000000e+00
0.000000000000000000e+00
0.000000000000000000e+00
0.000000000000000000e+00
0.000000000000000000e+00
0.000000000000000000e+00
0.000000000000000000e+00
0.000000000000000000e+00
0.000000000000000000e+00
0.000000000000000000e+00
0.000000000000000000e+00
0.000000000000000000e+00
0.000000000000000000e+00
0.000000000000000000e+00
0.000000000000000000e+00
0.000000000000000000e+00
0.000000000000000000e+00
0.000000000000000000e+00
0.000000000000000000e+00
0.000000000000000000e+00
0.000000000000000000e+00
0.000000000000000000e+00
0.000000000000000000e+00
