-4.145202636718750000e-01
-7.263960687344285239e-01
2.741948648771124208e-01
4.291855017845613851e-01
-6.997254230260339103e-01
1.968212258747099597e-01
1.111569468263704508e+00
7.214001612963716337e-01
-1.422005904487378958e-01
3.608454700206977783e-01
2.348724823232393177e-01
-4.794717462109225892e-01
-1.378916087620799757e+00
-2.030684264235964598e+00
-2.373444977554798108e+00
-3.126736320807082414e+00
-2.872016646896110359e+00
-1.226067291485880784e+00
-1.063723770480467401e+00
-1.814219818539164475e+00
-6.449746091702914796e-01
-1.913967080401515197e-01
-1.693568571803891309e+00
1.514440086351766634e+00
3.457981118575772506e+00
1.730004064310311174e+00
-9.385413105836093450e-01
5.409641813394494569e-01
7.634129864284888711e-02
1.348762226920584562e+00
2.496281949910877707e+00
1.107755715326525170e+00
2.149197859730526350e+00
4.343712495331378598e+00
1.917653375894387668e+00
2.186608567936022318e+00
4.750901472190367514e+00
3.046969819477688191e+00
2.194819212984243428e+00
1.634515317200915252e+00
-2.357549607803759439e-01
2.278411825992113116e+00
2.637072209701283754e+00
1.647476119559742269e+00
4.328009904870677715e-01
-1.709618268007941921e-01
-1.191336947116525824e-01
2.673960893175820752e-01
6.594016472202016699e-01
1.979325437533415721e-01
9.140389627250146143e-01
2.232885391357783078e+00
1.909807739645620561e+00
9.357737811845517895e-01
1.382990119985681776e+00
1.029849756471663991e+00
3.503827134573554991e-01
4.382390787082852679e-01
5.376760809008369613e-01
3.868396782754079943e-01
3.368179296529483224e-02
5.536645629268824864e-01
6.912575559634598354e-01
3.064039196779331786e-01
1.516723068595821067e-02
1.572603936171365069e-01
6.012605517453529780e-01
7.807722311807937521e-01
6.480577064283764566e-01
7.543825506900251332e-01
7.486002749590691119e-01
1.950392710246266481e-01
3.728349188231282474e-01
5.906280492080102640e-01
5.547998928150820186e-01
3.750957172294781539e-01
4.293548692431574110e-01
6.001272605463159326e-01
2.203791022082471907e-01
1.346444756098224560e-01
6.151834066419966662e-01
4.099341345686323690e-01
-2.449099220352715656e-02
2.068387961135002284e-01
7.390184661653014242e-01
1.195002067951606461e+00
6.153076272274448089e-01
1.701790554938130418e-01
6.920184478832794861e-01
6.936092864580797879e-02
5.413638975792558483e-01
6.934294738585232709e-01
2.236520553465357886e-01
-1.721390160726093965e-02
4.593486896853979373e-01
1.080616143118892314e+00
7.396149012183692584e-01
3.588314366549704149e-01
1.489491480587058270e+00
1.467288240622057982e+00
1.010288792735441366e+00
6.961497526740716424e-01
4.477322184895510260e-02
1.773832509678728186e+00
2.801785337870319914e+00
2.531776005193656864e+00
1.640147832825824992e+00
4.725231617162658493e-01
2.899531997751088497e+00
4.807347021284551936e+00
3.816299296656346485e+00
6.615062994830056553e-01
2.258153705211952023e+00
4.424766488983627788e+00
5.008170190939195798e+00
3.192921042939238063e+00
1.010284681589395328e+00
3.741898806684641254e+00
4.798194895369783275e+00
3.466015004602732930e+00
6.282150517062475847e-01
1.438640850904447710e+00
2.448643454916896278e+00
1.555258522528897736e+00
7.757082659974384731e-02
1.495766297462350625e-01
1.146530465015958011e+00
3.125171902565691440e+00
3.314235968780385289e+00
2.361718185158058869e+00
2.709271609115670998e+00
1.908893976889975752e+00
5.935563300357408201e-01
3.830972043179762920e+00
6.360461037496484060e+00
7.594902125146568039e+00
6.944523126986966943e+00
3.261247003796683419e+00
2.569610552499740574e+00
7.534511645853349648e+00
9.283460365889123267e+00
8.825282893840071807e+00
6.990221200121104594e+00
3.727893842539128588e+00
5.076445259010118338e-01
1.983526027149139059e+00
4.417704081509084446e+00
5.510362016166935106e+00
4.549015260132621030e+00
2.880434209981445726e+00
9.990758646404729326e-01
1.276126259482939007e+00
3.650067553734371195e+00
4.773263258323238389e+00
3.610887824783794109e+00
3.892612498516558883e-01
2.514264941640963258e+00
4.755976750797998420e+00
4.860685869933663028e+00
2.777143486153428764e+00
1.228647347198914996e+00
4.345675143948321661e+00
5.469505384276610371e+00
3.594847786270772616e+00
3.903632916954842269e-01
2.359096184633363791e+00
3.604826541471644497e+00
3.381817947096011689e+00
1.941062769876613636e+00
-2.470738179874796825e-01
1.351502897830274774e+00
1.954259406761726492e+00
9.215091308509545387e-01
-4.070068815679911967e-01
7.101491019427917939e-01
9.158707688159681837e-01
5.075761388296002874e-01
5.738313974370061743e-01
3.835013434801406440e-01
1.859802046648988405e-01
1.166428005294689818e+00
1.292247426670173560e+00
-6.701961592035732274e-03
-2.092122008968111402e-01
2.703950140942465996e-01
3.663323138144318758e-01
2.126869520471854624e-01
-2.892683520472415504e-01
-3.391658373521852510e-01
2.085232975867011840e-01
3.070395554636962121e-02
-7.132744951560329172e-01
-8.105171147183397595e-01
-9.269220635051994561e-01
-1.295025609557351354e+00
-1.080429880732629133e+00
-1.030272969545592776e+00
-1.295834032401836922e+00
-7.111289062538853623e-01
-7.297059863300243698e-01
-1.924331172566077441e+00
-3.278755930169190425e+00
-4.249457466772324388e+00
-4.039181104456970317e+00
-3.069038800159745506e+00
-2.219365457021279298e+00
-3.077359467671366922e+00
-3.825485394732532018e+00
-3.185149649446292308e+00
-2.574599993115981977e+00
-2.288697016758133085e+00
-1.891385861232139032e+00
-1.640447872502213134e+00
-1.170594859688359968e+00
1.039488252060353224e-01
2.848480179927959099e-01
-4.610705108784149409e-01
-5.355752770715246358e-01
-9.859672753168302606e-02
1.010813738005338358e-01
-2.797748674090261289e-02
-7.467022342167468629e-01
6.848472325407949368e-01
1.832819613963570404e+00
1.729430190835921977e+00
7.078874447186904728e-01
8.873830814289127566e-01
1.128574372413789773e+00
1.043789320156985223e+00
1.456970442576458469e+00
1.303481624843904729e+00
1.736687805095146753e-01
1.448505359504862700e+00
2.403137699804656524e+00
1.836213129484679518e+00
3.028378522537418793e-01
2.498690233515064474e+00
3.923298544625575257e+00
4.176213002422882070e+00
2.914271718939286160e+00
8.994108882295366314e-01
4.108582822007040392e+00
6.008715630673292729e+00
4.857214779679441818e+00
1.636853285725668572e+00
3.079653206765024187e+00
5.118302254466643220e+00
5.039470402500487722e+00
2.837383669122812702e+00
7.433340553053321420e-01
3.981856962066775196e+00
5.128220953382395919e+00
3.983132603195012056e+00
1.619418661831215189e+00
1.304792261294091649e+00
3.150046981010013791e+00
4.803545826580221778e+00
5.755841363249730058e+00
4.656613478149490781e+00
2.261278682790518246e+00
8.444838077380224517e-01
4.077701621452086478e+00
7.287760185489082332e+00
9.054525508119930066e+00
9.466940045795471548e+00
7.725568462163571404e+00
2.783444944652324171e+00
3.481624226876194772e+00
7.172765433544191715e+00
7.829796386555456067e+00
6.596512080617499052e+00
4.054126969687796844e+00
8.016495039925406463e-01
2.106817990012983532e+00
2.897812913850708050e+00
2.605340227670697395e+00
3.582142676478834442e+00
3.385501786316760686e+00
1.380537054764167992e+00
3.671607522491212028e-01
3.493020703337197941e-01
1.899632406556439834e+00
2.810006853092689827e+00
1.770657336860614661e+00
9.204429290955072895e-01
3.724494423259295584e+00
5.021603532434519401e+00
3.910467767636414571e+00
1.099007578010057662e+00
3.218860058100856403e+00
5.085591821824142933e+00
4.553526257654503695e+00
2.394517974543008076e+00
7.744518561236306553e-01
3.952663565987402539e+00
4.936106789955427843e+00
2.976953628636035187e+00
4.984621768778841333e-01
1.728870729246487326e+00
2.700344966145430181e+00
3.025193974935055596e+00
2.032311928335290840e+00
3.370010992382148074e-01
1.028166238630238594e+00
1.371652190911234914e+00
1.811662124649600081e+00
1.761222724321034327e+00
5.764155591578565829e-01
9.736214909665792394e-01
1.340946026869961560e+00
7.272553973838470354e-01
2.264081409053777805e-01
4.121933600815727017e-01
8.913534869815310513e-01
7.494570715360556745e-01
2.925158551538419860e-01
9.280694910042944779e-01
4.050733169027009306e-01
8.435499337846699142e-01
1.415379291031118036e+00
9.528528583178851319e-01
3.978956124237215675e-01
1.589886877028205137e-01
6.391767488484914050e-01
9.127223920099742926e-01
4.844522545227801791e-01
5.572183840452578085e-01
8.778799161876950086e-01
6.682642658835638017e-01
6.205750643122727173e-01
8.093304592626825444e-01
8.602408202365781076e-01
6.785513154767469635e-01
5.383316733729028858e-01
1.081665324419710084e+00
1.109340245749182774e+00
1.019026843711357655e+00
1.134845036634470006e+00
9.243792792272023107e-01
4.407540453196256425e-01
2.727836152189381802e-01
6.089136402895287681e-01
1.099463494490213522e+00
1.065204198658002310e+00
5.728920393619771900e-01
9.005747140116758809e-01
1.046723677434889366e+00
9.934146130142076370e-01
9.217691744085930727e-01
1.571330354001227780e+00
1.940617583624132836e+00
1.485685451425773351e+00
2.394517971300025305e+00
2.681763684400713110e+00
1.441035191378922775e+00
7.786082058308474441e-01
1.252734170121314605e+00
8.084957630780723603e-01
4.170794866157323533e-01
3.837811481759894061e-01
9.366827284358398842e-01
2.169383359613533901e+00
3.200074395242515912e+00
2.818984013285509960e+00
4.557942333524547251e-01
2.542070934703318574e+00
3.224444849723341111e+00
3.958954497121191629e+00
5.555064600527124696e+00
2.941527835684322412e+00
2.668623465306412701e+00
5.187848053088289113e+00
3.077172763250611176e+00
2.152365078083141370e+00
3.843442125887845062e+00
2.956856276523990523e+00
1.830947101167231361e+00
2.274162532897051836e+00
6.937575890644605003e-01
3.222002037428623566e+00
4.880558615819555968e+00
3.312172942771357764e+00
1.070771564914826612e+00
3.425563877290565884e+00
3.630178658383282908e+00
2.563165941079332821e+00
2.845323993831918585e+00
2.061325035624965274e+00
9.167914117651548844e-01
8.949130146419246312e-01
1.413730601993971048e+00
1.196684199704990403e+00
1.369361122104364448e+00
2.093086101119423059e+00
2.411963416084080158e+00
1.862775197309640918e+00
7.125294434116811182e-01
1.489210998647187090e+00
1.984444231201959452e+00
1.198047418647292917e+00
4.157213848895913166e-01
1.606421119441962642e+00
1.602193002451359094e+00
7.186495820879105212e-01
0.000000000000000000e+00
0.000000000000000000e+00
0.000000000000000000e+00
0.000000000000000000e+00
0.000000000000000000e+00
0.000000000000000000e+00
0.000000000000000000e+00
0.000000000000000000e+00
0.000000000000000000e+00
0.000000000000000000e+00
0.000000000000000000e+00
0.000000000000000000e+00
0.000000000000000000e+00
0.000000000000000000e+00
0.000000000000000000e+00
0.000000000000000000e+00
0.000000000000000000e+00
0.000000000000000000e+00
0.000000000000000000e+00
0.000000000000000000e+00
0.000000000000000000e+00
0.000000000000000000e+00
0.000000000000000000e+00
0.000000000000000000e+00
0.000000000000000000e+00
0.000000000000000000e+00
0.000000000000000000e+00
0.000000000000000000e+00
0.000000000000000000e+00
0.000000000000000000e+00
0.000000000000000000e+00
0.000000000000000000e+00
0.000000000000000000e+00
0.000000000000000000e+00
0.000000000000000000e+00
0.000000000000000000e+00
0.000000000000000000e+00
0.000000000000000000e+00
0.000000000000000000e+00
0.000000000000000000e+00
0.000000000000000000e+00
0.000000000000000000e+00
0.000000000000000000e+00
0.000000000000000000e+00
0.000000000000000000e+00
0.000000000000000000e+00
0.000000000000000000e+00
0.000000000000000000e+00
0.000000000000000000e+00
0.000000000000000000e+00
0.000000000000000000e+00
0.000000000000000000e+00
0.000000000000000000e+00
0.000000000000000000e+00
0.000000000000000000e+00
0.000000000000000000e+00
0.000000000000000000e+00
0.000000000000000000e+00
0.000000000000000000e+00
0.000000000000000000e+00
0.000000000000000000e+00
0.000000000000000000e+00
0.000000000000000000e+00
0.000000000000000000e+00
0.000000000000000000e+00
0.000000000000000000e+00
0.000000000000000000e+00
0.000000000000000000e+00
0.000000000000000000e+00
0.000000000000000000e+00
0.000000000000000000e+00
0.000000000000000000e+00
0.000000000000000000e+00
0.000000000000000000e+00
0.000000000000000000e+00
0.000000000000000000e+00
0.000000000000000000e+00
0.000000000000000000e+00
0.000000000000000000e+00
0.000000000000000000e+00
0.000000000000000000e+00
0.000000000000000000e+00
0.000000000000000000e+00
0.000000000000000000e+00
0.000000000000000000e+00
0.000000000000000000e+00
0.000000000000000000e+00
0.000000000000000000e+00
0.000000000000000000e+00
0.000000000000000000e+00
0.000000000000000000e+00
0.000000000000000000e+00
0.000000000000000000e+00
0.000000000000000000e+00
0.000000000000000000e+00
0.000000000000000000e+00
