-2.339172363281235567e-01
-1.982270386716564081e+00
-2.096264213680187893e+00
-6.480120477429049952e-01
-7.986702979321662621e-01
-2.045539762499752889e-01
4.593116118684790194e-01
-2.532460943809666798e-01
-1.530518009892379849e+00
-8.864402243122873060e-01
6.496149775392081605e-01
-9.824085355228387995e-01
-6.762808389491257177e-01
7.768701209410489028e-02
1.620256063071021657e+00
2.707909870348682357e+00
2.505422368330163074e+00
4.073033572453521600e-01
1.899627566970365500e-01
1.310709508285291092e+00
3.372453273176918565e-01
5.851589517490545234e-01
1.588805705141352220e+00
1.935770579729958696e+00
2.091735683797088186e+00
-6.378557455560907030e-01
-2.625692869971111953e+00
2.552640400310347779e+00
2.063217567873672387e+00
-1.781749011275557404e+00
-5.138471128964414714e-01
6.159415397111445145e-02
1.328054679048406239e+00
1.403882619804861953e+00
-1.885962277118623964e+00
-1.612062808639557199e+00
2.545000715192181406e+00
2.310643435504417198e+00
-6.809109009038838423e-02
-4.355711236452028956e+00
8.052907963902602440e-01
-5.845477585472425019e-02
-1.657192095365336737e+00
-1.262231583949079194e+00
-2.749458362446604021e+00
-4.043558782278159569e+00
1.301679698257581563e+00
9.181820085876402082e-01
-7.495417249847857732e-02
1.473976079649881754e+00
-1.689823158555407101e+00
-6.369434341295974633e+00
-2.693691069193191900e+00
1.153993711919983234e+00
-1.526648744467058672e+00
-1.211351193819791394e+00
-3.061602469917914071e+00
-1.977070053994784082e+00
-3.384743540510142257e-01
1.509845220983944358e+00
-1.737428579668502948e-01
-2.655373830054885254e+00
-3.447459786667733894e+00
-1.892323479537491027e+00
1.705860441179875453e+00
1.412783421961588903e+00
-3.887396243313305799e-01
-1.029201193565690620e+00
9.975290553934534898e-02
-1.229082119203398715e+00
-2.192422760129391968e+00
-6.283011104767606270e-01
-1.786905696353967343e+00
-2.394545706495964765e+00
-2.660915710641436061e+00
-1.221656421996154984e+00
4.533882797604271708e-02
3.900839451863502561e-02
-9.983686862435460219e-01
-2.421148948581464122e-01
1.655396519257217314e+00
2.505536786941776395e+00
8.382211243471981987e-01
-1.851237070832829845e+00
-1.617022688653340090e-01
-7.085629771633339402e-01
-1.426304122140584774e-01
1.697637630575810519e+00
-2.065451198964303181e-01
-2.057837499495972278e+00
-2.563387116309622016e+00
3.543450928026610214e-01
3.720885491386641597e+00
-4.647413687531143367e-01
-2.108161254976743670e+00
-2.132793804873333698e+00
4.531497390311134410e-01
2.734382547719915291e+00
2.066904906222917226e+00
3.231895123051726770e-01
-1.443389191158328977e+00
-3.827170347440877585e+00
-6.625844637045377183e-01
4.106192983612887204e+00
6.277098698210958894e-01
-2.103182686101331633e+00
-2.056947227795541178e+00
-2.742194338484353899e+00
-1.390471421696673149e+00
1.273718994977119712e+00
-3.383208550929048819e-01
-1.538360177733484990e+00
-1.787533815593779885e+00
-1.136476659426792324e+00
9.755701809878560837e-01
2.293960573130468639e+00
1.652575661945073549e+00
-5.726199838362417971e-01
-2.276186151629803422e+00
2.436019431646117006e-01
-2.409296461663701372e-02
-1.420456943107406111e+00
-3.619102621954788823e+00
8.354313403702302576e-01
1.255381041742385184e+00
1.797836880132748227e-01
-3.307698650531430751e+00
-3.473013401520478993e+00
-5.902086919184599267e-01
2.575046969403126607e+00
2.022192544690505578e+00
-1.389130495569410151e+00
-3.402358292684425578e+00
-2.069592301765478481e+00
-2.572397651195874602e-01
-6.789428040888116911e-01
-8.029225636200507665e-01
5.352075422202910104e+00
1.994924505286839178e+00
2.340463505386055409e+00
-6.672593296798812190e-01
3.015239314931657866e+00
5.189319357471176453e+00
9.810269217855717372e+00
-1.098038786489864194e+00
-7.415749384819764423e+00
-6.290832628800157700e+00
-7.197366888088545522e+00
3.624637846228514260e+00
-1.938360483156662539e+00
-2.285535168674672768e+00
-2.194324709705117726e+00
-5.873141569577096988e+00
-3.622769282379739053e+00
-1.119390542911690156e+00
1.781055026253160811e+00
-7.022106112075608975e-01
8.510199965432962976e-01
-3.085020322798688319e+00
4.409314850346572889e-01
7.164931428479652809e-01
-1.059541690759279398e+00
-4.167845245717713976e-01
4.018981660506293352e-02
1.185185113430977211e+00
-2.650960559763864133e-01
-1.071424316492062490e+00
-1.705843729819937593e+00
-1.864923162347176477e+00
-6.314392973610529758e-01
4.642739748946625444e-01
1.378186478770998313e+00
4.540439918412242370e-02
-5.798445112994765616e-01
9.701759649461678681e-01
4.234029286864640085e-01
4.228961671684821066e-01
9.709730778686025410e-01
-1.134657516807174638e+00
-1.873822161481340398e+00
-3.315718699466289721e+00
-2.809411974195391792e+00
-1.523659754574948622e-01
2.549232929927370828e-01
1.892887653207224297e+00
-9.000359033188600755e-01
-2.036369334216313387e+00
2.178680745102152372e+00
-5.128178706506570705e+00
-5.659089564039419429e+00
1.320681451009899865e+00
-4.072413097671923055e+00
-2.056866434933407817e+00
9.799906249299190630e-01
3.168925305528693670e-01
7.796014287576911173e-01
2.560141451345891994e+00
8.165032682009845999e+00
3.153626088436098485e+00
-2.761289753685417292e+00
6.453945958252099047e+00
2.883303807481860659e-01
-6.242076283479622845e-01
-1.499399913752069935e+00
9.986919750160048181e-01
4.357455645546691514e+00
-3.334049465159200309e+00
1.568371123216525831e+00
3.798227157269431054e+00
4.482459377919063570e-01
2.325309475804778536e+00
-5.593086346252112762e+00
-1.391207993025742162e+00
6.371990376844145487e-01
-2.157006058316365049e+00
-1.718521788029430120e+00
-4.048007095275918843e+00
-3.606172426338729142e+00
-3.027180025726053714e+00
1.204146798673974450e+00
2.019599149698591667e+00
-6.148834298685450506e-01
-4.248873438852980300e+00
-3.929158940546287226e+00
-2.110560666233822769e+00
-1.785098438312404445e+00
-2.721660060126905201e+00
1.970525093697154118e+00
-3.418786535342723809e-01
4.981246595120425447e-02
-1.208180560534356740e+00
5.543169076796372607e-01
-9.284275945389794948e-01
-1.588682679431512978e+00
-3.922690993661658299e-01
-5.080111810472907052e-01
-9.981801772943228457e-01
-1.030000642699435698e+00
-7.490456071164972585e-01
5.904739065438660006e-01
-2.229834634212624067e+00
-1.416306363999350726e+00
3.171413355413812973e-01
3.114724416279406327e-01
-3.252092373701298555e-02
-5.588342568340911587e-01
-1.497390079032513421e+00
-2.220488248520336327e+00
-6.382983881177815011e-01
-6.825028982864771443e-01
6.258966967951873350e-02
1.828648269267556747e+00
-2.867205723600241285e-01
2.031458560081317977e+00
4.575740308309081961e-01
-1.377417108493605991e-01
-1.686267458958527587e+00
-1.272648794711823683e+00
-1.336352161543015615e+00
-2.142491144120000968e+00
1.083203830365533360e-01
7.336657805488882023e-01
-5.377661530696750125e-01
-7.723289867714635548e-01
-3.257537629321769490e-01
8.597364781734340156e-02
-1.622415305405029651e+00
-9.301078380855026806e-01
-4.901320303084779617e-01
6.177732915141547210e-01
-5.207500440679340148e-01
1.083237988402323548e-01
-1.315451137158576422e-01
3.089502697708859991e+00
-9.474949716504519337e-01
-2.096598061501119492e+00
2.322721303158584494e+00
2.024712295815014329e+00
-8.464344170318381932e-01
-1.576097869192069512e+00
-2.174453956590576720e+00
9.192453973118303034e-01
-3.204886448172100444e+00
-1.566389371178749101e-01
3.064125108243929141e-01
-8.367863219876805481e-01
-6.268642047764927394e-01
-2.284106138761153204e+00
7.504111518622231802e-01
-5.384767150141369640e-01
-2.284622894874956955e+00
1.218046079902566081e+00
-1.401155192004240213e+00
-2.971198196364312594e+00
2.401121605926447522e+00
2.931740592569240356e+00
5.954802622806284695e+00
2.975354325995097415e+00
-3.487869364899417235e+00
2.171295973115963562e+00
1.373287369011278791e+00
-1.394700417941332038e+00
-4.576661623430848813e-01
-5.060628237498852044e-01
-2.022391479427598782e-01
-1.651355449710565360e-01
4.068062097514106412e+00
6.640923289981401467e+00
1.825108935614268901e+00
-1.533111977883471422e+00
7.416813757341498281e-01
-3.264477745035248013e+00
-7.382149887358386842e-01
-2.710224305950350576e+00
-2.013562713587671471e+00
2.260468164798687951e+00
-3.187343671641849507e+00
4.585854693705480045e-01
1.253760916395778136e+00
-1.867079097296145296e+00
1.656592682578580611e+00
-3.080144891187660772e+00
1.346639078407276369e+00
-3.379659821384768392e+00
-4.197490335283335483e+00
-9.526404375284929227e-01
-6.741022886811020243e+00
-4.434872979735052567e+00
-8.860889614054610064e-01
-3.834326605535368415e+00
-3.201696888148855002e-01
-6.505227561520681157e-01
2.635395694845715786e-01
-7.786935385040267832e-01
-3.534589758261518000e+00
-4.008119081893102731e+00
-1.887345216236448797e+00
-1.925185939082753261e+00
-1.154154145475790871e+00
1.234283522834628277e+00
2.741486093253717726e+00
-9.959847991600190298e-02
-9.452440002456612422e-01
-2.781220336199508036e-01
2.179927545899895236e+00
2.751994216135003946e+00
-7.842458136117742562e-01
-6.081997088441306598e-01
-1.547839677615543419e+00
1.181097461980201491e+00
-1.315789767132132360e+00
3.168082001661862712e-01
2.247690626143080905e+00
3.516410866054899831e+00
-4.957094645402266853e-01
3.661036731936390343e+00
3.648690317949126349e+00
-1.224173659983334161e-01
3.861692415190437266e+00
-2.525729245804506640e-01
6.575936630421225004e+00
8.545678162887142548e+00
5.275583152826968103e+00
-2.017944683018592755e+00
-3.171874945770516874e+00
4.527183111228943346e+00
2.500475361210828140e+00
6.222031349018013913e+00
-8.098326698302898308e+00
-5.928242079717775503e+00
-4.640765118363250785e+00
-6.482134346139081238e+00
1.221974680106302058e+00
-4.804223355608790769e+00
-1.462392354045849441e+00
-1.324557076192740102e+00
-3.205984227041135171e+00
-6.187996233535771218e+00
-2.109660377896540595e+00
-2.197367348337838866e+00
-2.944381926420449158e+00
-1.625067005279298371e+00
-3.338246996254108367e+00
-4.266351751137053228e+00
-1.382197879230967041e+00
1.307973287963020592e+00
3.127814706622964458e-01
-1.111607937172026883e+00
-1.602014771961097761e+00
-1.498169149268473443e+00
9.282141221378639173e-01
-1.132281175870943901e+00
-1.176305115511224741e+00
-3.389889662940264614e+00
-1.561998668306102012e+00
1.095344369434048559e+00
-3.780394729749343430e-01
-2.253949356447410679e+00
4.509849425804302037e-01
1.751367023807817613e+00
3.659106512149293167e+00
3.786565991658187968e+00
9.623830868229974467e-01
-1.983044152431374219e+00
-4.910221683061215536e-01
2.674403618419360029e+00
3.563692589593541626e+00
1.703465658996882848e+00
-7.061610690011264069e-01
-3.744003570546624360e+00
-3.004457659870692687e+00
-9.012970019052710668e-01
3.676063986377901216e+00
-5.481049429357542913e-01
-3.636913923619032651e+00
-3.158873262454552577e+00
-2.860198277984090431e+00
-7.079875679329186156e-01
-3.316433154541029715e-01
-2.236892954984817550e+00
-1.931627243064520938e+00
-3.577866070100522933e+00
-1.456186142964924102e+00
2.864370445364032847e+00
-4.239617502968022755e-01
-1.712724966770744484e+00
-1.903482281386983388e+00
-6.185253975365656576e-01
1.146859586617755333e+00
-1.015672462438933055e+00
-1.032856520321187466e+00
-6.052104896542207513e-01
-2.170857736138768423e+00
4.955688747822839524e-01
7.254742719664795114e-01
1.399633637682253351e+00
3.233619619468288686e-01
-8.822893351769800496e-01
7.657659745147766817e-01
9.914576467133973114e-01
7.240309449254578311e-02
-2.072613291663931712e+00
-1.552191917972886248e+00
6.420256922975111635e-01
1.045516026108700647e+00
-1.446400558107559409e+00
-2.521083114276443826e+00
-1.487821583852607432e+00
-1.457391453128006997e+00
-1.145782937675252633e+00
-4.806171244313877100e-01
1.936790219809519931e+00
-5.113417883339939074e-01
-4.601110079723405910e+00
-2.493022046343490228e+00
-3.259571900955324786e-01
2.602575220583414950e+00
3.407007711201457845e+00
5.175647514021575191e-01
-1.647380781506526226e+00
3.698797118607659140e+00
4.170905529916110410e+00
1.374753427561497876e+00
-2.701913117766023831e+00
-3.907801899098491738e+00
-3.497866743987969596e+00
5.173886811870188396e+00
4.033995750925669199e+00
3.688391183899093484e-01
-1.444852755887586770e-01
-4.327596478945548775e+00
-6.751692108772088474e+00
-2.854957551842590924e+00
-8.710442923509531532e-01
-7.491625852933163632e-01
9.236892280551387557e-01
2.463543722549115245e-01
-1.242509536160931738e+00
-3.020554442865656775e+00
1.449101358165044484e+00
1.163537853733885630e+00
1.510820759766042798e-01
2.971887144164491623e+00
-3.244211334247713019e-01
-1.355689429431862880e+00
8.040102346329454086e-01
-2.068890892741126031e+00
-2.224920624674366909e+00
6.802292458462604330e-01
1.242231065323568195e+00
1.052194179551654507e+00
-1.126851849850826870e+00
-1.506273034715257086e+00
-1.006509828047692068e+00
-1.330050179288688073e+00
-5.005256184647883799e-01
3.524821209779642750e-01
-1.143942534648303644e+00
4.941741164442263745e-01
4.861443369174307527e-01
