-8.812866210937495559e-01
-8.220332490441408790e-01
-9.448491157590532818e-01
-9.451865592344417255e-01
-5.639446012048907608e-01
-2.586546573284078665e-01
-2.390952901886594928e-01
8.646051096040924255e-02
3.553590062541823191e-01
-9.390344057407495892e-02
-6.193905903229357524e-01
-4.506916640646436711e-01
-2.416438959726856517e-01
1.735879366770345378e-01
1.071267071644026458e+00
8.314733512325473974e-01
2.762437863686377781e-01
-3.648610303584516323e-01
1.990367760778524175e-01
1.488395112175666668e-01
-5.346800633594952501e-01
-1.036914067024008457e+00
6.939447561255192021e-01
5.907764248381655037e-01
-5.528575514843432348e-01
-1.877581064812132938e+00
-1.964894492995057806e+00
-2.349170906142582282e+00
-1.875390543640224728e+00
-4.887147545964189987e-01
4.677534500645830207e-01
-2.465286496119452053e-01
-1.169300523800029135e+00
-5.024144154707235188e-01
-2.345805011676294072e-02
2.318782237536773927e-01
1.022839279422509406e-01
-7.760614459307246804e-01
-1.780706144760380027e+00
-1.940564258884823090e+00
-8.019982332540802616e-01
4.619664994403391844e-01
4.507242243590928732e-01
-1.975210205970348021e-01
-6.474038954977228144e-01
-9.717430342858870418e-01
-6.972808236037992824e-01
6.262511403856585446e-03
2.408665486410896950e-01
8.622919975879528298e-02
7.001062703999905157e-02
8.487890114745775261e-01
4.679884125381477133e-01
-1.872954971544207314e-01
-2.876462034858726646e-01
3.635186511602612747e-01
5.314824318577675566e-01
-5.119793179248159909e-01
-1.249320854574952344e+00
-7.645537305007379381e-01
-3.345140097317678141e-01
-2.022856647453665779e-01
-2.421174763818436659e-01
-1.530726207489130353e-01
9.134410818343940974e-02
2.164183559049790428e-01
1.571206080443250386e-01
3.371505990707701628e-02
3.535613818592025503e-01
-2.105345109401812742e-02
-1.064920992432694113e-02
-6.415580146994126487e-02
-2.988893761420259310e-01
-1.741160423619984021e-01
7.741777394160458403e-01
8.131748959036785296e-01
4.707131883808408634e-01
1.550713251872211096e-01
2.429653747648532480e-01
6.408391002387903157e-01
9.097561799998494791e-01
8.028393431874443209e-01
5.463031802677376092e-01
2.901233838173906676e-01
-2.419399621948066237e-01
-8.057685224311009753e-01
-7.736919014545611262e-01
-7.209476910122242233e-01
-1.654220516552912690e+00
-2.422418856093644379e+00
-2.421455378245525036e+00
-1.730786918231371097e+00
-6.504691034319833864e-01
3.907977248054351760e-01
2.531707562600895578e-01
3.202958791086167878e-01
6.623356318182902491e-01
1.026399506856983113e+00
1.098692677397653750e+00
7.370835420556272055e-01
2.447635532120231439e-01
1.456179845997573885e-02
1.261217952128644848e-01
-2.245377164760490318e-01
-2.758669403632818540e-01
-5.494090342494006851e-02
2.870585001854952800e-02
-1.574402860833874485e-01
-1.035129550345335492e+00
-1.303912295468777183e+00
-1.184618366137404788e+00
-8.939976949796020200e-01
-2.638853864690818285e-01
3.059416437077913109e-01
3.475802757163299894e-01
4.723450363992025558e-01
5.211771794941046920e-01
4.183549305451175204e-01
9.230734651964400683e-02
-7.077772229641219326e-01
-9.017541320340518585e-01
-4.710595743069108110e-01
-5.515597577805153584e-02
-1.122625702519358892e+00
-1.607706375632673490e+00
-1.808637416214104565e+00
-1.667113645273290867e+00
-1.326012470032554624e+00
1.196329774859479222e-01
7.750630584304341042e-02
-5.070040860679370098e-02
1.759988309949358509e-01
7.282342636329950381e-01
1.150427942685698479e+00
-1.164309393281992122e+00
-1.618621671368176251e+00
-1.418050418428561166e+00
-1.180140525448481803e+00
-2.030100387753936975e+00
-3.405142212340692698e+00
-3.471207181603532810e+00
-2.629562111675995961e+00
-1.388667721408136435e+00
-9.330898124401449945e-01
-1.208654986519485330e+00
-9.476950265797181583e-01
9.766925010036440202e-01
4.685723132908679034e-01
1.281594796208567200e-01
-9.988211850382733292e-02
-1.645582426980372048e-01
-1.868224466685282081e-01
-9.267753065552453151e-02
-2.629765221342257320e-01
-5.253099903704834261e-01
-5.025028086690057627e-01
-6.339677148430773457e-01
-1.274329417120608543e+00
-2.110754776229287533e+00
-2.572335515475252965e+00
-2.473387841864541414e+00
-1.966493416571020170e+00
-1.690814091551302356e+00
-1.643762962206580802e+00
-9.174723333096009847e-01
5.563294593948895361e-01
8.443902144248853769e-01
3.533674788959197954e-01
2.615455495956930942e-01
4.689966877519167188e-01
-1.111765084996867436e-01
-5.302440288621723674e-01
-7.166463657269050991e-01
-1.008096930439071448e+00
-1.319518777164911283e+00
-1.073476122198640859e+00
-5.214769766621163427e-01
1.363655319835759272e-01
3.974883010929386451e-01
-2.723120842896682436e-01
-1.817133354103595666e+00
-2.407026364816838182e+00
-1.130925172318197891e+00
-2.798575218442627133e-01
-1.808932295543173696e+00
-2.902277143564965023e+00
-2.068985741519735910e+00
-1.164620095294235380e+00
-9.165435642094295066e-01
-1.185405981134798781e+00
-1.028169377012975838e+00
-6.889207827667220840e-01
-7.835675293655535167e-01
-1.233986774170068745e+00
-1.426804460212629744e+00
-1.135923195366824068e+00
-5.742127740931232127e-01
-7.443439329612382416e-01
-1.226995446278505764e+00
-1.226995446278505764e+00
-7.443439329612382416e-01
-5.742127740931232127e-01
-1.135923195366824068e+00
-1.426804460212629744e+00
-1.233986774170068745e+00
-7.835675293655535167e-01
-6.889207827667220840e-01
-1.028169377012975838e+00
-1.185405981134798781e+00
-9.165435642094295066e-01
-1.164620095294235380e+00
-2.068985741519735910e+00
-2.902277143564965023e+00
-1.808932295543173696e+00
-2.798575218442627133e-01
-1.130925172318197891e+00
-2.407026364816838182e+00
-1.817133354103595666e+00
-2.723120842896682436e-01
3.974883010929386451e-01
1.363655319835759272e-01
-5.214769766621163427e-01
-1.073476122198640859e+00
-1.319518777164911283e+00
-1.008096930439071448e+00
-7.166463657269050991e-01
-5.302440288621723674e-01
-1.111765084996867436e-01
4.689966877519167188e-01
2.615455495956930942e-01
3.533674788959197954e-01
8.443902144248853769e-01
5.563294593948895361e-01
-9.174723333096009847e-01
-1.643762962206580802e+00
-1.690814091551302356e+00
-1.966493416571020170e+00
-2.473387841864541414e+00
-2.572335515475252965e+00
-2.110754776229287533e+00
-1.274329417120608543e+00
-6.339677148430773457e-01
-5.025028086690057627e-01
-5.253099903704834261e-01
-2.629765221342257320e-01
-9.267753065552453151e-02
-1.868224466685282081e-01
-1.645582426980372048e-01
-9.988211850382733292e-02
1.281594796208567200e-01
4.685723132908679034e-01
9.766925010036440202e-01
-9.476950265797181583e-01
-1.208654986519485330e+00
-9.330898124401449945e-01
-1.388667721408136435e+00
-2.629562111675995961e+00
-3.471207181603532810e+00
-3.405142212340692698e+00
-2.030100387753936975e+00
-1.180140525448481803e+00
-1.418050418428561166e+00
-1.618621671368176251e+00
-1.164309393281992122e+00
1.150427942685698479e+00
7.282342636329950381e-01
1.759988309949358509e-01
-5.070040860679370098e-02
7.750630584304341042e-02
1.196329774859479222e-01
-1.326012470032554624e+00
-1.667113645273290867e+00
-1.808637416214104565e+00
-1.607706375632673490e+00
-1.122625702519358892e+00
-5.515597577805153584e-02
-4.710595743069108110e-01
-9.017541320340518585e-01
-7.077772229641219326e-01
9.230734651964400683e-02
4.183549305451175204e-01
5.211771794941046920e-01
4.723450363992025558e-01
3.475802757163299894e-01
3.059416437077913109e-01
-2.638853864690818285e-01
-8.939976949796020200e-01
-1.184618366137404788e+00
-1.303912295468777183e+00
-1.035129550345335492e+00
-1.574402860833874485e-01
2.870585001854952800e-02
-5.494090342494006851e-02
-2.758669403632818540e-01
-2.245377164760490318e-01
1.261217952128644848e-01
1.456179845997573885e-02
2.447635532120231439e-01
7.370835420556272055e-01
1.098692677397653750e+00
1.026399506856983113e+00
6.623356318182902491e-01
3.202958791086167878e-01
2.531707562600895578e-01
3.907977248054351760e-01
-6.504691034319833864e-01
-1.730786918231371097e+00
-2.421455378245525036e+00
-2.422418856093644379e+00
-1.654220516552912690e+00
-7.209476910122242233e-01
-7.736919014545611262e-01
-8.057685224311009753e-01
-2.419399621948066237e-01
2.901233838173906676e-01
5.463031802677376092e-01
8.028393431874443209e-01
9.097561799998494791e-01
6.408391002387903157e-01
2.429653747648532480e-01
1.550713251872211096e-01
4.707131883808408634e-01
8.131748959036785296e-01
7.741777394160458403e-01
-1.741160423619984021e-01
-2.988893761420259310e-01
-6.415580146994126487e-02
-1.064920992432694113e-02
-2.105345109401812742e-02
3.535613818592025503e-01
3.371505990707701628e-02
1.571206080443250386e-01
2.164183559049790428e-01
9.134410818343940974e-02
-1.530726207489130353e-01
-2.421174763818436659e-01
-2.022856647453665779e-01
-3.345140097317678141e-01
-7.645537305007379381e-01
-1.249320854574952344e+00
-5.119793179248159909e-01
5.314824318577675566e-01
3.635186511602612747e-01
-2.876462034858726646e-01
-1.872954971544207314e-01
4.679884125381477133e-01
8.487890114745775261e-01
7.001062703999905157e-02
8.622919975879528298e-02
2.408665486410896950e-01
6.262511403856585446e-03
-6.972808236037992824e-01
-9.717430342858870418e-01
-6.474038954977228144e-01
-1.975210205970348021e-01
4.507242243590928732e-01
4.619664994403391844e-01
-8.019982332540802616e-01
-1.940564258884823090e+00
-1.780706144760380027e+00
-7.760614459307246804e-01
1.022839279422509406e-01
2.318782237536773927e-01
-2.345805011676294072e-02
-5.024144154707235188e-01
-1.169300523800029135e+00
-2.465286496119452053e-01
4.677534500645830207e-01
-4.887147545964189987e-01
-1.875390543640224728e+00
-2.349170906142582282e+00
-1.964894492995057806e+00
-1.877581064812132938e+00
-5.528575514843432348e-01
5.907764248381655037e-01
6.939447561255192021e-01
-1.036914067024008457e+00
-5.346800633594952501e-01
1.488395112175666668e-01
1.990367760778524175e-01
-3.648610303584516323e-01
2.762437863686377781e-01
8.314733512325473974e-01
1.071267071644026458e+00
1.735879366770345378e-01
-2.416438959726856517e-01
-4.506916640646436711e-01
-6.193905903229357524e-01
-9.390344057407495892e-02
3.553590062541823191e-01
8.646051096040924255e-02
-2.390952901886594928e-01
-2.586546573284078665e-01
-5.639446012048907608e-01
-9.451865592344417255e-01
-9.448491157590532818e-01
-8.220332490441408790e-01
0.000000000000000000e+00
0.000000000000000000e+00
0.000000000000000000e+00
0.000000000000000000e+00
0.000000000000000000e+00
0.000000000000000000e+00
0.000000000000000000e+00
0.000000000000000000e+00
0.000000000000000000e+00
0.000000000000000000e+00
0.000000000000000000e+00
0.000000000000000000e+00
0.000000000000000000e+00
0.000000000000000000e+00
0.000000000000000000e+00
0.000000000000000000e+00
0.000000000000000000e+00
0.000000000000000000e+00
0.000000000000000000e+00
0.000000000000000000e+00
0.000000000000000000e+00
0.000000000000000000e+00
0.000000000000000000e+00
0.000000000000000000e+00
0.000000000000000000e+00
0.000000000000000000e+00
0.000000000000000000e+00
0.000000000000000000e+00
0.000000000000000000e+00
0.000000000000000000e+00
0.000000000000000000e+00
0.000000000000000000e+00
0.000000000000000000e+00
0.000000000000000000e+00
0.000000000000000000e+00
0.000000000000000000e+00
0.000000000000000000e+00
0.000000000000000000e+00
0.000000000000000000e+00
0.000000000000000000e+00
0.000000000000000000e+00
0.000000000000000000e+00
0.000000000000000000e+00
0.000000000000000000e+00
0.000000000000000000e+00
0.000000000000000000e+00
0.000000000000000000e+00
0.000000000000000000e+00
0.000000000000000000e+00
0.000000000000000000e+00
0.000000000000000000e+00
0.000000000000000000e+00
0.000000000000000000e+00
0.000000000000000000e+00
0.000000000000000000e+00
0.000000000000000000e+00
0.000000000000000000e+00
0.000000000000000000e+00
0.000000000000000000e+00
0.000000000000000000e+00
0.000000000000000000e+00
0.000000000000000000e+00
0.000000000000000000e+00
0.000000000000000000e+00
0.000000000000000000e+00
0.000000000000000000e+00
0.000000000000000000e+00
0.000000000000000000e+00
0.000000000000000000e+00
0.000000000000000000e+00
0.000000000000000000e+00
0.000000000000000000e+00
0.000000000000000000e+00
0.000000000000000000e+00
0.000000000000000000e+00
0.000000000000000000e+00
0.000000000000000000e+00
0.000000000000000000e+00
0.000000000000000000e+00
0.000000000000000000e+00
0.000000000000000000e+00
0.000000000000000000e+00
0.000000000000000000e+00
0.000000000000000000e+00
0.000000000000000000e+00
0.000000000000000000e+00
0.000000000000000000e+00
0.000000000000000000e+00
0.000000000000000000e+00
0.000000000000000000e+00
0.000000000000000000e+00
0.000000000000000000e+00
0.000000000000000000e+00
0.000000000000000000e+00
0.000000000000000000e+00
0.000000000000000000e+00
0.000000000000000000e+00
0.000000000000000000e+00
0.000000000000000000e+00
0.000000000000000000e+00
0.000000000000000000e+00
0.000000000000000000e+00
0.000000000000000000e+00
