7.019042968750666134e-03
-5.869001525899558702e-02
-1.247271056859522581e-01
1.449913452050053397e-01
2.253488887576688970e-01
2.462961438452357932e-01
2.298102258911899343e-01
1.851247517688541233e-01
2.136739949855904763e-01
-8.065588865554645936e-01
-8.848392830852047641e-01
-6.442521810584691533e-01
-1.591000060498393154e-02
-3.725860435908472379e-01
-5.404710532676431090e-01
-3.875078386694124077e-01
-1.984204731797230004e-01
5.364059417866462454e-02
-4.326190509572658272e-02
-1.749175586602658150e-01
2.015180338543098859e-01
-6.183380124728903304e-01
-1.164113713780182024e+00
-1.089732663457368744e+00
-9.891902686784757037e-01
-7.096635271375033582e-01
-2.149847625764316206e-01
-2.439865367350271264e-01
-5.936561739725620956e-01
4.451192321864994028e-02
4.090017026558507851e-01
4.191632618672538335e-01
3.554597934730132636e-01
-1.758727603975832388e+00
-1.488797870638127741e+00
-9.746047505020669632e-01
-5.590419250442417720e-01
1.821214065640841540e-02
5.829511645220257776e-01
4.728343984194135485e-01
2.496603915713520028e-01
-7.050142195397341993e-01
-1.446876012067004780e+00
-7.691024669659531909e-01
5.045526770299089137e-01
8.319255759731842836e-01
-1.227413502596763184e+00
-2.414065007836162735e+00
-2.098776751937230678e+00
-9.576437715875385503e-01
-1.096559479750557120e+00
-1.790737967515539042e+00
-1.735737163077128331e+00
-4.998188720457552581e-01
2.249459805929874268e-01
-9.987880453653819046e-02
1.647517681366363895e-01
-8.159903172597462451e-01
-7.667665367212497252e-01
-2.612977660912811362e-01
1.022852514239487309e+00
-1.000639288086461853e+00
2.702203842662020961e-01
6.142916055297629185e-01
-2.520830944388516848e-01
-8.975969795557675601e-02
-5.250767597116111629e-01
-2.489191040808305111e-01
1.127321680155064287e+00
-3.068937608848870680e-01
3.170749778622878878e-01
-1.321785211467088494e+00
-5.604777604371944388e-01
-1.291996668364729928e+00
-1.291115655519297079e-01
5.487789835186902554e-01
-1.073756375173273714e-01
-2.126040406875415734e-01
9.799435829813283316e-01
-1.069086908584134576e+00
-5.604406095641945029e-02
-1.349964954202924838e+00
-4.838509449322543343e-01
-3.003081843339332480e-01
1.004621134354152234e-01
-8.402106951553189873e-03
3.192924568518433759e-01
-1.398499240516642761e+00
-9.991125606109154678e-01
-2.165774342797992968e+00
7.563478695360004167e-01
-4.592576508194152751e-01
-2.727152346734435184e+00
4.148324917876390572e+00
-6.783075152703688104e-01
-2.029202157005451035e+00
-3.193975790067663745e+00
-9.958151008010885263e+00
6.017462074002790651e-01
-5.377830503895346226e+00
-1.204208960042553400e+00
2.719012863376235600e+00
-3.388744051236371124e+00
1.553567199046674840e+00
1.640101029410461209e+00
3.957674073350823107e-01
3.566164999703780758e+00
-2.234753064269311196e+00
3.119294466053047277e+00
3.044407206689796030e+00
1.144216840053076334e+00
-8.617202643241866911e-01
1.678267537132530851e+00
1.014845908309029987e-01
2.156202110515191617e+00
2.944228962184072818e-01
2.017762202269122618e+00
1.235790833234027719e+00
7.914962573009407532e-01
-2.106076206214875235e-01
-1.353238924940135757e+00
-1.740325825839542873e+00
1.392749972191838381e+00
-2.298784490314715878e-01
2.705285134948874237e+00
-2.942898123478223660e-01
7.112033536875683737e-01
3.304317308016866406e-01
-4.003931489565166757e-01
2.352111605239563197e+00
1.484675586946065939e+00
-1.124174348991297645e+00
1.627380352954968856e+00
2.032976183620667676e+00
-2.349262925258276624e+00
-8.307186060296700703e+00
-6.535262607474671803e+00
-5.546334892507491787e-01
-1.429000602172245671e+00
1.191968723449807754e+00
4.137873083648386796e+00
-4.291568578638615961e-02
-2.965270759173892934e+00
-4.699462016771777328e+00
-1.624647296664915253e+00
8.190263944765213466e+00
1.006794435559748813e+01
-9.043680466439216747e-01
1.361600986530005386e+00
-1.461020544533444099e+00
-2.612917233664309169e+00
1.049795727568644477e+00
3.514574150325747492e+00
4.049691006960132178e-01
-1.075078539683851808e+00
9.823619579638744881e-01
-1.350074343169190616e+00
7.663929270035341190e-02
-1.905631201680441311e+00
1.606180213333930462e+00
-1.345498139440826080e-02
6.587096245214802970e-01
-8.911766445775120005e-01
2.885973129565200246e-01
1.923150230325914922e+00
1.288079212355235370e+00
-5.194806291167255452e-01
1.710894083315630976e+00
3.916789815899807126e-01
4.338507630795823689e-01
-1.167703940057646772e+00
2.158175975233946886e-01
2.221914538759570679e+00
-8.006722155097070193e-01
-1.193842001056767410e+00
2.488315442480426576e+00
1.752895786537139955e+00
-9.072151921095272797e-01
-2.698737664585878271e+00
-5.637862440426797406e-01
2.696637991283490798e+00
2.064065921566226258e+00
-1.376510389094659503e+00
1.425503767672042121e+00
-1.520150283125612845e+00
-3.349400851157919412e+00
-2.699731325454534314e+00
4.533672383236083903e+00
3.190360225729170107e+00
2.202809595656297414e+00
-3.421555174024910606e+00
-2.573050517954413863e-01
-1.799672370767563478e+00
-7.726575443675388399e+00
-8.079950772040174201e-01
8.010673898566897932e+00
2.137816069725681611e+00
-2.213299185866637320e+00
-4.769748167144896911e+00
1.742566474816105160e+00
-2.064408696555595668e+00
-3.174498200247453994e+00
3.682734927156046112e-01
2.714489734264911913e+00
-2.044831323704272563e+00
9.043252419156972977e-01
4.442120346602544956e-01
-2.412119555819607353e+00
-3.038514002929908475e+00
-1.503647613051644072e+00
8.402119748580556546e-01
3.976018166609873283e+00
2.296560647327681171e-01
-1.961935629600835451e+00
4.950317983129479682e-01
-1.179675885589475115e+00
-1.283439131152616763e+00
5.218750575503157130e-01
1.349108964345692607e+00
4.011611308296294531e-01
-1.320541365519390054e+00
-1.185358928391126776e+00
4.377349530911662789e-01
6.112361804575366930e-01
-4.026596883484655498e-01
-8.433861966561878587e-01
9.913938679450067237e-01
-8.896739468934459216e-01
-6.402126845398259380e-02
-9.513877163678130522e-02
-1.686557734544628318e+00
-7.318685406943379324e-01
3.004771617138581874e-01
-3.702773001566150857e-01
-2.289513726546541506e-01
-7.822639707946941190e-01
-5.124533455808104598e-01
7.150182012831445277e-01
-1.446104698141918110e+00
-9.489781888748702876e-01
4.583946686621858113e-01
-9.642027977026623731e-03
-8.255256311383305512e-01
-1.129676429819932881e+00
-5.132227969446807592e-01
8.212559189304935447e-01
7.548534898270664595e-02
-4.163654824643858721e-02
-7.437915527508804914e-01
2.560768967380557259e-01
-2.173939501418956644e-01
-2.465640830359586144e-01
-1.313434995106055325e+00
-1.298449978616990519e+00
-6.759910299950588897e-01
-2.692503491779836278e-01
-3.116425101657787078e-01
-1.251484553229760710e+00
-1.079604576404058269e+00
8.863939976583214975e-01
-5.499104096311622225e-01
-8.511181610470632819e-01
4.190133346923670121e-01
-1.035646201227149454e-01
-4.126034790413832809e-01
-1.221822674074712234e+00
-1.324007594309914548e+00
8.439724696309996999e-01
4.795464178694055501e-01
-4.077975803245265096e-01
5.459770087042250530e-01
-5.147552642195235562e-01
-8.960443526142377602e-01
6.814227600791878947e-01
-3.229285424010727157e-01
-1.696949420422910304e+00
-1.288897537646060520e+00
7.871406202507169603e-02
3.166987226050932414e-01
-1.123616087124440499e+00
-2.153838301021775870e+00
-1.064801505207181087e+00
9.854795790178820791e-01
-3.215070602129279642e-01
9.048575382277599388e-01
2.049081038328214532e+00
-2.596554352813076783e+00
-4.375026007138977491e+00
-2.089116654214686619e+00
1.513089429471410341e-01
1.800209510061969720e+00
7.159078074644722456e-01
-2.821082774099449519e+00
4.704792221340170499e-01
-1.322501663392401383e+00
-4.667641029492646254e+00
1.113939976263225162e+00
1.536979329329494437e+00
-3.732134772698946001e+00
-2.198028995122812468e+00
1.870687285589770266e+00
-4.628650098261477552e-02
-9.279827398009389938e+00
-6.551187735489842900e+00
6.132909123679062269e+00
7.149393923257937544e+00
1.214475030868644723e-01
2.288629777167814350e+00
-2.021450630202314969e-02
-3.143858054653692058e+00
-4.998127857262953277e+00
3.520904574398455722e-01
6.194939793971458997e+00
4.652389150814993712e+00
1.932491035463343998e-01
-7.174172312712067123e-01
-4.411451798226773136e-02
-2.570882188976725047e+00
4.084568933087076026e-01
3.468027688190588265e+00
2.967002735666419255e+00
-5.033049483624485454e-01
-2.430421303414608936e+00
-4.079760179998674907e-01
3.261225098466161931e+00
4.016184632113048991e-01
-2.138093817661441687e-01
1.764633200732351970e+00
5.882168789923708507e-01
1.097943634265136637e-01
-4.749341985052710768e-01
5.910775401824164277e-03
1.195860278021139589e+00
-5.534670653654218953e-01
1.792063304976334592e-01
3.254310247379712528e-01
-5.366260799523059344e-01
-2.122614761050487520e-01
-6.728520952353180817e-01
-2.107138563764170414e-01
1.844054009723326226e+00
1.551220167900038582e+00
6.566197988501389915e-01
-2.843632748382457720e+00
-7.365922395982114068e-01
-1.353356150431527460e+00
-1.557257771228210519e+00
2.094641370607456032e+00
6.066046560569353652e-01
2.863430000719136004e-02
1.656722517243682358e+00
1.226818238222092017e+00
-2.160820851294101175e+00
3.025089634183985687e+00
3.582017137515409289e+00
-3.277685852202827377e-01
-8.518807823517455802e-01
-1.353117207839122926e+00
-3.193405445519794661e+00
-3.158565992663594280e+00
-5.921508509190586800e+00
-4.882970268868969121e+00
6.726797772760239269e+00
5.731538727650271170e+00
-3.493794869044589024e+00
-3.154718993252092041e+00
1.404900227126902434e+00
2.032898523754736786e+00
-1.477847961872600369e+00
-4.943528897083115936e-02
3.901383381150828722e+00
2.923919825633969793e+00
2.258607208580579062e+00
7.691683528623749488e-01
-5.014332377666144147e-01
-1.125114929553632237e+00
-1.481475819091817359e+00
1.741607276756367284e+00
2.858795644100571742e+00
2.702633217332017779e-02
-6.590639228670951422e-01
7.643883771126591675e-01
4.307102058273661882e-01
1.687511880622012406e-01
5.094013802047547834e-03
3.118113083189415491e+00
2.527143477778653669e+00
5.618222717330896288e-01
-1.177240545152065998e+00
-5.022277967063772941e-01
3.679175110394456105e+00
9.831687474685901762e-01
-2.408638040178086914e+00
2.362988248619264819e+00
-1.110364029277784326e+00
1.574332237780597943e+00
-2.295861551808036083e+00
-5.305860200665479809e+00
3.052285475681019822e+00
-5.971792889097420343e+00
-4.878883081216988771e+00
-2.243577740457967984e+00
-8.290009728588662696e+00
2.059655230644890089e+00
-2.536486530698348396e+00
2.459183364993084986e+00
4.182055362965223289e+00
-2.204724629069934494e+00
3.229582953708896476e+00
1.354267899548027287e-01
1.699933733008890169e+00
-2.836267485718231285e-01
2.751832351556393608e-01
7.120647908211663601e-01
-6.549298984380502731e-02
-1.622702263234004239e+00
-2.861131311732920679e-01
-3.580285820112776296e-01
1.572029520297948402e-01
-9.746903105394946198e-01
-2.770128416864374721e-01
1.642095232141824734e+00
-4.546401974272393787e-01
-2.477429823926713848e+00
-1.370271745681158393e+00
4.390171071575521555e-01
1.126107449480967748e+00
1.067050105791175429e+00
-3.174295786594522051e-01
5.546298337139932144e-02
-1.111397336501436683e+00
1.437116752575158252e+00
-3.701461083445127809e-01
-1.301224838496609415e+00
-2.280121512083729929e+00
-6.708838167966784116e-01
2.536448597934279903e+00
2.295551807498299013e+00
-1.639839583175637827e+00
-1.593816281285969749e+00
-2.422350497135215441e+00
-8.497948692393664238e-01
1.312551514322745305e+00
1.391905060060433907e+00
-1.190565333433391437e+00
-1.941116158439774919e+00
-1.664029228187376086e+00
-1.094710604013233057e+00
-2.931266228792527961e+00
-3.054228756653370347e+00
-9.307616094338115875e-01
-7.164852929707805629e-01
-4.223760888496093102e+00
-7.016173018141733664e+00
-2.741340177046017512e+00
3.030346090607360487e+00
6.534416947787922147e+00
4.169660928705773095e+00
1.670133954492863282e+00
-2.092452294760276388e+00
-3.425084511665260401e+00
-3.394660982680754557e+00
-8.545163275183762508e-01
1.958134078339741180e+00
3.223953169168916055e+00
-1.700501429631482431e-01
-2.564625606003684943e+00
4.058006426218778717e-01
2.595969371108739487e+00
1.040229978155486457e+00
-1.546765658407584620e+00
-1.167142050234363460e+00
-1.082237661352591029e+00
-1.487786739640388767e+00
-4.070871876033852921e+00
-1.365255113702033007e-01
1.680623495803054146e+00
1.265264410846986820e+00
-1.996662764472320717e+00
-7.760594995966143550e-01
-2.002748088129457926e-02
1.571017693235488899e+00
6.054472507291275285e-01
1.194537904402395156e+00
8.079678818306886834e-01
-2.268647883932166653e-01
-1.821566926747174131e+00
-9.184661458115922494e-01
4.028379902654997125e-01
4.713742363332242835e-01
1.108910303296237743e-01
-3.176781211102791547e-01
1.900389723613604698e-01
5.571376799912678424e-01
1.158264614611914656e+00
7.012086732552003099e-01
6.454797749368991200e-01
8.828428146090348816e-02
4.769214803604197583e-01
0.000000000000000000e+00
