3.600128173828125000e+00
-1.447669110422076244e-01
-4.422419323534865221e+00
-5.661938581047633257e+00
-5.429230584713357288e+00
-3.417889833398737309e+00
-6.260245966650290761e-01
-1.993188176405279455e+00
-1.781262515990449380e+00
4.871245815487323938e-02
1.651729857546074154e+00
6.516607183411453619e-01
-2.609967667498792387e+00
-4.510015057669252592e+00
-3.480090730446308456e+00
-1.237482013431996819e+00
1.745994154545265298e+00
4.940236532698052407e-01
1.286717543605496505e+00
-3.754293308960827247e+00
-8.241322698945905856e+00
-1.009474517607375077e+01
-8.962570295498549555e+00
-5.337854310652941692e+00
-1.153113961798195586e+00
5.071825378735783652e-01
2.164241711323187545e+00
3.848933229657870658e+00
2.984136743653821533e+00
1.735861664931042769e+00
-1.284765760487432074e+00
-1.145184732239257652e+00
3.459227826186675792e+00
2.959284998030601965e+00
1.236495024198784876e-01
-5.064508285865043646e-02
-5.273858912427642487e+00
-8.043423953111668467e+00
-7.376598632512020970e+00
-4.746383518544471158e+00
-1.307367317773259430e+00
-7.903287089249346753e-01
-1.048780059745057613e+00
3.030547941917104970e-01
-1.808009716283535573e+00
-1.751065114099466857e+00
-4.126762090075821732e-01
-6.772216828279296053e-01
-5.929183735689116386e-01
7.850195613861248312e-01
4.197045526385023706e-01
-1.608395300007506190e+00
-1.531263539643037852e+00
-1.240407686376381990e+00
-1.981046416991456116e+00
-2.024774939753730685e+00
-9.063694240835064031e-01
-1.061865197767476676e+00
-2.281397917547492327e+00
-2.174010552639868088e+00
-1.384618602761315209e+00
-2.514602750010512811e-01
5.165348592544740658e-01
-2.490001416517195754e-02
-4.455876407237215897e-01
4.145683263354618120e-01
1.463420104715507541e+00
3.080992805064355355e-01
-1.345686000901731738e+00
1.950761509046818887e-01
2.114729294366417989e+00
-5.651814827381951289e-01
-1.939277122430958400e+00
-4.624557837691587459e-01
8.369524240834511630e-01
1.618046878682792844e-01
1.970764883733320261e-01
6.707971791365245906e-01
-3.696507923729797085e-02
-9.035968532328952918e-02
2.143560664538715077e-01
-1.911187924727747456e-01
-1.538927163015848976e+00
-1.786538090921016675e+00
-8.090009271626934506e-01
4.605226958662671510e-01
7.910944159903244843e-01
-5.532519209740894839e-01
1.019372650719052587e-04
8.307280672469221638e-01
5.950757275339201291e-01
-1.241357102449982541e+00
-2.403589407419254087e+00
-2.585673472861856226e+00
-2.624816077031260519e+00
-1.554160944946266776e+00
-3.056665541204492964e-01
-3.929570084345812564e-01
-1.075302562253972916e+00
-1.453025555654177348e+00
-1.535533655375329598e+00
-7.425116562579017199e-01
4.050245956800302416e-01
-3.269280515194508130e-01
-7.425426072471039696e-01
1.162776477068372394e-01
1.089780700811694647e+00
1.504534670021310472e+00
1.324760084699189822e+00
3.796719986221841481e-01
-9.087337879381673922e-01
-1.774212573759251121e+00
-1.688301461678262783e+00
-9.292426204823913682e-01
4.833949507930587197e-01
1.582078364118738811e+00
6.225703302500513736e-01
-1.342622278345266817e-01
1.344722331598955600e+00
1.865440833497527429e+00
6.509562434382691887e-01
1.020452470842946990e+00
2.047734971353677658e+00
2.466446268078124060e+00
2.120866500544675848e+00
3.928484848956091291e+00
5.958090461961526252e+00
6.874154740731724722e+00
6.731366686388377651e+00
6.081623004404378641e+00
4.827995812029417522e+00
2.818196172456459259e+00
1.316058016880463644e+00
1.368003180687812348e+00
1.011994569808538191e+00
-1.713759166672988998e-01
1.127020265592521664e+00
5.364499036516094943e-01
-6.874791165337538201e-01
1.176063402200718810e+00
9.708735467678379916e-01
-1.064740760052300672e+00
-3.792740735126538532e-01
-6.160698935168573698e-03
-7.274678838375991941e-02
6.802013144792529165e-02
-1.957076678504143796e-01
-1.061432165931337490e+00
-3.777682512157332084e-01
-2.113019689308022198e-01
-3.228617920593124246e-02
2.873984302690071324e-01
4.697153937911302535e-02
-9.472576111488861805e-02
3.873430047343972560e-01
6.306149150015343263e-01
1.883525930968876771e-02
-4.265433397081375144e-02
1.436859146586209057e-01
-2.143945490418082966e-01
-3.106536558408105053e-01
-5.220373084090280669e-01
-5.789045711275222494e-01
-6.528625777191108259e-01
-5.837108534112787073e-01
2.021623683973146068e-01
-1.068496646316394738e-01
-1.119281413412638315e+00
-1.330890614296779129e+00
-5.086792422956338822e-01
-3.899975984346415459e-02
-1.436339538668452986e-01
-4.465312906944080007e-01
-1.971038522746185739e-01
-3.396330829101606996e-01
-3.746419752133605119e-01
-1.705283685075271727e-01
-1.493998861853049753e-01
3.409983718259529950e-01
2.207555993296340668e-01
-3.884647575568814792e-01
2.736844640972901921e-03
4.151004108521026970e-01
1.633769784652708834e-01
8.616151157680829176e-03
3.735332229061882892e-02
5.960096989721708205e-02
9.233858821681317774e-02
-2.759972902078937640e-01
-2.798825951415534474e-01
1.312756325457243856e-01
2.441608684625370396e-01
8.627551249352294338e-02
-1.219669092265570631e-01
-7.514780602910702267e-01
-1.227786793278173416e+00
-1.164553735837173809e+00
-7.041636661967380917e-01
9.155664096613824743e-02
-2.201862011640729477e-01
-1.944877796013946281e-01
-7.299517755956563825e-01
-8.136862806551174998e-01
-2.909007633164046869e-01
1.799709051221268785e-01
3.682933274677745450e-01
-2.904673027776443761e-01
-2.555509880034027015e-01
4.546377210306178918e-01
1.998606959179952125e-01
-5.018129526373913407e-01
-4.023775520583489085e-01
7.618506034439387342e-02
-1.556860318468759052e-01
-3.157838743904148870e-01
-3.781340074945328533e-01
-4.895276500933456454e-01
-3.484432310259345522e-01
-4.839622635431650721e-02
2.129059213011262885e-01
-3.505736100240264275e-01
-7.424522033928051545e-01
-1.112766532863843416e+00
8.427405557189837637e-02
5.720907398282337741e-02
-5.397366222855752849e-01
1.807314854792017034e-01
5.435319747616952357e-01
-3.518286958977256962e-01
2.230765583786273876e-01
1.170270033356404227e-01
-1.087019013934149125e+00
8.010430632264289308e-01
1.260494490475295937e+00
-1.689873958396300169e-01
1.997344842677972521e+00
2.639150809650161467e+00
1.999255863251637289e+00
2.741883480826063924e+00
4.645646291005051332e+00
6.440934027964175357e+00
6.093633224025404971e+00
5.582761247117335124e+00
4.910228750329976855e+00
3.492737597253641191e+00
1.124698220898293632e+00
5.839141064243564827e-01
1.696790287412638154e+00
2.303047261183573724e+00
1.773378837541628616e+00
9.728990534067047946e-01
-8.017670808304817598e-01
-2.566351059976354598e+00
-1.711310407806882150e+00
-6.485251778769169917e-01
-1.021533864742742992e+00
-9.964429403122403439e-01
-6.826260076286914114e-01
-6.512510241174616077e-01
-2.343461008941325474e-01
9.903138524727039815e-01
1.885689122067583323e+00
1.020652737573193303e+00
3.512942999028236812e-01
2.476935703639782105e-02
-3.246160565040963064e-01
-2.035493578483367205e-01
1.223704399191172243e-02
-7.056912666092425290e-01
-1.324432791119862785e+00
-1.417940737297052722e+00
-1.127098262842536336e+00
-1.505504883671338057e-01
7.700311275456884763e-01
1.811652340709408726e-01
-4.775301359366319609e-01
-9.803914076940423161e-02
-1.354086472028243060e-01
-5.899517577250416034e-01
-4.636151233681775619e-01
-6.845873913401030464e-01
-8.539019166913586201e-01
-8.560723995421514187e-01
-2.733972044593069306e-01
-6.833344452817990966e-01
-1.122183101997040744e+00
-1.179400204656298357e+00
-2.008935480856353095e+00
-1.588048499423574622e+00
-6.256146864908271876e-01
-1.664611306700386262e+00
-2.629889209901151048e+00
-1.035618617546416598e+00
1.326458134793610188e+00
-2.007066816592195657e-01
-1.623384199230080149e-01
1.838567810648461975e+00
1.970585290508476195e+00
1.098303960697193382e+00
1.679429371524692183e+00
2.383392806299593492e+00
1.726865281278392672e+00
9.603114421831991931e-01
2.461835988253402441e-01
-1.075683179899035391e+00
-1.908850228864460208e+00
-9.224079040999665358e-01
-9.525477917502372938e-01
-2.572166030100164757e+00
-2.432393644850328940e+00
-1.052259582728441334e+00
-1.100436772909498151e+00
-1.567516579024558654e+00
-2.329058077531224180e-01
-4.135763707343209639e-02
-9.019780046950272023e-01
7.231301462807837588e-02
-9.697524435220081784e-01
-2.862889876075670692e+00
-1.380866184116217976e+00
1.761386436086865404e+00
-6.284021700760267226e-01
-1.515598106008337442e+00
-5.581898860199898671e-01
-4.578810625637726339e+00
-8.969513997544995121e+00
-1.042634829545961139e+01
-5.697695653916713177e+00
-9.444453618665193950e-02
-3.433404045258225956e+00
-1.052003105745824563e+00
1.430112466378935521e+00
-3.443030420386290480e-01
-7.802367960892524490e-01
-5.615264064019254153e-01
2.196897622413396256e+00
4.254295519293611605e+00
2.830889094402060380e+00
5.279955261197994965e-01
-8.443131637765832753e-01
-4.007041307873159930e+00
-6.948086637891618622e+00
-7.281924194640215120e+00
-5.440681604862281695e+00
-2.568387700483683922e+00
1.174903223025938193e-01
-1.063651268508785108e-01
1.689927003666962912e+00
-1.320692227472735070e+00
-3.714645478482434093e+00
-4.176017360435872128e+00
-2.666610365147330519e+00
-7.128889285879775883e-01
-1.069752393121023992e+00
-3.235686739392839684e+00
-4.265263417203869700e+00
-2.499954380042463065e+00
-2.390349124417991966e+00
-5.719051896667662227e+00
-6.906321140893727950e+00
-6.137998661471455009e+00
-5.689131566247796812e+00
-4.946252360289100203e+00
3.786812708419625029e+00
6.354169866372354036e+00
6.976274821741093035e+00
6.128288877610009955e+00
5.301019791633136968e+00
5.985078016002293388e+00
0.000000000000000000e+00
0.000000000000000000e+00
0.000000000000000000e+00
0.000000000000000000e+00
0.000000000000000000e+00
0.000000000000000000e+00
0.000000000000000000e+00
0.000000000000000000e+00
0.000000000000000000e+00
0.000000000000000000e+00
0.000000000000000000e+00
0.000000000000000000e+00
0.000000000000000000e+00
0.000000000000000000e+00
0.000000000000000000e+00
0.000000000000000000e+00
0.000000000000000000e+00
0.000000000000000000e+00
0.000000000000000000e+00
0.000000000000000000e+00
0.000000000000000000e+00
0.000000000000000000e+00
0.000000000000000000e+00
0.000000000000000000e+00
0.000000000000000000e+00
0.000000000000000000e+00
0.000000000000000000e+00
0.000000000000000000e+00
0.000000000000000000e+00
0.000000000000000000e+00
0.000000000000000000e+00
0.000000000000000000e+00
0.000000000000000000e+00
0.000000000000000000e+00
0.000000000000000000e+00
0.000000000000000000e+00
0.000000000000000000e+00
0.000000000000000000e+00
0.000000000000000000e+00
0.000000000000000000e+00
0.000000000000000000e+00
0.000000000000000000e+00
0.000000000000000000e+00
0.000000000000000000e+00
0.000000000000000000e+00
0.000000000000000000e+00
0.000000000000000000e+00
0.000000000000000000e+00
0.000000000000000000e+00
0.000000000000000000e+00
0.000000000000000000e+00
0.000000000000000000e+00
0.000000000000000000e+00
0.000000000000000000e+00
0.000000000000000000e+00
0.000000000000000000e+00
0.000000000000000000e+00
0.000000000000000000e+00
0.000000000000000000e+00
0.000000000000000000e+00
0.000000000000000000e+00
0.000000000000000000e+00
0.000000000000000000e+00
0.000000000000000000e+00
0.000000000000000000e+00
0.000000000000000000e+00
0.000000000000000000e+00
0.000000000000000000e+00
0.000000000000000000e+00
0.000000000000000000e+00
0.000000000000000000e+00
0.000000000000000000e+00
0.000000000000000000e+00
0.000000000000000000e+00
0.000000000000000000e+00
0.000000000000000000e+00
0.000000000000000000e+00
0.000000000000000000e+00
0.000000000000000000e+00
0.000000000000000000e+00
0.000000000000000000e+00
0.000000000000000000e+00
0.000000000000000000e+00
0.000000000000000000e+00
0.000000000000000000e+00
0.000000000000000000e+00
0.000000000000000000e+00
0.000000000000000000e+00
0.000000000000000000e+00
0.000000000000000000e+00
0.000000000000000000e+00
0.000000000000000000e+00
0.000000000000000000e+00
0.000000000000000000e+00
0.000000000000000000e+00
0.000000000000000000e+00
0.000000000000000000e+00
0.000000000000000000e+00
0.000000000000000000e+00
0.000000000000000000e+00
0.000000000000000000e+00
0.000000000000000000e+00
0.000000000000000000e+00
0.000000000000000000e+00
0.000000000000000000e+00
0.000000000000000000e+00
0.000000000000000000e+00
0.000000000000000000e+00
0.000000000000000000e+00
0.000000000000000000e+00
0.000000000000000000e+00
0.000000000000000000e+00
0.000000000000000000e+00
0.000000000000000000e+00
0.000000000000000000e+00
0.000000000000000000e+00
0.000000000000000000e+00
0.000000000000000000e+00
0.000000000000000000e+00
0.000000000000000000e+00
0.000000000000000000e+00
0.000000000000000000e+00
0.000000000000000000e+00
0.000000000000000000e+00
0.000000000000000000e+00
0.000000000000000000e+00
0.000000000000000000e+00
0.000000000000000000e+00
0.000000000000000000e+00
0.000000000000000000e+00
0.000000000000000000e+00
