-3.688659667968750000e-01
1.230328715022923847e+00
1.287089496481522266e+00
7.499635284720129746e-02
-6.160598297571096005e-02
-1.504925459330541671e-02
-9.281712400842538901e-01
-2.933270924892918963e-01
1.162143214132794755e+00
1.545899911718986663e+00
1.204376412267386121e-01
-1.230544200203196992e+00
-4.153257750808080351e-01
-1.343370636288265252e-01
1.127596907972648443e+00
1.919847435939884051e+00
1.021008543077014163e+00
-1.142702510045861874e+00
-1.987933524834257781e-01
2.616866855479906384e+00
3.747704181108021171e+00
5.019242175630507674e+00
6.448901809197243651e+00
6.254759161473686824e+00
4.023153891459574361e+00
5.183967872041974623e-01
-4.374636685751998044e-01
3.772561263216474003e-01
2.744932429264047347e+00
5.077047707555276901e+00
5.175481783672793767e+00
2.692197342809723892e+00
-5.642560427291569702e-01
-6.599878915734924689e-01
-4.913806906486666293e-01
-9.316005119746251228e-01
3.011119165641905404e+00
3.713412140631618286e+00
1.064353916764119390e+00
1.288132745725206085e+00
3.051939353003725763e+00
2.685555113223318635e+00
1.731089432705404718e+00
2.892100413722107355e+00
2.787999372020212085e+00
1.232852058451670008e-01
1.939813940225270317e+00
4.390590427215936842e+00
4.150984203009098650e+00
1.335589767684310036e+00
-2.855912087863152760e+00
-6.890184934829530761e-01
1.193389469253496316e+00
2.648600288895924137e+00
2.314034551269908313e+00
7.705264108383582666e-01
2.440457952856048607e+00
4.217041327883066515e+00
3.776483506554799696e+00
-1.606660465093729950e-01
-1.254373775885026410e+00
-1.127266882554092575e+00
2.462892910292649340e+00
4.125956948683469960e+00
2.925071158894146262e+00
1.887843574698591542e+00
2.068967525778641736e+00
1.042647643359131848e+00
-1.385299988869105992e+00
-1.434118037815573565e+00
1.432308265354178323e+00
1.017755269781926319e+00
-2.984131605518514085e-01
6.136378095776917618e-02
6.283560100748395438e-01
3.588168749821669667e-01
1.114823791022531152e+00
1.903129605632807309e+00
1.549660373921517120e+00
1.518071431350045186e+00
1.785375017127391439e+00
1.337659228923831156e+00
4.138940429490018946e-01
3.302418050393529647e-01
1.843806584746021660e-01
-5.513437248029717797e-01
-4.393722736043567112e-01
2.265669874850284593e-02
-2.671346606146913771e-01
-9.931721750784197056e-01
-1.224483985376059181e-01
8.413834186202393539e-01
1.098974059681198323e+00
9.254534319749037063e-01
6.871432172860050258e-01
4.656261623736849820e-01
-2.509309904481628606e-01
1.159764349520489013e-01
9.925856535273022141e-01
1.307234529797332678e+00
6.578436495132082840e-01
1.335117044067229308e+00
2.504818912585713875e+00
2.202388121487804717e+00
-7.560301974693648397e-01
-1.271346760277484167e+00
5.307919442320585546e-01
1.218804157489393747e+00
-2.350231577690937712e-01
8.434009254222754048e-01
2.409133845086102177e+00
1.800819605726732053e+00
-6.899761554512684469e-01
-1.730567401298813257e+00
-5.307426078609462916e-01
6.484877828646673503e-01
3.797844439096154101e-01
4.079170003802685684e-01
9.357543568869570727e-01
5.514085953730101242e-01
-1.162730933402237543e+00
2.073365753346840812e-01
9.328903491489115574e-01
8.017763230522376716e-01
-8.105019981141770025e-03
8.810359078864937743e-02
4.848316771633935929e-01
6.687714854355464311e-01
7.621008616914743961e-01
1.382085495729456381e+00
1.470316469067934229e+00
9.486834918077009515e-01
3.471347325385822913e-01
6.645415433347368062e-02
-2.725832601119683174e-01
-2.232577889797293103e-01
1.972533005397386630e-01
1.179711026190130574e-01
1.374888475866271609e-01
3.396468145827595264e-01
-1.811565655345930281e-01
7.817708539032519610e-03
5.862392503596745019e-01
1.047647355444773387e+00
1.139958653361529795e+00
4.223684439066019980e-01
-5.199106087081797334e-01
-1.808785120379436950e-01
4.029765209232190060e-01
2.812513936481104704e-01
-3.371574913041351929e-01
-1.578547344391433294e-01
-1.250694422767604230e-01
-1.647985324892529690e-01
7.217961266769248319e-01
7.918230554464418258e-01
5.752173684760117922e-01
8.567199564136984691e-01
1.360796345812562924e+00
8.425266374577136119e-01
1.321420053817756735e-01
6.537909361277702835e-01
3.952393917532173173e-01
-8.550570668292900578e-03
1.018551273431855364e+00
9.838768243932536350e-01
1.016122274495849798e-01
9.611434248748568221e-01
2.463221905613661278e+00
2.763048890247762568e+00
3.028982957843857182e+00
3.207156568032774935e+00
2.901173997321810027e+00
2.063608439763668922e+00
8.475823662898853694e-01
5.182917405118239174e-01
9.863689896773109034e-01
5.054035746555385344e-01
1.052240969792021197e+00
1.360960081069963357e+00
1.178037674290933090e+00
1.456706606219659861e+00
1.832524133926748622e+00
1.285390625994154767e+00
-8.695449142401634468e-02
-5.132964027546260688e-01
1.113125416461905104e+00
9.497212343594705342e-01
1.015829683403956629e+00
1.113335694472418425e+00
9.112577652406228523e-01
3.444863320635160875e-01
3.690264894662309558e-02
2.691040160091757727e-01
7.613623089160848068e-01
1.342145656777204987e+00
-1.219712330447787485e+00
-1.382980819155241292e+00
-1.010778856569968021e+00
-5.737104883864860838e-01
-3.405253073770704297e-01
-6.298411353705768434e-02
9.518371146268795879e-01
1.171372087885324653e+00
3.985894219976284791e-01
-9.027732319300226793e-01
-4.655004653800212111e-01
4.696824581617446981e-01
1.177258814873058945e+00
1.168964876776641404e+00
7.910541824971355496e-01
4.923668873722899519e-01
2.740779592792312869e-01
-5.909433364567262537e-02
-1.237329023711670750e-01
7.925986155340496442e-01
2.841145003483869669e+00
2.321255480140978822e+00
1.209590091411736346e-01
-6.883618696529709702e-01
-2.841696676116192144e-01
-6.795163809565218926e-02
-4.232589636747885464e-03
2.324027171347875509e-02
1.489999615606208749e+00
2.955594639231780452e+00
1.594963698172181088e+00
5.297110192790168703e-01
1.862431468287406577e-01
-1.815701394350743847e-01
-8.760061422670810671e-01
-1.108783147669536007e+00
-2.816314230263294860e-01
9.716290922551991116e-01
2.059087028562938571e+00
2.236883670702405791e+00
1.040200131660396154e+00
-5.197980162987881902e-01
4.951681894141037876e-01
1.184301945246590160e+00
-1.334879213019850575e-01
-1.805987702522605431e+00
-1.458206220797011010e+00
-4.869127562638304596e-01
1.585411178389941611e-01
5.880129065253838494e-01
3.634652276826159101e-01
-7.959549629856350617e-01
-9.269969988024504559e-01
-7.056800564959715416e-01
-1.692742745123609893e-02
8.171572634868953244e-01
1.487133343018566478e+00
2.112695327595326411e+00
2.534114809502789001e+00
2.493628883198395929e+00
4.036207646955377593e-01
-9.921374756551341045e-01
-5.268611240994069966e-01
8.547249711257185467e-01
1.725291461328118725e+00
1.716687563023668428e+00
1.744444275377074804e+00
2.011221628683954599e+00
1.502484947818755856e+00
6.767944374268127783e-01
6.765327919507746479e-01
2.161265126582847529e-01
8.199296043050795513e-01
2.289285662265184040e+00
3.162425667578351085e+00
3.342390015527267000e+00
3.090135357873221356e+00
2.667082693890395095e+00
1.811939769397498790e+00
4.637415948937047006e-01
1.436102641987406781e-01
1.281511552930689746e+00
7.759722471260463994e-01
-3.224801202994467264e-01
4.817090619987891564e-01
1.023510748493420053e+00
2.586178803515681857e-01
5.569139836695948809e-01
1.091469745187067186e+00
7.934313987969838777e-01
8.680350793091216044e-01
1.442677424967810040e+00
1.058565134655296669e+00
-5.779414069069445103e-01
-1.867675676362855475e-01
-1.495155316233767184e-01
-6.152266330539526429e-01
-5.632657860886092216e-02
2.084956124047840920e-01
-1.174408771987698330e-01
-1.950691110694029451e-01
7.281904127775554736e-01
1.204407983058949583e+00
9.535620399370854372e-01
5.703905964190636446e-01
3.121495445443049910e-01
3.491674041883089941e-01
2.234799496137586106e-01
-2.089933112114800151e-02
1.210024698481400041e-01
1.556167225199174275e-01
-2.767473523587004602e-01
-4.229138512999631727e-01
-2.743363730997974148e-01
1.953423171195942665e-01
1.187648276840986838e+00
2.000462394858554926e+00
1.153776829740512433e+00
9.351702427907615522e-02
2.299622934426619469e-01
6.592180115381618410e-01
7.652670481803597324e-01
-4.592649144504548087e-01
-4.151308313521084870e-02
8.659298757591686879e-01
7.641697168442431742e-01
-1.077301925944113670e+00
-2.068078237088695204e-01
6.361431552624878805e-01
1.112237353451430932e+00
1.140151531171455623e+00
-8.087940878756483265e-02
-1.150251937334317853e+00
-1.360601546948591478e+00
5.516833702486413360e-01
1.794305779334183448e+00
1.506969993389372542e+00
1.151895291538158395e+00
8.869412759097736743e-01
2.355511598601123247e-02
-2.821833926581169827e-01
-8.437869497778953676e-01
1.153299452524827462e-01
1.680922489038473300e+00
2.064945572000465024e+00
1.855080958966628391e+00
1.735132380590231449e+00
1.227353387952632602e+00
6.896720619976379751e-01
4.837742047966289149e-01
-1.979468309667953285e-01
-1.946380671299554610e-01
-9.277142326175291664e-02
3.006090960452327820e-01
1.258999112347122029e+00
1.616352557022531888e+00
-3.270360516266603845e-01
-1.509094232054292606e+00
8.446745976092695507e-02
7.617308887342120194e-01
-4.267622060969177289e-01
-5.446565497435684744e-01
7.865366442657172330e-01
2.155095177765963266e-01
-2.480935064870639639e-01
1.219243728813639960e+00
2.086083010942593852e+00
1.935362740595206521e+00
1.603729152807199743e+00
1.384372599362455825e+00
7.154166806036490467e-01
1.712924265253243927e-01
9.367897352274168199e-02
-4.638630332068167661e-01
1.407432782104800495e-02
1.666798940827145747e+00
5.574455028810918478e-01
-2.176432597074337671e+00
-8.437034198732296097e-01
1.957173731646738801e+00
2.106427046340685116e+00
1.906688422798278104e+00
3.874725921615235436e+00
4.357217951070765594e+00
9.306588747107196191e-01
-1.404477705205889659e+00
2.268753879561120623e-01
-7.950791197085826933e-01
1.010942890000601224e+00
3.194580190294395550e+00
3.199644923907268179e+00
1.219233369021765157e+00
1.424173351074854210e+00
2.398023820382718441e+00
2.119943301836715754e+00
5.967161470760289355e-01
-2.122396958687088109e+00
1.876314713943398438e+00
4.942249465503454786e+00
4.509493884281763343e+00
1.617502385979771695e+00
-1.299290666327879151e-02
1.594075061750920064e+00
1.087215638444321009e+00
6.194014342728015876e-01
2.874226294461778686e+00
4.371451492703473996e+00
2.948387834488981341e+00
2.032579703943651062e+00
3.878148487113211473e+00
2.310792892142467192e+00
-1.975100983457408033e+00
-1.072748089212032685e+00
-8.471707605308571587e-01
-2.947149239692663514e-01
3.464687262882038876e+00
5.878068277859597401e+00
4.963242200938802640e+00
2.290648868112418857e+00
4.271683432270947378e-01
4.074624330599450062e-01
1.612585446094177311e+00
3.389715205137132870e+00
5.238843721255207697e+00
6.390999858269246658e+00
6.016673538731584614e+00
3.707164057323631745e+00
1.175187135787272297e+00
-8.596552346085633012e-01
-7.996523414705944965e-01
1.990620618897836813e+00
3.220865991618131474e+00
1.681903816040194233e+00
-1.016814713239388990e+00
-5.225651449444875807e-01
-6.488221037019805681e-01
7.022725490578940466e-01
9.448587444932803336e-01
4.364867025583678561e-01
-7.995327577089081927e-01
-9.114122381192972799e-01
3.591156855734256581e-01
-7.975703169512526891e-02
-1.208283215153234114e-01
1.570897594689109722e+00
2.879327044794778967e+00
0.000000000000000000e+00
0.000000000000000000e+00
0.000000000000000000e+00
0.000000000000000000e+00
0.000000000000000000e+00
0.000000000000000000e+00
0.000000000000000000e+00
0.000000000000000000e+00
0.000000000000000000e+00
0.000000000000000000e+00
0.000000000000000000e+00
0.000000000000000000e+00
0.000000000000000000e+00
0.000000000000000000e+00
0.000000000000000000e+00
0.000000000000000000e+00
0.000000000000000000e+00
0.000000000000000000e+00
0.000000000000000000e+00
0.000000000000000000e+00
0.000000000000000000e+00
0.000000000000000000e+00
0.000000000000000000e+00
0.000000000000000000e+00
0.000000000000000000e+00
0.000000000000000000e+00
0.000000000000000000e+00
0.000000000000000000e+00
0.000000000000000000e+00
0.000000000000000000e+00
0.000000000000000000e+00
0.000000000000000000e+00
0.000000000000000000e+00
0.000000000000000000e+00
0.000000000000000000e+00
0.000000000000000000e+00
0.000000000000000000e+00
0.000000000000000000e+00
0.000000000000000000e+00
0.000000000000000000e+00
0.000000000000000000e+00
0.000000000000000000e+00
0.000000000000000000e+00
0.000000000000000000e+00
0.000000000000000000e+00
0.000000000000000000e+00
0.000000000000000000e+00
0.000000000000000000e+00
0.000000000000000000e+00
0.000000000000000000e+00
0.000000000000000000e+00
0.000000000000000000e+00
0.000000000000000000e+00
0.000000000000000000e+00
0.000000000000000000e+00
0.000000000000000000e+00
0.000000000000000000e+00
0.000000000000000000e+00
