2.725280761718750000e+00
2.894113499667452238e+00
1.219448713647087068e+00
-7.368367847924246483e-01
1.206152220642251249e+00
2.000040043551485791e+00
4.388287527506333774e-01
-1.122178809664427401e+00
-1.478117530195349749e+00
-3.269468160174989757e-01
6.905170026800612204e-01
-1.215434592366692490e+00
-2.559347318069922217e+00
-9.510270546998333963e-02
1.279186337322406164e+00
2.977222386277238009e+00
3.779066414711154120e+00
1.098083432323292863e+00
1.076753368902855668e+00
2.140793149485268998e+00
1.531597192363186366e+00
1.434919135940311286e+00
1.644027567189551231e+00
7.270803147080164841e-01
-6.513431467905057559e-01
5.771161005410991862e-01
3.055784067972734164e+00
1.256342437115895105e+00
2.178805620783786257e+00
5.144050853925683953e+00
5.201713682256727367e+00
3.184636999089122789e+00
6.618899602933163706e-01
-1.876096138994975515e+00
-1.084046866180115476e+00
4.144993438152941856e-01
-2.573706364187386963e+00
-1.148962891576507772e+00
2.676355493805961938e+00
3.560902796225618783e+00
3.191085420689541596e+00
1.984386990812443852e+00
1.132653099535338104e+00
2.111248905307655299e+00
2.810949327443303503e+00
1.622977343222918645e+00
-1.185530504546350450e-01
-9.194361342363486234e-01
-3.929569957904616162e-01
-2.004487200424529547e-01
2.978444671353459583e-01
3.401037109732731878e-01
2.213528678118739101e-01
-4.422266155911456220e-01
-1.447464656023547569e+00
-3.319056692671418229e-01
1.050404548761282086e+00
-9.886187093610026011e-01
-1.589160765930255348e+00
-9.789836847146426990e-02
-5.086741331799284893e-01
-5.942500302561111170e-01
-1.081169283530059033e-02
6.117208347610691987e-01
1.449657532124775106e+00
2.209876712712691926e+00
1.499449048836328124e+00
1.046036752666121616e+00
1.093273079723613428e+00
-1.818060519588041712e-01
-1.595225921362208865e+00
-1.661726833714743945e+00
-4.183021798551700421e-01
3.052648161054205556e-01
7.810473699978139894e-01
1.378840737914629688e+00
1.304843944770984976e+00
1.131060015640605210e+00
4.898903232369696825e-01
-4.804960327698847844e-01
5.861566525763444169e-01
4.229159389829564297e-01
1.462243581117794733e-03
4.570869919896446421e-01
7.859739943369773441e-01
4.573325036473014915e-01
-7.320697314594861727e-01
-1.325761477811406852e+00
-1.193239062625267133e+00
4.953461109389049044e-01
7.326453166581492482e-02
-4.669170518536336356e-01
-1.351475571356687277e+00
-1.653871612413611691e+00
-9.981099901932077856e-01
-4.617186136625990311e-01
1.498910818932308597e-01
-6.394128894482418168e-01
-1.102146086635292344e+00
3.012356366718118572e-01
2.522461193621045039e-01
2.067626241487330319e-02
5.453143392794999045e-01
-6.387033270587041400e-01
-8.814212595596799815e-01
-7.541386417396704900e-01
-1.482772489688144235e+00
1.917363656420347784e-01
1.273218155820164510e+00
3.829014366236371814e-01
1.958247313309836146e+00
1.514307868188160100e+00
-8.557913486811943304e-01
1.095103116547849753e+00
1.145067111302263907e+00
2.184210080439104917e+00
2.630397593269165668e+00
1.340738605320352494e+00
2.018233803506355173e-01
7.532892588864823491e-01
-3.609437076277357548e-01
-1.536955988448004184e+00
-1.690287275505739650e-01
1.317085600427827519e+00
-2.515893580057285916e+00
2.900558886622137678e-01
2.423030513790881191e+00
1.475676818786988420e-01
1.282845138210120917e+00
3.730438838740006702e-01
1.603895413352670385e+00
5.901209053300213725e-01
-9.914649690028880524e-01
8.745870525921879413e-01
1.645968806725802480e+00
-1.670458656386649476e+00
4.394893659663043906e-01
1.180796552220970019e+00
-5.737805937179959459e-01
8.713997928315713182e-01
1.211449284407396521e+00
-8.183692521440228962e-01
9.185294318893814092e-01
1.407718079492564556e+00
-5.814399535736444191e-01
1.033410474376514898e+00
1.037400107089738954e+00
3.135233031418297456e-01
3.728003143001731301e-01
-6.642562598739961688e-01
2.091031610488539361e+00
2.419300260742412334e+00
-1.554813822203804374e-01
1.248267628055710565e+00
3.311145030389191390e+00
6.402151748363488215e-01
3.446414732323216157e+00
2.467666048785586597e+00
-1.636296707986232279e-01
-1.290626912988765085e+00
-2.314048369970156394e-01
1.031170171054956120e+00
-8.730143202735872743e-01
2.565888993128258022e+00
4.316522693978599889e+00
4.783813803743930393e-02
3.953662350747455534e-01
-5.107678683173293432e-01
-3.938837940721042763e-01
-5.657715626703145873e-01
1.411023475621454804e+00
2.919608708014244769e+00
1.856155192793109698e+00
1.159299721077259093e+00
3.477249645646817378e+00
6.323348000882228703e+00
4.571944695788419999e+00
1.117861213051431379e+00
4.493521866308846313e+00
4.390753249312111528e+00
2.359378128018301712e+00
6.676084961093402548e-01
7.930108761184366806e-01
-9.048865130434413651e-02
-4.384155006906200747e-01
-5.411149073161904965e-01
-1.408651190765799699e+00
-9.200421817782377110e-01
4.200774943038814158e-01
-8.926413112695346097e-01
-2.865335336555277834e+00
-2.218570175746928719e+00
-2.288198986356714482e+00
-6.476121886624920165e+00
-3.601570335128648992e+00
3.050772677120101584e-01
-4.005142020166763572e+00
-2.245345256421308111e+00
1.133702341052877927e+00
9.534508293183017180e-01
2.633790087716127104e+00
2.245190923558004314e+00
-2.373418343116392215e+00
2.913412906032545990e+00
5.017961559394258586e+00
9.441837128484626973e-01
-5.593974419854110813e-01
1.272330369198857447e+00
3.319155552627419681e+00
1.349082374315928590e-01
-1.708499173177858710e+00
1.206554090263317836e+00
-3.719539370548006207e-01
-2.433160318962435120e-01
1.977083432175827937e-01
3.127357846381712214e+00
1.194119617888356188e+00
-1.696570119722549563e+00
1.504233670618282837e+00
1.684455128743986840e-01
-1.147960670614527778e+00
-7.942897865818869807e-01
1.792261186654597438e+00
3.170510144446454959e+00
-1.251781396116581346e+00
1.222831926026753280e+00
1.185364567200960506e+00
-2.532738797561424615e-01
9.985891218502107591e-02
3.212017644105484848e-01
-1.571216106198753959e-01
-1.992188181422740900e+00
-1.867897199463619984e+00
-4.082999714825663595e-02
-8.002974174675057117e-01
-2.754685021321090499e+00
-1.242630888635285258e+00
-1.065700001442178024e-01
-2.461549769023076095e+00
-2.515280057396243940e+00
-1.278485781229501850e+00
-1.816290606530815310e+00
8.478019589127061550e-02
1.472523704545298351e+00
-3.912181870803711270e+00
-2.263226613713454238e+00
1.090586435658087883e+00
-4.060477039419984280e+00
-4.003633003411023239e+00
8.474744127477307210e-01
-1.300813033506494243e+00
-1.850047464641007444e+00
-7.230574673849667899e-01
3.281345804878911032e+00
1.629818071155634707e+00
-9.254621201409958253e-01
5.827290323035876352e-01
-5.843398819305931635e-01
-6.628023705605946558e-01
-8.129119045631041374e-01
2.893636653215327925e-01
1.705761635029702017e+00
2.426644049898342814e+00
2.996235524232381930e+00
3.142432696119625390e+00
1.105340555005368541e+00
1.461925547301253570e+00
-2.872849348274386649e-02
5.966893403526043471e-01
7.283757207621022189e-01
-1.435104051126516733e-01
8.611692216685278289e-01
-1.212282608152333019e-01
-1.522021440366386313e+00
-6.878679951118629177e-01
-1.636813362717778553e+00
-1.520867625010158486e+00
7.095554106598134236e-01
-4.518300712838287936e-01
-3.652778994302927629e-01
4.251542934558836251e-01
-5.414281217741370167e-01
3.960154570044365219e-01
8.035983743547939762e-01
2.378614927211193386e-01
1.455867915026775705e+00
1.001958304034549663e+00
-1.900174650016593914e-01
-9.585830960294074998e-01
-9.787447200266499170e-01
2.817740788405418417e-01
-5.489452199761157836e-02
-5.606755697325357390e-01
3.749618202668618672e-01
9.538235522226593543e-01
8.932394384828863387e-01
1.108842848746584009e-01
-1.422934529343247156e-01
1.174255675216663075e+00
5.881095989854515649e-01
-6.631799425891626854e-01
9.445050693191463509e-01
8.099205096514565660e-01
1.530802072944887238e+00
2.128124020874938793e+00
-3.145569151266447427e-01
-1.455991112104615626e+00
-1.592936213540441237e-01
-5.405162218148256148e-01
-1.450815763341488873e+00
-1.147980414016882555e+00
-2.441787147928267121e-01
9.661493412205626186e-01
7.278340092438309039e-01
1.442100393835965333e+00
3.449936043404943309e+00
2.590757352386530155e+00
2.052435257475452079e+00
2.133583539218658398e+00
-9.450070898104101502e-02
-1.008090986918069865e+00
-9.545710937246046912e-01
-9.006024800927332485e-01
-6.124711063457404236e-01
-1.553324081586038297e-02
-7.715659552838511903e-01
-3.956152844574201133e-01
2.225593378607692685e+00
3.161193625020617404e+00
2.157406091261573344e+00
1.228889363832929682e+00
2.014932782884152340e-01
-1.180754103553535161e+00
1.083620484117376881e+00
3.405454894820079570e+00
3.798355862571140218e+00
2.533182039355160065e+00
1.702410251407902919e+00
3.080886642465021197e+00
5.134474952513023105e+00
4.324545460734636748e+00
3.219436942517268641e+00
1.633582676302341108e+00
-3.844075962944275560e-01
7.623232241791200181e-02
9.493075107055419792e-01
9.233033179892242703e-01
6.830844787139893626e-01
1.002133394710915670e+00
5.478441017568066229e+00
7.632978193086671581e+00
4.777911913336399863e+00
2.493869658861122662e+00
2.232769472018452106e+00
2.529490578704494119e+00
2.477333527282601366e+00
2.923886757568546990e+00
3.430363306615908936e+00
3.861904043617807591e+00
3.110803789582925472e+00
2.807017580850565963e+00
1.170801614167115590e+00
1.200455766671033597e+00
4.529950845946440374e+00
3.731696216105516939e+00
1.944137666603640291e-02
1.559299696888281073e-01
-6.629744508413801807e-01
2.877761909543130603e-01
-3.168624969602182873e-01
-1.570992370128655224e+00
-3.563228638566549034e-01
1.894083539506787872e+00
3.044041246308107240e+00
2.763344558064727785e+00
1.917545995330381725e+00
1.068230921447015369e+00
8.118486378226004163e-01
4.485627199992947567e-02
-5.216385762260900449e+00
-3.906945034790363369e+00
-1.843524278795184879e+00
-1.534755094752539017e+00
-2.291194820558655199e+00
-1.618989556593196211e+00
-5.843031269607593670e-01
-2.292389085147610750e+00
-2.382294593702742880e+00
-1.695236249538100592e+00
-3.033662283770006685e+00
-3.907367497115113331e+00
-3.289342980694994090e+00
-2.089563875737983523e+00
-1.267122016929673745e+00
-1.049091749637095727e+00
-2.144655962214522926e+00
-3.262814206326625222e+00
-3.335577127698382327e+00
-2.910752651035421579e+00
-2.707383560230275599e+00
-2.525292354285954222e+00
-2.593804139379337403e+00
-1.977724301358198655e+00
-1.513548598138167112e+00
-4.307520335057975380e+00
-5.046158395260287755e+00
-2.458906699703386600e+00
-3.675480685837809958e+00
-4.719866013871687471e+00
-3.127260446595623300e+00
-9.928767087852435891e-01
-2.408229683091713813e+00
-3.609696617902893312e+00
-3.610391338729074473e+00
-2.236214619576271545e+00
-8.292350376929633615e-01
-4.011576694409752619e+00
-4.806748621770817742e+00
-3.142523588814448487e+00
-2.252645795411666985e+00
-2.733442467711272528e+00
-2.558747315717677218e+00
-1.902999633639824495e+00
-1.095743353442103052e+00
-1.004188026676367196e+00
-1.660451694405500778e+00
-1.872337654528730022e+00
-3.707775284190366061e-01
-2.053467427878136409e+00
-3.362607996629416007e+00
-2.647161118522025181e+00
-8.278811025957445446e-01
-1.194333681428348282e+00
-3.171116215194610621e+00
-4.086512126265070322e+00
-3.352202571747134208e+00
-1.794638713593491364e+00
-1.438862891138563471e+00
-2.825948971707363366e+00
-2.597424584399204317e+00
-1.942247541183922399e+00
0.000000000000000000e+00
0.000000000000000000e+00
0.000000000000000000e+00
0.000000000000000000e+00
0.000000000000000000e+00
0.000000000000000000e+00
0.000000000000000000e+00
0.000000000000000000e+00
0.000000000000000000e+00
0.000000000000000000e+00
0.000000000000000000e+00
0.000000000000000000e+00
0.000000000000000000e+00
0.000000000000000000e+00
0.000000000000000000e+00
0.000000000000000000e+00
0.000000000000000000e+00
0.000000000000000000e+00
0.000000000000000000e+00
0.000000000000000000e+00
0.000000000000000000e+00
0.000000000000000000e+00
0.000000000000000000e+00
0.000000000000000000e+00
0.000000000000000000e+00
0.000000000000000000e+00
0.000000000000000000e+00
0.000000000000000000e+00
0.000000000000000000e+00
0.000000000000000000e+00
0.000000000000000000e+00
0.000000000000000000e+00
0.000000000000000000e+00
0.000000000000000000e+00
0.000000000000000000e+00
0.000000000000000000e+00
0.000000000000000000e+00
0.000000000000000000e+00
0.000000000000000000e+00
0.000000000000000000e+00
0.000000000000000000e+00
0.000000000000000000e+00
0.000000000000000000e+00
0.000000000000000000e+00
0.000000000000000000e+00
0.000000000000000000e+00
0.000000000000000000e+00
0.000000000000000000e+00
0.000000000000000000e+00
0.000000000000000000e+00
0.000000000000000000e+00
0.000000000000000000e+00
0.000000000000000000e+00
0.000000000000000000e+00
0.000000000000000000e+00
0.000000000000000000e+00
0.000000000000000000e+00
0.000000000000000000e+00
0.000000000000000000e+00
