-1.495605468750000000e+00
-1.257481992787071512e+00
5.454781355453985903e-02
-2.429141561643993086e+00
-3.123641072156190468e+00
-1.519058391183559342e+00
-2.262265232744634869e+00
-2.200392044460036001e+00
1.327178537366624500e-01
-1.850166542368897549e+00
-2.632493447574233869e+00
-6.336487940601984725e-01
-5.255362558112928184e-01
-9.348610639930916566e-01
-4.292049195909970472e-01
1.628225545007900177e+00
-1.697448255836324638e+00
-2.345702672604866201e+00
-3.110867240992489791e-01
-1.706109956727558163e+00
-3.179290969380991427e+00
-1.920908310615852432e+00
-1.838404883788846700e+00
-3.341621684557434246e+00
-1.965263287281851845e+00
-1.433620653715101501e+00
-1.968303329083340714e+00
-1.409278571689146276e+00
7.541241216978699091e-01
1.885957990445743970e+00
1.988307114551766119e+00
2.388782570454386356e-01
-9.768442848301110981e-01
-1.574377016415380304e+00
-1.012221845738278336e+00
4.531042003729215395e-01
-2.535180693264742491e+00
-2.069892291820231822e+00
-9.494377531608775289e-01
-1.529458397768066469e+00
-9.526422579297055826e-01
7.510618345566578702e-01
-1.628679323140349355e+00
-3.135648523207297700e+00
-2.522633847672139495e+00
-1.100939306790805317e+00
4.730725134025410838e-01
-1.775472565700717764e+00
9.776086546031321767e-01
-1.319904218405651974e-01
-1.863436786465339168e+00
4.972043729719437533e-01
2.481564934562693114e+00
4.303004963207986755e+00
1.665736892729423602e+00
-2.286229782735091476e+00
1.370563039878323952e+00
1.603683362873340457e+00
8.260769111485464222e-01
6.583655094501805749e-02
-3.096737020024395104e+00
-3.268432763168651611e-01
2.671305063444839867e-01
-5.763146349265420021e-01
3.763652766245950243e+00
-2.791691538188906918e+00
-1.579686127994023526e+00
1.614394633813789337e+00
-3.101268906784203860e+00
-1.012964220848835861e+00
-1.444188028903110599e+00
-3.037938623152051765e+00
1.180540768497753135e+00
-2.059900380618403748e+00
-2.311749495834716228e+00
2.756241876538112479e-03
-2.280284190845749404e+00
-9.068262420820161207e-01
-3.857286856633796113e+00
-5.470679523612322903e-01
3.375562883247392953e+00
1.949801086029077091e-01
1.445646443344874577e+00
6.992394364590364120e-01
-9.306984997985217056e-01
-6.206130946633519052e-01
-1.443833929392318804e+00
-4.997822275055674446e-01
-1.030359688413019947e+00
-2.810897955581854735e+00
-4.332544131752428251e-01
-4.665021516169454152e-02
-4.802371631970832055e-01
-7.548766294809370336e-01
8.436827521228227322e-01
-2.477556110581747628e+00
-1.321793679588321613e+00
1.664017378957867166e-01
4.844669614732327600e-01
-1.237803468160722176e+00
-1.698542246892435603e+00
-1.151727516835600040e+00
-2.052299411786755456e+00
2.286708406074680067e-01
3.659365224303625652e-01
-9.842132033222752430e-01
-6.036999747661366822e-01
1.948223719653427999e-01
-7.106146095987471156e-01
5.869458032872757469e-01
-3.955861694515534488e-01
8.686717302985695888e-01
-5.938469956023650909e-01
-1.804665660141153039e+00
3.225147868860710476e-01
-1.080824755969815421e+00
-1.497418882421994279e+00
-1.250441379852662127e+00
1.631960762820760191e+00
-1.238138588360423009e+00
-3.513464020188441950e+00
-9.040745538189858266e-01
-3.435860234606489261e-01
-2.751950441580143902e+00
-1.982518633584244405e+00
-2.167921450095221747e+00
-1.158845016814446627e+00
8.842260873852683112e-01
-1.729721495057348069e+00
-2.775471806672491937e+00
-3.789862252621285510e-01
-1.744823082084392851e+00
-2.819501535399267844e+00
6.189758296064031828e-01
-2.400856898615073565e-01
1.541702251612296459e+00
-2.312588628372810096e+00
-3.199421889459076684e+00
-2.409034980991437980e-01
6.086367444589285691e-01
-4.118977851026626169e-01
-3.270612705568700207e+00
-1.947619750529357097e+00
4.781672297122832038e-01
-1.814391718312166280e+00
-1.740308297074669053e+00
-1.293205003807995190e+00
-2.206601920671865003e+00
-1.723322199732293392e+00
-1.313760479290218441e+00
2.484796854197424132e-02
-2.199036060042443008e-01
-9.132300709873413247e-01
-5.852101866026773180e-01
-5.001812909382603589e-01
-9.259807900161108885e-01
-1.944943726656310545e+00
-1.293572873999881301e+00
-1.867974953028103346e+00
1.721536915780407240e+00
-1.447558261775114818e+00
-2.916808084709784143e+00
-1.054354359997282220e+00
1.126378856398688733e-01
-3.609517974424609754e-01
-4.454321257450492233e+00
-4.925057527991635986e+00
1.541063366018237346e+00
-4.235503616335271282e+00
-5.250281041687753891e+00
-3.645543919183329429e+00
-4.913089679252256481e+00
-2.386140174974364037e+00
-5.790631526777406890e+00
-4.068165756953234791e+00
-1.105183703769672121e-01
-5.433180895315775416e+00
-9.930152491927549008e+00
-7.161296184118229213e+00
-3.085336483693474907e+00
-2.448360087824996700e+00
-7.247097498462740539e+00
-5.675644321333109588e+00
-3.915213127063607246e+00
-1.181910690504113681e+01
-1.200560298542474946e+01
-4.669084992742459583e+00
3.714647754058555407e-01
-4.229009820040534606e-01
-2.219909339346973542e+00
3.773767656938469273e-01
-2.816032481793329101e+00
-6.199251881945585296e+00
-3.221353072089346625e+00
-8.675275703748752676e-01
-2.299541851036368989e+00
-1.369312015819762474e+00
5.482370071301085890e-01
1.328400992851998419e+00
1.141273510640098854e+00
9.356548188826487866e-01
-3.933674365489592262e-01
3.614052928645574703e-01
8.242269197772964517e-01
-1.831524227409739414e+00
-9.119182885411318829e-01
7.319831535879477435e-01
1.032163387288507650e+00
8.452373306688452104e-01
5.560900280267406792e-01
-1.071356159718097834e+00
-2.462115896002510240e+00
-2.945696783256577245e+00
-2.157741888100704220e+00
1.929719366917711287e+00
8.036844594274672460e-03
-3.378960178108729728e+00
-1.261060762344918817e+00
-4.912368813569139903e+00
-5.124555866183606589e+00
-1.660179592978599628e+00
6.744298370944865617e-01
-2.264904496764753361e+00
-3.925103222161178795e+00
-3.945729882598879801e+00
-3.961186075847160204e+00
-2.425770701052536893e+00
-8.788819741977013100e-01
-2.380192771883841818e+00
-3.677477048579183005e+00
-3.536537460223764029e+00
-1.617083109034728849e+00
-7.126974806305597099e-02
-6.392107747872799450e-01
-1.517734637606649173e-01
-4.872193104896194171e-01
-9.937861435283203981e-01
6.682954561769745006e-01
1.209167764746888141e+00
1.107875403649767776e+00
-6.115233539485871450e-01
-3.043996756975692719e+00
-2.167175463316961093e+00
-4.059207418840409254e-01
-1.383625180464214122e-01
4.516089741330542306e-02
3.581834315407432801e-01
6.263167764803085902e-01
-1.632528916822202358e-01
-9.273041880218726440e-01
-4.346301513391925830e-01
1.242343103359234702e-01
-7.131323478380735548e-02
-5.882161189974943749e-01
-6.427337341675432025e-01
-3.068723150533232413e-01
9.581094545925039618e-03
-1.999614723431687446e-01
-1.193166245507530920e-01
2.385052142204028280e-01
3.116407914202607987e-01
3.559002960303702112e-01
8.604827301102386805e-01
-2.388704603761260259e-01
-1.306519930518880823e+00
-1.306519930518880823e+00
-2.388704603761260259e-01
8.604827301102386805e-01
3.559002960303702112e-01
3.116407914202607987e-01
2.385052142204028280e-01
-1.193166245507530920e-01
-1.999614723431687446e-01
9.581094545925039618e-03
-3.068723150533232413e-01
-6.427337341675432025e-01
-5.882161189974943749e-01
-7.131323478380735548e-02
1.242343103359234702e-01
-4.346301513391925830e-01
-9.273041880218726440e-01
-1.632528916822202358e-01
6.263167764803085902e-01
3.581834315407432801e-01
4.516089741330542306e-02
-1.383625180464214122e-01
-4.059207418840409254e-01
-2.167175463316961093e+00
-3.043996756975692719e+00
-6.115233539485871450e-01
1.107875403649767776e+00
1.209167764746888141e+00
6.682954561769745006e-01
-9.937861435283203981e-01
-4.872193104896194171e-01
-1.517734637606649173e-01
-6.392107747872799450e-01
-7.126974806305597099e-02
-1.617083109034728849e+00
-3.536537460223764029e+00
-3.677477048579183005e+00
-2.380192771883841818e+00
-8.788819741977013100e-01
-2.425770701052536893e+00
-3.961186075847160204e+00
-3.945729882598879801e+00
-3.925103222161178795e+00
-2.264904496764753361e+00
6.744298370944865617e-01
-1.660179592978599628e+00
-5.124555866183606589e+00
-4.912368813569139903e+00
-1.261060762344918817e+00
-3.378960178108729728e+00
8.036844594274672460e-03
1.929719366917711287e+00
-2.157741888100704220e+00
-2.945696783256577245e+00
-2.462115896002510240e+00
-1.071356159718097834e+00
5.560900280267406792e-01
8.452373306688452104e-01
1.032163387288507650e+00
7.319831535879477435e-01
-9.119182885411318829e-01
-1.831524227409739414e+00
8.242269197772964517e-01
3.614052928645574703e-01
-3.933674365489592262e-01
9.356548188826487866e-01
1.141273510640098854e+00
1.328400992851998419e+00
5.482370071301085890e-01
-1.369312015819762474e+00
-2.299541851036368989e+00
-8.675275703748752676e-01
-3.221353072089346625e+00
-6.199251881945585296e+00
-2.816032481793329101e+00
3.773767656938469273e-01
-2.219909339346973542e+00
-4.229009820040534606e-01
3.714647754058555407e-01
-4.669084992742459583e+00
-1.200560298542474946e+01
-1.181910690504113681e+01
-3.915213127063607246e+00
-5.675644321333109588e+00
-7.247097498462740539e+00
-2.448360087824996700e+00
-3.085336483693474907e+00
-7.161296184118229213e+00
-9.930152491927549008e+00
-5.433180895315775416e+00
-1.105183703769672121e-01
-4.068165756953234791e+00
-5.790631526777406890e+00
-2.386140174974364037e+00
-4.913089679252256481e+00
-3.645543919183329429e+00
-5.250281041687753891e+00
-4.235503616335271282e+00
1.541063366018237346e+00
-4.925057527991635986e+00
-4.454321257450492233e+00
-3.609517974424609754e-01
1.126378856398688733e-01
-1.054354359997282220e+00
-2.916808084709784143e+00
-1.447558261775114818e+00
1.721536915780407240e+00
-1.867974953028103346e+00
-1.293572873999881301e+00
-1.944943726656310545e+00
-9.259807900161108885e-01
-5.001812909382603589e-01
-5.852101866026773180e-01
-9.132300709873413247e-01
-2.199036060042443008e-01
2.484796854197424132e-02
-1.313760479290218441e+00
-1.723322199732293392e+00
-2.206601920671865003e+00
-1.293205003807995190e+00
-1.740308297074669053e+00
-1.814391718312166280e+00
4.781672297122832038e-01
-1.947619750529357097e+00
-3.270612705568700207e+00
-4.118977851026626169e-01
6.086367444589285691e-01
-2.409034980991437980e-01
-3.199421889459076684e+00
-2.312588628372810096e+00
1.541702251612296459e+00
-2.400856898615073565e-01
6.189758296064031828e-01
-2.819501535399267844e+00
-1.744823082084392851e+00
-3.789862252621285510e-01
-2.775471806672491937e+00
-1.729721495057348069e+00
8.842260873852683112e-01
-1.158845016814446627e+00
-2.167921450095221747e+00
-1.982518633584244405e+00
-2.751950441580143902e+00
-3.435860234606489261e-01
-9.040745538189858266e-01
-3.513464020188441950e+00
-1.238138588360423009e+00
1.631960762820760191e+00
-1.250441379852662127e+00
-1.497418882421994279e+00
-1.080824755969815421e+00
3.225147868860710476e-01
-1.804665660141153039e+00
-5.938469956023650909e-01
8.686717302985695888e-01
-3.955861694515534488e-01
5.869458032872757469e-01
-7.106146095987471156e-01
1.948223719653427999e-01
-6.036999747661366822e-01
-9.842132033222752430e-01
3.659365224303625652e-01
2.286708406074680067e-01
-2.052299411786755456e+00
-1.151727516835600040e+00
-1.698542246892435603e+00
-1.237803468160722176e+00
4.844669614732327600e-01
1.664017378957867166e-01
-1.321793679588321613e+00
-2.477556110581747628e+00
8.436827521228227322e-01
-7.548766294809370336e-01
-4.802371631970832055e-01
-4.665021516169454152e-02
-4.332544131752428251e-01
-2.810897955581854735e+00
-1.030359688413019947e+00
-4.997822275055674446e-01
-1.443833929392318804e+00
-6.206130946633519052e-01
-9.306984997985217056e-01
6.992394364590364120e-01
1.445646443344874577e+00
1.949801086029077091e-01
3.375562883247392953e+00
-5.470679523612322903e-01
-3.857286856633796113e+00
-9.068262420820161207e-01
-2.280284190845749404e+00
2.756241876538112479e-03
-2.311749495834716228e+00
-2.059900380618403748e+00
1.180540768497753135e+00
-3.037938623152051765e+00
-1.444188028903110599e+00
-1.012964220848835861e+00
-3.101268906784203860e+00
1.614394633813789337e+00
-1.579686127994023526e+00
-2.791691538188906918e+00
3.763652766245950243e+00
-5.763146349265420021e-01
2.671305063444839867e-01
-3.268432763168651611e-01
-3.096737020024395104e+00
6.583655094501805749e-02
8.260769111485464222e-01
1.603683362873340457e+00
1.370563039878323952e+00
-2.286229782735091476e+00
1.665736892729423602e+00
4.303004963207986755e+00
2.481564934562693114e+00
4.972043729719437533e-01
-1.863436786465339168e+00
-1.319904218405651974e-01
9.776086546031321767e-01
-1.775472565700717764e+00
4.730725134025410838e-01
-1.100939306790805317e+00
-2.522633847672139495e+00
-3.135648523207297700e+00
-1.628679323140349355e+00
7.510618345566578702e-01
-9.526422579297055826e-01
-1.529458397768066469e+00
-9.494377531608775289e-01
-2.069892291820231822e+00
-2.535180693264742491e+00
4.531042003729215395e-01
-1.012221845738278336e+00
-1.574377016415380304e+00
-9.768442848301110981e-01
2.388782570454386356e-01
1.988307114551766119e+00
