-5.586853027343752220e-01
-3.308645909223361103e-01
4.153252430050007327e-01
-1.068782770187284292e+00
3.594189616741418902e-01
-3.059427216838050967e-01
-7.592856227091537846e-02
-8.254467534095455417e-01
-3.207111718940867107e+00
-2.299119096451434530e+00
5.849704890278581981e-01
-2.340691504351328334e+00
-5.323354612337052316e+00
-2.637528808546132808e+00
-2.326384825842840787e+00
-3.459948338201464857e+00
-3.397504577196643005e+00
-1.372732857285011931e+00
-7.194590950898138715e-02
5.875642483684551109e-01
6.481176049332746381e-01
-2.248796280835760442e+00
-3.077408972732344150e+00
1.336804372259002172e+00
-3.122578565948104234e+00
-2.151520443303137853e+00
-3.028934323635321668e+00
-1.552594396245890351e+00
-7.986897681241678093e+00
2.835006625781357759e+00
-1.077039994259614719e+00
-1.610617221908721142e+00
-2.609122227626714974e+00
-9.899521714123056260e-01
1.612397784468158513e+00
-1.714227212585026194e+00
9.643182433569537082e-01
-3.301992348581050507e+00
1.212035772071136108e+00
6.003749479701872005e-01
1.304483689431164883e+00
3.741538141524800576e+00
-3.350860088676329340e+00
3.516234957664220673e+00
-1.633662722713332016e+00
3.263338389245823201e+00
-4.786912875479821139e+00
-1.434253811627141939e+00
-5.932807164975843151e+00
-1.082927080183683444e+00
-6.565012025615212465e+00
4.419006549406042872e+00
-1.357361948277767016e+00
-1.877436704807648127e+00
-3.693038137058839876e+00
7.473340294361388025e-01
-1.614670099054261510e+00
6.945980965150480024e-01
9.785541367683325831e-01
7.337615765220864006e-01
6.578689689224948012e-02
1.946912850249704618e-02
1.173528078116297779e+00
-5.857176807091966086e-01
1.241949291067819594e+00
-4.062613576436215901e-01
-2.000613570225451276e+00
9.798381366669368653e-01
-5.486749262225725232e-01
-2.019165804177878165e+00
-6.571493382702637831e-01
-1.546949569021981219e+00
-3.429127965765137454e+00
-1.411898087296668880e+00
-4.422763749400586697e-01
1.001235926898053519e+00
-1.227452907145788030e+00
-1.430843166225993501e+00
1.236866780769314333e+00
9.377439591836983501e-01
-8.263656595430501905e-01
-9.436820591397758751e-01
-4.872449281892117789e-01
-1.604792153579157166e+00
-2.061185244806114092e-01
-4.174730848870654709e-01
-2.463185847407687312e+00
-3.667125006899591533e+00
-2.507721671079472969e+00
-3.122896634558564255e+00
-5.511499689037943739e+00
-4.273672998883133012e+00
-1.501793925982184197e+00
-6.744021494704730557e-01
-7.219224651937894421e-01
1.601055648569333911e+00
-5.810523259788213934e-01
-1.779824504904863769e+00
-9.488696944717265325e-01
1.848870051830978412e+00
2.591470288310428582e+00
-3.277592297023739221e-01
-3.384362739443865786e-01
6.580015531699512366e-03
1.085825809558993438e+00
1.275996047672192546e+00
6.838325710892134701e-01
4.513030871372492037e-01
-2.864174987579229281e+00
-1.613264358573740065e+00
-1.775785367283754024e+00
-3.607878969475247111e+00
-3.499502830315423196e+00
-2.762609355653920851e+00
1.968389497770139940e-01
-6.041700657307669253e-01
-2.381864942765890003e+00
-3.649747096179544847e+00
-2.329712692626527915e+00
-1.653439586340814227e+00
-4.622188440862715630e-01
3.252719314079333124e-01
-1.683438742943514033e+00
1.527085324476891381e+00
1.258538432125679840e+00
-2.853865370334895957e-01
2.899195379424571950e+00
6.370599413744232109e+00
2.345225041701171520e+00
-2.856690881919554670e-02
4.408020573646197704e+00
-4.587637934284236607e-01
6.238008504493484097e+00
2.019317663008907360e+00
-2.627236441707954562e+00
-2.950877531518131924e+00
-5.689613524357906904e+00
-1.073858004644145936e-01
8.506868610985716117e-01
-1.507195258285953798e-01
6.560661252266975829e+00
6.734753234665496358e+00
1.261963221208383779e+00
7.088550786084015343e+00
2.013789555021187283e+00
-4.301862653064910447e+00
-2.786358849425645268e+00
-4.397390708572191720e+00
-7.299771039020376051e+00
-4.238680263470229193e+00
-2.496408862948793494e+00
-4.812543082129632666e+00
-8.207667084001975866e+00
-1.730189832074865208e+00
-4.485003599135414909e+00
-4.740498118002086869e+00
-3.641266868381797472e+00
4.145899126812594204e+00
8.163814691143784330e+00
4.948152865120091448e+00
-4.797862695356976404e-01
7.021397397801583118e-01
7.068363736240472761e+00
9.461189233284070355e+00
9.562638867538613141e-01
1.476566073226625253e+00
4.755491644123409856e+00
3.274401034177772729e+00
1.461270549392788887e+00
-1.604220076683003260e+00
-2.061185196023370025e+00
1.267836351838551145e+00
-1.157204171337189003e+00
-3.389079044985871647e+00
3.676611833841763044e-01
-3.052711608929166154e-01
-2.807493015469293862e+00
-1.880877723959896830e+00
1.051826812423219959e+00
-5.610761299968292093e-01
-1.719921734407931169e+00
7.320520533117584883e-01
1.050550890596012810e+00
1.668491074603145830e+00
3.678778666403248465e-02
5.219054143218881947e-01
4.927763257157486976e-01
5.388498492830264830e-01
3.706282285459536752e+00
-2.947740713315295302e+00
-4.907421544234219724e+00
-1.472972041106622942e+00
-3.145920347656194771e+00
-3.805936233196914209e+00
-2.485120474543029978e-01
3.347785220441613419e+00
2.200371648881895847e+00
-9.786773883173218724e-01
1.079010485383876450e+00
-2.420449972386945259e+00
-3.714263907167887346e-01
3.302228182506818932e-01
-2.199067650444064270e-01
-8.713349967222030479e-01
2.874066297685419435e+00
4.529505271782872100e+00
9.609117286293389348e-01
-4.325475521447378568e+00
2.097753823641289372e+00
2.489585524403852723e+00
-4.016007655201789817e-01
3.369471614602348453e-02
-4.285740743269288444e-01
7.564384920273727886e-01
1.130482898555331017e+00
-4.011935786707558016e+00
1.569877956399557739e+00
4.275306120396262344e+00
1.084353192111117581e+00
1.383817524773940599e+00
4.600665460465638290e-01
2.479691982669818273e-02
-6.456059458330967171e-01
3.495885661204131800e+00
1.827108754084888709e+00
-1.638952130176417166e+00
-4.087621159769802226e+00
5.370878020657787744e-02
1.226972825883053231e+00
1.111978843078882395e+00
-5.926844637209551792e-01
-2.186425622667989455e+00
-1.858163299345383379e-01
-7.498292425958790197e-01
-1.385097057083111149e+00
3.265860386354086931e-01
-3.817597594740042233e+00
-7.907403475185108555e-01
8.560271671092505308e-01
-3.913805332333962994e+00
-6.301998099511552098e-01
2.067081731615461937e+00
1.549911383907498053e+00
-4.823431784331702055e-01
-1.622519671268269903e-01
4.496483523740542054e-01
9.601151379328527469e-01
-3.416424219153233466e-01
8.357311793691140078e-01
-1.958828093839696471e+00
8.037142743890519636e-01
2.217809397805414751e+00
5.648041051440801930e-01
-4.829080764169383144e+00
-2.582689246760606849e+00
2.808329593549618863e-01
-4.121527318924787409e+00
-2.816299553642200859e+00
6.143582321976328586e+00
1.662755845146686173e+00
-3.433032418520689077e+00
1.437329178474059832e+00
1.575958744202822448e+00
2.418585404066528000e+00
7.937424435739834916e-01
3.502354242116268335e+00
2.720109993373282631e+00
1.666096587466476819e-01
-4.583317093701124723e-01
1.991279987655159012e-01
6.733698155775247329e-01
1.015175200560460844e-01
-9.448803563521519511e-01
-2.952674295433566076e+00
-4.110394045168122901e+00
-4.032578853245361472e+00
-5.599216137674319249e+00
-2.589003272023613800e+00
-3.118358256104475146e+00
-4.045661164487199812e-01
3.396484795182598937e+00
1.284242802014794904e+00
-7.264964785665917191e-01
5.399376168564051781e-01
-5.736536758169323846e-01
-1.357485177939427246e+00
1.977644715462053115e+00
2.565220468651036700e+00
3.044021793450312430e+00
2.855857780416401592e+00
-2.559185034750644405e+00
-7.211956549374688663e+00
-7.397885464848862114e+00
-4.751464696365678364e+00
-7.016029224785530261e+00
-8.537665369952231131e+00
-2.933681827306098278e+00
-5.439481710661064007e+00
-9.172694817490441466e+00
-3.328408000520139520e+00
-1.492015887774757132e+00
-4.915545840687700618e+00
-2.256128447115814950e+00
4.794486887936560748e+00
2.849727938498173074e+00
1.367398463047267754e+00
5.218058579650586282e-02
1.484074487374978268e+00
2.684807896196552690e+00
2.281037417831690561e+00
-2.227975369104525871e+00
-2.584753109685939521e+00
7.496975088541122823e+00
6.707900728820169967e+00
4.257203428347740015e+00
-4.460381489780321118e+00
3.910561691666968986e+00
4.818539972144253447e+00
1.588043936475983742e+00
7.744323112528961328e-02
2.355833409582925864e+00
4.136920484110435225e+00
4.378004611808872681e+00
-1.610899590750722865e+00
1.951998635171078522e+00
1.476097693264593502e+00
-8.128050740400305507e-01
-1.545462791544661485e+00
-3.854639417786899891e+00
-1.739814104769856318e+00
-8.903739696044574714e-01
2.753107740953800953e+00
5.539048418984434008e+00
1.249885365607664944e+00
4.366533911658204481e+00
3.101137969687790097e+00
8.280166032407723087e-01
3.244747078404351281e+00
5.729460009834106415e-01
-1.688740718283244124e+00
2.426925555123554901e+00
2.490120408706568700e-01
3.741783946884403189e+00
4.735212217418589553e+00
3.682542757023822055e+00
6.066654057285315815e+00
4.089048716458387744e+00
4.686503369604363201e+00
3.657923522691353124e+00
1.242722876627819772e+00
-1.362756768744980640e+00
1.260737231123107094e+00
1.337554643714498059e+00
-2.042493795631239450e-02
1.070174247672022405e+00
-1.512332291103778648e+00
-4.249321316368126489e+00
-2.908498065885460004e+00
-4.088833825441705372e+00
-4.073147681331020564e+00
-1.444273445247204357e+00
1.728872306020777572e+00
5.687668654163842152e-01
-6.776018613708214566e-01
2.076593785841339468e+00
-1.400850126053014844e-01
-8.793823028383085383e-01
-3.367779929784643356e-01
1.635144455675152431e+00
2.353998411015449932e-01
1.498232496993397778e+00
1.530865944476967444e+00
-1.447182706832982113e+00
-1.200629150188862848e+00
-4.381056460466623115e+00
-2.318261015687663296e+00
5.602856047363329317e-01
-1.615869279433213013e+00
-1.587791235067657514e+00
5.322778825464080654e-01
-1.550897011899783795e+00
-1.985638597699435071e+00
-6.322765898710924759e-02
-1.468017360595095910e+00
-7.008744468100539526e-01
-7.844608899982801198e-01
3.922601500714195666e-01
-4.419177221562335944e-01
-1.565397511958584786e+00
-1.795929568649124786e+00
-3.210970193214140345e+00
-2.109764149246808884e+00
-4.978387820283527887e+00
-4.129556765634970539e+00
-2.111940921518402181e+00
-1.880113895543050195e-01
-6.089192581955519934e+00
-2.970928778333761233e+00
-8.366561867647478223e+00
-3.433842061619100772e+00
-3.058804924576651540e+00
-2.852450930756518233e-01
-6.888191938444186313e+00
1.189881983660435960e+00
-3.616368351634824840e+00
7.488757253084767918e-01
-3.988751890523940524e+00
-3.253407282904685616e-02
4.140236552807694537e-01
-3.897705261070421034e+00
-1.818764396991519483e+00
-9.380406543365156224e-01
-4.296143061278034914e-01
-1.617233556383443904e-01
-5.548249657447645866e+00
-2.615197101608548014e+00
-1.241911790781355940e+00
3.872305725405623456e+00
-6.015794712700288649e+00
-3.897518842625085522e+00
-1.146446622183649122e+00
-4.735489505087633333e-01
-4.668231426031735687e+00
-2.480426688471796037e+00
-3.019262959287480896e-01
-1.963480230724518050e+00
1.171075412496096924e+00
-1.206842861361799635e+00
-1.038354863885800672e+00
-4.369405636636386703e+00
-4.698259929690129511e-01
4.413934701759991697e-02
2.215252647685805876e-01
-9.990219482080675562e-03
-7.347131028230204919e-01
3.086180409758544130e+00
2.655905514965458458e+00
5.920295779699786820e-01
-1.649951645567718117e+00
3.952045917104505701e+00
-9.714166178598171442e-02
8.481558827408144374e-01
1.262480679514353277e+00
4.295610426354315337e+00
2.490434541293828907e+00
2.412599269885181918e+00
3.400634429123867708e+00
2.334238651463276248e+00
4.842201728727503429e+00
2.009754610298362998e+00
6.968496024099037900e-01
4.143321111428201142e+00
5.369597980671127146e+00
2.188265566718001320e+00
1.145161220678784675e+00
3.517409616369234104e+00
4.654227893152047102e+00
3.085075450539970454e+00
4.110495191087434108e+00
3.363684217108130703e+00
1.844439763708889402e+00
1.383791895436218500e+00
1.484748943847719049e+00
9.116193867589870159e-01
1.910441006944110010e+00
2.109268796168834115e+00
1.031933314563526327e+00
9.897884135019393570e-01
1.046090742337920210e+00
1.866305651420491873e+00
2.038833380456254396e+00
9.602062382867869728e-01
5.874465847641791028e-01
1.024905163233198468e+00
4.400983642192460854e-01
0.000000000000000000e+00
0.000000000000000000e+00
0.000000000000000000e+00
0.000000000000000000e+00
0.000000000000000000e+00
0.000000000000000000e+00
0.000000000000000000e+00
0.000000000000000000e+00
0.000000000000000000e+00
0.000000000000000000e+00
0.000000000000000000e+00
0.000000000000000000e+00
0.000000000000000000e+00
0.000000000000000000e+00
0.000000000000000000e+00
0.000000000000000000e+00
0.000000000000000000e+00
0.000000000000000000e+00
0.000000000000000000e+00
0.000000000000000000e+00
0.000000000000000000e+00
0.000000000000000000e+00
0.000000000000000000e+00
0.000000000000000000e+00
0.000000000000000000e+00
