3.204345703125000000e-03
-1.272769887934090960e-01
-1.254269209824284026e+00
-3.007774411761557687e+00
-2.249653974322425753e+00
-4.507266087337491456e-02
-9.614088814728412036e-01
-1.422909330204268574e+00
3.110431739353574088e-01
1.367514100207650296e+00
-5.522186074239554543e-02
-9.802017920590534450e-01
-1.684096372244133555e+00
-2.540247180682170480e+00
4.688926133981190514e-01
3.162173960285429963e+00
1.933919151234498202e+00
-2.769023558344261282e+00
-3.054246208564809884e+00
2.479415730495282411e-01
-1.021069954306881300e+00
3.031157571616489577e-01
4.085158635720295806e+00
6.447516224489394432e+00
2.229844174338024843e-01
-4.978264481751479842e+00
-4.765812432679064514e+00
-5.240844680453533577e-01
4.541982727901675787e+00
4.250724432375251993e+00
4.505267572749760419e+00
2.521520477523554682e+00
5.424656786865007518e-01
3.246937771075328882e-01
-1.376608006686304009e+00
-2.389466477239207798e+00
-1.398772548077835687e+00
2.820450800314904694e+00
-3.554681561962151015e+00
-3.976458391994581731e+00
6.340790064430979811e+00
1.725028124982856959e+00
-3.153104286674079049e+00
-3.234298649994205022e-02
2.946242680326943031e+00
-5.526298423684947281e+00
-4.890845063982931507e+00
3.879676337252755403e-01
2.321723830554207169e+00
8.107951693664747772e-01
-4.287763328776896254e-01
2.042161887482138560e+00
4.340224408266193379e+00
6.150476145722439725e+00
5.121416101016278866e+00
3.772140957642450054e+00
5.821180179239927810e+00
6.644774655934067908e+00
3.659380574099069250e+00
-7.473169593426274293e-01
8.888834969285663856e-01
9.193984541869659743e-02
1.437469866844635513e+00
3.251214078432964172e+00
3.612967541405842198e+00
3.446458621180577886e+00
3.044168466255857908e+00
3.177509449339296133e+00
1.722438726015391719e+00
8.451341545380618436e-01
2.191797385292223233e+00
2.415339903250675935e+00
2.244586342906303322e+00
1.314499982054182503e+00
6.804136462193115520e-01
-2.119565156265563743e-01
1.015854625088728813e+00
1.179231499997044352e+00
-2.362791503947203609e-02
1.683962844981587104e+00
2.362839399087373948e+00
1.080065910790417361e+00
-8.990894202554331471e-01
-1.320105304785301303e+00
-9.926148579521094639e-01
-2.642068817703031147e+00
-2.229706548161749069e+00
5.395413405727993439e-01
1.905733938259863480e+00
7.242761212282151639e-01
3.882908412073837745e-02
1.356166313960791570e-01
2.294486613585733359e-01
9.789867680780373060e-01
1.458179996084407071e+00
2.159423400884028510e-01
-1.018872954087017613e+00
-1.226122505704570598e+00
-7.987422834440789376e-01
-3.085793979493474115e-01
4.482521124635432397e-01
1.109223044253241142e+00
1.450612237113428016e+00
9.149549446291977972e-01
-7.595046411984993640e-01
-6.747251283582866854e-02
3.573817050539589424e-01
-8.082396791068362507e-01
-9.886661045429872008e-01
1.058998130653851177e+00
2.602552913065101503e+00
2.012985359587832868e+00
5.078447328712878406e-01
-9.819309360968278000e-01
-1.057417342498288226e+00
-4.846636927989298460e-01
7.732456473897129090e-01
2.366478552560558501e+00
2.466053420169129318e+00
1.746669094242719211e+00
-5.341089815691900666e-01
8.772905359153198024e-01
2.249999117943227489e+00
1.803872551270750080e+00
4.662343050490339036e-01
1.260180401095489788e+00
9.964355540416245383e-01
-5.725967626354002693e-01
-1.379258134457689078e+00
3.220035949957451571e-01
6.377266885232484306e-01
-1.010509449331485232e+00
-1.608062556409920019e+00
-3.402608183699098454e-01
-7.014195739399243790e-01
-1.010671942168053450e+00
-1.358324189250211811e-01
-7.962507155171552053e-01
4.360198785836238988e-02
-7.830901812777149029e-01
-9.502568839415528323e-01
-9.275311088034576823e-01
-8.386217821068484568e-01
7.336578453395781185e-01
1.513204099544855685e+00
1.565688219792854552e+00
-5.995184252241791967e-02
8.095244680262125847e-02
7.365244424671713031e-01
2.367465367997279024e-01
-6.557897341071483588e-01
-8.013783213152151363e-01
2.230171403970175881e-01
-1.800377801361624064e+00
-1.974693219104640018e+00
1.493499284946451233e-01
-1.436889855828981766e+00
-4.694352976739516237e+00
-4.708704995905044655e+00
-2.327331023531589160e+00
3.640632860520462977e-01
1.157009143349155833e+00
9.536443002450272211e-01
-1.300887210677754702e-01
3.529941849875850579e-02
7.429629687996219811e-01
2.451090719040045496e-01
8.111009946661700276e-01
1.444294938976489640e+00
1.063225518600814157e+00
1.158776533942318387e+00
-2.172440609502295672e+00
-6.636405757304890685e+00
-5.868719502437096835e+00
-2.126765938203754480e+00
-1.124495816582676255e+01
-1.203720737062188384e+01
-3.353291055954199074e+00
-3.157615878474510751e+00
-1.443509806098272730e+00
8.487970834427103206e-01
-6.067315910192276895e-01
-2.469959110603825003e+00
-5.388888651109580152e+00
-1.655219534426947359e+00
-1.478384427434418669e+00
1.319735634004064462e-01
-1.882682204158403927e+00
-2.098838210446096753e-03
8.209641888558021350e-01
5.562743048865348428e-01
4.234459710100626495e-01
-2.620781725162737885e+00
-1.124382956182381932e+00
-4.126788436023827167e-01
-3.956735132225872142e+00
5.043094628727695650e-01
-3.127690324347289774e+00
4.005706293687150144e-01
-9.833683977167728685e-01
-4.106845604550247941e+00
-2.889494063037735039e+00
-2.921270038679917747e+00
-2.050317675544791829e+00
-2.452718956890890922e+00
-3.667296185991947510e+00
1.670836411893772855e+00
3.679779724591538681e+00
4.187166203769086437e+00
-1.564384385624968843e+00
-1.073850307723214215e+00
-8.418752631968295930e-01
-2.160697296415272639e-01
-2.580540523589704538e+00
-3.090328456599595430e+00
-1.635478339265882486e+00
-9.826604123545934044e+00
-8.761664231563951688e+00
-1.106183722107313638e+00
-6.189534859226940355e+00
-6.884980169135137551e+00
-2.249527892270998919e+00
1.178878279341057933e+00
7.262844516087894053e-01
1.408933397688893585e+00
2.457791662435985902e+00
2.139479471370029362e+00
9.947017254330023928e-01
-1.034454670192106462e-01
2.703517307341813947e-01
1.092013338708625714e+00
2.491669337323144440e+00
4.489929553304350840e+00
2.665222786417540846e+00
-3.144038254810226363e-01
-1.654706587943319818e+00
-8.814135727942402632e-01
-1.161935128198352540e+00
-1.646709539210335693e+00
4.271734441484507094e-01
1.765231590657197813e+00
7.824271035127501328e-01
2.581120045547110387e+00
3.461674022162448239e+00
2.978282727991674150e+00
1.170562919775616662e+00
-3.755968750131839506e-01
1.611286061420672766e+00
2.704350972490419558e+00
3.277666360710944193e+00
2.815292228284523190e+00
3.650369548982697054e+00
4.215050385677227673e+00
4.017940029400467239e+00
3.833757656372306144e+00
1.270640944113309079e+00
4.743049432773533969e-01
-9.385772359161960177e-01
2.716940242963187258e-01
1.955736524326458170e+00
1.044262843449098366e+00
6.198899207309676029e-01
1.446807977626018538e+00
1.365977588920502139e+00
-9.025888313758276826e-01
-1.668263293873226694e+00
-4.452580866643529589e-02
6.320924076979915762e-01
1.242974233444637866e+00
2.563250077622250878e+00
2.646861547067231868e+00
1.977477165918232638e+00
2.179571240996793335e+00
2.504552327866120365e+00
1.877513684919969839e+00
1.155368627670976700e+00
-6.754073540217309102e-02
6.480232910485383968e-03
-3.793704972143259191e-01
-5.080914446427093889e-01
1.028778344880747264e+00
1.456864610248182590e+00
5.402353548618880064e-01
2.441583975238803550e-01
3.872949737772621859e-01
1.108728860424346152e-03
4.412792544542001316e-01
9.293763803210999264e-01
-5.712937986409865054e-01
-2.207256056193161342e+00
-2.042623222625987278e+00
-1.625271054355795997e+00
-1.276646636372832377e+00
-7.091022692907611447e-01
-5.051943208280822439e-01
-7.482530404857126172e-01
-2.087680251327777015e-01
9.799118306781673393e-01
1.752136442842185504e+00
9.795773198498292089e-02
-1.817268127947857526e+00
-2.056057352063500154e+00
-9.073500538576011465e-01
4.347125170960854934e-01
2.882196606610011314e-01
-8.772917422734778370e-01
-2.369185637977858860e+00
-3.035840900312733570e+00
-2.111260056533250662e+00
-1.493087658506641269e+00
-6.489851935107988634e-01
4.977585768122632093e-01
1.497068969022415486e+00
7.678270953800789833e-01
-9.457372660163287925e-01
5.329761573510503059e-01
8.940174745033910852e-01
-5.483082813399244859e-01
-8.863737712050732132e-01
1.041068994697462724e+00
2.780108915178740592e+00
1.288588233137750283e+00
-6.273642595942153788e-01
1.646246571665411995e+00
2.874980715533336895e+00
2.215474220742660538e+00
1.237886533985503634e+00
1.367096412245529358e+00
6.535939730154405325e-02
-1.127940556704064123e+00
-3.767343360169539412e-01
1.584797635300010166e+00
2.846465423240935433e+00
9.342373334681295383e-01
-6.175462086608083379e-01
-5.063876831286553415e-01
-6.862309413840117500e-02
-6.777071702863357583e-01
-3.354764568521195756e-01
1.556214826268293328e+00
1.774493863488509238e+00
1.555564610090887978e+00
1.340017315216821547e+00
-1.306295759703311132e+00
-2.304804322006609674e+00
-4.260597107593612876e+00
-7.704435056490119393e+00
-6.182098242717049885e+00
3.712318670273104804e-01
-2.887154296534105047e+00
-5.853424427333360214e+00
-3.459061388353823929e+00
-7.598134630077855167e-01
-8.659879295906838692e+00
-5.112108976709945019e+00
-4.796198121332806430e-01
-5.032917001393284018e+00
-2.905799045143617310e+00
-2.647623659181284506e+00
-1.815376912252351982e+00
-1.682135203302678850e+00
-1.104239935833720043e+00
-2.651560730845186065e-01
-2.866902227472540865e-01
1.837175477780235155e+00
-1.016098523550414523e+00
-4.662743284721756254e+00
-5.342729493559906118e+00
-2.094985456190504802e+00
1.232187201963560685e+00
-2.174778602092608537e+00
-3.581382856051638974e+00
-2.871089885369572769e+00
-2.503344696866103281e+00
-3.640419382004511650e+00
-1.185798393114303018e+00
1.808277226048750741e+00
2.888721746415541247e+00
3.307092219269581967e+00
2.365424331926547996e+00
7.257611614278878243e-01
7.970903960686537282e-02
3.855331553156673419e-01
5.771003191391355092e-01
3.874907549490710590e+00
6.076867278281209650e+00
5.912883971949636219e+00
3.503738695954200288e+00
2.814680233302429002e+00
3.126233349142040652e+00
2.267186381953246510e+00
9.257856873306384848e-01
4.797614859796446862e-01
3.937748212351042998e+00
6.212417701416743654e+00
5.660758663129225710e+00
3.091078719072732905e+00
1.596861538938128211e+00
4.397853817621618866e+00
5.695879169592806157e+00
6.339752963853889867e+00
8.405906642804406914e+00
8.583619701346353992e+00
5.500300954368086082e+00
3.616267036643224131e+00
5.297099473331191355e+00
4.430070151859885286e+00
1.187676747742792971e+00
2.671397040551534374e+00
3.084157238190074590e+00
3.367071955991774779e+00
6.353984222770765022e+00
8.064778743561520358e+00
7.263758173257199857e+00
5.045448401582444120e+00
3.132055659791672664e+00
2.267423647989378122e+00
2.378358002133630578e+00
4.788926447499027184e+00
7.653970403835581138e+00
8.864028491777617091e+00
7.492270809138878995e+00
5.223301451515315108e+00
4.133004249671589747e+00
2.759023761400891672e+00
2.475976485963593099e+00
4.296637370511201759e+00
4.225864187553248996e+00
2.132595103907765743e+00
3.163542242387450965e-01
9.178431623973261066e-01
2.098641071386166124e-01
9.791238520673357648e-01
1.822751214728428382e+00
2.040035684367942803e+00
1.310221889320283051e+00
1.181583406944937353e+00
2.077946390470929217e+00
1.657224721921792598e+00
1.811978106464119165e+00
3.219895924460964842e+00
2.879327044794778967e+00
0.000000000000000000e+00
0.000000000000000000e+00
0.000000000000000000e+00
0.000000000000000000e+00
0.000000000000000000e+00
0.000000000000000000e+00
0.000000000000000000e+00
0.000000000000000000e+00
0.000000000000000000e+00
0.000000000000000000e+00
0.000000000000000000e+00
0.000000000000000000e+00
0.000000000000000000e+00
0.000000000000000000e+00
0.000000000000000000e+00
0.000000000000000000e+00
0.000000000000000000e+00
0.000000000000000000e+00
0.000000000000000000e+00
0.000000000000000000e+00
0.000000000000000000e+00
0.000000000000000000e+00
0.000000000000000000e+00
0.000000000000000000e+00
0.000000000000000000e+00
0.000000000000000000e+00
0.000000000000000000e+00
0.000000000000000000e+00
0.000000000000000000e+00
0.000000000000000000e+00
0.000000000000000000e+00
0.000000000000000000e+00
0.000000000000000000e+00
0.000000000000000000e+00
0.000000000000000000e+00
0.000000000000000000e+00
0.000000000000000000e+00
0.000000000000000000e+00
0.000000000000000000e+00
0.000000000000000000e+00
0.000000000000000000e+00
0.000000000000000000e+00
0.000000000000000000e+00
0.000000000000000000e+00
0.000000000000000000e+00
0.000000000000000000e+00
0.000000000000000000e+00
0.000000000000000000e+00
0.000000000000000000e+00
0.000000000000000000e+00
0.000000000000000000e+00
0.000000000000000000e+00
0.000000000000000000e+00
0.000000000000000000e+00
0.000000000000000000e+00
0.000000000000000000e+00
0.000000000000000000e+00
0.000000000000000000e+00
