4.665222167968750000e-01
1.291638534238669367e+00
2.202179966644104425e+00
1.095597393289535537e+00
1.564560615852355951e+00
2.066689411452991010e+00
1.233339039742487042e+00
-4.705331316575153133e-01
2.000675915912947467e+00
1.795160634051438553e+00
-3.482919903013510510e-01
2.539509484175268561e-01
2.001543978406150170e+00
9.026046533819314099e-01
-1.092769459729846737e+00
-1.815618527283732853e+00
-2.894283247840270690e+00
-1.987048170256805246e+00
-1.360459760958674380e+00
-1.867129120533909337e+00
-1.697996658533854397e+00
-1.855752656496179043e+00
-1.216858603252264359e+00
8.422878798800228495e-01
3.339816691419850159e+00
5.085187248820680850e+00
5.234827110073806189e+00
4.670629265809147945e+00
2.583461635587990912e+00
-1.103991846069276583e-01
5.903996887663916837e+00
7.712478743140691151e+00
2.429738083172233942e+00
-4.521928906714233420e+00
-6.525262066574383901e+00
-3.761471418320595284e+00
-3.891951106532411941e-01
-6.435717058626522213e-01
3.393974473148046123e+00
5.325824316862370011e+00
3.572725676485219548e+00
3.026997454737970550e+00
5.665651004052825179e+00
6.129207054746240502e+00
5.164323635381451005e+00
2.034383993036025906e+00
1.968515763456446521e-01
2.075445989793547330e+00
1.349197273716820300e+00
2.405711082795607858e+00
8.346826405272183891e+00
8.922308147758155172e+00
6.344940675906956429e+00
9.942602654611527591e-01
5.319487702046421518e-01
2.701029567266948206e+00
1.600424989505208728e+00
-4.195314809201295958e-01
-2.196072620993896329e-01
-2.528242947947841213e+00
-4.089606399190447661e+00
-2.692755264679324245e+00
-1.133850384149892809e+00
-3.183513069151572950e+00
-3.054666505419153744e+00
-1.531939626041111779e+00
1.685890191314032505e+00
8.472146249080125813e-02
5.330946796653175390e-01
2.097911629157864777e+00
2.451212666046325594e+00
1.830736427324037852e+00
8.184849395644309134e-01
3.374879032707336357e-01
-4.150843422507020097e-01
-2.648669872652316126e-01
7.886465077011785008e-01
1.495016132748651749e+00
1.260742607849986818e+00
6.890877470911092040e-01
1.941588556588034198e-01
-9.355992698714254985e-02
9.048075837700371160e-01
1.556671789014992591e+00
7.678437668412383399e-01
1.134012733205991053e+00
1.748923412866812743e+00
-1.209374363547465858e+00
1.831566790887806384e-01
1.580492472915067559e+00
-8.520296126190904928e-01
-1.326280042271022364e+00
1.765679998667670780e+00
2.114643602473031514e+00
-1.155398958145531729e+00
-2.299427917676950539e+00
4.109067224150693143e-01
1.045290639719150594e+00
1.148597006459231018e-01
3.516609927739029473e-01
1.173956010205303713e+00
7.035030701848081769e-01
-1.008489091147493966e+00
-2.084225435610422839e-01
1.109641632254396715e+00
1.066697867772705699e+00
3.354481382776888232e-01
-2.490090784257948942e-01
-5.383044333964526196e-02
1.218896769861926632e+00
1.679444073309658947e+00
1.091479850705197707e+00
3.252665076904649455e-01
7.052343848875561871e-01
2.428980265394133919e-01
6.261501751434663809e-01
1.193176742749799457e+00
6.100357416143677991e-01
-1.002612645409333370e+00
5.907744816584405978e-01
1.880462348077085677e+00
1.132495836121373722e+00
4.527505612507878308e-01
1.708337709472332433e+00
2.035964219145889764e+00
1.216506198156404039e+00
2.254246786017377602e-02
7.485673713936349394e-01
9.524684718134988071e-01
5.892822183512667067e-01
5.488043355811903501e-01
4.195626710894581057e-01
-1.732620068013073222e-01
-9.044369246139480900e-01
-6.940247223112583352e-02
-9.973126599405823800e-02
1.734823871770353465e-01
6.575746748940525244e-01
-1.054555098300102856e-01
5.979281568648207035e-01
1.257020741353791049e+00
-4.981933618354750237e-02
7.196201042981292817e-01
1.746656884183382941e+00
1.072864918633092080e+00
1.085335812098092712e-01
3.769376290225109338e-01
2.437759466466122849e-01
1.923677814417367182e-01
1.380173698280875438e-01
8.459883568818626909e-01
9.822984279302815480e-01
-6.177999627560191165e-01
-6.165945969970836327e-01
-9.374619734455884590e-01
6.857637530872231491e-01
6.331860780008146117e-01
5.380822829105730287e-01
8.238887568213217882e-01
1.000826080290422526e+00
5.571948298933335764e-01
-3.949059931044989757e-01
1.494445838710175556e-01
1.009971998003469373e+00
1.455469040028184224e+00
1.442090530207147392e+00
6.178285005610058001e-01
6.219762343827579532e-01
1.256487545227293001e+00
1.266187471614909521e+00
8.079964618884507566e-01
2.406857793721952632e-01
2.727595477850819350e-02
5.284682687914818988e-01
1.706059257966560772e+00
1.196492517473938699e+00
6.177637138116343074e-02
6.962330417806517069e-02
-6.076312754554580309e-02
8.943561601062466337e-03
3.311766078855284956e-01
1.048827618674353923e+00
3.577113936318016663e+00
3.760011747453886333e+00
2.336761349318961845e+00
8.066147480669172420e-01
-4.235732777770229163e-02
-2.455924816825640900e-01
9.261335675967907743e-01
1.561086646615854834e+00
2.344350565494464078e+00
1.569715934431268334e+00
-1.088607382727707851e+00
-2.172707507277493733e-01
1.877419844145902239e+00
1.495191940016902254e+00
8.007050621102993482e-01
3.095976072761619236e-02
-1.032212117426051234e+00
-5.041672917762189954e-01
-1.092683080973921861e-01
1.309737643695354059e+00
2.998459935027792511e+00
3.476041244049511203e+00
3.134085978090825897e+00
2.686503386537015814e+00
3.413409994268886916e+00
4.395473453573066180e+00
5.011484819890569931e+00
5.353385536920214349e+00
4.621597525331351264e+00
2.231785283450864021e+00
-3.300949085985549480e-01
-1.181941203380139971e+00
-1.545445946651094360e+00
-1.147869469269656495e+00
4.799065826345048080e-01
2.692166144276552764e+00
3.952424445503179840e+00
4.055089790936801109e+00
1.276893806832459788e+00
-1.248422405586361084e+00
2.546168272016776868e+00
3.909458664838337150e+00
3.343617736693413889e+00
1.563832498649943226e+00
-1.823030645256489279e-01
-1.464496867248596068e+00
-1.847647714398384711e+00
-7.068861864537612227e-01
5.839476486682619871e-01
2.239890444289870608e+00
4.565526850625891697e+00
5.639420149189729337e+00
5.244506693549981335e+00
4.749968313142034049e+00
4.266586960135001938e+00
3.464038985399846560e+00
2.298102244971935271e+00
1.891463657769615558e+00
1.696816251554194466e+00
1.220256904111625573e+00
6.308828412687264020e-01
-7.635955697633978190e-03
-1.245772996292630053e+00
-4.607364586477036283e-01
5.420165987000840069e-01
1.231105979801593087e+00
1.414131145445614912e+00
-8.658151813892800419e-02
-2.667329793712136521e-02
2.831496333683044320e+00
3.484704070436238865e+00
2.348322352943319924e+00
1.011389006728666828e-01
-6.346807701499119769e-01
-5.226943968698802845e-01
8.050060047336176083e-01
3.187720316126769315e+00
4.674196173382729746e+00
2.651184168087914017e+00
6.228452547178477960e-01
5.655380201043338495e-01
9.862584584990763403e-02
-5.638449670216261200e-01
4.360508472044068995e-01
5.849363084432370741e-01
1.339440678020605624e+00
1.321691675565263679e+00
-5.035482155869372978e-01
3.003484710825099491e-01
6.440408644882134048e-01
4.961758180496464998e-01
1.848743319846612998e+00
6.364031066338811105e-01
4.917581924004683636e-01
1.556254437403543633e+00
1.509257191398986286e+00
1.875280200287612331e+00
8.695742238195254270e-01
-9.331052558572161537e-02
-5.643933226940758274e-01
3.578478489865608569e-01
1.442059538652834094e+00
1.478548958993042062e+00
2.609004749331298445e-01
7.332223282721925806e-01
-2.447937340408117279e-01
-1.928379654476365834e+00
-1.843101525281745090e-01
8.332463143079260615e-01
-9.419440704956882904e-02
9.890593482994016750e-01
1.331199424263224573e+00
-4.253822708944176023e-01
8.405525849252051263e-01
-4.191176918275976160e-01
-1.055170776164371382e-02
1.229876151336568357e+00
1.610727135427452605e+00
1.100620576080517887e+00
3.932804028041178013e-01
7.849790069244018120e-01
7.068830375597578985e-01
5.905436941983427390e-02
3.775488233295046792e-01
2.075014112843489578e-01
-1.759581532602576548e-01
-4.322223056048826173e-01
-1.041460993497510978e+00
1.451507936166095414e-01
4.700218646125399191e-01
1.531125600141709509e-01
7.908490396003964307e-01
1.146147365346335434e+00
6.449879176523991564e-01
1.424181625948109930e-01
7.057273269177180008e-01
1.577129424355823817e+00
1.873069808476046871e+00
1.321612256163372745e+00
7.553611802154303057e-01
1.026334654679510239e+00
9.643486694452134689e-01
-5.509882008449400459e-01
-1.398345028791698752e-01
1.075335945976827023e+00
1.165621727702385924e+00
4.285945922304192912e-01
1.013482964149057697e+00
-5.321068429858084592e-01
3.107338267487094186e-01
2.181363575914996744e+00
2.107281388376820441e+00
-6.233966528196299706e-02
-2.797748048462104231e-01
6.334398289678360161e-01
8.049704408905848929e-01
5.108899754011284600e-01
-1.597581834125694211e-01
-4.333326146257033828e-01
6.887771250387437760e-01
7.693791310259436855e-01
1.232021561773197771e-01
9.657048683336300066e-02
6.379378267908997202e-01
-5.264155366940501679e-01
-2.189613169850753494e+00
6.730264589088912341e-01
2.188738418311176215e+00
3.366210344311677538e-01
-8.222927908702208910e-01
5.059039556974708196e-01
6.703555961773643990e-01
2.641703516057762879e-01
2.258583240586338192e-01
6.796391740223906019e-01
8.911638735157219049e-01
1.263138337222392327e+00
1.373523327424042151e+00
8.813002982731288348e-01
-5.051637533107022904e-02
1.693668588528198793e-01
1.147418284628705099e+00
1.582251500761688412e+00
1.109201294108359104e+00
2.317440938769605996e-01
-2.349083915981422521e-01
-5.069721466923604591e-01
-1.105877950405161236e+00
-3.253154633980184229e-01
1.943418791026510384e+00
3.360721700361045894e+00
2.402735012397220871e+00
9.869314762347669578e-01
2.036224323029915517e+00
-7.023134778724804406e-01
-3.404731271729050768e+00
-2.389044464364331155e+00
-2.004599095334825165e+00
-4.057711587275318443e+00
-3.943564820846458208e+00
-1.628489533706584336e+00
-4.458230228171897735e-01
-2.589308292547112700e+00
-8.091710198806225662e-01
2.197567793050529517e+00
3.520268046798895156e+00
2.118914101702617625e+00
1.009383183978146192e+00
6.556618145994299596e+00
1.003673891128166851e+01
7.126250381406534551e+00
2.921794981591953722e+00
-1.002227703450992990e-01
4.309325027612951331e-01
5.310385388087519587e-01
2.154547960583364841e+00
5.858984022960823879e+00
7.600929579026200145e+00
4.222750359492522421e+00
2.710620366328855280e+00
5.507796241463093878e+00
6.517461703047045418e+00
2.196434235186116801e+00
-2.139566507511811544e+00
-2.544955055255256227e+00
-5.052996340676411791e+00
-6.386676126070732984e+00
-3.112805902390603396e+00
4.054993056214186709e+00
8.257045121933234810e+00
6.535382511006726958e+00
1.052885066885549614e+00
2.163873261575564921e+00
4.286569472296875460e+00
4.099299667223359478e+00
3.103693934485692196e+00
9.237634037030195699e-01
-1.087757145914681089e+00
-5.314679148821763732e-01
1.237214683848950614e+00
-6.452284244827493076e-01
-2.302262012419956427e+00
-3.120460325500227228e-01
-2.609473001497965239e+00
-4.026721755311461592e+00
-5.604550623013846433e-01
1.830761806553051763e+00
1.188998203764307871e+00
1.022680530964831469e+00
1.647273220798357585e-01
-3.151709036109344719e-01
2.557635772140322672e+00
2.157818796157935370e+00
-2.554348014988859550e+00
1.203977970391489905e-01
2.863006117208645840e+00
3.716247932305654089e+00
2.332728099936024702e+00
1.346438915060779840e+00
2.538118981462528456e+00
0.000000000000000000e+00
0.000000000000000000e+00
0.000000000000000000e+00
0.000000000000000000e+00
0.000000000000000000e+00
0.000000000000000000e+00
0.000000000000000000e+00
0.000000000000000000e+00
0.000000000000000000e+00
0.000000000000000000e+00
0.000000000000000000e+00
0.000000000000000000e+00
0.000000000000000000e+00
0.000000000000000000e+00
0.000000000000000000e+00
0.000000000000000000e+00
0.000000000000000000e+00
0.000000000000000000e+00
0.000000000000000000e+00
0.000000000000000000e+00
0.000000000000000000e+00
0.000000000000000000e+00
0.000000000000000000e+00
0.000000000000000000e+00
0.000000000000000000e+00
0.000000000000000000e+00
0.000000000000000000e+00
0.000000000000000000e+00
0.000000000000000000e+00
0.000000000000000000e+00
0.000000000000000000e+00
0.000000000000000000e+00
0.000000000000000000e+00
0.000000000000000000e+00
0.000000000000000000e+00
0.000000000000000000e+00
0.000000000000000000e+00
0.000000000000000000e+00
0.000000000000000000e+00
0.000000000000000000e+00
0.000000000000000000e+00
0.000000000000000000e+00
0.000000000000000000e+00
0.000000000000000000e+00
0.000000000000000000e+00
0.000000000000000000e+00
0.000000000000000000e+00
0.000000000000000000e+00
0.000000000000000000e+00
0.000000000000000000e+00
0.000000000000000000e+00
0.000000000000000000e+00
0.000000000000000000e+00
0.000000000000000000e+00
0.000000000000000000e+00
0.000000000000000000e+00
0.000000000000000000e+00
0.000000000000000000e+00
