3.073425292968750000e-01
-1.368901730121408589e+00
-1.433788181743254508e+00
-1.775800881028337663e-01
-6.039481564293865956e-01
-5.407164869065594903e-01
9.918602411687116316e-01
1.210881724968900119e+00
6.457332247932185965e-01
7.846638733848005920e-01
1.294004228476662854e+00
2.824551669992594327e-01
1.274056136803940475e-01
7.436631400308266748e-01
1.815966580937639296e+00
1.257568240104598445e-01
-1.349439911718189666e+00
-1.722354134417177995e+00
2.500460228610069446e+00
1.141829324136066415e+00
-2.117096269286597998e-01
6.018492376332378324e-01
-1.575460321362038840e-01
-1.943257663529170287e+00
-7.038957013401361262e-01
-9.577094254983231636e-02
5.623258190005151480e-01
1.643641201570728461e+00
2.514881361737378640e+00
2.462278213117924608e+00
1.408466768057912155e+00
1.238168105909739136e+00
1.110848109285343277e+00
-3.318616618076077884e-01
-2.159491044590158282e-01
2.469375244310572093e-01
3.827021880902665707e-01
5.785819624674548578e-02
-1.234384170383077350e+00
-1.047392050379103878e+00
2.605252248953484617e-01
1.365673406815254509e+00
2.147469360027689511e-01
-3.113193492302945842e-02
6.124302375273260601e-01
1.179795106088492140e+00
1.752747798631081988e+00
1.440562094550062788e+00
6.637699245146952975e-01
8.830929568292229526e-01
9.997477935504153201e-01
7.915925968111863220e-01
1.091547948666105272e+00
1.761127028482742940e+00
2.305316683741672978e+00
1.634762430141301515e+00
8.725761027164830042e-01
7.075137561490989491e-01
1.167821565050042976e+00
9.740480852397794820e-01
1.756490259226210493e-01
-2.095895659903146413e-02
-1.313885878470388846e-01
-2.112437449472726048e-01
-1.515565142693080514e-01
4.737143706366661045e-01
5.669939141528030913e-01
6.290675461251526990e-01
1.666486411838719039e-01
-2.364916557776040040e-01
3.832495452199746744e-02
-6.813674155840774294e-01
-1.293340354921748814e+00
-7.849645070365092181e-01
-2.794026081434959341e-01
-4.969609937261724175e-01
-7.423052650339697633e-01
-9.609451301893201514e-02
1.180913579366511534e-01
-4.952289290534929167e-01
1.346907854964801698e-01
-7.825700557857862005e-02
-7.337196551941324030e-01
-1.189460535858237744e-01
2.853810195183026366e-01
9.409820828965043127e-02
5.610460901757572394e-01
4.507990032210702491e-01
-7.149690219352600185e-01
-1.447756495660408538e+00
-1.238734529930991535e+00
-7.866790984305911394e-01
-1.096594302518298925e-01
-3.794914468775842931e-01
-7.885836891845556806e-01
-6.804720646043915799e-01
-2.470667542695825780e-01
-1.279714296398450912e-01
1.042779324388676265e-02
1.172759308322681049e+00
1.742930666766074665e+00
2.302190005224858282e+00
2.757697914678118423e+00
2.582894344213189086e+00
1.965388971614273839e+00
1.510145040406987160e+00
1.690998624794521010e+00
1.536857515089883552e+00
1.985532221170371425e+00
3.101814046950566173e+00
3.589232522182831175e+00
1.802480709799819891e+00
4.598114752770499081e-01
2.776805231243477223e+00
3.080034593763369966e+00
1.583987206381661350e+00
1.083246733276843621e-01
-7.978771084983351525e-01
-1.027025309751389059e+00
-9.503734015263551882e-01
-1.055637398317042175e+00
-1.331550121570427514e+00
-1.603147248876217290e+00
-1.237801984385383580e+00
-1.075284583108979009e+00
-6.424664508333766122e-01
1.002697126339819889e-01
7.356073381641818898e-01
1.061029502346631848e+00
8.558981601998779665e-01
1.664536869406402220e-01
2.094702016834534275e-01
-2.930716103178455656e-01
-1.359890124180093141e-01
4.071356276578494970e-01
9.151255517514487181e-01
1.289006447804303512e+00
1.511596067652044351e+00
1.592872565375480498e+00
1.322095032240938384e+00
9.387264858402140089e-01
9.068109397970331997e-01
9.818515369643305846e-01
7.533072064528503198e-01
2.976317525900757932e-01
-3.960161307910903261e-01
-8.386949721276604208e-01
-3.983175533923710709e-01
4.863467406410955096e-01
9.709041117272469990e-01
5.632946093169506341e-01
-1.261579244106181275e-01
-6.030967105630524738e-01
-4.013843777447498873e-01
1.819362674192763762e-01
4.429988853432531570e-01
2.819339181308592179e-01
3.582159832196327720e-01
9.189030064299750222e-01
1.469322189540449575e+00
1.965785666696723055e+00
1.945437130964680517e+00
1.402034006713779313e+00
8.556796188715374285e-01
7.114464585673934138e-01
9.752002341527539198e-01
1.192279146671678891e+00
-7.852020508445800573e-02
-9.589779887803708824e-01
-1.375076175521678490e+00
-1.872225460398817765e+00
-2.088009368999848459e+00
-6.194749846009774963e-01
-3.073899463727376435e-01
-1.882708080780297166e+00
-2.365581356924251644e+00
-4.460002717916049519e-01
1.699605605571569145e+00
1.725369360219283221e+00
-7.911704973746758185e-02
-1.719555897993649829e+00
-9.261939893628370335e-01
1.665363204380279072e-01
-2.849587329640490552e-02
-8.331884016822042049e-01
-6.829781015159906987e-01
4.821738671301483148e-01
3.631899821843349585e-01
5.081903358931194603e-02
-2.450791846526221285e-01
-7.074849430395859784e-01
-1.152168671209591988e+00
-1.526291197200683181e+00
-2.208134452089654864e+00
-2.767398813124543722e+00
-1.222357011905994328e+00
6.790190897225172328e-01
1.587804840133007378e+00
4.086186918857592776e-01
-3.124447615921277510e-01
-4.286862143110958812e-02
8.216390961978290441e-01
1.779182690343510398e+00
2.479672808654118210e+00
2.623497740976711956e+00
2.215109919788365467e+00
1.598902302035897005e+00
6.089995519169087990e-01
-5.148387225625079555e-01
-6.315645834503105238e-01
-3.887811114563854975e-01
-4.134391610163308250e-01
-3.195105104019488884e-01
2.094896042155511839e-01
8.300640448411045202e-01
4.551518873541111621e-01
-3.333612346130729875e-01
-3.675886808565418384e-01
2.758601838431666842e-01
5.282609397785702487e-01
4.983683692404248244e-01
6.287844086139902089e-01
4.010128265891432786e-01
-1.923914977949154892e-01
-7.054983478324077240e-01
-5.425613201985166612e-01
6.805730508835439174e-01
2.123977357239922092e+00
2.715321629057146247e+00
2.554606613812348215e+00
2.146876452113018363e+00
1.528231595132839793e+00
2.972540198138909906e-01
-3.311658478918838577e-01
5.986183860208063034e-01
-2.319314980376444568e-01
-7.217263661936552666e-01
-2.224898953975724680e-01
7.104021004251670490e-03
-1.603342736265336299e-01
-3.145526380530161425e-01
-4.334445449566883823e-01
-8.739642549633671598e-01
-1.462345223891515555e+00
-8.705203812508629513e-01
-4.334198485592206662e-01
-8.636000952427989041e-01
-1.268398725369756619e+00
-8.595917196452140807e-01
6.751639316146130776e-01
2.413958801883239413e+00
2.366223399419369766e+00
1.672693891794203136e+00
5.988658430012658851e-01
1.616173032350199490e+00
2.901643924656656548e+00
3.342471630335131838e+00
3.491569767895199572e+00
2.065533957776127583e+00
5.180199856131366687e-01
8.848915143839721775e-01
2.503724835308269725e+00
3.051115530129717257e+00
2.462475133464985699e+00
2.030992723596774852e+00
1.914411735011016358e+00
3.973875242694115961e-01
-2.217350743428924353e+00
-1.849724640804255138e+00
-7.028130458238912581e-02
1.255535810113109996e+00
1.543684774528566228e+00
-2.457846928841715961e-01
-1.646258327672582178e+00
-1.389263148055679409e+00
-4.973483055769853944e-01
6.347075920116806991e-02
5.955141797789220703e-01
8.495452064507260648e-01
-1.227327434786815719e-01
-1.181790205506902502e+00
-2.139890799897998797e-01
1.112939699589057030e+00
3.116642405322722631e-01
-3.131067770608982892e-01
1.705925142192056265e-01
-5.832003878808692532e-01
-4.390749396254695069e-01
-5.460681249000866044e-01
-1.754923765914828682e+00
-1.946077389189492024e+00
-8.008504839022376753e-01
9.119460883891972180e-02
2.262004757425268853e-01
4.581341520254988975e-01
-4.940626973523136733e-01
-1.703824557254079330e+00
2.084058787679661240e-01
2.799018967179359052e+00
8.941132433707126292e-01
-1.150794871818389353e+00
-4.393534135098220439e-02
9.445294422784817900e-01
7.884344868854242794e-01
2.866256892058068884e-01
9.359327851138965482e-02
7.847209159028212255e-01
8.549285128950286916e-01
5.689071268977645701e-01
1.368748656831843880e+00
1.407247880918571337e+00
1.114982387312743795e+00
1.227755193280014812e+00
1.276153351987564299e+00
4.375351807359875167e-01
4.709722933652749077e-02
3.307269079282240121e-01
3.754987501010420559e-01
1.611382666137552544e+00
2.266884369911025043e+00
7.018900783769210783e-01
3.005438345196731476e-01
9.082443608238319754e-01
-5.744632446533493031e-01
-8.086578864658418020e-01
3.511716253038072999e-01
1.355546088037589803e+00
-7.362583443469001843e-01
-1.803303218717611456e+00
2.075273429085688903e-01
1.835913978896774656e+00
3.186398069371971786e-01
-1.509109670972308193e+00
5.332775917102803298e-01
2.431778845678568501e+00
2.834407394367551625e+00
2.264647603313777680e+00
2.029102074704389302e+00
2.110024797493256443e+00
2.953032482440605122e-01
-1.139499434297504665e+00
-6.014205079125214404e-01
-2.296603769054423871e-01
-3.147924343059635977e-01
-9.144765605614491033e-01
1.728807666721566161e+00
4.276280783858106282e-01
-2.275644344837594257e+00
-3.367446982897921437e+00
1.562098303823918677e+00
3.295569229602293149e-01
-3.845785511603891038e+00
-1.440739620823832112e+00
5.835944261098434893e+00
3.386770680187034532e+00
-2.337468410252432793e+00
8.118927709658190217e-01
4.943771506322557130e+00
2.387399987206099361e+00
7.249012793899791696e-01
-3.903853570166535558e-01
-2.891825992879847540e+00
-1.372874074933120081e+00
2.361444318219278582e+00
1.934888793657828066e+00
0.000000000000000000e+00
0.000000000000000000e+00
0.000000000000000000e+00
0.000000000000000000e+00
0.000000000000000000e+00
0.000000000000000000e+00
0.000000000000000000e+00
0.000000000000000000e+00
0.000000000000000000e+00
0.000000000000000000e+00
0.000000000000000000e+00
0.000000000000000000e+00
0.000000000000000000e+00
0.000000000000000000e+00
0.000000000000000000e+00
0.000000000000000000e+00
0.000000000000000000e+00
0.000000000000000000e+00
0.000000000000000000e+00
0.000000000000000000e+00
0.000000000000000000e+00
0.000000000000000000e+00
0.000000000000000000e+00
0.000000000000000000e+00
0.000000000000000000e+00
0.000000000000000000e+00
0.000000000000000000e+00
0.000000000000000000e+00
0.000000000000000000e+00
0.000000000000000000e+00
0.000000000000000000e+00
0.000000000000000000e+00
0.000000000000000000e+00
0.000000000000000000e+00
0.000000000000000000e+00
0.000000000000000000e+00
0.000000000000000000e+00
0.000000000000000000e+00
0.000000000000000000e+00
0.000000000000000000e+00
0.000000000000000000e+00
0.000000000000000000e+00
0.000000000000000000e+00
0.000000000000000000e+00
0.000000000000000000e+00
0.000000000000000000e+00
0.000000000000000000e+00
0.000000000000000000e+00
0.000000000000000000e+00
0.000000000000000000e+00
0.000000000000000000e+00
0.000000000000000000e+00
0.000000000000000000e+00
0.000000000000000000e+00
0.000000000000000000e+00
0.000000000000000000e+00
0.000000000000000000e+00
0.000000000000000000e+00
0.000000000000000000e+00
0.000000000000000000e+00
0.000000000000000000e+00
0.000000000000000000e+00
0.000000000000000000e+00
0.000000000000000000e+00
0.000000000000000000e+00
0.000000000000000000e+00
0.000000000000000000e+00
0.000000000000000000e+00
0.000000000000000000e+00
0.000000000000000000e+00
0.000000000000000000e+00
0.000000000000000000e+00
0.000000000000000000e+00
0.000000000000000000e+00
0.000000000000000000e+00
0.000000000000000000e+00
0.000000000000000000e+00
0.000000000000000000e+00
0.000000000000000000e+00
0.000000000000000000e+00
0.000000000000000000e+00
0.000000000000000000e+00
0.000000000000000000e+00
0.000000000000000000e+00
0.000000000000000000e+00
0.000000000000000000e+00
0.000000000000000000e+00
0.000000000000000000e+00
0.000000000000000000e+00
0.000000000000000000e+00
0.000000000000000000e+00
0.000000000000000000e+00
0.000000000000000000e+00
0.000000000000000000e+00
0.000000000000000000e+00
0.000000000000000000e+00
0.000000000000000000e+00
0.000000000000000000e+00
0.000000000000000000e+00
0.000000000000000000e+00
0.000000000000000000e+00
0.000000000000000000e+00
0.000000000000000000e+00
0.000000000000000000e+00
0.000000000000000000e+00
0.000000000000000000e+00
0.000000000000000000e+00
0.000000000000000000e+00
0.000000000000000000e+00
0.000000000000000000e+00
0.000000000000000000e+00
0.000000000000000000e+00
0.000000000000000000e+00
0.000000000000000000e+00
0.000000000000000000e+00
0.000000000000000000e+00
0.000000000000000000e+00
0.000000000000000000e+00
0.000000000000000000e+00
0.000000000000000000e+00
0.000000000000000000e+00
0.000000000000000000e+00
0.000000000000000000e+00
0.000000000000000000e+00
0.000000000000000000e+00
0.000000000000000000e+00
0.000000000000000000e+00
0.000000000000000000e+00
0.000000000000000000e+00
0.000000000000000000e+00
0.000000000000000000e+00
0.000000000000000000e+00
0.000000000000000000e+00
0.000000000000000000e+00
0.000000000000000000e+00
