9.910888671875000000e-01
1.157107812851838169e+00
1.503366814633200432e+00
1.681474508870944407e+00
3.401553010621367612e-01
1.800437049961161051e-01
5.108767281692596640e-01
4.932928695686404907e-01
2.010937483627566191e-01
-4.474258606375625114e-03
-1.187310629372495541e-02
-1.265099781088914188e-01
-4.577750010384220580e-01
-7.834681471453113222e-01
-2.968952725029594397e-01
-2.366596091755286402e-01
-1.840364885554527596e+00
-2.904816844881190629e+00
-2.816350186162238423e+00
-2.579985648772752604e+00
-2.719736173007357039e+00
-3.011293575134196487e+00
-2.618197583488723001e+00
-1.831097980915614043e+00
-4.751741238133866396e-01
1.006884690030893426e+00
1.586772222771838603e+00
1.230872476000197224e+00
5.108068359452349050e-01
5.966145043882642440e-02
2.173558641353325882e-01
4.425789144543217368e-01
5.305475500288570068e-02
7.134626923318890812e-01
1.335361935275123368e+00
1.178977294433376954e+00
7.835112557050685211e-01
4.590454534786054808e-01
3.230215438548551532e-01
6.190999188081174331e-01
5.389348400425721941e-01
5.693122113807635998e-01
1.036832524703237723e+00
1.569141702077750722e+00
1.958371825221499218e+00
2.131624160083873232e+00
1.841507889930940056e+00
1.248742643934507957e+00
1.032619000180410529e+00
1.080574787926456670e+00
1.014575903499021381e+00
6.790672910772466153e-01
4.542414576207120525e-01
2.717275827817033917e-01
-3.013024974971156844e-02
-1.086961115365270292e-02
5.851456668492373003e-01
1.172330205577483131e+00
4.531847696859401253e-01
4.983986018580521815e-03
-9.659664913154397681e-03
1.014361894926079088e-01
3.390183235135306727e-01
5.000967520161500035e-01
-2.245989244933938034e-01
-6.797581962851042547e-01
-3.291942728181289635e-01
1.642488331670688417e-02
-2.197121989239297912e-02
-6.889611974102547443e-01
-8.282161361771462893e-01
-4.159649797203269772e-01
3.415072916228378830e-01
1.121058150185492819e+00
1.579799249097048719e+00
1.467618800418928560e+00
1.067344293978282233e+00
4.676378011606181495e-01
-8.568826993778566603e-02
-8.659361412116650669e-05
8.380443549145677462e-02
-1.831913898009575881e-01
3.979435837838024570e-02
-2.145713622245780661e-01
-7.475660293389230215e-01
-1.016001314416971057e+00
-7.828587237792823394e-01
-1.217388048648153642e-01
5.582859444918965020e-01
1.038218754170565195e+00
1.601155886341948165e+00
1.621664991086293472e+00
1.006803023092593730e+00
7.921119910347407256e-01
1.861223182966750711e+00
2.584197949831155583e+00
1.871123252622219457e+00
5.263909764621335086e-01
-1.770379478341981283e-01
-8.869595383001116495e-01
-1.124458418839355822e+00
-6.007901149696679433e-01
-1.465240464191025493e+00
-1.195853228230132848e+00
1.014032281025945004e-01
4.717761844552879058e-01
1.199755631947454493e+00
2.598312410671949291e+00
3.289267931515037713e+00
2.212046866536206746e+00
1.595193280282756643e+00
2.704206089947986058e+00
1.675599665598081600e+00
-1.525072084737686628e+00
-1.714216539860213828e-02
3.199775649858553450e+00
4.128084332023757241e+00
5.545729312553460133e-01
-1.480893111746499180e+00
3.586161924779633914e-01
6.860176978679928261e-01
-2.712267254820033280e+00
-5.482637067961229960e+00
-4.029837012342253999e+00
-2.306545846937737565e-01
-8.261307814891432066e-01
-4.325156843751329916e+00
-2.984083180872366015e+00
1.536986077079000701e+00
9.900573682517093133e-01
-1.556062955472200304e+00
2.792272018255404831e+00
6.344392095267158638e+00
2.027694488278104945e+00
-1.896910585647435532e+00
2.878330287338091154e+00
6.293770145830049678e+00
6.695548442054182203e+00
4.773561999190093275e+00
1.319650934071382453e+00
-3.112240976334517129e-01
1.718148168702273049e+00
1.491297291359499066e+00
-2.196386630955053931e-01
-9.414118742495527492e-01
-1.263481131031752636e+00
1.195016521269611776e+00
2.569787268293824756e+00
1.711036296508191779e+00
4.060030109540382348e-01
-7.268867858254055569e-01
-1.216554265781187194e+00
-1.267423122939338453e+00
-1.878952592326777138e+00
-2.247266084627059346e+00
-6.590214218503749333e-01
5.467934689140561133e-01
2.750473901887211525e-01
-5.559663992850634173e-01
-5.094512396678835264e-01
2.536941941113294852e-01
-2.731576832383756370e-01
-4.992126768037041806e-01
-7.353106020901414297e-01
-5.005582838916966537e-01
-1.499300740191817916e-01
5.421091384362162202e-01
1.211996346941519587e+00
1.605770573717933303e+00
-1.194077668142554671e+00
-1.519103917620681976e+00
-1.691432354187145215e+00
3.689340275267785074e-01
3.589108962643456024e+00
1.463156846164183289e+00
-1.255120589123068786e+00
1.043518374438074936e-01
-1.630333845107198476e+00
-5.330202818788136732e-01
2.961811917923818260e+00
1.895989228387446879e-01
-3.541287712474521676e+00
-3.337275604613440194e+00
3.341872102708676184e-01
-2.549615273066073939e+00
-3.528191363756368215e+00
-1.771662363361280690e+00
3.933900654982230849e-01
-1.996107875383359653e+00
-2.730609990107621510e+00
-5.698018033078415812e-01
1.087898472450703036e+00
6.610342197882261850e-01
4.909249415832748209e-01
-7.066039312472012224e-01
-3.365490374999003720e+00
-4.689113586456087113e+00
1.948311793191677577e+00
3.910177530503242238e+00
-1.020890719833506655e+00
5.324175765643270886e-01
1.990522615508151016e+00
-1.441007288415821819e+00
-2.693310014801788554e-01
2.498235022678485517e+00
2.892074012471502531e+00
1.696244616039594977e+00
1.040077719127852518e+00
1.398846942769571555e-01
-7.930931962367528953e-01
-1.895837866169182373e+00
-2.121875895558019476e+00
-2.019808059476330797e+00
-9.721580499447117774e-01
-2.521030227488911812e-01
-5.804674750774929670e-01
-1.552764230229442211e+00
-2.502189498704813886e+00
-1.281761503393529233e+00
8.491557646200458276e-01
1.378892492343198217e+00
6.313595330993244659e-01
8.487679449434852863e-01
1.670367365073363697e+00
1.957447755179818394e+00
7.681389874680022434e-01
-5.785330068191975039e-01
2.929881478406535233e-01
1.490813671193867096e+00
2.413949595139979643e+00
9.678171441305933875e-01
-2.477069926175305525e+00
-1.705661445204888604e+00
2.452570010818631463e+00
6.422657026694115423e+00
4.773423656718856378e+00
2.341326768038926254e+00
-2.140110796194854004e-01
4.517388860001085860e-01
-6.478474587634082127e-01
-1.230864522481367906e+00
-5.219592850415017971e-01
1.225752339708021665e+00
-2.427790625034740302e-01
-1.747031570258720024e+00
-1.268396915328071639e+00
3.164041815822704606e-02
-1.027357575047549432e-02
-4.107724193935000656e-01
-6.234467196601627403e-01
1.186706656780261326e+00
6.850778453871959606e-01
-9.486154068429026864e-01
-2.303039963013977953e+00
-1.387411040057404676e-01
2.381592962315798978e+00
3.382718950330338537e+00
2.409790104098117336e+00
-2.396814503015123332e-01
1.218771324520869559e+00
2.669635189618181137e+00
1.891719635805829691e+00
9.661270726673309994e-01
2.749162199828414810e+00
3.102966751065168172e+00
6.272807013420056421e-01
-1.611608231029303617e+00
-1.376943202436005986e+00
-1.544300543260416214e+00
-1.175460566447465327e+00
7.949177325764185120e-01
1.451806746715581076e+00
1.745477503106589223e+00
1.760742517416967967e+00
1.989157118217823594e+00
3.207331388013536788e+00
3.751114049722411359e+00
2.530855931115565394e+00
9.351503799199051281e-01
5.438367418321163882e-01
6.543531426773554482e-01
6.343685566146244348e-01
7.280688290714232291e-01
9.042205265000547998e-01
7.705095148730023435e-01
1.788479858829183922e-01
-1.966477169437682582e-01
-2.038526417371390453e-01
-3.822364637707919011e-01
-7.173348353979220882e-01
-9.894512677812077328e-01
-6.118738251487987334e-01
-5.805465752447938055e-01
-3.433043321402472481e-01
3.084399392969323639e-01
7.986754704017484663e-01
1.215954902067640342e+00
1.649833129960405209e+00
1.661477142552206132e+00
8.430294872377919191e-01
-1.711522583884429460e-01
-7.096418389401599747e-01
-3.765454260525974428e-01
-1.715532179910763677e-01
-6.366043001291148418e-01
-9.136212327202428707e-01
-1.138377959339256229e+00
-8.375628641036710897e-01
5.794065241971957381e-01
1.629402186353233972e+00
1.246969332385442719e+00
8.540312761736210678e-01
4.094780797315522580e-01
4.077689148137948472e-01
9.479806131607242392e-01
4.299972628812949171e-01
-4.933532784635111801e-01
-5.567785752857219439e-01
-3.291250648057353345e-03
3.357975974013334697e-01
8.504486203195553706e-01
4.230521393760273696e-01
-1.227016769365929960e+00
-3.024474550942122253e+00
-3.690090832208899219e+00
-2.298326373458355221e+00
8.600374675865496421e-01
3.190309094716344163e+00
2.353813768496162417e+00
5.434326186466842401e-01
-9.673956867270403492e-01
-1.382137810710192483e+00
1.527394048791741454e-01
3.620232669970284700e+00
5.241963195842521905e+00
4.781518184455636700e+00
2.958429475975132839e+00
3.146266208062389325e-01
-2.305020725928944358e+00
-2.148721580921409746e+00
2.807663701948435175e-01
1.672662008002066214e+00
2.172417400880537919e+00
2.147003081220148157e+00
1.305955855128506649e+00
-3.182981906704771546e-01
-2.288627508033659108e+00
-4.229053695812337033e+00
-5.132033663091283060e+00
-4.477434497701910487e+00
-2.469287392344363674e+00
6.829273275701390755e-01
1.976332431577828341e+00
4.980388096926136043e-01
-3.628807628580772437e-01
-9.185611439948715429e-02
6.480537810573383517e-02
-3.636089530018615790e-01
3.719330148239785583e-01
4.801082974945929394e-01
-6.772761027030349545e-02
-3.289264873701831515e-01
1.343519075879990865e-01
1.119165932595126645e+00
1.232665287569029156e+00
1.250661735980778566e+00
1.865153510995318564e+00
1.198941756113183432e+00
1.840098162888343492e+00
2.367462205911180284e+00
2.388944863732250568e+00
0.000000000000000000e+00
0.000000000000000000e+00
0.000000000000000000e+00
0.000000000000000000e+00
0.000000000000000000e+00
0.000000000000000000e+00
0.000000000000000000e+00
0.000000000000000000e+00
0.000000000000000000e+00
0.000000000000000000e+00
0.000000000000000000e+00
0.000000000000000000e+00
0.000000000000000000e+00
0.000000000000000000e+00
0.000000000000000000e+00
0.000000000000000000e+00
0.000000000000000000e+00
0.000000000000000000e+00
0.000000000000000000e+00
0.000000000000000000e+00
0.000000000000000000e+00
0.000000000000000000e+00
0.000000000000000000e+00
0.000000000000000000e+00
0.000000000000000000e+00
0.000000000000000000e+00
0.000000000000000000e+00
0.000000000000000000e+00
0.000000000000000000e+00
0.000000000000000000e+00
0.000000000000000000e+00
0.000000000000000000e+00
0.000000000000000000e+00
0.000000000000000000e+00
0.000000000000000000e+00
0.000000000000000000e+00
0.000000000000000000e+00
0.000000000000000000e+00
0.000000000000000000e+00
0.000000000000000000e+00
0.000000000000000000e+00
0.000000000000000000e+00
0.000000000000000000e+00
0.000000000000000000e+00
0.000000000000000000e+00
0.000000000000000000e+00
0.000000000000000000e+00
0.000000000000000000e+00
0.000000000000000000e+00
0.000000000000000000e+00
0.000000000000000000e+00
0.000000000000000000e+00
0.000000000000000000e+00
0.000000000000000000e+00
0.000000000000000000e+00
0.000000000000000000e+00
0.000000000000000000e+00
0.000000000000000000e+00
0.000000000000000000e+00
0.000000000000000000e+00
0.000000000000000000e+00
0.000000000000000000e+00
0.000000000000000000e+00
0.000000000000000000e+00
0.000000000000000000e+00
0.000000000000000000e+00
0.000000000000000000e+00
0.000000000000000000e+00
0.000000000000000000e+00
0.000000000000000000e+00
0.000000000000000000e+00
0.000000000000000000e+00
0.000000000000000000e+00
0.000000000000000000e+00
0.000000000000000000e+00
0.000000000000000000e+00
0.000000000000000000e+00
0.000000000000000000e+00
0.000000000000000000e+00
0.000000000000000000e+00
0.000000000000000000e+00
0.000000000000000000e+00
0.000000000000000000e+00
0.000000000000000000e+00
0.000000000000000000e+00
0.000000000000000000e+00
0.000000000000000000e+00
0.000000000000000000e+00
0.000000000000000000e+00
0.000000000000000000e+00
0.000000000000000000e+00
0.000000000000000000e+00
0.000000000000000000e+00
0.000000000000000000e+00
0.000000000000000000e+00
0.000000000000000000e+00
0.000000000000000000e+00
0.000000000000000000e+00
0.000000000000000000e+00
0.000000000000000000e+00
0.000000000000000000e+00
0.000000000000000000e+00
0.000000000000000000e+00
0.000000000000000000e+00
0.000000000000000000e+00
0.000000000000000000e+00
0.000000000000000000e+00
0.000000000000000000e+00
0.000000000000000000e+00
0.000000000000000000e+00
0.000000000000000000e+00
0.000000000000000000e+00
0.000000000000000000e+00
0.000000000000000000e+00
0.000000000000000000e+00
0.000000000000000000e+00
0.000000000000000000e+00
0.000000000000000000e+00
0.000000000000000000e+00
0.000000000000000000e+00
0.000000000000000000e+00
0.000000000000000000e+00
0.000000000000000000e+00
0.000000000000000000e+00
0.000000000000000000e+00
0.000000000000000000e+00
0.000000000000000000e+00
0.000000000000000000e+00
0.000000000000000000e+00
