1.095306396484375000e+00
-4.600739494138254004e-01
9.338589433746187218e-01
1.876458909805715836e+00
-5.813646040995250619e-01
-1.341411478140993596e+00
-1.376991349918876839e+00
-1.685732820694232803e+00
-8.906124326681774672e-01
1.990142182108424640e+00
2.362626286127666120e+00
1.099365063617353533e+00
2.468292634462040169e+00
1.609631535752540366e-01
-4.507449348473402395e-01
2.160397718414132306e+00
-1.626952298864914326e-01
-1.247301710959035859e+00
-2.366765538011199155e+00
-5.232523642490331639e+00
-4.296847924959804388e+00
1.777697490741321218e-01
-5.581002204333973538e-01
-3.257265555537394164e+00
5.828620779965518750e-01
4.165968534911562493e+00
-1.710193837996576427e+00
-4.297883515313227321e+00
-9.306636768075353672e-01
5.557317113794981722e+00
2.517371663304292628e+00
-5.507097152738969825e+00
-4.501631469595031021e+00
-2.149006097805989945e+00
-2.133482728029032494e+00
-2.639084285404187380e-01
1.576911056530897026e+00
1.639512286329101398e+00
3.426830667817921228e+00
1.726476264672200278e+00
-1.299783404617909977e+00
-1.358821851140457504e+00
3.289659637307424944e-01
2.336690157306684945e+00
2.723154338553793963e+00
4.602474762033195166e-01
1.079477266284761816e+00
2.575876826310684820e+00
2.095990348901706213e+00
2.476763703437698361e+00
2.981620855528346326e+00
2.127725509126425329e+00
6.170380062760404405e-01
1.000060165851459182e+00
1.193953468090193315e+00
5.714621140540552258e-01
2.810070176565699906e-01
-7.348567800850962506e-01
-1.212638187351299468e+00
-1.593497297837464632e+00
-1.366465229604075127e+00
-5.041899604041955030e-01
1.981950619688559179e-01
-1.059933724987918435e-01
8.931861660463868979e-02
4.704293818950211481e-01
8.485643526833450689e-01
9.559969818473368353e-01
6.660493840467722748e-01
8.147353995721208220e-01
1.034492618573784828e+00
9.106857645525232581e-01
2.238241130431299908e-01
-4.613757634030106747e-01
3.620023352526069438e-02
1.021847385244586626e+00
1.785472237422442765e+00
1.395073619969535050e+00
5.576361264646583216e-01
2.704170876908971177e-01
5.370457612756455168e-01
2.863528139575757248e-01
3.831794145308296540e-01
3.647496585526223134e-01
-5.493432508283653259e-01
-1.018308136628821359e+00
-1.020435670615569279e+00
-5.472984094685073853e-01
-1.355278780815696305e-01
-3.000295702544973353e-01
2.697806294691228457e-01
7.089887775523604496e-01
6.405571918516377306e-01
1.350042923932537331e-02
7.341949432319144764e-02
4.454878908528372428e-01
9.668968251737686259e-02
-6.539679450327101629e-02
1.492030859347959204e-02
-3.445719094101303837e-01
-7.335471399736336329e-01
-6.967497014728877280e-01
-1.690618342222758308e-01
1.559055117641803268e-01
-8.193053441168012263e-01
-4.439821675233567300e-01
6.345772733450607550e-01
6.232648071393234179e-01
-2.304380831187582412e-01
-2.284478399726458386e-01
5.650622032993002364e-01
-1.193487463268426030e+00
-3.265996693220313940e+00
-4.673086519526685301e+00
-4.235890683397010470e+00
-2.490184707503074080e+00
-4.693863475328035051e-01
-1.577856949990027680e+00
-2.593030379884245562e+00
-2.072530196658704416e+00
-5.200317515128934920e-01
9.009661070120833504e-02
9.082339361690872082e-02
-1.895370767622015507e-01
-3.104907968075112379e+00
-5.918591664615130199e+00
-7.060395946427449054e+00
-6.127328246937185696e+00
-4.371387806136890930e+00
-3.498901950537019800e+00
-3.275621343549420139e+00
-1.833611816446196974e+00
1.979739031825520357e-01
7.103978407401039252e-01
8.403107635944304654e-01
-5.765164409415525215e-01
-8.207273536961388061e-01
-7.658439539312613675e-01
-9.031357250782261481e-01
-1.949030411764081094e-01
1.325045514246582457e+00
2.391547684046428923e+00
2.755260167985960074e+00
1.968345850899638538e+00
4.380980103333889097e-01
2.702619110099045763e+00
6.190742555284791671e+00
7.793594016852079420e+00
6.541996098990363606e+00
4.001893986753720434e+00
1.386597567908985473e+00
-9.496424682349275948e-01
-5.003719355573827965e-01
1.762584839712815210e-01
7.157701110437710845e-01
2.796124713897705227e-01
-7.417978967732623552e-01
-1.203583808101363228e+00
-1.038550494499709487e+00
-2.085275097703624958e-01
-3.603103957153778736e-01
5.929546506275329421e-02
3.223832510200144164e-01
-1.224744495801574296e+00
-2.566888612468227304e+00
-3.026269306622130451e+00
-5.022655336190658737e+00
-6.621488432662487433e+00
-7.355714258442574760e+00
-5.485904074350280268e+00
-2.118806980360028902e+00
2.639309277512202900e-01
-1.369272965866499270e-01
-6.394462065388240024e-02
1.484327880772828845e-02
-2.409235726157900714e+00
-2.658854196118377367e+00
-9.303813271717071842e-01
1.082967621516123247e+00
-7.873787063026358446e-01
-3.363221719605835602e+00
-4.737205301407990454e+00
-3.101846950082555843e+00
-8.594135231211320614e-01
1.611760081857001037e+00
1.547265320761677998e+00
1.979805104027910323e+00
2.678055808403849714e+00
2.071760816347524070e+00
2.883508975638582328e-01
-5.133598780519041949e-01
1.869427878254894981e+00
3.851353515689263318e+00
5.726050397082533827e+00
6.792357455991812287e+00
6.057524661362919893e+00
3.422138781537117147e+00
1.147967016813185470e+00
2.873735885392322942e+00
4.371249956417154969e+00
4.360948521953646129e+00
3.227795296669834890e+00
2.278746418292565856e+00
1.980837690975319587e+00
1.687206813313857801e+00
6.874680357951234999e-01
-7.023410507207933362e-01
-3.443342730833105492e-01
-2.294483438957106713e-02
4.079858650338086257e-01
7.633720157508875337e-01
8.481990808452530839e-01
1.596911282172069901e-02
1.989476684788133998e-01
7.208226227809141351e-01
4.497889672052968191e-01
-1.174637304895771450e-01
1.171414026581518719e-02
8.172335434522832731e-01
6.191016442028974831e-01
-2.124783147143088913e-01
-9.158142047053077217e-01
-3.440278665020714000e-01
2.577013815087203508e-02
9.592525709633203945e-02
-5.489392246067359427e-02
-2.936916176338916773e-01
-5.001278916941920283e-01
-9.876083992254643951e-01
-6.183163887969733707e-01
4.770850724170905277e-02
4.569941878898754473e-01
6.988608556690349971e-01
2.275071286467357234e-01
-5.302864334030961135e-01
-1.054218539581893488e+00
-1.214860620257153023e+00
-8.822009298059683147e-01
5.118129110704416895e-01
-1.660255216399797451e-01
-5.161839705176985982e-01
-4.137106499744699351e-01
-2.503839396024540864e-01
-8.432592279965658300e-01
-1.255535937597572760e+00
-8.153855391548143761e-01
3.385654997511500230e-02
-3.686207142035506923e-01
-1.029952949335396273e+00
-5.769163173805947897e-01
1.540179415578164512e-01
-5.723547676011518925e-01
-2.005984613849121079e+00
-1.836116640970893332e+00
-1.523699835690140114e+00
-7.386252864673469309e-01
1.399214818678387595e-01
-8.149291113812863196e-01
-4.885002124198584150e-01
-1.357166673340903795e+00
-4.337513084776018601e+00
-6.751107431679179705e+00
-7.397314556078542935e+00
-5.685184147633567164e+00
-1.891582751110758798e+00
3.631212450364655897e-01
-4.371220322876099296e+00
-6.005082430806787386e+00
-3.930319314480053450e+00
-1.573964453783889272e-01
-1.673298249047953101e+00
-2.561439640016843100e+00
-2.972045224213748504e+00
-3.643855579859623717e+00
-5.841229008804400991e+00
-7.285802496795573902e+00
-6.532802888430094157e+00
-4.245765345405950519e+00
-1.360905283216630401e+00
-8.926795773137118362e-01
-2.541801309730665981e+00
-2.015311759446143824e+00
-3.472626393146793777e-01
4.516421399106818058e-02
-5.264304613189780824e-01
-7.175305689520156127e-01
-7.533459164104223671e-01
-1.078195171632100546e+00
-1.834076267592533505e+00
-1.678757629330865697e+00
1.669993825326726800e+00
4.391429185640735255e+00
3.189510052382365402e+00
2.058391429305727716e+00
3.414276394540995963e+00
2.629102606495406391e+00
2.019441550249713391e+00
3.775165208976490661e+00
3.748849637384346067e+00
2.506583822337149048e+00
1.292912368228128717e+00
1.330401487147952366e+00
3.392079322417652421e+00
3.919171070137616564e+00
2.868907862007338050e+00
2.672964555377324913e+00
1.913318654818300102e+00
3.124978884979483951e+00
5.621819992945415123e+00
3.797728016700892884e+00
1.538210930004807242e+00
6.404922621534511862e+00
7.307676273346077167e+00
5.188764745734635753e+00
2.896017192804875240e+00
2.849024222317344979e+00
5.410198342034317598e+00
4.132382521903883443e+00
1.395001262938974529e+00
4.067269408285044463e+00
5.261525563101607794e+00
3.401203225421702836e+00
4.062398421246468772e+00
5.707426714902791076e+00
3.647307513665885459e+00
1.408015656534913118e+00
3.415913895001777334e+00
2.244098594358631793e+00
2.409996970658838666e+00
3.381111654100751984e+00
1.701812254889471410e+00
3.196526986728991382e+00
3.296809561634983510e+00
1.616484873655325449e+00
1.972306043476775628e+00
2.584590076261219060e+00
1.743924335076181942e+00
1.049812062229011689e+00
2.093788218877976615e+00
1.643511805470758480e+00
2.512604956306104809e-01
0.000000000000000000e+00
0.000000000000000000e+00
0.000000000000000000e+00
0.000000000000000000e+00
0.000000000000000000e+00
0.000000000000000000e+00
0.000000000000000000e+00
0.000000000000000000e+00
0.000000000000000000e+00
0.000000000000000000e+00
0.000000000000000000e+00
0.000000000000000000e+00
0.000000000000000000e+00
0.000000000000000000e+00
0.000000000000000000e+00
0.000000000000000000e+00
0.000000000000000000e+00
0.000000000000000000e+00
0.000000000000000000e+00
0.000000000000000000e+00
0.000000000000000000e+00
0.000000000000000000e+00
0.000000000000000000e+00
0.000000000000000000e+00
0.000000000000000000e+00
0.000000000000000000e+00
0.000000000000000000e+00
0.000000000000000000e+00
0.000000000000000000e+00
0.000000000000000000e+00
0.000000000000000000e+00
0.000000000000000000e+00
0.000000000000000000e+00
0.000000000000000000e+00
0.000000000000000000e+00
0.000000000000000000e+00
0.000000000000000000e+00
0.000000000000000000e+00
0.000000000000000000e+00
0.000000000000000000e+00
0.000000000000000000e+00
0.000000000000000000e+00
0.000000000000000000e+00
0.000000000000000000e+00
0.000000000000000000e+00
0.000000000000000000e+00
0.000000000000000000e+00
0.000000000000000000e+00
0.000000000000000000e+00
0.000000000000000000e+00
0.000000000000000000e+00
0.000000000000000000e+00
0.000000000000000000e+00
0.000000000000000000e+00
0.000000000000000000e+00
0.000000000000000000e+00
0.000000000000000000e+00
0.000000000000000000e+00
0.000000000000000000e+00
0.000000000000000000e+00
0.000000000000000000e+00
0.000000000000000000e+00
0.000000000000000000e+00
0.000000000000000000e+00
0.000000000000000000e+00
0.000000000000000000e+00
0.000000000000000000e+00
0.000000000000000000e+00
0.000000000000000000e+00
0.000000000000000000e+00
0.000000000000000000e+00
0.000000000000000000e+00
0.000000000000000000e+00
0.000000000000000000e+00
0.000000000000000000e+00
0.000000000000000000e+00
0.000000000000000000e+00
0.000000000000000000e+00
0.000000000000000000e+00
0.000000000000000000e+00
0.000000000000000000e+00
0.000000000000000000e+00
0.000000000000000000e+00
0.000000000000000000e+00
0.000000000000000000e+00
0.000000000000000000e+00
0.000000000000000000e+00
0.000000000000000000e+00
0.000000000000000000e+00
0.000000000000000000e+00
0.000000000000000000e+00
0.000000000000000000e+00
0.000000000000000000e+00
0.000000000000000000e+00
0.000000000000000000e+00
0.000000000000000000e+00
0.000000000000000000e+00
0.000000000000000000e+00
0.000000000000000000e+00
0.000000000000000000e+00
0.000000000000000000e+00
0.000000000000000000e+00
0.000000000000000000e+00
0.000000000000000000e+00
0.000000000000000000e+00
0.000000000000000000e+00
0.000000000000000000e+00
0.000000000000000000e+00
0.000000000000000000e+00
0.000000000000000000e+00
0.000000000000000000e+00
0.000000000000000000e+00
0.000000000000000000e+00
0.000000000000000000e+00
0.000000000000000000e+00
0.000000000000000000e+00
0.000000000000000000e+00
0.000000000000000000e+00
0.000000000000000000e+00
0.000000000000000000e+00
0.000000000000000000e+00
0.000000000000000000e+00
0.000000000000000000e+00
0.000000000000000000e+00
0.000000000000000000e+00
0.000000000000000000e+00
0.000000000000000000e+00
0.000000000000000000e+00
0.000000000000000000e+00
0.000000000000000000e+00
0.000000000000000000e+00
0.000000000000000000e+00
0.000000000000000000e+00
0.000000000000000000e+00
0.000000000000000000e+00
0.000000000000000000e+00
0.000000000000000000e+00
0.000000000000000000e+00
0.000000000000000000e+00
0.000000000000000000e+00
0.000000000000000000e+00
0.000000000000000000e+00
0.000000000000000000e+00
0.000000000000000000e+00
0.000000000000000000e+00
0.000000000000000000e+00
0.000000000000000000e+00
0.000000000000000000e+00
0.000000000000000000e+00
0.000000000000000000e+00
0.000000000000000000e+00
0.000000000000000000e+00
0.000000000000000000e+00
0.000000000000000000e+00
0.000000000000000000e+00
0.000000000000000000e+00
0.000000000000000000e+00
0.000000000000000000e+00
0.000000000000000000e+00
