1.583587646484375666e+00
1.624709475532495340e+00
1.380812783311558878e+00
1.053154026491268436e+00
1.173465781668412866e+00
1.591936843632640652e+00
1.397019964684674154e+00
4.955973267285727069e-01
-1.703800503934060906e-01
-1.881879617491486467e-01
2.296098032879723139e-01
3.831631755894204794e-01
-1.007857520459354284e-01
-7.971380532360345939e-01
-1.150564006454064980e+00
-1.032976940100015284e+00
-5.524974673656251056e-01
-2.688946993114620376e-01
-6.349384498719690129e-01
-1.477020849283907200e+00
-2.011937878039309346e+00
-1.663896630470576898e+00
-8.506208944241638870e-01
1.026677349509692583e-01
-4.313130993024243409e-01
-1.785180296919979925e+00
-2.750281672061512417e+00
-2.173499771042594730e+00
-1.424470726214350780e+00
-1.474815167045923747e+00
-2.104239319662558838e+00
-2.431072800609824114e+00
-1.962603694364429163e+00
-9.992998688432841448e-01
-1.780227581010294102e-01
5.698492011440836613e-02
9.636338894793317067e-03
-3.532792461036526888e-02
-2.123991693843614303e-01
-3.750822433697136304e-01
2.722331792579077980e-01
1.508665904596401708e+00
2.308246704003187766e+00
2.169694411384754495e+00
1.491161144966064223e+00
8.594986190156934658e-01
4.624439386617298364e-01
4.904868764083296639e-01
1.024257747817525432e+00
1.538878533567000551e+00
1.386368781482717250e+00
6.942615073146907179e-02
-6.451995793566024373e-01
-1.203133013775586457e+00
-1.028583944833272756e+00
-5.426338838831136213e-01
-3.364665808363951349e-01
-6.426156490160808143e-01
-8.019997934362353975e-01
-4.531789832997836776e-01
2.493136432294169591e-01
1.220693913704962164e+00
2.570622155872142045e+00
2.936767398295616172e+00
1.205531138186755058e+00
-1.376376606107464484e-01
2.031293182718222123e+00
2.419175285319276725e+00
7.864387616040220408e-01
9.331987051007242240e-01
2.562196498152850666e+00
1.167501030107289672e-01
-3.448167770741297211e-01
2.002077444920854710e+00
1.903795761743989345e-01
-1.417780930238674131e+00
3.980374778489750298e-01
-2.162265254494322164e-01
-2.333676896864449457e-01
1.064701034210003616e+00
-2.161633461367933329e-01
-1.346128921643331422e+00
-1.052275636816553117e-01
-1.333706801536849174e-01
2.623166433912237916e-01
9.764585471431812547e-01
6.222459811090974569e-02
-1.302258841803659362e+00
8.874460476992944713e-01
1.518709360995575741e+00
1.282871584470055559e-01
8.449987958765989848e-01
2.663139965516362118e+00
2.586949788879896239e+00
1.562107781119528305e+00
-8.514701099480692648e-02
6.518476882482460155e-02
5.938865108398463377e-01
1.259236023475443389e+00
-4.305511590614299333e-01
-1.212284431262896867e+00
7.884671156142930570e-01
1.444646240966322992e+00
9.351539696525614787e-01
1.098138436366157045e+00
3.891597298829614360e-01
-1.219234455838039910e+00
-2.064965481032316141e+00
-1.493649210104074143e+00
-1.640896729296028589e-01
8.575750394928378650e-01
2.607708749261773207e+00
4.515563412962864120e+00
1.440946938178038872e+00
-1.032570503681660590e+00
8.478391553732516073e-01
1.842741559624670344e+00
2.925761740330856675e-02
-3.227075584510344264e+00
-4.647099934976177238e+00
-3.928120502947431980e+00
-1.372207347675126865e+00
-2.086801770813243806e+00
-2.023469136809645796e-01
-3.397914712959392958e+00
-6.014659018647538602e+00
-1.244429699142141743e+00
3.949989969446962235e+00
4.144873660406670268e+00
-1.325518494993519703e+00
3.553440400308014446e-01
3.272053682385515749e+00
4.006843146291103608e+00
1.558434232513448592e+00
1.901028102166178346e+00
2.571815111710699320e+00
1.008447256564418471e+00
-1.672579958865330951e+00
-1.258773304940024040e-01
2.498538763372454063e+00
7.573539348438895757e-02
-2.929941023783383613e+00
-2.828000058875882239e+00
1.302818892712788390e+00
4.974015214260717244e+00
3.218954311709131044e+00
-6.072154373302480757e-01
-2.785779425309076629e+00
-1.143083331035573025e+00
6.014553129650921370e-01
1.350412075073645468e+00
2.061224619164163663e-01
-1.488096912197978128e+00
-2.241976379296560573e+00
8.424885574916229913e-01
2.565722207874541638e+00
1.351415255183239017e+00
-5.743885886034710841e-01
7.437880810647091723e-01
7.234298312238105488e-01
-9.703686933525168534e-02
-9.811751477168951796e-01
6.034187170755859198e-01
6.499089943352676091e-01
1.230345346063700385e+00
1.597697105198488288e+00
1.433680400443001490e-01
7.966382667504335879e-01
1.955311427171853245e+00
1.615898028059403968e+00
3.825921715358642228e-01
-2.277256280348329831e-01
4.108215013452362063e-01
4.614176117667034838e-01
-2.570100471895162553e-01
-1.240762249702005882e+00
-1.549463388736709302e+00
2.022502230221379094e-03
-3.490234803700292820e-01
-1.252377811771384852e+00
-1.448761515369509256e+00
-6.766981500132542848e-01
1.168122918072943550e-01
-9.777523700219835634e-01
-1.778085863741253769e+00
-1.606842639324564948e+00
-7.771004890588684155e-02
5.671447385183486789e-01
7.151186428292768404e-01
-1.573129135894018038e-01
-1.315255564921017584e+00
3.466642632103886790e-01
2.733245068750149276e+00
2.907230580780507445e+00
1.255020081325932235e+00
2.513918400008514631e-01
1.237065360281464521e+00
1.340457215873583685e+00
-8.176624194838888471e-02
-9.717385544822598753e-01
-9.035675763188509846e-01
1.308054299282944033e+00
1.361711681193508383e+00
6.736062916347365093e-01
-3.955639220130839906e-01
8.902203252914264731e-02
1.979375559045237765e-01
-8.378407286791866859e-01
-2.851642944028521143e+00
-5.328086013576180946e-01
7.608009985862129732e-01
1.325112878161900376e-01
-8.530149866237568546e-03
1.987366930815754884e-01
-4.598944722527311679e-01
1.657526096721711806e+00
2.294368500116910514e+00
9.217800655200134585e-01
-1.272777259658900650e+00
-2.015638847836320302e+00
3.568774311192868254e-02
1.151706971296125648e+00
1.092467767815644475e+00
-9.297000089878220130e-01
-3.839890811915773750e-01
2.783864188612882984e+00
2.669382832612032352e+00
1.065185509363872463e+00
-1.708826442938007339e+00
-7.242218234450534808e-01
2.896192254693323420e+00
5.472928722644007316e+00
-2.031394966873295793e+00
-5.415381915955248537e+00
-1.893483328427619128e+00
3.780714675214595033e+00
4.107347706876215199e+00
-8.202925030993233335e-01
-2.302126354382155959e+00
-3.830954968608122790e+00
-3.212778812021985342e+00
-2.379982626456953909e+00
-6.203775454919406851e-01
-8.609238665021874404e-01
-1.489700066462770645e+00
-1.024829040394128477e-01
2.471226987635062322e+00
1.619572721638756985e+00
9.005290676463211241e-01
3.839091075757214533e+00
2.123321130917115163e+00
-2.721611113708092056e+00
-3.612692741405287844e+00
-1.253056298973631577e+00
1.925313973044525007e+00
1.307689965165387047e+00
-2.073580212121258093e+00
-1.435942483464751618e+00
1.365874871644289001e+00
3.068184189618335278e+00
3.059384493806713845e+00
1.454458381318657345e-02
-2.559384156689151979e+00
-7.913374016819352263e-01
2.394348290206625762e+00
4.108837346882260988e+00
1.312784949056671646e+00
6.408785610990872517e-01
2.125290208133362668e+00
2.328606867262536184e+00
1.432295546985926427e+00
7.962465041899258189e-01
6.394613713947667755e-01
-2.100961671199359504e-01
-6.210577296897185073e-01
1.577819149546086930e+00
7.293411291308775635e-01
-1.250933264094646891e+00
-1.367864277872913092e+00
-5.152127918315685395e-01
-4.002810328320804967e-01
2.658439837890735902e-02
9.935770789313524975e-01
1.202954634249409516e+00
-9.926615407811552050e-01
-2.093344164750720715e+00
-8.130820683419385242e-01
1.686880572101251641e+00
1.021994800821719007e+00
-3.993924764226233215e-01
1.340478434821003484e+00
2.016265183506388503e+00
1.118410709576685758e+00
2.515767052682665650e+00
3.055620368211960258e+00
1.797457024982916707e+00
2.973123478559690502e-01
1.308598822324154698e+00
2.025957311910577818e+00
1.618180816213681261e+00
6.959287984953534956e-01
1.792238413846463096e-01
9.050015016136292445e-02
-3.179590872309604466e-01
-1.027776662552502884e+00
-8.925183891367860500e-01
-4.975610851083435149e-01
-6.626242644245134983e-01
-5.688783532621213279e-01
4.637805421699533470e-01
2.834444354737809535e-01
2.299095960653103621e-01
5.444294019979913912e-01
8.375659603586327329e-01
6.944293335847466775e-01
6.305952413129491951e-01
1.187253957195851584e+00
1.909337782739358058e+00
2.172213079379546663e+00
1.837094160265380083e+00
9.184930008584839545e-01
-9.377866218408703602e-02
-3.356046620969628247e-01
-7.849118778845065592e-02
-2.328614717827128811e-01
-6.871022911612760797e-01
-1.447414035711856339e+00
-2.493773838736234261e+00
-3.320685041251385972e+00
-3.210461675761191902e+00
-2.074200699525464486e+00
-7.343044172973693939e-01
-3.200731923326594064e-01
-8.964953690719510426e-01
-1.461637075136824171e+00
-1.102249688761544943e+00
4.234330443201268501e-01
3.944041917388363405e-01
-1.173634570798119059e+00
-2.433434987284130546e+00
-2.327782786394128056e+00
-1.858120034938834708e+00
-1.149131491345441791e+00
-7.341976417917330799e-01
-8.204872754758634201e-01
-9.883068669944914397e-01
-7.089406915596945247e-01
-2.347872045154808518e-02
4.809238665288879666e-01
4.717150668858260953e-01
2.276082017459257756e-02
-3.573654210468792947e-01
-8.610915800269069997e-02
9.138829837574018455e-01
1.651122601853193483e+00
1.858847141565595606e+00
1.962569213250169309e+00
1.782360994303988422e+00
1.397593368598080588e+00
1.597598170250575711e+00
1.807551606692566981e+00
0.000000000000000000e+00
0.000000000000000000e+00
0.000000000000000000e+00
0.000000000000000000e+00
0.000000000000000000e+00
0.000000000000000000e+00
0.000000000000000000e+00
0.000000000000000000e+00
0.000000000000000000e+00
0.000000000000000000e+00
0.000000000000000000e+00
0.000000000000000000e+00
0.000000000000000000e+00
0.000000000000000000e+00
0.000000000000000000e+00
0.000000000000000000e+00
0.000000000000000000e+00
0.000000000000000000e+00
0.000000000000000000e+00
0.000000000000000000e+00
0.000000000000000000e+00
0.000000000000000000e+00
0.000000000000000000e+00
0.000000000000000000e+00
0.000000000000000000e+00
0.000000000000000000e+00
0.000000000000000000e+00
0.000000000000000000e+00
0.000000000000000000e+00
0.000000000000000000e+00
0.000000000000000000e+00
0.000000000000000000e+00
0.000000000000000000e+00
0.000000000000000000e+00
0.000000000000000000e+00
0.000000000000000000e+00
0.000000000000000000e+00
0.000000000000000000e+00
0.000000000000000000e+00
0.000000000000000000e+00
0.000000000000000000e+00
0.000000000000000000e+00
0.000000000000000000e+00
0.000000000000000000e+00
0.000000000000000000e+00
0.000000000000000000e+00
0.000000000000000000e+00
0.000000000000000000e+00
0.000000000000000000e+00
0.000000000000000000e+00
0.000000000000000000e+00
0.000000000000000000e+00
0.000000000000000000e+00
0.000000000000000000e+00
0.000000000000000000e+00
0.000000000000000000e+00
0.000000000000000000e+00
0.000000000000000000e+00
0.000000000000000000e+00
0.000000000000000000e+00
0.000000000000000000e+00
0.000000000000000000e+00
0.000000000000000000e+00
0.000000000000000000e+00
0.000000000000000000e+00
0.000000000000000000e+00
0.000000000000000000e+00
0.000000000000000000e+00
0.000000000000000000e+00
0.000000000000000000e+00
0.000000000000000000e+00
0.000000000000000000e+00
0.000000000000000000e+00
0.000000000000000000e+00
0.000000000000000000e+00
0.000000000000000000e+00
0.000000000000000000e+00
0.000000000000000000e+00
0.000000000000000000e+00
0.000000000000000000e+00
0.000000000000000000e+00
0.000000000000000000e+00
0.000000000000000000e+00
0.000000000000000000e+00
0.000000000000000000e+00
0.000000000000000000e+00
0.000000000000000000e+00
0.000000000000000000e+00
0.000000000000000000e+00
0.000000000000000000e+00
0.000000000000000000e+00
0.000000000000000000e+00
0.000000000000000000e+00
0.000000000000000000e+00
0.000000000000000000e+00
0.000000000000000000e+00
0.000000000000000000e+00
0.000000000000000000e+00
0.000000000000000000e+00
0.000000000000000000e+00
0.000000000000000000e+00
0.000000000000000000e+00
0.000000000000000000e+00
0.000000000000000000e+00
0.000000000000000000e+00
0.000000000000000000e+00
0.000000000000000000e+00
0.000000000000000000e+00
0.000000000000000000e+00
0.000000000000000000e+00
0.000000000000000000e+00
0.000000000000000000e+00
0.000000000000000000e+00
0.000000000000000000e+00
0.000000000000000000e+00
0.000000000000000000e+00
0.000000000000000000e+00
0.000000000000000000e+00
0.000000000000000000e+00
0.000000000000000000e+00
0.000000000000000000e+00
0.000000000000000000e+00
0.000000000000000000e+00
0.000000000000000000e+00
0.000000000000000000e+00
0.000000000000000000e+00
0.000000000000000000e+00
0.000000000000000000e+00
0.000000000000000000e+00
0.000000000000000000e+00
0.000000000000000000e+00
0.000000000000000000e+00
0.000000000000000000e+00
0.000000000000000000e+00
0.000000000000000000e+00
0.000000000000000000e+00
0.000000000000000000e+00
0.000000000000000000e+00
0.000000000000000000e+00
