1.446716308593750000e+00
8.182510346674169988e-01
-9.137584101368345646e-02
-1.399401465578729020e-01
2.972727580306545603e-01
6.711057725857161316e-01
8.723615969044268281e-01
6.601353344010929547e-01
1.920195522216320283e-01
2.674563034048781374e-01
3.657473846920513694e-01
2.936594683132791594e-01
3.849372194091689181e-01
6.428810895017434968e-01
7.300350488981425245e-01
8.546078467436626358e-01
1.238058790878759918e+00
1.240411031380718176e+00
7.624234985957921706e-01
3.422240406950484148e-01
3.560763438430019079e-01
7.070139224707139292e-01
1.097086114531628187e+00
1.234338421578419442e+00
1.094349836588960345e+00
7.709874925167592430e-01
4.009089452148611454e-01
-3.787542519955093279e-01
-6.681210944533533258e-01
-2.440776185780723084e-01
-1.489825101157092879e-01
-3.768346658359669754e-01
6.791457333423449594e-01
1.232787654807678823e+00
6.278914207188360797e-01
-5.319671124411241570e-01
-9.532510273234813258e-01
-9.501008586394331656e-01
-6.997065007849649909e-01
3.185788262250875968e-01
9.933435959341043731e-01
5.900620653730195286e-01
-4.398778192245517693e-01
-5.708081266419593458e-01
-2.504481286936924844e-01
5.466574474878125312e-01
8.898491408588506957e-01
4.311726394613212276e-01
2.816713114471370849e-01
7.791160201841342836e-01
8.981354175203667412e-01
4.923911197983488197e-01
3.714299791866491063e-01
1.054735864957230262e+00
1.392145094716107590e+00
5.561896772636270025e-01
2.601078528183109473e-01
2.649617516896820568e-01
1.118899741846068885e-02
-3.962042457689063379e-02
7.653035768190524779e-01
2.881312872417673976e-01
-1.642799479589207579e-02
-2.318356713601887886e-02
-4.152287823877567341e-01
-5.458940735214368178e-01
-3.576857358113231244e-01
-6.864268013599978957e-01
-9.642557551085442213e-01
-5.939849975897649736e-01
2.994560116378148784e-01
3.907887862881846974e-01
2.838020395551215103e-01
6.223334626464182007e-01
8.005982435923120200e-01
-7.140867584771712906e-01
-2.164275491241432814e+00
-2.148232989259814651e+00
-2.142291635608852829e+00
-2.256737423896542971e+00
-1.786312600482807156e+00
-1.237712353274708299e+00
-2.077411382813125762e+00
-2.732672224605627864e+00
-1.660129299818303039e+00
-7.825079881094265666e-02
1.011668686529927808e+00
5.717838436890647635e-01
-2.895402675996671116e-01
-1.176419857632477139e+00
-8.051331166402311279e-01
-4.465365973887751583e-01
-1.180451232941930328e+00
-1.252330406159266829e+00
1.174456747892382413e+00
2.239811405154339852e+00
1.097753855234740561e+00
1.323232774366367437e-02
2.492033354672229972e+00
3.513990990476390408e+00
1.908143009251079825e-01
3.102893003224912682e+00
4.417081307783059074e+00
2.833770197319007700e+00
2.096023316344457044e+00
1.836686931325440142e+00
-2.191604955694093082e-01
5.713182179262994431e-01
6.441109980105288457e-01
-1.501446475274312853e+00
2.488820000173445735e+00
4.341246441480778984e+00
3.223498487429521386e+00
3.126244561999165228e-01
-2.304025859231675355e+00
-2.364319582405397302e+00
-2.792348822267737063e+00
-1.140384166441368752e+00
1.255474725652667267e+00
-1.783843114394089380e+00
-3.066073224374600503e+00
-3.160142660123754332e+00
-3.414249308292354623e+00
-4.145273494372579748e+00
-3.582605379282694180e+00
-1.819958832194709553e+00
-6.506407984795752331e-01
-1.454692910632346070e+00
-1.330879448991346692e+00
-2.762063528189191430e-01
-3.842489160324127351e-01
-3.665272061601976716e+00
-4.552982093369664085e+00
-3.983958181609073890e+00
-2.881967526997635254e+00
-2.348914000524381152e+00
-4.707574983500943944e-01
1.247988284767526546e+00
1.906689839014166887e+00
-8.215996517101642471e-01
-1.569393437045030870e+00
2.746754533238413565e-01
1.789437233277039407e+00
1.608878458454421345e+00
1.156814754031509462e+00
3.533980024461254477e+00
3.863768410229880601e+00
1.145964836233251294e+00
-2.905560417155742758e+00
-5.172209028495089456e-02
2.681705986310809031e+00
3.076195788112471519e+00
8.571028890041743065e-01
-2.190274522975084182e-01
1.542079669530802111e+00
2.046102350884710486e+00
1.935474494170813964e+00
6.997546310458624408e-01
-6.594000838873417258e-01
-5.079288652926137182e-01
-7.584407558617307643e-01
-1.115529937647361081e+00
-8.371201947960056344e-01
5.854161651717926240e-02
1.376124258741998840e+00
9.241411735014127826e-01
-7.984574683329401790e-01
-1.738486755612993706e+00
-1.940375556600715701e+00
-1.567478982035906521e+00
4.281912096921145494e-01
6.255549500496269122e-01
-1.457444795902755885e-01
-1.850006313248373946e+00
-3.609970876248388194e+00
-4.642416151123812895e+00
-4.641126520409368794e+00
-2.944373441045544215e+00
-3.797956769968894308e-01
-1.320564203959067706e+00
-1.748225398044823686e+00
-5.708461839699896512e-01
5.330406913964380600e-01
-1.640458014976853285e+00
-2.830622479993883722e+00
-2.752376976037321121e+00
-2.994372774201137233e+00
-3.699504917088247247e+00
-3.025158955943492600e+00
-1.073422566481491813e+00
9.676498689851587010e-01
-1.774343423625932337e+00
-3.731107139776595361e+00
-3.319441095631293859e+00
-1.232070574798476370e+00
-7.344295882303608636e-02
-6.890849153726601450e-01
-9.132771167888051878e-01
7.737380371003732549e-02
-9.316278445878811709e-01
-2.030193696527727631e+00
-1.441841218041599149e+00
-5.995363030250489000e-01
7.136767159454660003e-03
5.423686083756528165e-01
5.194223281752023968e-01
9.188389742392697457e-01
1.040182035480988310e+00
3.891017614731846486e-01
5.880913677731978151e-01
1.187688611435036456e+00
1.374135334239529938e+00
9.028309809260004482e-01
-1.092587831701496537e+00
-5.416413938215445256e-01
1.888357399759342137e+00
2.828603335052743528e+00
1.185795274226492335e+00
-9.934937940298541603e-01
3.014447763854935403e+00
5.008321227673532050e+00
3.944343758974367731e+00
8.342803553700752772e-01
6.010447403662702026e-01
8.717760635917293222e-01
-1.976131754720089617e-02
-1.380528071392274514e+00
-1.011846297944588136e+00
1.842114990958823029e-01
-4.506647780436550121e-01
-2.013930614132755537e+00
-2.888757015984839249e+00
-1.166211815873970048e+00
1.938721755800112412e-01
7.357107049633548890e-01
-2.817714806035853670e-01
-5.640039206908142866e-02
1.239017255938097417e+00
1.407556114378583523e+00
7.166859944516235092e-02
-7.561996100685097755e-01
-8.984348895345828367e-02
-1.576586366139234308e-01
-4.968973887159303660e-01
2.262213652004622100e-01
5.981742568091000800e-01
-9.552282189067329288e-02
-2.834877493993596120e-01
1.234034721890874264e+00
1.010647189103446308e+00
4.853226699779489284e-01
3.813365603159921680e-01
-6.894363415835691455e-01
1.550656864267310642e+00
4.892712744196598074e+00
5.445204409602500739e+00
3.066011057500460879e+00
-1.661523507127969923e-01
2.666872322369666204e+00
2.489999895053669476e+00
1.019846513473447125e+00
2.195542473226938185e+00
2.577670351474676380e+00
4.159497787836251348e+00
5.588484956833914552e+00
3.780192480483449469e+00
5.824857013465978284e-01
4.446927092570887474e+00
3.878062820180737447e+00
1.075956753619457196e+00
1.810220172171015829e+00
2.996829208890622986e+00
2.334622057176916066e+00
1.596838626498070512e-01
2.444076140616125992e-01
1.119282008374074433e+00
4.374264986049775650e-01
-5.733735982074659177e-01
-2.843256624367598295e-01
-6.885657419383672817e-02
3.590351024752473919e-01
6.704189779963886098e-01
4.726907412186066026e-01
-2.665184522774838860e-01
2.648456218665984352e-02
2.155048256589006117e-01
-1.456970109029716021e-01
-1.285618705438715814e-01
2.896875308374298186e-01
2.130763590238579086e-01
-3.494400376920490103e-01
1.473090911901204780e-01
7.376796644361368616e-01
6.381720149300893485e-01
3.807015712920321926e-01
2.527150542821073875e-01
-1.266778210502477187e-01
-7.816648171540199197e-01
-8.455523278658461095e-01
-3.666469170715399017e-01
1.266834220160480973e-01
1.837888403210367061e-01
3.449458848233757369e-01
5.490795283361082912e-01
3.366904944138290334e-01
2.618502931031356784e-01
2.267467362555002364e-01
1.366280763202110116e-01
1.116024383076134052e+00
1.660080114114730554e+00
1.490094223223073389e+00
1.274171061336361932e+00
1.544828974621198281e+00
1.378104210655422213e+00
8.724623212334468025e-01
1.127530079867519408e+00
1.660553616691690326e+00
1.599616850410601421e+00
1.062984871367567363e+00
1.006577460288948345e+00
1.142397684953776249e+00
7.703651038425921582e-01
4.231107531502548147e-01
3.226278475600938278e-01
3.239352011719916491e-01
9.532753561560005640e-01
1.376460683965549103e+00
1.217623573951760463e+00
5.855048259616864037e-01
4.562438739855575465e-01
3.066886170218787733e-01
4.283431367077441543e-01
1.260121491151918294e+00
1.548298036767578045e+00
1.046761755967050567e+00
3.360236598119246687e-01
8.149344496745349886e-01
8.690545781631161537e-01
3.517068954590000796e-01
2.536098050961358985e-01
7.391933691989355237e-01
1.376562486715456446e+00
1.897561285620984695e+00
2.052896067946250014e+00
1.883570876477469902e+00
1.534507315196689925e+00
1.225520086024048938e+00
1.192097430635352007e+00
1.493202948297895016e+00
1.795206246924067051e+00
1.748828760827017881e+00
1.527297118219930416e+00
1.479338814814656677e+00
1.460425361699379199e+00
1.433174631783098008e+00
1.460701105654363285e+00
1.396244090587078324e+00
1.020281053742647215e+00
6.900081446646025851e-01
9.693304348236393420e-01
1.078402775412587999e+00
9.141606222584890418e-01
7.930189669003653297e-01
5.870630127803069254e-01
5.963888030422358488e-01
1.216919873127344953e+00
0.000000000000000000e+00
0.000000000000000000e+00
0.000000000000000000e+00
0.000000000000000000e+00
0.000000000000000000e+00
0.000000000000000000e+00
0.000000000000000000e+00
0.000000000000000000e+00
0.000000000000000000e+00
0.000000000000000000e+00
0.000000000000000000e+00
0.000000000000000000e+00
0.000000000000000000e+00
0.000000000000000000e+00
0.000000000000000000e+00
0.000000000000000000e+00
0.000000000000000000e+00
0.000000000000000000e+00
0.000000000000000000e+00
0.000000000000000000e+00
0.000000000000000000e+00
0.000000000000000000e+00
0.000000000000000000e+00
0.000000000000000000e+00
0.000000000000000000e+00
0.000000000000000000e+00
0.000000000000000000e+00
0.000000000000000000e+00
0.000000000000000000e+00
0.000000000000000000e+00
0.000000000000000000e+00
0.000000000000000000e+00
0.000000000000000000e+00
0.000000000000000000e+00
0.000000000000000000e+00
0.000000000000000000e+00
0.000000000000000000e+00
0.000000000000000000e+00
0.000000000000000000e+00
0.000000000000000000e+00
0.000000000000000000e+00
0.000000000000000000e+00
0.000000000000000000e+00
0.000000000000000000e+00
0.000000000000000000e+00
0.000000000000000000e+00
0.000000000000000000e+00
0.000000000000000000e+00
0.000000000000000000e+00
0.000000000000000000e+00
0.000000000000000000e+00
0.000000000000000000e+00
0.000000000000000000e+00
0.000000000000000000e+00
0.000000000000000000e+00
0.000000000000000000e+00
0.000000000000000000e+00
0.000000000000000000e+00
0.000000000000000000e+00
0.000000000000000000e+00
0.000000000000000000e+00
0.000000000000000000e+00
0.000000000000000000e+00
0.000000000000000000e+00
0.000000000000000000e+00
0.000000000000000000e+00
0.000000000000000000e+00
0.000000000000000000e+00
0.000000000000000000e+00
0.000000000000000000e+00
0.000000000000000000e+00
0.000000000000000000e+00
0.000000000000000000e+00
0.000000000000000000e+00
0.000000000000000000e+00
0.000000000000000000e+00
0.000000000000000000e+00
0.000000000000000000e+00
0.000000000000000000e+00
0.000000000000000000e+00
0.000000000000000000e+00
0.000000000000000000e+00
0.000000000000000000e+00
0.000000000000000000e+00
0.000000000000000000e+00
0.000000000000000000e+00
0.000000000000000000e+00
0.000000000000000000e+00
0.000000000000000000e+00
0.000000000000000000e+00
0.000000000000000000e+00
0.000000000000000000e+00
0.000000000000000000e+00
0.000000000000000000e+00
0.000000000000000000e+00
0.000000000000000000e+00
0.000000000000000000e+00
0.000000000000000000e+00
0.000000000000000000e+00
0.000000000000000000e+00
0.000000000000000000e+00
0.000000000000000000e+00
0.000000000000000000e+00
0.000000000000000000e+00
0.000000000000000000e+00
0.000000000000000000e+00
0.000000000000000000e+00
0.000000000000000000e+00
0.000000000000000000e+00
0.000000000000000000e+00
0.000000000000000000e+00
0.000000000000000000e+00
0.000000000000000000e+00
0.000000000000000000e+00
0.000000000000000000e+00
0.000000000000000000e+00
0.000000000000000000e+00
0.000000000000000000e+00
0.000000000000000000e+00
0.000000000000000000e+00
0.000000000000000000e+00
0.000000000000000000e+00
0.000000000000000000e+00
0.000000000000000000e+00
0.000000000000000000e+00
0.000000000000000000e+00
0.000000000000000000e+00
0.000000000000000000e+00
0.000000000000000000e+00
0.000000000000000000e+00
0.000000000000000000e+00
0.000000000000000000e+00
0.000000000000000000e+00
0.000000000000000000e+00
