-3.709106445312497780e-01
-5.147606126984225483e-01
-3.499060622611988025e-01
3.620278686948137370e-01
7.296189820240064350e-01
1.223617616242379080e+00
3.614563944597746215e-01
-2.530840522957913841e+00
-2.292098918916723793e+00
-7.270678950966361631e-01
-9.998162771635037416e-01
-3.084306123961134460e+00
-2.531580084585304036e+00
-7.194477761427494622e-01
-4.160529402760131390e+00
-4.003580541614587318e+00
5.280409278095725689e-01
-6.593070678737502632e-01
-3.015579149670358117e+00
-6.017768392051916493e-01
2.739454600574531273e+00
3.241789155720238291e-01
-6.418793887121263531e-01
6.271330784944635361e-01
1.404890746534582568e+00
-6.088659118364958545e-01
-1.172010591174948768e+00
-2.235963162011236349e-01
-1.032451326427534788e-01
-1.412683867127459969e+00
-8.880752437370142971e-02
3.196635700923814660e+00
-4.734322522184331028e-01
-1.864787676941116690e+00
-6.944082232855142145e-01
4.072717391837077372e-02
-1.014848232568021480e+00
-2.534109366433330290e-01
2.764718474162988215e-01
-1.755623430329866785e-01
4.878272696217613724e-01
1.538930139368883676e+00
1.086979219806377461e+00
4.807149172417179983e-02
9.681477454321333331e-01
1.947543348257302354e+00
1.551648767534271389e+00
4.129032958398075603e-01
-7.571104357813104313e-01
4.428256448627686526e-01
9.644985674541651788e-01
-7.758656025826482505e-03
-8.140728896999513964e-01
-4.724957910613847289e-02
8.467353434721703875e-01
1.408970093150784475e+00
1.006214512884209267e+00
5.184564859329576780e-02
-8.312270276753529474e-01
-1.061929156554666465e+00
-1.270286911783805373e+00
-1.218596528002127588e+00
-1.630832765028641829e+00
-2.296112178919949454e+00
-4.850979108977400145e-01
1.408686676992219056e+00
8.422640420512785830e-01
-5.909037566701935695e-01
-1.086876267940730667e+00
-2.928480976039873340e-01
-1.244549324280851854e+00
9.321411612255170454e-02
2.892088575573126707e+00
5.909260839677294541e+00
9.213319505851464974e-01
-5.120300855455516498e+00
-6.974927973349143606e+00
-5.866136932207686172e+00
-4.285739366861129440e+00
-9.940092325851213051e-01
1.764465631380361499e+00
-3.247642206786864882e-01
-2.309668520365872002e+00
-3.321591227821344638e+00
-2.736426360724236950e+00
-1.873127691748276424e+00
-2.245767485295372179e+00
-1.860446354476158692e+00
-1.586819308263177408e+00
-1.211971809215699913e+00
-4.773801934595434115e-02
5.015863094689725354e-01
5.928758959064595047e-02
-9.087494192954446159e-01
-1.352663560913328844e+00
-2.026102642910540208e+00
-2.518727916612243156e+00
-1.738128518471812933e+00
-1.586357602778787346e+00
-1.621383100257703269e+00
-1.785973118345364430e+00
-3.161889861064795859e+00
-1.797753441604394542e+00
1.612420189957369576e+00
-1.020052201194521224e-01
-2.240783654703408345e+00
-1.449688327735026760e+00
4.022437149003286194e-01
2.436264459677695005e-02
8.491377611049788499e-01
1.673172033392510194e+00
9.682459872285944513e-01
2.469945995544118311e-01
-4.409305588452339109e-02
-5.665197589740285089e-01
5.163366670181512852e-01
9.315174355020842123e-01
6.268473055627636903e-01
2.098373262024641583e+00
1.915370094201458429e+00
2.792845650626998300e-01
-7.916319067939261434e-01
-5.715201763359422094e-01
3.484724049474164920e-01
1.436934416913377310e+00
1.724945302323577012e+00
-9.686671608096764086e-02
-3.219832634213837252e-01
-8.288546473104396739e-01
-9.953245798467071914e-01
1.437040639345462223e+00
2.714570334702636423e+00
2.662605596199997038e+00
3.420571328066254413e+00
3.436067050611743667e+00
1.771437905565978799e+00
2.118150534664329232e-01
5.889527531172042973e-01
9.416875589802827795e-01
-9.676113497941982722e-01
-2.120691248418808073e+00
-3.385415380728714396e+00
-4.215535973664197300e+00
-2.390698317164697606e+00
-4.334341588094834385e-01
-1.128213239705660120e+00
-3.104834028059393347e-01
2.465203358057517224e+00
4.820772005676565719e+00
4.424528044574588037e+00
1.295460483250830963e+00
-6.742044606705005494e-01
2.007111903584902102e+00
2.714628916833179417e+00
1.474863057799240762e+00
-1.910880407150186144e-01
-6.834441059524842821e-01
-3.514863430058281502e-01
6.752696351070230918e-03
1.904411555930578537e-01
3.288491975566592007e-01
-6.456697833742364168e-02
2.903642714988841078e-02
4.894415207414577473e-01
8.896039013053561595e-01
6.387765849902500293e-01
-1.011133245652295898e-01
-2.192835875157947978e-01
1.374404133554285590e-01
-2.894133131163812989e-01
-5.633167529010247865e-01
1.643042699527474948e-01
-1.943057492119633078e-01
-7.127613033570374679e-01
-9.030528209130752604e-01
-3.878542076752042878e-01
7.160662882816568597e-01
1.942624054362482422e+00
2.284092309114662100e+00
1.513208625937113583e+00
7.199703767188323500e-01
3.359180681252029732e-01
9.688872978186231499e-01
1.235084993951581778e+00
7.881665823352359546e-01
3.758597017021925168e-02
1.539845799262246073e-01
3.611534153333388897e-01
5.381354900476709169e-01
5.257698457738018138e-01
3.627176041480972835e-01
4.600766178580451005e-01
5.475705140610060973e-01
-1.638916317712746373e-01
-5.953660267583351651e-01
5.156305977466542068e-01
9.796420723635363981e-01
5.927011387973981638e-01
3.297292886997194028e-01
1.161960457041507411e+00
1.399336471884939037e+00
1.076387212090293088e+00
7.469146615914834531e-01
5.349855531126372910e-01
-4.501096676674443131e-01
-1.148884215593792169e+00
-1.372503577245811845e+00
-1.458640664356752437e+00
-1.034187495512161270e+00
-8.413005289167123646e-01
-1.043969777009492450e-01
1.697969640659307000e-01
-2.326917618703496782e-01
1.806596371417108493e-01
1.128948220175995942e+00
5.748871382903624205e-01
-1.210063453837170400e+00
-2.294346608584863390e+00
-1.353199823658640222e+00
-5.580727690096074500e-01
-2.496340269884749219e+00
-3.029854448059859706e+00
-2.468278257027428424e+00
-1.683732776520384888e+00
-4.841670293847779583e-01
1.728784642087071610e+00
2.305895003660647369e+00
1.493269860937004756e+00
-7.880898053047026286e-01
1.366754326122718188e+00
3.925851717595668422e+00
4.726026499738843256e+00
4.620850262414717413e+00
2.555220766852410286e+00
-5.483067527266645147e-01
-1.020489697114517647e+00
-2.396637452783676459e-01
-2.344710939343125355e-01
8.143449622008587241e-01
1.224961790795991989e+00
1.191812781296140100e+00
1.127663756516813276e+00
6.112931577933251592e-01
5.795696251782427311e-01
2.541947386503135675e+00
4.296792848624115813e+00
4.024638487753558813e+00
2.940358474179229464e+00
1.463336680099972753e+00
2.333396388007935585e-01
4.609048503253492246e-01
-8.745173221368296446e-01
-3.011181825355898400e+00
-3.654981891823476214e+00
-9.365170351694716011e-01
9.470246506799621100e-01
-2.263921876099398656e+00
-6.248604007947094807e+00
-6.186517102421513314e+00
-1.762285358800888435e+00
1.393505455649619140e+00
-1.303742632857795236e+00
-3.236963248099004264e+00
-2.920139925274875647e+00
-2.583093148479728374e+00
-2.333507107224764177e+00
-1.624495009133576806e+00
-7.695433000322022821e-01
1.191922605008493896e+00
2.372173162063962337e+00
1.309326135186553053e+00
-4.921939247112143700e-01
2.424935445171279458e+00
4.060959742536127237e+00
3.055759627450069793e+00
1.218155339545557769e+00
4.214532518448295129e-01
-6.909555623289662663e-01
-1.738916349160559927e+00
-1.305050957137816159e+00
-1.997701907561585166e+00
-2.621630760205022170e+00
-2.652015201091912466e+00
4.137263827529795712e-01
2.697921186510194858e-01
-3.506246779225407728e+00
-7.459710068224651103e+00
-8.414839600346681436e+00
-6.363505142205402088e+00
-3.101643154506586786e+00
-4.172042287574539432e-01
-2.751264660258776029e+00
-3.036881675648967160e+00
-1.582762504069235909e+00
-1.191937441023853017e+00
-2.645931283623348840e+00
-1.837737463019752049e+00
6.511642013982772426e-01
2.277035069124603073e+00
1.117221305164293188e+00
-1.329598233354260417e+00
-9.743147207871523108e-01
1.208133251804665242e+00
9.395200615221681595e-01
6.026944498732587085e-01
3.599263170463066430e+00
5.879769712017914429e+00
5.642563244934848399e+00
3.488182957510468807e+00
1.429224424318032982e-01
1.050093137173133462e+00
1.904594981997238978e+00
2.200582860531487661e+00
2.384796829485992919e+00
1.739984743473983464e+00
3.506625647547600977e-02
-8.231547579334381748e-01
3.790027438033277685e-01
6.743290705646992622e-01
3.881632414261018127e-01
1.860825592003183537e-01
-2.678111519712388366e-01
-1.920385348755626609e-01
-3.783708974736410546e-01
-4.055498741744831825e-01
3.569604677540167970e-01
4.452031381389098819e-02
-1.408863526281844969e+00
-2.656837842027948149e-02
-4.810805162863289741e-01
-2.880196896874720025e+00
-3.094510775842058248e+00
1.259492592892512475e+00
-1.355529738684083441e+00
-2.401143155451127331e+00
-9.400086893435821711e-01
-1.119293593794544739e+00
-1.544860437948005316e+00
-2.264880736937233685e-01
1.560585148076421458e+00
-2.109031705542552260e-02
-2.205279940287732110e+00
-2.666833839929288352e+00
-1.161301340745535260e-02
-1.940235110376855143e+00
-3.861549379757433620e+00
-1.204184113482535512e+00
1.317243610335853354e+00
-1.856992276168435207e+00
-1.225756536903456428e+00
2.129401727257204779e+00
-7.413779963019466734e-01
-1.751814332447459321e+00
6.545168428117156267e-01
5.639673355273078226e-01
-7.007422132027505413e-01
-1.902835011423613665e-01
1.757606499953217050e+00
2.596838690415559370e+00
2.263947375405405360e+00
1.713444970386940769e+00
1.373022178958221762e+00
1.490883531271944173e+00
2.212654563998976087e+00
1.330996108890909468e+00
5.280473281636801630e-01
2.636564918857738915e-01
4.167108644411868790e-01
4.667979682390466789e-01
5.303347988735485075e-01
7.613115615202893371e-01
7.053873707040846375e-01
3.205315839219723406e-01
1.498753591388699125e+00
2.257964317625950734e+00
2.042552377602260716e+00
1.214329031800776670e+00
5.267084862106692356e-01
5.967482124219649631e-01
0.000000000000000000e+00
0.000000000000000000e+00
0.000000000000000000e+00
0.000000000000000000e+00
0.000000000000000000e+00
0.000000000000000000e+00
0.000000000000000000e+00
0.000000000000000000e+00
0.000000000000000000e+00
0.000000000000000000e+00
0.000000000000000000e+00
0.000000000000000000e+00
0.000000000000000000e+00
0.000000000000000000e+00
0.000000000000000000e+00
0.000000000000000000e+00
0.000000000000000000e+00
0.000000000000000000e+00
0.000000000000000000e+00
0.000000000000000000e+00
0.000000000000000000e+00
0.000000000000000000e+00
0.000000000000000000e+00
0.000000000000000000e+00
0.000000000000000000e+00
0.000000000000000000e+00
0.000000000000000000e+00
0.000000000000000000e+00
0.000000000000000000e+00
0.000000000000000000e+00
0.000000000000000000e+00
0.000000000000000000e+00
0.000000000000000000e+00
0.000000000000000000e+00
0.000000000000000000e+00
0.000000000000000000e+00
0.000000000000000000e+00
0.000000000000000000e+00
0.000000000000000000e+00
0.000000000000000000e+00
0.000000000000000000e+00
0.000000000000000000e+00
0.000000000000000000e+00
0.000000000000000000e+00
0.000000000000000000e+00
0.000000000000000000e+00
0.000000000000000000e+00
0.000000000000000000e+00
0.000000000000000000e+00
0.000000000000000000e+00
0.000000000000000000e+00
0.000000000000000000e+00
0.000000000000000000e+00
0.000000000000000000e+00
0.000000000000000000e+00
0.000000000000000000e+00
0.000000000000000000e+00
0.000000000000000000e+00
0.000000000000000000e+00
0.000000000000000000e+00
0.000000000000000000e+00
0.000000000000000000e+00
0.000000000000000000e+00
0.000000000000000000e+00
0.000000000000000000e+00
0.000000000000000000e+00
0.000000000000000000e+00
0.000000000000000000e+00
0.000000000000000000e+00
0.000000000000000000e+00
0.000000000000000000e+00
0.000000000000000000e+00
0.000000000000000000e+00
0.000000000000000000e+00
0.000000000000000000e+00
0.000000000000000000e+00
0.000000000000000000e+00
0.000000000000000000e+00
0.000000000000000000e+00
0.000000000000000000e+00
0.000000000000000000e+00
0.000000000000000000e+00
0.000000000000000000e+00
0.000000000000000000e+00
0.000000000000000000e+00
0.000000000000000000e+00
0.000000000000000000e+00
0.000000000000000000e+00
0.000000000000000000e+00
0.000000000000000000e+00
0.000000000000000000e+00
0.000000000000000000e+00
0.000000000000000000e+00
0.000000000000000000e+00
0.000000000000000000e+00
0.000000000000000000e+00
0.000000000000000000e+00
0.000000000000000000e+00
0.000000000000000000e+00
0.000000000000000000e+00
0.000000000000000000e+00
0.000000000000000000e+00
0.000000000000000000e+00
0.000000000000000000e+00
0.000000000000000000e+00
0.000000000000000000e+00
0.000000000000000000e+00
0.000000000000000000e+00
0.000000000000000000e+00
0.000000000000000000e+00
0.000000000000000000e+00
0.000000000000000000e+00
0.000000000000000000e+00
0.000000000000000000e+00
0.000000000000000000e+00
0.000000000000000000e+00
0.000000000000000000e+00
0.000000000000000000e+00
0.000000000000000000e+00
0.000000000000000000e+00
0.000000000000000000e+00
