-2.051177978515625000e+00
3.203857980939128769e-01
-1.129440026335880809e+00
-2.048495044968649204e+00
-4.615443675035580950e-01
-3.212878910073754923e+00
-5.899040684867786766e-01
1.701626327077487844e-01
3.531795753972790664e-01
3.523061956765775271e+00
-4.498885341731608811e-01
4.245681197504936222e+00
3.892282172734525147e+00
2.785836363373186408e+00
1.744163862064245230e+00
2.869289819270778530e+00
-4.455299477199123892e-01
-3.461606720726721598e+00
1.556816870569250888e-01
1.676102578438483093e-01
1.093188301882819236e-01
-2.186967627066678688e+00
-8.339973406979634962e-01
-4.835383046629374348e+00
-3.216002505682901358e+00
-2.918838681811513958e+00
-4.511128010194060067e+00
-2.384227304919715795e+00
-5.101037057975732480e-02
-1.010321015060454464e+00
-1.186210525715297059e+00
-9.222648401351145608e-01
-1.861073739568663843e+00
-4.656692945410341622e+00
-2.448132284409896275e+00
-2.268428595210392640e+00
-2.662798324474206613e+00
-2.921786899373658208e+00
-2.515873883351347207e+00
-3.224660157437599928e-01
9.577189393854528277e-01
1.222336833226513875e-01
3.848997093043182716e-02
1.057923069237900693e+00
1.611894726858395188e+00
2.160897278933519683e+00
3.537567453074262680e+00
1.898950679420518872e+00
-6.482439677694600277e-01
-3.396283711870680122e-01
-7.223352191441310133e-01
-1.533916700657920629e+00
1.101285122182149578e-02
6.113547122361453479e-01
-1.168060599507720898e+00
-6.356203529450565881e-02
-3.331640536971596234e-01
-1.082643606023935501e+00
2.181108024215303587e-01
7.338645327469426327e-01
1.303304633292017845e-01
-8.557645254507976196e-01
-6.376160354838846800e-01
5.436450801229845142e-01
-5.064761939182444994e-01
-1.657499968686870773e+00
-7.746391980994373760e-01
-1.921171393872813660e-01
2.109790152230806015e-02
-1.041190526002225836e-01
8.065208597443338512e-01
-5.263568953049768684e-01
-1.204252212842403358e+00
2.545786312678099961e-02
5.582633195044488517e-01
-4.587732527923084058e-01
-3.272226587961805100e-01
1.970289717742903512e-01
-2.134576451589874635e-01
-2.340252251775437609e-01
-2.519119385568526770e-01
-1.194797053981976553e+00
-5.349931782390270341e-01
4.724480416330669730e-01
-2.430257768731871604e-01
-8.734246124829059266e-01
-4.186462335669600687e-01
-4.798156173309697792e-01
1.326990827551344232e-02
-4.011394450264123002e-01
-1.287946115731004593e+00
-1.289026337573660808e+00
-7.968925052129496311e-01
-3.638351416056047061e-01
3.057256838210475891e-01
1.449000089118797296e+00
2.317582758479035832e+00
1.236838717419959321e+00
-4.431756984840047320e-01
1.220464324577053006e-02
-9.042235936795472995e-02
-5.283859199068579038e-01
-4.450398061884803802e-01
3.749348557917970837e-01
1.246557328809692056e+00
1.611922960535897786e+00
1.694222606756694560e-01
-1.542994915074944018e+00
-2.730407031192889633e+00
-1.564614555064744117e+00
1.369415210136569527e+00
2.717796290834411099e+00
5.832548639546120128e-02
1.027508005547138836e+00
1.431745591679871143e+00
-8.277605954128741672e-03
-1.818446268967277790e+00
-2.166947064153873281e+00
-2.208918142017652464e+00
-3.699524705438450578e+00
-3.463708410261872483e+00
-1.616241169094241314e+00
-6.038824003524383421e-01
-1.587404338705120654e+00
-2.032082451642540200e+00
-7.227884167274236660e-01
3.987184379359738351e-01
-3.921210056079273976e-01
-9.228766215390402650e-01
-1.342693807789843152e+00
-1.827424259854402600e+00
-2.450061856005833150e+00
-2.835338983853813666e+00
-6.284818984993808533e-01
1.069481914284408752e+00
1.935545501465811613e+00
3.576126612546234540e+00
3.857037575434732357e+00
3.568649956035809367e+00
3.093732714262109162e+00
2.611534872906482008e+00
1.619457905052063440e+00
6.918662015952281585e-01
-2.995753222297392604e-01
-1.436496539334234601e+00
-1.719252588200587795e+00
-3.814424924384498539e-01
1.248099119001963686e+00
1.326841116089603645e+00
1.663220051784394027e+00
7.824039174930315088e-01
-4.108085886574774914e-01
-7.356531476812484538e-01
-3.896354111107007689e-01
-2.514379155814419065e-01
-5.009550993072615643e-01
-4.697461279993078165e-01
-6.734927149256848544e-01
-1.216607184529318042e+00
-1.836583227987244271e+00
-2.214774895802759769e+00
-1.111152811205493585e+00
8.843928379362537839e-01
1.482929119815709518e+00
1.762421405559209120e-01
-1.483075837892098736e+00
-2.432951305906341233e+00
-2.645512790397309022e+00
-1.848880623778594412e+00
-2.428196148458003911e-01
2.313592218788989019e-01
-5.248910275904961065e-01
-3.699724846147998125e-01
-8.524291676772344228e-01
-1.461752765685793598e+00
-9.885223650272150220e-01
5.442787147315963914e-01
1.872830415322290776e+00
2.465638345132684428e+00
1.916408299670473436e+00
8.561194261440498998e-01
1.257083534735337071e-01
-6.413734835552227231e-01
-1.378462951726930896e+00
-1.512717983389406218e+00
-1.083887026395742748e+00
2.402981281803371338e-01
1.417264513310393381e+00
1.460707842211191654e+00
1.192728997810535541e+00
-2.111734729071864436e+00
-2.042266292464266275e+00
-1.613497057851738914e+00
-2.482508590817084748e+00
-1.897089429743739508e+00
9.143018494090880965e-01
1.134988813702118904e+00
1.415554634634800024e+00
1.156566178396855271e+00
-3.792273723341530456e-01
-2.126080664561011524e+00
-7.577002453158980799e-01
1.287140655063886419e+00
-2.027118908006952935e-01
1.453395095685056537e+00
-6.911924767573429662e-01
-2.215453535073456770e+00
-5.850352969744669895e-01
3.930885313351404897e-01
4.871553827471080123e-01
5.718094797391899409e-01
1.062782471516606542e+00
-1.080549392392167629e+00
-2.187776526565451185e+00
-1.165322606308001552e+00
-8.610355365026185481e-01
-1.122625213975136038e+00
7.675257109314925774e-01
-3.153935198494162151e-02
-2.882353188157080748e-01
-7.063936422086323219e-01
-6.116685839750646281e-01
-1.450399564621213555e+00
-2.244237405653157325e+00
-1.165987261380005080e+00
1.483782192983301718e+00
4.050159053089858574e+00
4.655844672809501539e+00
4.082353527111719949e+00
2.559864140584279912e+00
1.169988073380873850e+00
-3.255923540616123546e-02
-1.481279975439868668e+00
-2.117864240173714663e+00
-1.009977199107927159e+00
-7.309883934552867668e-01
-4.872747101259937708e-01
-5.482786179291800899e-01
-1.373559874551273374e+00
-1.870672890642159025e+00
-2.211675335055319991e+00
-2.189767789886388982e+00
-1.549622455084946449e+00
-1.292013776400756431e+00
-1.879452534827624088e+00
-3.645642322468656271e+00
-4.544586146884735278e+00
-3.810502649006313192e+00
-2.184488535508439355e+00
-3.000241843104833883e-02
1.333017080834496104e+00
1.589568251430370616e+00
1.100670871743012924e+00
-1.929207182270240573e-01
9.359000071955447808e-01
2.582920197416433528e+00
3.585793081868792420e+00
3.599997067485877444e+00
2.293421311933131701e+00
1.449261310382066625e+00
5.008550773070563622e-01
6.011549038149093249e-01
1.374433047428982757e+00
2.019866411943181284e+00
2.400803135103245722e+00
2.713557059318182585e+00
2.331120407505276493e+00
2.562545466877530487e-01
6.274426511513500060e-01
2.158820380251217141e+00
2.639142793297257317e+00
1.319221998985827371e+00
6.449418241992359579e-01
-6.152841412287335388e-01
-1.979470274034720312e+00
-1.941556482863157740e+00
-1.527668432472562676e+00
-1.309088925184513919e+00
-1.528753550521574356e+00
-1.850317916963600151e+00
-1.285365097239190346e+00
-1.123301093248483928e+00
-1.738371525414180052e+00
-1.584398244098145891e+00
-3.316654753721851590e-01
-1.332622662915998513e+00
-3.780321462848687197e+00
-3.388554335267270012e+00
-1.444819858550361324e+00
-2.224930006135656502e+00
-2.381964253023513667e+00
-1.034318316191454867e+00
-3.755301723721387042e-01
-8.538690050699362377e-01
-6.151003779372259395e-01
5.187569409911898521e-01
-2.989003141180785583e+00
-4.588583580972146692e+00
-3.839821575644727591e+00
-2.402761790352261340e+00
-1.464725737218182999e+00
2.618752449877002064e-01
-8.954085282141808211e-01
-2.760568936081673641e+00
-3.806467141459715098e+00
-3.527749647838272828e+00
-2.044882831906305931e+00
-1.054697382872897382e+00
-5.708593890089486145e-01
7.129432350320024092e-01
1.285470382038287118e+00
6.924200574408059250e-01
3.457948395466372560e-01
4.911776450604596889e-01
4.603582588242076667e-01
-1.695247037983258487e-01
7.338626657797497899e-03
1.393528231531819594e+00
2.636010553644428711e+00
2.304772863737399646e+00
1.806974941356059849e+00
1.012156734362840371e+00
8.414596217528980127e-01
1.209388338040830346e+00
1.526651841582813196e+00
1.568328417142120124e+00
1.747972372387517570e+00
1.125666602252263004e+00
5.412399302770929399e-01
2.188575456779326522e+00
2.780945985197068815e+00
1.060189653671228971e+00
2.313516502198309510e-02
1.175516189785481558e+00
1.500387280576689353e+00
2.271452632124352888e+00
3.729535241823311864e+00
3.068790250002036757e+00
1.662394543322051277e+00
-8.188761958681278763e-01
-1.697726331727620108e+00
-9.581533782092208629e-01
-1.187651799138072173e+00
7.473150195058352319e-01
-3.998287796689754536e-01
4.164766201868701501e-01
3.037209064804429648e+00
2.090335844239140872e+00
-9.922109544488355581e-02
1.277239298341389606e+00
2.825060265523353209e+00
1.484333842941003123e+00
1.467701909873560417e+00
5.778562568191767390e+00
4.393404587072833323e+00
-4.724862808552416915e-01
1.334355268341795409e+00
3.259445907568026879e+00
1.190762778541379685e+00
4.362785063999299329e-01
1.071208676742403387e+00
-1.990367698573746180e-01
1.012795351824054890e+00
8.890488448835498492e-01
-4.708401607752927820e-01
-2.865513905242400572e+00
-2.321488455526797612e+00
-3.071479440395549876e+00
-4.209525482576712996e+00
-4.373112432234603553e+00
-5.475410456136739157e+00
-5.769994871220006871e+00
-4.837267968704844101e+00
-5.990483580715573630e+00
-5.042417726211757767e+00
-5.003333252322393676e+00
-5.242743688706022809e+00
-5.121888794687089685e+00
-3.788017500940310089e+00
-5.874788682803301576e+00
-6.781358884850738455e+00
-4.203604319652010979e+00
-4.487034430755383774e+00
-5.316390455238205526e+00
-2.548903741546763246e+00
-3.499484650214190307e+00
-1.708670378037821624e+00
-3.201212650001178606e+00
-2.433960083057681523e+00
-4.680447415768759889e+00
-3.961376150953923592e+00
-1.842754682679641265e+00
-2.025550618283486592e+00
-2.340314355647830524e+00
-3.850623432897491760e+00
-2.603664309339172700e+00
-3.650854107183405972e+00
-7.241767432760990442e-01
-5.830987632658617414e+00
-4.476065021337206851e+00
-2.822160011388830103e+00
-4.930990090006051929e+00
-1.364950874586243756e+00
-3.979411493814765777e+00
-3.490884344555159391e+00
-1.614502995563915189e+00
0.000000000000000000e+00
0.000000000000000000e+00
0.000000000000000000e+00
0.000000000000000000e+00
0.000000000000000000e+00
0.000000000000000000e+00
0.000000000000000000e+00
0.000000000000000000e+00
0.000000000000000000e+00
0.000000000000000000e+00
0.000000000000000000e+00
0.000000000000000000e+00
0.000000000000000000e+00
0.000000000000000000e+00
0.000000000000000000e+00
0.000000000000000000e+00
0.000000000000000000e+00
0.000000000000000000e+00
0.000000000000000000e+00
0.000000000000000000e+00
0.000000000000000000e+00
0.000000000000000000e+00
0.000000000000000000e+00
0.000000000000000000e+00
0.000000000000000000e+00
0.000000000000000000e+00
0.000000000000000000e+00
0.000000000000000000e+00
0.000000000000000000e+00
0.000000000000000000e+00
0.000000000000000000e+00
0.000000000000000000e+00
0.000000000000000000e+00
0.000000000000000000e+00
0.000000000000000000e+00
0.000000000000000000e+00
0.000000000000000000e+00
0.000000000000000000e+00
0.000000000000000000e+00
0.000000000000000000e+00
0.000000000000000000e+00
0.000000000000000000e+00
0.000000000000000000e+00
0.000000000000000000e+00
0.000000000000000000e+00
0.000000000000000000e+00
0.000000000000000000e+00
0.000000000000000000e+00
0.000000000000000000e+00
0.000000000000000000e+00
0.000000000000000000e+00
0.000000000000000000e+00
0.000000000000000000e+00
0.000000000000000000e+00
0.000000000000000000e+00
0.000000000000000000e+00
0.000000000000000000e+00
0.000000000000000000e+00
0.000000000000000000e+00
0.000000000000000000e+00
0.000000000000000000e+00
0.000000000000000000e+00
0.000000000000000000e+00
0.000000000000000000e+00
0.000000000000000000e+00
0.000000000000000000e+00
0.000000000000000000e+00
0.000000000000000000e+00
0.000000000000000000e+00
0.000000000000000000e+00
0.000000000000000000e+00
0.000000000000000000e+00
0.000000000000000000e+00
0.000000000000000000e+00
0.000000000000000000e+00
0.000000000000000000e+00
0.000000000000000000e+00
0.000000000000000000e+00
0.000000000000000000e+00
0.000000000000000000e+00
0.000000000000000000e+00
0.000000000000000000e+00
0.000000000000000000e+00
0.000000000000000000e+00
0.000000000000000000e+00
0.000000000000000000e+00
0.000000000000000000e+00
0.000000000000000000e+00
0.000000000000000000e+00
0.000000000000000000e+00
0.000000000000000000e+00
0.000000000000000000e+00
0.000000000000000000e+00
0.000000000000000000e+00
