-5.502014160156251110e-01
-1.453095688440135813e-01
-2.931944100664961805e+00
-2.426500849381342917e+00
5.024940510183408815e-01
2.808315379132899636e-01
1.381586549259008923e+00
1.232287768719307230e+00
-7.928991743201549980e-01
-2.681494174101214600e+00
-1.702136501976216909e+00
-8.913890588646384838e-01
-2.813870699537334152e-01
1.158291298671332292e+00
-1.971126381880420997e+00
-7.345006066022433444e+00
-5.720421688831992313e+00
9.525411640214893616e-01
4.431846052066412689e-01
-3.133298877889244771e+00
-2.558811825534184514e+00
-1.918420844096668354e+00
-1.766535199454421612e+00
-4.341370870388844061e+00
-5.374847990253465824e+00
-4.501260438307576273e+00
-3.938321031348959611e+00
-9.327815748954249031e-01
1.334841235921728764e+00
8.245928978984737867e-01
-1.661741015227474971e+00
-3.725382312747361979e+00
1.801939177235324818e+00
3.282851076959931724e+00
-2.704121434458981454e-01
-1.996652008694701941e+00
2.558359471386917328e-01
-3.653958036523136332e+00
-5.058526952390254294e+00
-2.853138449632197204e+00
9.452497942465027947e-01
2.439209681860548429e+00
-3.162491516305677042e+00
-3.999353518716753264e+00
1.822860469622611390e+00
1.120387984522076330e+00
6.410720654285204656e-01
-1.474761866441534508e+00
-1.540405530672373846e+00
6.675097299478816026e-02
4.506565892800415973e-01
-1.745625160064399051e+00
-1.704533383943923841e+00
-3.317457823828493524e-01
-5.808534417019526330e-01
-4.064403431431227176e-01
-1.065498793695332846e+00
-9.721506225499177978e-01
-1.577066503236240758e+00
-3.221170471637670563e+00
-7.613472463103140297e-01
-2.679109902681600985e+00
-3.156199423691537831e+00
-2.476412628396580384e-01
-2.584979357621721263e+00
-2.600868226283056917e+00
-1.036849652583451853e+00
-4.632285147003233905e-01
-1.457932290997585145e+00
-1.393393844417163630e+00
-6.133215614754438105e-01
-1.194747206069310064e+00
-2.424572847290473732e-04
-4.277029545782427000e-01
5.698721159481554555e-01
-1.839005395126028120e+00
-1.535501306408401767e+00
1.063674011493693228e-01
-1.746563483051082999e+00
-1.050914641331671451e+00
5.294526389221576590e-01
-2.599733334669226403e-01
-4.072980438343338228e-01
-4.169293841635203224e-01
-1.009985513075771779e+00
-8.073457864677754392e-01
2.288367851766055505e-01
8.566843074413090786e-01
5.362300666795001280e-01
-3.773341575361359723e-01
-8.881567234109959408e-01
-8.011616785543452801e-01
-1.199229949041987986e+00
-6.274013103489477494e-01
-3.444044653380142762e-01
-1.422525909976371405e+00
-1.336731619296632090e+00
-2.493071899039023265e-04
1.736082463101367157e-01
-3.719073663852003886e-01
-4.914258065162965261e-01
5.989951202170189504e-01
9.467986988720067387e-01
8.000794200218384056e-01
5.815361830421514888e-01
1.457040473494911614e+00
2.310520989760118660e+00
2.345957481867936067e+00
7.018634586876861814e-01
-1.696264152728339081e+00
-6.129272145185027387e-01
6.885870503679963894e-01
-2.371554092934875513e+00
-2.512988663668842548e-01
3.287783486682336331e+00
8.896949097607396162e-01
-2.254214939296014020e+00
-8.456715584500007488e-01
-1.089931718108770653e+00
-3.631390130521905402e+00
-6.654266638935719680e-01
-3.386313552185837850e-02
-4.448429070691034326e+00
-2.740450117868727276e+00
-3.631475129577661498e-01
-4.220355504234153621e+00
-1.903178737118272679e+00
3.088118822604131175e+00
-1.954651528873974087e+00
-5.414838054054371241e+00
9.964429817780198206e-01
2.236943526912576807e+00
-3.487741300436762337e+00
-1.881259618717279647e+00
1.855049406015687907e+00
-8.957209205244964778e-01
1.374021618340623752e+00
2.958495806026989250e+00
4.596903624107939734e+00
6.560163571979202857e+00
6.865176971189497657e+00
4.410067680829703463e-01
-3.573338181594524876e+00
1.287066957615592422e-01
-1.159073843683836369e+00
-6.718818788369422812e+00
-3.599775179000143766e+00
-1.764387805349629801e-01
-6.566794557999559245e+00
-6.484894806843880311e+00
-3.021812349239224038e-01
-8.417362257809184456e+00
-7.679754970248787060e+00
4.346082917376996591e-01
-1.378352704717873856e+00
-3.397830478458105485e+00
1.107481755368144860e-02
-1.791648558845251982e+00
-4.471692442135900336e+00
-1.479991513000166847e+00
-4.849267055209987021e-01
-2.498031930872947726e+00
1.236887489010543462e+00
7.099621872912507570e+00
5.710740228413451192e+00
2.942751029721021538e+00
2.953024750934445386e+00
1.050068463711465228e+00
-1.370242597031722465e+00
1.158230123236947406e-01
1.138596938710634721e+00
8.737321256331176400e-01
1.626538359061097117e+00
6.585208666786335208e-01
5.849708164740607952e-01
7.365793525862323055e-01
-1.120573747699296074e-01
2.642443400562027866e-01
9.183796914658113320e-01
1.476608595442657101e+00
2.105496281384716006e+00
8.946626432342021928e-01
4.255779700218120798e-01
-9.286187849010123507e-01
-1.109443328381500837e+00
2.596097027657706668e-01
1.700273815156013502e+00
3.125171953869780417e+00
1.796843517089873110e+00
5.665277358296352261e-01
-7.831316827310902395e-01
-6.242510466960276005e-01
1.704668086644754332e+00
1.019943547789938565e+00
-1.147933174577166815e+00
1.484353544641446199e+00
2.215243259645428786e+00
1.497647343840668333e+00
1.872862921778407408e+00
1.648020504780226547e+00
6.893103633230408533e-01
7.278123470616808532e-01
3.058062714559111939e+00
6.435024248531211022e+00
5.642850916178598908e+00
1.863560745832382182e+00
-1.815222467830011510e+00
-1.936026019271058329e+00
-1.122962512712177841e-02
2.777305419124735941e-01
-2.493783605365895717e-02
7.903081182322382325e-01
2.106899918623803103e+00
3.200037624617971588e+00
2.970716555854494345e+00
1.292646552984855202e+00
-6.755978131268733922e-01
-1.289229947707470458e+00
-7.011158093041418571e-01
6.842635288407563632e-01
1.865703221106778109e+00
1.412295626081088162e+00
1.385721562395971773e-01
6.773217409268421640e-01
9.660842789579722201e-01
5.701662819226629431e-01
3.367118546349253450e+00
6.116859988135511017e+00
5.967111478415610293e+00
3.988241599577444063e+00
1.676472302236158285e+00
6.550957663572010148e-02
6.476284047536453592e-01
-7.137817970733850714e-02
-1.464451090199556216e+00
1.917686302842116053e+00
5.633629942816585690e+00
5.058662896175813550e+00
1.725799391422806250e+00
2.124030164944976207e+00
3.180934479746412080e+00
5.885463601875784434e-01
-3.520406161025002589e-01
1.578941785266437137e+00
-7.863733310492282413e-03
-8.657751542050974303e-01
3.978812448617610187e-01
3.431861928314325905e-01
8.881977369740068351e-02
8.835619969510556393e-01
1.264099884478848690e+00
5.792013440701535565e-01
2.190338674080644754e+00
3.647768341110306345e+00
1.415254177978510608e+00
-6.536236190209991914e-01
-1.207780974564625076e-01
5.777557245294131505e-01
3.574378714035956195e-01
6.146837613068920625e-01
1.350351291467479564e+00
1.805436014361954333e+00
2.208378024350140301e+00
6.432384684278602549e-02
-1.092480853949377773e+00
3.192081693038886225e-01
-1.471186715744977391e+00
-3.380707547451338613e+00
-1.080978035866599685e+00
-7.806654568328719179e-01
-3.273604842531826264e+00
-2.388603180081554811e+00
-2.352003182487982791e-01
-3.142840269049167023e+00
-3.553288617850663744e+00
-1.160726148098915278e+00
-2.764531986371727701e+00
-5.021710428384531077e+00
-2.375210949306175046e+00
-1.966706540317567642e+00
-6.210631328553655628e+00
-4.536104741624317427e+00
-2.283124873268609800e+00
-9.257792572366627226e+00
-8.629869329102181297e+00
-2.284119832712804832e-01
-6.827490810312440317e+00
-7.688827874532107032e+00
-1.814441239331014977e+00
-5.012980461317328107e+00
-7.353386658947377974e+00
-2.975277985646404666e+00
-2.565368519362865030e+00
-4.820823775506887898e+00
-2.642497409952747844e+00
3.670899758770473920e-01
-1.256636087370270438e+00
-2.178988419477590810e+00
-1.535333976001216572e+00
-6.433366214226364788e-01
-3.175646452678496878e+00
-1.532862967416132705e+00
-4.320039595112054265e+00
-7.590698818053872365e+00
-3.620410366664819080e+00
-4.090201139291521848e+00
-7.526328138793744849e+00
-4.718079789397568113e+00
-1.697625166868805380e+00
-4.870284062009328174e+00
-4.916877854109388046e+00
-1.925539326925248762e+00
-3.265959048154670974e+00
-3.989661017407017951e+00
-7.267111833126549403e-01
-2.961531488047728367e-01
-1.666731750899840936e+00
-6.256866112976675609e-01
-5.072604994412066581e-01
-2.169835306505479622e+00
-1.753281727080180374e+00
8.296946269247855721e-01
1.512029431782440092e-01
2.165412679090561454e-02
4.187782471861184463e-01
-2.803741057322386432e-01
1.276003162517894918e+00
2.947200434833384008e+00
2.317530849279718197e+00
1.344772349237748577e+00
6.951410769411503487e-02
1.480840896687114272e+00
4.256725120010520058e+00
4.658176853924872240e+00
4.663087405870416369e+00
2.828239164199267464e+00
4.069810396791972984e-02
1.964650584801039157e+00
3.996350078638284842e+00
1.839139291452706937e+00
-7.452472778595209402e-01
-7.063031188292268059e-02
2.864912898229547977e-01
-4.964432642222411651e-01
-1.180622368852217274e+00
1.579368006368848665e-01
1.714872203227322922e+00
2.058545503207100058e+00
1.617897845423651892e+00
2.975854245034982526e+00
3.238912776997718623e+00
2.323489040096009539e+00
5.700873813297918646e-01
7.572500762361038529e-01
7.333174074794204245e-01
6.768299247434650390e-01
-6.490750733728556376e-02
-7.233812610963186174e-01
1.315898177620826726e-01
-4.476524050948000877e-01
1.246205650862814984e-01
1.727395488454443795e+00
-3.627706829782662012e-01
1.643672776507676403e-02
-7.446501394455169454e-01
-2.215316942739954387e-01
-9.886552228938170206e-01
-1.715653459056038610e+00
-9.498035835552618433e-01
-1.462800421547185259e+00
-2.774258011101159660e+00
-2.810074189811999190e+00
-7.005755793151821065e-01
-3.514766917776723787e+00
-2.820434013403404716e+00
-1.057145224184648402e+00
-3.380005297100817874e+00
-1.682519406788629324e+00
-1.322370640010994913e+00
-2.102778186996378640e+00
-1.832092329043144341e+00
-1.854738152835631260e+00
-1.611170924715725095e+00
-3.814986106557032297e+00
-4.114370313135024659e+00
-1.680043520273095226e+00
-2.491179072920204352e+00
-3.876241857863964579e+00
-2.513554710531673564e+00
-1.338058251095543660e+00
-2.285872180714351831e+00
-1.251666803318395527e+00
-5.326994554418505778e+00
-5.295340339247089467e+00
-1.524011294056747401e+00
-3.361601920776446484e+00
-6.163881264572072638e+00
-7.731970040984528225e+00
-5.152367522072546002e+00
-2.329252134119077944e+00
-6.637524062199269714e+00
-5.187063676971057191e+00
-1.453643121382115710e+00
-1.831939615077183392e+00
-5.106617693810729719e+00
-4.523526344425174983e+00
-3.898954652338871618e+00
-2.295582711119108943e+00
-2.127658763215561244e+00
-4.802971819472435122e+00
-5.895540657510726312e+00
-6.435898680340049971e+00
-4.700995341846654796e+00
-3.914974289632120463e+00
-5.066684671150477826e+00
-4.946641139995522352e+00
-4.902587683539008978e+00
-3.274339840201592633e+00
-3.632198477587160301e+00
-9.193895586766993588e+00
-8.653228431633573692e+00
-3.622461168031708034e+00
-4.935349916379871971e-01
-1.200305052620947999e+00
-2.530487349065956071e+00
-3.009906754989855937e+00
-3.138942274213899264e+00
-2.455841873737198977e+00
-1.056334372899299101e+00
-7.631752040625116029e-01
-1.442348112466197652e+00
-1.167813387108891376e+00
-3.996999202187085931e+00
-3.886950297697298495e+00
-8.397343574710245395e-01
0.000000000000000000e+00
0.000000000000000000e+00
0.000000000000000000e+00
0.000000000000000000e+00
0.000000000000000000e+00
0.000000000000000000e+00
0.000000000000000000e+00
0.000000000000000000e+00
0.000000000000000000e+00
0.000000000000000000e+00
0.000000000000000000e+00
0.000000000000000000e+00
0.000000000000000000e+00
0.000000000000000000e+00
0.000000000000000000e+00
0.000000000000000000e+00
0.000000000000000000e+00
0.000000000000000000e+00
0.000000000000000000e+00
0.000000000000000000e+00
0.000000000000000000e+00
0.000000000000000000e+00
0.000000000000000000e+00
0.000000000000000000e+00
0.000000000000000000e+00
0.000000000000000000e+00
0.000000000000000000e+00
0.000000000000000000e+00
0.000000000000000000e+00
0.000000000000000000e+00
0.000000000000000000e+00
0.000000000000000000e+00
0.000000000000000000e+00
0.000000000000000000e+00
0.000000000000000000e+00
0.000000000000000000e+00
0.000000000000000000e+00
0.000000000000000000e+00
0.000000000000000000e+00
0.000000000000000000e+00
0.000000000000000000e+00
0.000000000000000000e+00
0.000000000000000000e+00
0.000000000000000000e+00
0.000000000000000000e+00
0.000000000000000000e+00
0.000000000000000000e+00
0.000000000000000000e+00
0.000000000000000000e+00
0.000000000000000000e+00
0.000000000000000000e+00
0.000000000000000000e+00
0.000000000000000000e+00
0.000000000000000000e+00
0.000000000000000000e+00
0.000000000000000000e+00
0.000000000000000000e+00
0.000000000000000000e+00
0.000000000000000000e+00
0.000000000000000000e+00
0.000000000000000000e+00
0.000000000000000000e+00
0.000000000000000000e+00
0.000000000000000000e+00
0.000000000000000000e+00
