2.050476074218750000e+00
2.069287671829651565e+00
2.220510250087088799e+00
7.497144329893250525e-01
-1.795302420437685509e-01
1.064436681443308164e+00
-5.131645330756895440e-01
-7.696435347068852906e-01
-9.749548780903565248e-01
-2.327329663222240441e+00
-1.343754243552694128e+00
3.465914984748332817e-01
1.357632418716434142e+00
2.542321883113980441e-01
-1.331689228649518775e+00
-1.725570206752839342e+00
-2.635582972329270746e+00
-1.791551436220748972e+00
4.488042271396701643e-01
8.025374485708391958e-02
-3.146393691947923621e+00
-5.206078646637526397e+00
-4.093758470449398779e+00
-1.702859379623382852e+00
-9.290706105323454089e-02
1.317939212421767925e+00
-6.402288777474813841e-01
-3.185612289539335507e+00
-4.295499617006449888e+00
-3.788726900111476059e+00
-3.573936381955970631e+00
-3.443672161402518750e+00
-2.247784928085486911e+00
-1.045691211415234134e+00
-1.555483461827495972e-01
9.047778741996852503e-01
1.273568087463458731e+00
8.698544793591969082e-01
3.224034712343915032e-02
-6.314380443124218978e-01
-6.379550231402584259e-01
2.717209235930617695e-01
3.021032331329126741e+00
5.681773540430460123e+00
2.650505900974686302e+00
4.809652378920938887e-01
-1.106332282064261374e+00
-1.477911378128820896e+00
-5.278238360271831908e-01
9.518132102188827659e-01
1.663052410993893115e+00
-2.762805712942295600e-02
-1.840312355912357978e+00
-2.183804070711504508e+00
-1.915327001401921692e+00
-1.307293731372388912e+00
-9.842698093392241443e-01
-1.306770317200305120e+00
-8.178458400577028886e-01
4.902686269987110990e-01
1.179403861371078666e+00
1.386167463776162512e+00
7.375157177818371101e-01
-8.457333876200299194e-01
-2.214818414670088220e+00
-1.671945721936404228e+00
-4.060951340107739060e-01
2.509556446971193955e-01
-4.414263022190213492e-01
-6.803366231236407380e-02
-1.228642297657908555e+00
-1.908905849885755845e+00
-1.424400705199093675e+00
3.153983171166867550e-01
1.711153846844685411e+00
1.226976915637486787e+00
1.380072885728270027e+00
1.054578779242834718e+00
-3.051578443728935053e-01
-9.262788616932144947e-01
-5.484535621135053773e-01
-1.304926557665835540e+00
-1.126321615420758482e+00
-1.263633821270264690e-01
-8.453199751946877116e-01
-1.367308079198297888e+00
-3.433160270885083909e-01
4.257627899712571606e-01
1.104496454613006051e+00
-3.839084001433890059e-01
-1.034550666917735340e+00
-1.081513619770514412e+00
-3.559468319654441881e-01
2.564858297920036279e-02
2.583487213320747600e-01
1.130812792716520576e+00
1.610041915919052435e+00
1.678464998085489546e+00
1.850884235936471223e+00
1.998809870198847038e+00
1.472688744996191401e+00
-1.268767451669150503e-01
-2.719073237356127493e+00
-1.970723862152311989e+00
-1.372831594262657440e+00
-2.792021061144310590e+00
-1.328783131373330928e+00
-8.421658566361243103e-01
-2.069700824295265029e+00
-1.939025920052693142e+00
-6.006505709634644141e-01
3.205016115906422769e+00
3.006236447943583023e+00
-7.141234318998936903e-01
-1.709666885827922922e+00
3.395767520815251572e-02
-1.934956224939659464e+00
-6.783945267641688481e+00
-6.432847998109043175e+00
-5.569742728391702258e+00
-4.002175142435467237e+00
-7.751787743065523539e-01
-2.426570622249215603e-01
-4.716448113870814751e-01
-2.264194477018401486e+00
3.446191680080681330e-01
-1.632243716234752728e+00
1.190315890162452206e-01
3.255707165035385486e+00
-2.193105611169862357e+00
8.673235382607114019e-03
2.059906375645391918e+00
2.358243529796939519e+00
1.557118615411886342e+00
-4.799914349938214642e+00
-1.085683629787687288e+00
4.507077907161658459e+00
3.614745050929397685e+00
-4.230679498613793221e+00
-7.755566290170609278e+00
-2.015606474379852298e+00
-4.271830136273694123e+00
-7.677423239199240079e+00
-4.029752556435436617e+00
-1.487503943942778406e+00
-6.228366264343736525e+00
-6.127923050680703199e+00
-3.819615280715034089e-01
5.902013638282257446e-01
-4.473841175802271586e+00
-4.650634443679850349e+00
-2.071273855122506280e+00
-7.560870062485698373e-01
-2.614642950900233132e+00
-3.243486044873228114e+00
5.004182834198007690e-01
-1.432085137024761590e+00
-3.434180440812315993e+00
-4.601971974234194462e+00
-5.776517672080442978e+00
-5.657554783305870139e+00
-4.019038541005228282e+00
-1.055409914356972401e+00
-6.119807594132975481e-02
-3.532306390739141655e-01
-9.469803423745255522e-01
-9.294562714906393630e-01
5.824941306234494576e-01
-1.444811516711261845e-01
-2.614825292600592821e+00
4.134707845306628826e-01
2.361061818269592827e+00
9.839201151099485898e-01
2.294592691892741954e+00
1.685051080711916782e+00
-1.185930878754374973e+00
-1.047679839893440379e+00
-6.721996575754489722e-01
7.650663303950397953e-01
1.692133508018149435e+00
2.317020887098946602e+00
-1.212252473230395200e-01
-2.585897922423356476e+00
-3.146873202476824005e+00
-4.729719533246974805e+00
-9.657924141459739431e-02
-5.331995291036959017e+00
-4.752106887320604045e+00
-3.440245004457331390e+00
-8.865514197525167006e+00
-5.234076736285175890e-01
-3.680064123722470271e+00
-2.269036720201103030e+00
-4.353841328620378093e-02
-3.421973500245558242e+00
-4.063313295144921344e-01
-1.188546065534726193e+00
2.749526266665015761e+00
3.822564761084851881e+00
-9.780488551947055242e-01
3.769674951064452273e-01
1.151130885938488113e+00
-2.001560995254729303e+00
5.249287815382075451e-02
1.517884045699059214e+00
1.236132228595958615e-01
4.763431225568774963e-01
5.475858098549089004e-01
4.168459949060490111e-01
-5.888044575922091184e-01
-4.410005159127154961e+00
-1.734126452682262176e+00
-5.218383509430989164e+00
-5.113542218417487462e+00
1.036413425470888550e+00
-6.310638376323103316e+00
-2.204890976641198819e+00
-5.360489849275623442e+00
-5.711006641914015525e+00
4.348254087762082332e-01
-3.598590834295970264e+00
-1.085641730256655002e+00
5.015719568278425022e-01
2.505657550419777557e+00
2.607795754763505780e+00
7.096438346997180346e-02
-5.316304550204146162e-01
-4.751857425177110628e-01
-9.849567110711414664e-01
9.817125866636366993e-01
2.117685110220528522e-01
-1.832979205397148093e+00
1.132058857624435699e+00
4.032475254276259413e+00
3.692703428027471979e+00
4.380234600743231788e+00
3.387754121337689384e+00
-1.693503334079636602e+00
3.073900801036115737e-01
4.394440059222660011e+00
3.720228611282333731e+00
3.962707416632182955e-02
8.701087682933259515e-01
1.468286697377792827e+00
-1.209819681889377385e+00
-3.247821784198420492e+00
-4.109467227012164159e+00
-4.033209268989287111e+00
-2.174449183563758492e+00
-2.503065865738607343e-01
-1.931202471332438497e+00
-5.609663815863714653e-01
2.909403399334520302e-02
-3.247671803310808070e+00
-5.049217107162039753e+00
-3.128372436676838397e+00
2.165777937711724110e+00
-3.859387500590667486e-01
-6.342477149519127444e+00
-2.917767494091026315e+00
1.970757742007879898e+00
-2.351695624430651055e+00
-7.412993234928395125e+00
-1.907444034529839350e+00
2.407224472838191520e+00
-6.793846948121407436e+00
-7.255314345955776290e+00
-1.267147636278695977e+00
-2.399504420852490938e+00
-6.586460111339233592e+00
-4.875016683758138569e+00
-5.554908971996219691e-01
-1.955400561848303020e+00
-1.498261718479087179e+00
1.071380202517859814e-01
-2.396070872815180053e+00
1.190241664460559345e+00
-1.742631100659878030e+00
-3.064750015471497502e+00
-2.350986458003416768e-01
-2.596419211189166631e+00
-9.000105255035910634e-01
1.386485688564647045e-01
-1.140679169479344335e+00
-5.901845782650575245e+00
-7.708069097247545187e+00
-7.441462890904150029e+00
-9.056294145886157665e+00
-6.360626184080580003e+00
-5.111125925972934247e+00
-5.141505871811941297e+00
-2.220254050536065726e+00
-8.766871517816898773e-01
-1.246718777033678727e+00
-2.773235865538429046e+00
-3.116326106715311184e+00
-5.025288199180259596e+00
-3.944284718170634640e+00
-2.846275984316965602e+00
-3.511595552042828139e+00
-2.900048386482614315e+00
-3.025466847223545752e+00
-3.591779211005103889e+00
-2.099747144243475194e+00
-5.606401620133589780e-01
-1.764326005866903024e-01
-5.412377019059251282e-01
-7.441460169138821579e-01
-7.673840331960823935e-01
-1.059284693765958574e+00
-1.017582007100773289e+00
-2.691245340548669152e-01
-9.536569017173341933e-01
-1.999494926469661760e+00
-1.531761970795502359e+00
-8.290256171674423857e-01
3.216868856796736842e-01
5.401993743503508139e-02
3.987320063689059335e-02
-7.078886675844815457e-01
4.342676943875568574e-01
1.717548119626806535e+00
8.700040517498202064e-01
4.762122965719073342e-01
7.434587435982604742e-01
1.140602029377396853e+00
2.950777484255779015e+00
5.051320404442302348e+00
5.698032431226396355e+00
5.166319952693662287e+00
4.485327498412573277e+00
1.785868535875641872e+00
-3.193560823375829472e-02
1.592901921093138107e+00
4.670484612474974817e+00
6.795841259058292394e+00
5.273607384128101927e+00
3.652647875979488923e+00
3.469846737594106667e-01
-9.916108952982127800e-01
1.581707351400498673e-01
1.456576716880067179e+00
2.908620155054148615e+00
3.940017411207676012e+00
4.110614450504774808e+00
3.326716779263592549e+00
9.449087009824770345e-01
-1.326185423846167222e+00
-1.746697258507267536e+00
-1.435335693528648537e+00
-1.332265904119495747e+00
-7.161168626129312820e-01
2.830797400213764803e-01
1.276557942435626813e+00
1.599698919695820454e+00
5.264434510789661736e-01
-1.015633815502745341e+00
-2.540692032809048762e+00
-2.074712508948521439e+00
-1.385854512294169449e+00
-9.949063164620637334e-01
5.236688235355662080e-01
-2.409536985867752001e+00
-3.735137154591538611e+00
-2.170487573708496765e+00
-1.127036747401382044e+00
-2.586101952763848466e+00
-4.270524279195465844e+00
-3.921888356877432980e+00
-2.918168254447951249e+00
-1.927323502796599364e+00
-2.622417044659444585e+00
-3.398197001913696891e+00
-6.140287498630438989e+00
-7.023271104674987164e+00
-7.694481750090163885e+00
-8.688053012124839825e+00
-7.715618420289152013e+00
-4.642850067552396709e+00
-1.465618192326075819e+00
-1.351070386337997808e+00
-2.117311712606010587e+00
-4.699611162581985191e+00
-6.515704451978722389e+00
-5.498842431722069435e+00
-2.826977627467263776e+00
-2.281331582772002431e+00
-3.970021781174055242e+00
-4.574131284460302815e+00
-3.158432009781317440e+00
-1.965692896893078467e+00
-1.194396664762349625e+00
-7.259436880565272032e-01
-1.557302949946794524e+00
-2.699937562181713435e+00
-3.320468025861286421e+00
-2.252744464702882254e+00
-2.866404213553894298e+00
-2.995663319936880509e+00
-8.007168295520105117e-01
-1.378471998156951983e+00
-1.090383729899018439e+00
-1.469519558240912904e-01
-3.196571919025987807e-01
0.000000000000000000e+00
0.000000000000000000e+00
0.000000000000000000e+00
0.000000000000000000e+00
0.000000000000000000e+00
0.000000000000000000e+00
0.000000000000000000e+00
0.000000000000000000e+00
0.000000000000000000e+00
0.000000000000000000e+00
0.000000000000000000e+00
0.000000000000000000e+00
0.000000000000000000e+00
0.000000000000000000e+00
0.000000000000000000e+00
0.000000000000000000e+00
0.000000000000000000e+00
0.000000000000000000e+00
0.000000000000000000e+00
0.000000000000000000e+00
0.000000000000000000e+00
0.000000000000000000e+00
0.000000000000000000e+00
0.000000000000000000e+00
0.000000000000000000e+00
0.000000000000000000e+00
0.000000000000000000e+00
0.000000000000000000e+00
0.000000000000000000e+00
0.000000000000000000e+00
0.000000000000000000e+00
0.000000000000000000e+00
0.000000000000000000e+00
0.000000000000000000e+00
0.000000000000000000e+00
0.000000000000000000e+00
0.000000000000000000e+00
0.000000000000000000e+00
0.000000000000000000e+00
0.000000000000000000e+00
0.000000000000000000e+00
0.000000000000000000e+00
0.000000000000000000e+00
0.000000000000000000e+00
0.000000000000000000e+00
0.000000000000000000e+00
0.000000000000000000e+00
0.000000000000000000e+00
0.000000000000000000e+00
0.000000000000000000e+00
0.000000000000000000e+00
0.000000000000000000e+00
0.000000000000000000e+00
0.000000000000000000e+00
0.000000000000000000e+00
0.000000000000000000e+00
0.000000000000000000e+00
0.000000000000000000e+00
0.000000000000000000e+00
0.000000000000000000e+00
0.000000000000000000e+00
0.000000000000000000e+00
0.000000000000000000e+00
0.000000000000000000e+00
0.000000000000000000e+00
0.000000000000000000e+00
0.000000000000000000e+00
0.000000000000000000e+00
0.000000000000000000e+00
0.000000000000000000e+00
0.000000000000000000e+00
0.000000000000000000e+00
0.000000000000000000e+00
0.000000000000000000e+00
0.000000000000000000e+00
0.000000000000000000e+00
0.000000000000000000e+00
0.000000000000000000e+00
0.000000000000000000e+00
0.000000000000000000e+00
0.000000000000000000e+00
0.000000000000000000e+00
0.000000000000000000e+00
0.000000000000000000e+00
0.000000000000000000e+00
0.000000000000000000e+00
0.000000000000000000e+00
0.000000000000000000e+00
0.000000000000000000e+00
0.000000000000000000e+00
0.000000000000000000e+00
0.000000000000000000e+00
0.000000000000000000e+00
0.000000000000000000e+00
0.000000000000000000e+00
0.000000000000000000e+00
