4.742736816406254441e-01
1.232998141500252665e+00
1.654013403414670957e+00
1.619814492147815255e+00
1.502427764039623970e+00
1.564449263732097917e+00
1.168591447356375657e+00
1.632876726650132060e-01
-1.287217098046760100e-01
-6.380944843588849391e-01
-1.024099619348588952e+00
-1.143548466244447059e+00
-3.402706188421866784e-01
7.376002680783858567e-01
3.961556200434701580e-01
-3.592759432651870810e-02
3.997808746576640981e-01
7.537986228088870977e-01
5.473172669104682253e-01
5.928877164130104127e-01
5.283871688563031022e-01
1.767827602122074016e-01
-7.345591011925456382e-02
9.465557202049457164e-02
5.173154895055354086e-02
3.547697407175058881e-01
9.584964877588937338e-01
1.447045543832303105e+00
1.341406926135825017e+00
6.950198612946310028e-01
-1.339559118108639979e-01
5.179750474919897485e-02
-1.506116757979514276e-03
-3.453808985316892954e-01
-6.663562151258174415e-01
-1.190476484916159539e+00
-1.091421802260553298e+00
-6.293097464870593960e-01
-9.625733628769537198e-01
-1.231019729328107548e+00
-1.181200164444892398e+00
-1.226237523939992524e+00
-1.184535763643220552e+00
-1.375895070870943870e-01
3.369604688827722017e-01
-8.937385644601458790e-02
-6.694931214996833191e-01
-3.645243231534953110e-01
-2.525883605392604259e-01
-2.119111483182302136e-01
1.154630702612958193e-01
1.166563178102764109e-01
-5.301153271139597001e-02
8.074211866027200535e-02
5.018885322755306522e-02
-2.131495363005306842e-01
-3.757110742515692992e-01
-2.713402140822714914e-01
2.279606923740252755e-01
9.740847793267610744e-01
1.432544438949007848e+00
8.750746095966990268e-01
4.846088766670957337e-01
5.919547750572726752e-01
8.996995961120377583e-01
-1.206361883995827222e+00
-1.035035811106274517e+00
-1.988152138504510891e-01
1.318911813665398114e+00
1.915869691673854458e+00
1.411091155436755340e+00
5.569100302340255215e-01
-9.344715464956944162e-01
-3.112609681734559430e-01
1.190515334046354345e+00
1.289866759528185192e+00
1.041638984633141529e+00
1.421122863882203990e+00
2.199784687103196745e+00
4.229241350577435110e-01
-1.668003394841701681e+00
-2.421103619582254396e-03
2.198803832353631194e+00
2.080613303537250491e+00
1.712535520228830599e-01
-6.193039725395537154e-01
-1.083193150340741706e+00
-1.818768682329766850e+00
-1.465963498437091950e+00
4.152466552861855398e-02
-1.073728615286600130e+00
-4.006304598480695311e+00
-4.073463470096559291e+00
-1.060951181639488983e+00
4.125051549778557813e-02
-8.392606063537502159e-01
-5.810500463026984086e-01
6.860673474832592600e-01
-6.105734937679436758e-01
-1.194511897016504287e+00
-1.983027980071483398e-01
7.601478073112996059e-01
5.885264580775113608e-01
-1.232285170459661017e-01
-1.191147934851282120e-01
1.815045405070558893e-02
3.982124979705584655e-01
1.477738095109869754e+00
2.219793858771698769e+00
2.427388146777192723e+00
2.776667912945465666e+00
3.041080809782179095e+00
2.866704101767734603e+00
2.140169293425425945e+00
1.875923656229940839e-01
-9.498955314538835015e-01
-4.497094411615485399e-01
7.275233053231036084e-01
2.281881122114499671e-01
-5.857485547117105007e-01
2.128468467961575072e-02
1.127468596694156000e+00
2.162325394271310319e+00
3.616213610449457327e+00
4.755848402970497268e+00
3.117614488500063175e+00
2.002063251772450592e+00
2.210471207591700349e+00
1.487052398054099056e+00
8.093337145441759084e-02
-5.224396871985037549e-02
1.523290623881012218e+00
2.629980875936591023e+00
2.478857275441888497e+00
2.175621497770408475e+00
6.841814237099768103e-01
-1.267875934653952541e+00
2.051794835261882000e-01
6.252128525777354007e-01
-1.836367139992456821e+00
-4.725044849840953631e+00
-4.355304946679250833e+00
-1.671337551440001956e+00
-1.555455194562833654e-01
-4.288093850077601132e-02
4.847570171180102250e-01
7.974287099307177940e-01
-1.546132092584745710e+00
-5.551985279665228923e+00
-3.886268115225058661e+00
-1.972057068867377083e+00
-5.038605719658884041e-01
1.282463587054246901e+00
9.390833976757315682e-01
-1.776676675820537898e+00
-3.168523521520236308e+00
-3.655153523301157392e+00
-2.874933450906832277e+00
-6.075551676600805528e-01
1.685588748182436092e-01
-2.865138817585345166e+00
-1.468625226679878271e+00
2.611171127806815484e+00
2.609433954838465297e+00
4.905995441972703652e-01
-5.107287019885391466e-01
-4.253535750472292598e-01
1.146000677834777548e+00
2.200217209558697817e+00
2.842315561831620485e+00
3.234791578769814713e+00
2.749730244356414222e+00
2.207501531590288391e+00
1.832275682629393554e+00
2.549517872850454836e+00
1.678575222734801864e+00
-1.924482811980237296e+00
-2.643787754200054074e+00
-1.144180011248673523e+00
-2.365359495001307710e+00
-3.763355820614059155e+00
-3.062831449892851055e+00
-2.441509880566325563e+00
-1.482909212589538228e+00
4.014695697531163177e-01
-2.316923038169989013e-01
-2.408079326407131404e+00
-3.747316857470494700e+00
-4.279148721343002393e+00
-4.100644914231112992e+00
-3.597148808706368772e+00
-3.857747493013832685e+00
-4.999021148654685831e+00
-5.260614564125480008e+00
-3.524327093557081181e+00
-2.754324445847037506e+00
-3.698935860999460701e+00
-3.976175349208803667e+00
-2.818404787482360341e+00
-1.006239552761078349e+00
-3.419440787469008036e-01
7.640096881370928017e-02
5.469090765348971761e-01
-1.486207917456194849e-01
-7.537295143300746236e-01
-2.815147960012791550e-01
-3.117603704465166103e-01
-6.413853507512148333e-01
-4.829743002034636579e-01
-5.392981462032514495e-01
-3.959062662006422872e-01
1.266251379096565710e-01
6.983629741050751960e-01
2.167751646433442758e+00
1.554102587783456668e+00
1.542574825553959528e-01
-8.641236710281664513e-01
1.882016083393600603e-01
1.035174898851941361e+00
2.160370253348265379e+00
2.720457927199752213e+00
1.332037366960075797e+00
2.364634165934731413e-02
-4.598005487451874984e-01
-5.103305150056306472e-01
3.609506335104158969e-01
1.221937633953210200e+00
1.307517216045406272e+00
8.031782071527648892e-01
8.400447559873558401e-01
4.855719160026040759e-01
-8.625953428750814389e-01
2.723196844499685687e-01
1.105468949838219084e+00
1.407935646051427403e+00
1.641774362569760726e+00
1.073879765191551705e+00
-5.844719407198237793e-01
-2.034973625532547459e+00
-1.771663860899874710e+00
-7.633468458813528201e-01
-2.365735115541857780e+00
-2.730101562754568167e+00
-1.619449586135038199e+00
-2.303699640947109550e+00
-4.790436472570247517e+00
-4.697659759531240375e+00
-2.098005309850772271e+00
-9.936870542413585028e-01
-2.387436986084658930e+00
-2.334113526815977835e+00
-1.203209597107339768e+00
-1.714684991505611933e+00
-1.711287439844393798e+00
-8.693552356754650212e-01
-3.573011145815901957e-01
-1.157654050035723969e+00
-1.649207288239768587e+00
-6.716951906137003103e-01
2.589055574488584588e-01
-1.547095460373131059e+00
-2.305846760705178244e+00
-1.195559253577894943e+00
-1.754538442227284722e-01
-5.014033091129198594e-01
-5.520063048539245454e-01
-5.464366458165330620e-01
1.882899057564513257e-02
9.502241069487732394e-01
1.217928133649394784e+00
-9.599613276206953039e-02
-9.772845397507876619e-01
-6.786148676131760205e-01
2.538080505782608354e-03
-6.675979236698468267e-01
-4.800780644163625821e-01
1.940257244868881514e-01
8.894071613269430854e-01
7.550259105328886999e-01
5.053271943669821464e-01
3.003819935518731166e-01
2.466079020198932437e-01
7.613437331220356263e-01
1.188970267231548750e+00
8.983827208955039723e-01
6.229535287339280636e-01
7.384265486534458134e-01
6.636478612987708470e-01
6.018641380679866648e-01
5.199373147392281069e-01
8.571531329401449462e-01
2.001220324876542556e+00
3.516175165926926915e+00
4.603143134353715027e+00
4.255859646218717707e+00
2.382358212946669607e+00
-1.977943593662394139e+00
-2.299935055359216385e+00
-2.136535414650675868e+00
-1.702361260043358859e+00
-1.490417384396441447e+00
-1.548010675971479788e+00
-1.599329354741920728e+00
-1.612919553755072455e+00
-1.408409826940437926e+00
-9.340454850693046263e-01
-4.830929046741556654e-01
-2.196192329355060868e-01
-1.386666300188500733e-01
-2.509201327817301985e-01
-5.171934876126136338e-01
-7.729030907992680000e-01
-8.416295939179556651e-01
-5.654011168369018625e-01
-7.186837951642846556e-02
-4.860508839267249637e-01
-7.312085590518301315e-01
-7.074075697804720342e-01
-6.038775824197832875e-01
-5.468847899278339586e-01
-2.951098114564707497e-01
-5.674782316755836442e-01
-1.098588292523215104e+00
-1.051892960763210594e+00
-8.143293436072310820e-01
-1.483286656747978993e+00
-2.063430530381093586e+00
-2.038261888980497982e+00
-1.611674343299445145e+00
-1.149829541613605732e+00
-8.819234889146527756e-01
-3.952066657218479273e-01
-1.212123342422006145e+00
-2.666380238568739625e+00
-3.591841757719344219e+00
-3.509765651135038578e+00
-2.580721007233108821e+00
0.000000000000000000e+00
0.000000000000000000e+00
0.000000000000000000e+00
0.000000000000000000e+00
0.000000000000000000e+00
0.000000000000000000e+00
0.000000000000000000e+00
0.000000000000000000e+00
0.000000000000000000e+00
0.000000000000000000e+00
0.000000000000000000e+00
0.000000000000000000e+00
0.000000000000000000e+00
0.000000000000000000e+00
0.000000000000000000e+00
0.000000000000000000e+00
0.000000000000000000e+00
0.000000000000000000e+00
0.000000000000000000e+00
0.000000000000000000e+00
0.000000000000000000e+00
0.000000000000000000e+00
0.000000000000000000e+00
0.000000000000000000e+00
0.000000000000000000e+00
0.000000000000000000e+00
0.000000000000000000e+00
0.000000000000000000e+00
0.000000000000000000e+00
0.000000000000000000e+00
0.000000000000000000e+00
0.000000000000000000e+00
0.000000000000000000e+00
0.000000000000000000e+00
0.000000000000000000e+00
0.000000000000000000e+00
0.000000000000000000e+00
0.000000000000000000e+00
0.000000000000000000e+00
0.000000000000000000e+00
0.000000000000000000e+00
0.000000000000000000e+00
0.000000000000000000e+00
0.000000000000000000e+00
0.000000000000000000e+00
0.000000000000000000e+00
0.000000000000000000e+00
0.000000000000000000e+00
0.000000000000000000e+00
0.000000000000000000e+00
0.000000000000000000e+00
0.000000000000000000e+00
0.000000000000000000e+00
0.000000000000000000e+00
0.000000000000000000e+00
0.000000000000000000e+00
0.000000000000000000e+00
0.000000000000000000e+00
0.000000000000000000e+00
0.000000000000000000e+00
0.000000000000000000e+00
0.000000000000000000e+00
0.000000000000000000e+00
0.000000000000000000e+00
0.000000000000000000e+00
0.000000000000000000e+00
0.000000000000000000e+00
0.000000000000000000e+00
0.000000000000000000e+00
0.000000000000000000e+00
0.000000000000000000e+00
0.000000000000000000e+00
0.000000000000000000e+00
0.000000000000000000e+00
0.000000000000000000e+00
0.000000000000000000e+00
0.000000000000000000e+00
0.000000000000000000e+00
0.000000000000000000e+00
0.000000000000000000e+00
0.000000000000000000e+00
0.000000000000000000e+00
0.000000000000000000e+00
0.000000000000000000e+00
0.000000000000000000e+00
0.000000000000000000e+00
0.000000000000000000e+00
0.000000000000000000e+00
0.000000000000000000e+00
0.000000000000000000e+00
0.000000000000000000e+00
0.000000000000000000e+00
0.000000000000000000e+00
0.000000000000000000e+00
0.000000000000000000e+00
0.000000000000000000e+00
0.000000000000000000e+00
0.000000000000000000e+00
0.000000000000000000e+00
0.000000000000000000e+00
0.000000000000000000e+00
0.000000000000000000e+00
0.000000000000000000e+00
0.000000000000000000e+00
0.000000000000000000e+00
0.000000000000000000e+00
0.000000000000000000e+00
0.000000000000000000e+00
0.000000000000000000e+00
0.000000000000000000e+00
0.000000000000000000e+00
0.000000000000000000e+00
0.000000000000000000e+00
0.000000000000000000e+00
0.000000000000000000e+00
0.000000000000000000e+00
0.000000000000000000e+00
0.000000000000000000e+00
0.000000000000000000e+00
0.000000000000000000e+00
0.000000000000000000e+00
0.000000000000000000e+00
0.000000000000000000e+00
0.000000000000000000e+00
0.000000000000000000e+00
0.000000000000000000e+00
0.000000000000000000e+00
0.000000000000000000e+00
0.000000000000000000e+00
0.000000000000000000e+00
0.000000000000000000e+00
0.000000000000000000e+00
0.000000000000000000e+00
0.000000000000000000e+00
0.000000000000000000e+00
0.000000000000000000e+00
0.000000000000000000e+00
0.000000000000000000e+00
0.000000000000000000e+00
0.000000000000000000e+00
0.000000000000000000e+00
0.000000000000000000e+00
0.000000000000000000e+00
0.000000000000000000e+00
0.000000000000000000e+00
0.000000000000000000e+00
0.000000000000000000e+00
0.000000000000000000e+00
0.000000000000000000e+00
0.000000000000000000e+00
0.000000000000000000e+00
0.000000000000000000e+00
0.000000000000000000e+00
0.000000000000000000e+00
0.000000000000000000e+00
0.000000000000000000e+00
0.000000000000000000e+00
0.000000000000000000e+00
0.000000000000000000e+00
0.000000000000000000e+00
0.000000000000000000e+00
0.000000000000000000e+00
0.000000000000000000e+00
