-7.338562011718740008e-01
-2.360668303818160840e-01
-3.444013745432652485e-01
-6.058403109049064206e-01
-6.840384873774718599e-01
-5.412258058343761835e-01
-7.601480497359558441e-02
3.414684100571506731e-01
7.343534650973428946e-01
3.305129237740627168e-01
1.984008681661619811e-01
8.876098233223208567e-01
1.501649177962613102e+00
1.193678003598203308e+00
6.696283746722497821e-01
9.739086399168885855e-01
1.558628777700645784e-01
-2.770796140777269656e-01
3.850221217385965122e-01
-1.580792656939673524e+00
-1.249745607238945899e+00
1.565676818857588692e-01
5.240571203828308100e-01
-9.907853367394192645e-01
-4.541670779080231313e-02
1.739525305443040182e+00
2.066219263144503770e+00
2.935707784836903755e+00
-1.123178382306150969e+00
-3.192688861734923833e+00
1.699099338720479579e+00
5.965945616040167820e+00
4.433636404505122641e+00
-4.095629464979282375e-01
8.242775943167055530e-01
3.722885767181373318e+00
-7.324769163894231383e-01
-1.529637259683745310e+00
9.740399624015716462e-01
2.662756196505092987e+00
-4.800972191370989073e-02
3.711120858591545613e-01
5.173164925514239787e-01
-1.193334129447695124e+00
1.251155472272129643e-01
2.418213463714334210e+00
1.575745583898533475e+00
-3.966432633381615780e-01
-2.894969027836309383e-01
4.841828857910970285e-01
3.536681726226735822e-01
-6.593698436731010304e-01
-1.363232995290257987e+00
-7.190251081597038851e-01
8.140764310437691442e-01
-9.955258062790262041e-02
-1.182005869344392224e+00
-1.347988390132837111e-01
4.455331235085817632e-01
-5.364915816407078708e-02
-5.277565321967782053e-01
-7.633900126139137043e-02
6.256904411013102241e-01
-6.370365258255117347e-02
-1.018842013240493838e+00
-3.410593424223019587e-01
3.788609591848507430e-01
6.411071673617128042e-01
3.433693204258886911e-01
-5.826588225782440567e-02
-1.036407638251569674e-01
4.879823799444459043e-02
-2.727368578319963044e-01
-2.663161218269043951e-01
3.069261958048690175e-01
8.703493353151336986e-02
-6.513185226191308130e-01
-2.388277060739912860e-01
3.950857928203957981e-01
-5.870938700539429789e-02
-5.090739450927638243e-01
7.674924167320829049e-02
8.213825088148769549e-01
2.705983491010654496e-01
-4.985947156310870376e-01
6.211181608211602256e-02
5.751269746032718899e-01
-2.572433091514325643e-02
-6.869055864491442343e-01
-5.233605010204676056e-01
-4.507317167183777507e-03
6.689713810811549477e-01
2.996041961519939623e-01
-4.181202194659435767e-01
-2.588854018736080898e-01
-3.266489132935691542e-01
-1.008992763951740645e+00
-9.743959533851578314e-01
2.550190039656017316e-01
1.347889381494018046e+00
4.198218644531376276e-01
-4.532438361063824139e-01
2.151905980645545946e-01
3.474588640398790229e-01
-8.920687956773774019e-01
-1.758947944871394720e+00
-2.890113517997967563e-01
1.407121176646776828e+00
-4.805020654233402855e-01
-2.025656188853552475e+00
4.646014487038131469e-01
6.666311249129699412e-01
-1.772574564452404466e+00
-3.004293179981254003e+00
7.759758139847927616e-01
2.819873844347728920e+00
-8.413023958855947448e-01
-3.834165946649672030e+00
-7.037323543318934060e-01
1.886327030154374196e+00
-2.418895800906159188e+00
-6.215716506664850094e+00
-2.657379546019038585e-01
5.114024692046026388e+00
1.737715780173127555e+00
-2.350140488532960870e+00
2.126763181975173111e-01
3.203330993714869734e+00
1.022005389558198640e+00
-1.010123741920481155e+00
6.223911666225488970e-01
2.284976616577222064e+00
3.431984599955728577e-01
-1.480819941410504992e+00
-6.462371574782495021e-01
1.353320545973759614e+00
4.166010545343199478e-01
-3.880354944383566096e-01
-4.869085916611107789e-01
1.093062085424242769e+00
6.154318845190687171e-01
-4.696971205955303708e-01
-8.261490801682536134e-01
3.662012399841685362e-02
7.044547493449334619e-01
7.720295754416619527e-01
5.596387654014419732e-01
1.564752673105754832e-01
-4.089911780620092419e-01
-9.480582592484382287e-01
-1.157333367249820721e+00
-7.559388526971743127e-01
-1.788389692795744335e-01
1.979646927776426146e-01
2.636225518651498234e-01
1.891010103169363799e-01
6.784812306914411728e-02
-1.222802407497562971e-01
-2.827565349534946204e-01
-3.671330101066524465e-01
-3.858690802826709731e-01
-3.288006240908620814e-01
-1.888960807826933763e-01
1.837263491026615014e-01
7.452966427171525687e-01
9.912394841390936850e-01
8.376959961093065621e-01
3.889907783623417492e-01
-2.087586246520665156e-01
-5.516998085971233090e-01
-7.629072662250452330e-01
-7.437845856552615098e-01
-4.653985820219930236e-01
2.443828579104068144e-02
5.076628246589395266e-01
6.773116101292393498e-01
4.413811154829058170e-01
-4.759674200436059266e-02
-5.081200486712447173e-01
-7.067684182274752702e-01
-5.468365332777813670e-01
-7.719803307913553070e-02
4.154534738954234196e-01
7.093147773281156532e-01
7.560311927952821920e-01
5.915321796610530924e-01
1.308246381413877835e-01
-5.512091064885112912e-01
-9.579202632978561782e-01
-1.041695368528035903e+00
-9.072783315435579699e-01
-4.317110237893609925e-01
-8.496354857502774749e-03
2.217993309290868797e-01
2.764391838114264033e-01
2.025431623465805409e-01
1.239274659060598527e-01
-5.681664696608024201e-03
-2.510580518335181477e-01
-4.501462196876543365e-01
-5.046691382155517047e-01
-3.135252095481093626e-01
1.921832513467510717e-01
7.750669616237874093e-01
1.000135559847164402e+00
8.639142130438799416e-01
5.051152211647552681e-01
-2.185040067179976342e-01
-9.630332807301863474e-01
-1.054889405131500979e+00
-5.806143591836171458e-01
1.063110550149615197e-01
4.477882283091616511e-02
-4.844221089897939869e-01
-4.939729724335015781e-01
3.776686806597269186e-01
-8.758256753901079161e-01
-1.359202062036616532e+00
-3.200337986600167994e-01
8.877205155385198276e-01
-5.782023789755185161e-01
-1.236661806360767946e+00
-9.820673720729784506e-01
4.565665017044384655e-01
-1.368714834687054793e+00
-3.870683192462146316e+00
-2.393423890762162998e+00
1.307300706581645988e+00
-2.008895235489319919e+00
-5.846806162005977470e+00
-2.397636066318276526e+00
2.417508587016120369e+00
-1.488763447816769947e-01
-2.361505527367323776e+00
2.853699020087309801e+00
6.063581738274956834e+00
1.466319545535158309e+00
-2.262206860251916751e+00
6.186279658829301198e-01
2.337254024305749134e+00
8.669973567829648564e-01
-1.578221367912407525e+00
6.765459367604567120e-01
3.189432315825055930e+00
1.303728275052166374e+00
-1.504275045830204771e+00
3.560330694735149848e-01
1.959726857322206417e+00
9.314122908341377904e-01
-3.949163523854652968e-01
8.269577149001937633e-01
1.501880446579665129e+00
-3.434078709971966070e-02
-1.486858987029643808e+00
-9.954761167338885830e-01
-7.592108777321970869e-02
2.379554721206722512e-02
-2.551616897156436803e-01
8.226110801538846218e-01
1.389660944735011228e+00
5.784613754708061162e-01
-2.273666966665994771e-01
-2.043186385494398793e-01
2.050194400442353904e-01
3.139079472904442447e-01
-1.475119552835622017e-01
1.137245998666213120e-01
4.980672209019494923e-01
5.861201513957681186e-01
-3.073344467083256593e-01
-8.890343776809571663e-01
-3.301690237826895857e-01
2.727874011945645716e-01
-2.097103395706256812e-01
-6.691352636708641777e-01
2.760747003070893602e-01
7.518346941347576751e-01
2.268815296621692346e-01
-2.384452374543100106e-02
5.456528045394087867e-01
4.903164593022032447e-01
3.009726558106690097e-01
7.055322247302819871e-02
2.954135568624152164e-01
-1.671793861850531249e-01
-9.395208043327021308e-01
-1.138687697535518017e+00
-5.451283722434213663e-01
-3.273254416087021390e-01
-1.107699248254879532e+00
-1.026773085561073273e+00
-3.960158917877630858e-01
-1.856976700754726650e-01
-9.069608063529021047e-01
-1.654523377140415530e+00
-4.252295439792914689e-01
2.448874039475255060e-01
-9.396663327139118671e-01
-1.045381508045652552e+00
3.139561047717617237e-01
1.247401719633611794e+00
6.249171768275234573e-01
-1.012802580560058452e+00
-7.912558001743129621e-01
7.181726892789815908e-01
5.082603712204076807e-01
-1.799481628517336507e+00
-2.458016073541896329e+00
-9.173498766405259186e-01
-1.428215585695919998e-01
6.489971897530955047e-02
5.675415410153483720e-04
-1.170001382896465714e+00
-7.723942016565481516e-01
2.429375068075265709e-01
1.547144489056824224e-01
-2.819490869820665324e+00
-3.926007595771558556e+00
-3.261131015568811797e+00
-2.867779058460774522e+00
-5.201218851584195058e+00
-5.916984931031969097e+00
-1.876196907929056135e+00
3.360804769518021651e+00
2.909060443729573286e+00
1.424263339660236660e+00
3.880707446893537416e+00
8.334790843983231667e+00
8.575807322813311373e+00
2.420020749951567574e+00
-4.563847420633990737e-01
2.880661462853525201e+00
3.224096597157893207e+00
1.556748559704931090e+00
4.877642510669977227e-01
4.758066391762638681e-01
1.563496489968398295e+00
2.614563698285614635e-01
-1.940513380271455146e+00
-3.188857036694358271e+00
-5.069258128454028345e-01
2.647959324655048796e+00
4.533979693824146118e+00
3.180916671397162165e+00
1.788968358491034749e+00
1.545634797235615920e+00
1.158918487325683699e+00
2.786259949496550092e-02
-5.912505483472334511e-01
-3.201608477772333039e-01
1.030221809182076731e+00
1.167227561303424865e+00
7.483712613633760613e-01
1.779239659908745663e+00
3.096301887844107092e+00
3.613002462673810644e+00
3.183232676202223388e+00
1.834304599845954398e+00
0.000000000000000000e+00
0.000000000000000000e+00
0.000000000000000000e+00
0.000000000000000000e+00
0.000000000000000000e+00
0.000000000000000000e+00
0.000000000000000000e+00
0.000000000000000000e+00
0.000000000000000000e+00
0.000000000000000000e+00
0.000000000000000000e+00
0.000000000000000000e+00
0.000000000000000000e+00
0.000000000000000000e+00
0.000000000000000000e+00
0.000000000000000000e+00
0.000000000000000000e+00
0.000000000000000000e+00
0.000000000000000000e+00
0.000000000000000000e+00
0.000000000000000000e+00
0.000000000000000000e+00
0.000000000000000000e+00
0.000000000000000000e+00
0.000000000000000000e+00
0.000000000000000000e+00
0.000000000000000000e+00
0.000000000000000000e+00
0.000000000000000000e+00
0.000000000000000000e+00
0.000000000000000000e+00
0.000000000000000000e+00
0.000000000000000000e+00
0.000000000000000000e+00
0.000000000000000000e+00
0.000000000000000000e+00
0.000000000000000000e+00
0.000000000000000000e+00
0.000000000000000000e+00
0.000000000000000000e+00
0.000000000000000000e+00
0.000000000000000000e+00
0.000000000000000000e+00
0.000000000000000000e+00
0.000000000000000000e+00
0.000000000000000000e+00
0.000000000000000000e+00
0.000000000000000000e+00
0.000000000000000000e+00
0.000000000000000000e+00
0.000000000000000000e+00
0.000000000000000000e+00
0.000000000000000000e+00
0.000000000000000000e+00
0.000000000000000000e+00
0.000000000000000000e+00
0.000000000000000000e+00
0.000000000000000000e+00
0.000000000000000000e+00
0.000000000000000000e+00
0.000000000000000000e+00
0.000000000000000000e+00
0.000000000000000000e+00
0.000000000000000000e+00
0.000000000000000000e+00
0.000000000000000000e+00
0.000000000000000000e+00
0.000000000000000000e+00
0.000000000000000000e+00
0.000000000000000000e+00
0.000000000000000000e+00
0.000000000000000000e+00
0.000000000000000000e+00
0.000000000000000000e+00
0.000000000000000000e+00
0.000000000000000000e+00
0.000000000000000000e+00
0.000000000000000000e+00
0.000000000000000000e+00
0.000000000000000000e+00
0.000000000000000000e+00
0.000000000000000000e+00
0.000000000000000000e+00
0.000000000000000000e+00
0.000000000000000000e+00
0.000000000000000000e+00
0.000000000000000000e+00
0.000000000000000000e+00
0.000000000000000000e+00
0.000000000000000000e+00
0.000000000000000000e+00
0.000000000000000000e+00
0.000000000000000000e+00
0.000000000000000000e+00
0.000000000000000000e+00
0.000000000000000000e+00
0.000000000000000000e+00
0.000000000000000000e+00
0.000000000000000000e+00
0.000000000000000000e+00
0.000000000000000000e+00
0.000000000000000000e+00
0.000000000000000000e+00
0.000000000000000000e+00
0.000000000000000000e+00
0.000000000000000000e+00
0.000000000000000000e+00
0.000000000000000000e+00
0.000000000000000000e+00
0.000000000000000000e+00
0.000000000000000000e+00
0.000000000000000000e+00
0.000000000000000000e+00
0.000000000000000000e+00
0.000000000000000000e+00
0.000000000000000000e+00
0.000000000000000000e+00
0.000000000000000000e+00
0.000000000000000000e+00
0.000000000000000000e+00
0.000000000000000000e+00
0.000000000000000000e+00
0.000000000000000000e+00
0.000000000000000000e+00
0.000000000000000000e+00
0.000000000000000000e+00
0.000000000000000000e+00
0.000000000000000000e+00
0.000000000000000000e+00
0.000000000000000000e+00
0.000000000000000000e+00
0.000000000000000000e+00
0.000000000000000000e+00
0.000000000000000000e+00
0.000000000000000000e+00
0.000000000000000000e+00
0.000000000000000000e+00
0.000000000000000000e+00
0.000000000000000000e+00
0.000000000000000000e+00
0.000000000000000000e+00
0.000000000000000000e+00
