1.372802734375000000e+00
1.147535861485521558e+00
5.989355939357696723e-01
3.297781939946498042e-02
1.823632266185106765e-01
3.038459911732216412e-02
1.683569031347269540e-01
-2.209237247545758898e-01
-8.452629412927643582e-01
-1.253749708791175088e+00
-1.514099487527574617e+00
-1.351637125563106778e+00
-8.480712953098688001e-01
3.259261552942691043e-01
1.719921063900324842e-01
5.205132303933839300e-01
7.829754464797764602e-01
3.192057026202113068e-01
7.414297926436516084e-01
7.039204309406481563e-01
2.228317936910122476e-01
-3.023153485946283858e-01
-4.291105148563412186e-01
1.791183535637830282e-02
-2.337292714212775291e-01
-7.188392496869728809e-01
-5.727224907360128903e-01
-7.461317885621812085e-01
-8.929615942158564135e-01
-7.016315028797359687e-01
-1.029991376468664566e+00
-1.224896626688245727e+00
-1.405982694763581176e+00
-1.186931308896035375e+00
-1.375450716062606382e+00
-1.066257354077831065e+00
-8.588787757025488911e-01
-1.502187760540493189e+00
-1.461272598408300816e+00
-2.937576006982229870e-01
9.028500268575596621e-01
1.098995064968864011e-01
-1.413198272623590324e-01
5.602530162024206284e-01
9.056735317626980475e-01
3.033451475188764235e-01
-3.779208588339328934e-01
-3.175650540337495720e-01
5.977955778197556747e-01
-4.789800177984357976e-01
-8.788966244133309402e-01
-7.790905088244048926e-02
8.629664027469883258e-01
5.424580669678942257e-01
-2.482244321123265873e-01
2.033041907524176239e-01
1.204337997143689609e-01
-7.304147048862463798e-01
-1.169904604554595107e+00
-9.186550003698492617e-01
-3.236456105304208464e-01
-7.600244357476704238e-02
-1.848267718396949810e-01
2.345944442131057128e-01
7.896310436719257142e-01
5.504639470700121162e-01
7.446555329733861583e-02
-4.346601392166926647e-01
-1.240228808490262402e-02
8.777265048738822628e-01
8.069191649098925723e-01
-2.544408572053530326e-01
4.070938202044009913e-01
9.031506576644554585e-01
4.291538680982158738e-01
-4.828048140680314404e-01
-8.943497251031975459e-01
3.805840545289993493e-01
3.997202926540976975e-01
-7.915721767370824669e-01
1.365935861313287703e-01
7.803260093420483212e-01
-5.761117413388832098e-01
-1.366359097219757679e+00
2.503278334377270209e-01
1.749598405630329534e+00
4.378426813679965335e-01
-1.355199066646670225e+00
-4.564210448298751110e-01
-1.477062109782991683e-01
-2.021710681603846815e+00
-1.862530997636248742e+00
8.845250371949384682e-01
1.972997073476574492e+00
2.104548731630915714e+00
1.517206311432071963e+00
4.140868763170528766e-01
5.486484344344031427e-01
-3.436739935803285739e-01
-2.154975165059585862e+00
-5.686448660124276966e-01
1.029908630601084729e+00
-8.372441644794028637e-01
4.473863690540720306e-01
1.465022790052375790e+00
2.543709813121441954e-01
-1.162938069924210893e-01
6.920934539825525089e-01
1.724151642688243058e-02
-9.158527773421303309e-01
-1.408217322374188285e+00
-3.117251371959498529e-01
7.816732287400109946e-01
9.755120169872255609e-02
-6.651509763776592976e-01
-1.071289980952200072e+00
-1.411300077922912344e-01
5.717208951912955417e-01
1.000742109804975133e+00
2.971816706284393650e-01
-8.520133441092492266e-01
-7.992603202874535295e-01
1.892131685374329741e-01
7.891543730686656488e-01
7.284467955218820734e-01
2.657840062225629296e-01
-3.445551883881299293e-01
-4.863826303561635811e-01
5.080739334546441333e-01
-2.762910960241863334e-01
-4.916235985127970221e-01
4.353781671505818629e-01
4.331871009484733470e-02
-3.586116990704597551e-01
2.419995599125845942e-01
2.843417626157100919e-01
-3.660187988424379313e-02
2.609410615095990593e-01
1.793279007650738777e-02
-4.284317211009407433e-01
2.249272385609092373e-01
1.899784063141933821e-01
-3.345922217603640725e-01
-3.434070405730853537e-01
3.763313027670983635e-01
-2.440641877277773819e-01
-2.265114734774640315e-01
3.255323794139859395e-01
1.118560797730592249e-01
-4.008629173749711505e-01
-2.556495258712492280e-01
2.550180293309286528e-01
1.309604500221903667e-01
3.799855027376120020e-01
2.341067119649582473e-01
-2.517977479489492687e-01
-2.820404366381890071e-01
1.534913228499790172e-02
1.212585687731770889e-01
2.757499445635613888e-01
1.970693275684514134e-01
-1.605641654647893546e-01
-2.370003068302213300e-01
6.995944611468996044e-02
2.316796251423989261e-01
1.381970044474196690e-01
1.278405106650535306e-01
7.666954879082465979e-02
-6.793396176648469620e-02
-1.514263528261596825e-01
-1.057693957851055799e-01
-2.865940098725938689e-02
5.292256936534633915e-02
1.280132661945032613e-01
-9.590586675677226225e-02
1.157015616469658781e-02
8.550710957272267265e-02
3.771209119622165318e-02
2.930843107559031324e-01
3.527921541177567732e-01
1.249556103701872090e-01
1.923928651276920476e-01
7.035547265744668266e-02
-1.827430663329021598e-01
1.283136198788721316e-01
3.222584879954593085e-01
-5.269807371862436085e-01
2.651244849426139805e-01
4.783626875536022283e-01
-3.436573014260844161e-01
1.125850223472850686e-01
4.421900551777788735e-01
3.694391730248587358e-01
1.078822129156833398e+00
1.187736697126836383e+00
7.006698057092806131e-01
8.280548090673032213e-01
3.916908208598934849e-01
1.423599313479679829e-01
9.245319813901495820e-01
3.852979741381767909e-01
-6.191237310545854022e-01
6.450236303462997256e-02
-1.155376096566453903e+00
-2.124568414700529928e+00
-1.014811148841894495e+00
-1.518139438954249965e+00
-2.252889643689429455e+00
-1.018461925019441550e+00
-2.504024110725945107e+00
-1.550321773296687855e+00
4.176469335367842817e-01
-5.452642842225574604e-01
-9.424304505172154123e-02
1.111621132877096407e-01
3.730038321168287485e-01
5.101672093249427498e-01
-4.805817616525098757e-01
6.182022516200129658e-01
5.818061807609831160e-01
-2.145241370037944684e-01
-7.095336914062500000e-01
-2.145241370037944684e-01
5.818061807609831160e-01
6.182022516200129658e-01
-4.805817616525098757e-01
5.101672093249427498e-01
3.730038321168287485e-01
1.111621132877096407e-01
-9.424304505172154123e-02
-5.452642842225574604e-01
4.176469335367842817e-01
-1.550321773296687855e+00
-2.504024110725945107e+00
-1.018461925019441550e+00
-2.252889643689429455e+00
-1.518139438954249965e+00
-1.014811148841894495e+00
-2.124568414700529928e+00
-1.155376096566453903e+00
6.450236303462997256e-02
-6.191237310545854022e-01
3.852979741381767909e-01
9.245319813901495820e-01
1.423599313479679829e-01
3.916908208598934849e-01
8.280548090673032213e-01
7.006698057092806131e-01
1.187736697126836383e+00
1.078822129156833398e+00
3.694391730248587358e-01
4.421900551777788735e-01
1.125850223472850686e-01
-3.436573014260844161e-01
4.783626875536022283e-01
2.651244849426139805e-01
-5.269807371862436085e-01
3.222584879954593085e-01
1.283136198788721316e-01
-1.827430663329021598e-01
7.035547265744668266e-02
1.923928651276920476e-01
1.249556103701872090e-01
3.527921541177567732e-01
2.930843107559031324e-01
3.771209119622165318e-02
8.550710957272267265e-02
1.157015616469658781e-02
-9.590586675677226225e-02
1.280132661945032613e-01
5.292256936534633915e-02
-2.865940098725938689e-02
-1.057693957851055799e-01
-1.514263528261596825e-01
-6.793396176648469620e-02
7.666954879082465979e-02
1.278405106650535306e-01
1.381970044474196690e-01
2.316796251423989261e-01
6.995944611468996044e-02
-2.370003068302213300e-01
-1.605641654647893546e-01
1.970693275684514134e-01
2.757499445635613888e-01
1.212585687731770889e-01
1.534913228499790172e-02
-2.820404366381890071e-01
-2.517977479489492687e-01
2.341067119649582473e-01
3.799855027376120020e-01
1.309604500221903667e-01
2.550180293309286528e-01
-2.556495258712492280e-01
-4.008629173749711505e-01
1.118560797730592249e-01
3.255323794139859395e-01
-2.265114734774640315e-01
-2.440641877277773819e-01
3.763313027670983635e-01
-3.434070405730853537e-01
-3.345922217603640725e-01
1.899784063141933821e-01
2.249272385609092373e-01
-4.284317211009407433e-01
1.793279007650738777e-02
2.609410615095990593e-01
-3.660187988424379313e-02
2.843417626157100919e-01
2.419995599125845942e-01
-3.586116990704597551e-01
4.331871009484733470e-02
4.353781671505818629e-01
-4.916235985127970221e-01
-2.762910960241863334e-01
5.080739334546441333e-01
-4.863826303561635811e-01
-3.445551883881299293e-01
2.657840062225629296e-01
7.284467955218820734e-01
7.891543730686656488e-01
1.892131685374329741e-01
-7.992603202874535295e-01
-8.520133441092492266e-01
2.971816706284393650e-01
1.000742109804975133e+00
5.717208951912955417e-01
-1.411300077922912344e-01
-1.071289980952200072e+00
-6.651509763776592976e-01
9.755120169872255609e-02
7.816732287400109946e-01
-3.117251371959498529e-01
-1.408217322374188285e+00
-9.158527773421303309e-01
1.724151642688243058e-02
6.920934539825525089e-01
-1.162938069924210893e-01
2.543709813121441954e-01
1.465022790052375790e+00
4.473863690540720306e-01
-8.372441644794028637e-01
1.029908630601084729e+00
-5.686448660124276966e-01
-2.154975165059585862e+00
-3.436739935803285739e-01
5.486484344344031427e-01
4.140868763170528766e-01
1.517206311432071963e+00
2.104548731630915714e+00
1.972997073476574492e+00
8.845250371949384682e-01
-1.862530997636248742e+00
-2.021710681603846815e+00
-1.477062109782991683e-01
-4.564210448298751110e-01
-1.355199066646670225e+00
4.378426813679965335e-01
1.749598405630329534e+00
2.503278334377270209e-01
-1.366359097219757679e+00
-5.761117413388832098e-01
7.803260093420483212e-01
1.365935861313287703e-01
-7.915721767370824669e-01
3.997202926540976975e-01
3.805840545289993493e-01
-8.943497251031975459e-01
-4.828048140680314404e-01
4.291538680982158738e-01
9.031506576644554585e-01
4.070938202044009913e-01
-2.544408572053530326e-01
8.069191649098925723e-01
8.777265048738822628e-01
-1.240228808490262402e-02
-4.346601392166926647e-01
7.446555329733861583e-02
5.504639470700121162e-01
7.896310436719257142e-01
2.345944442131057128e-01
-1.848267718396949810e-01
-7.600244357476704238e-02
-3.236456105304208464e-01
-9.186550003698492617e-01
-1.169904604554595107e+00
-7.304147048862463798e-01
1.204337997143689609e-01
2.033041907524176239e-01
-2.482244321123265873e-01
5.424580669678942257e-01
8.629664027469883258e-01
-7.790905088244048926e-02
-8.788966244133309402e-01
-4.789800177984357976e-01
5.977955778197556747e-01
-3.175650540337495720e-01
-3.779208588339328934e-01
3.033451475188764235e-01
9.056735317626980475e-01
5.602530162024206284e-01
-1.413198272623590324e-01
1.098995064968864011e-01
9.028500268575596621e-01
-2.937576006982229870e-01
-1.461272598408300816e+00
-1.502187760540493189e+00
-8.588787757025488911e-01
-1.066257354077831065e+00
-1.375450716062606382e+00
-1.186931308896035375e+00
-1.405982694763581176e+00
-1.224896626688245727e+00
-1.029991376468664566e+00
-7.016315028797359687e-01
-8.929615942158564135e-01
-7.461317885621812085e-01
-5.727224907360128903e-01
-7.188392496869728809e-01
-2.337292714212775291e-01
1.791183535637830282e-02
-4.291105148563412186e-01
-3.023153485946283858e-01
2.228317936910122476e-01
7.039204309406481563e-01
7.414297926436516084e-01
3.192057026202113068e-01
7.829754464797764602e-01
5.205132303933839300e-01
1.719921063900324842e-01
3.259261552942691043e-01
-8.480712953098688001e-01
-1.351637125563106778e+00
-1.514099487527574617e+00
-1.253749708791175088e+00
-8.452629412927643582e-01
-2.209237247545758898e-01
1.683569031347269540e-01
3.038459911732216412e-02
1.823632266185106765e-01
3.297781939946498042e-02
5.989355939357696723e-01
1.147535861485521558e+00
0.000000000000000000e+00
0.000000000000000000e+00
0.000000000000000000e+00
0.000000000000000000e+00
0.000000000000000000e+00
0.000000000000000000e+00
0.000000000000000000e+00
0.000000000000000000e+00
0.000000000000000000e+00
0.000000000000000000e+00
0.000000000000000000e+00
0.000000000000000000e+00
0.000000000000000000e+00
0.000000000000000000e+00
0.000000000000000000e+00
0.000000000000000000e+00
0.000000000000000000e+00
0.000000000000000000e+00
0.000000000000000000e+00
0.000000000000000000e+00
0.000000000000000000e+00
0.000000000000000000e+00
0.000000000000000000e+00
0.000000000000000000e+00
0.000000000000000000e+00
0.000000000000000000e+00
0.000000000000000000e+00
0.000000000000000000e+00
0.000000000000000000e+00
0.000000000000000000e+00
0.000000000000000000e+00
0.000000000000000000e+00
0.000000000000000000e+00
0.000000000000000000e+00
0.000000000000000000e+00
0.000000000000000000e+00
0.000000000000000000e+00
0.000000000000000000e+00
0.000000000000000000e+00
0.000000000000000000e+00
0.000000000000000000e+00
0.000000000000000000e+00
0.000000000000000000e+00
0.000000000000000000e+00
0.000000000000000000e+00
0.000000000000000000e+00
0.000000000000000000e+00
0.000000000000000000e+00
0.000000000000000000e+00
0.000000000000000000e+00
0.000000000000000000e+00
0.000000000000000000e+00
0.000000000000000000e+00
0.000000000000000000e+00
0.000000000000000000e+00
0.000000000000000000e+00
0.000000000000000000e+00
0.000000000000000000e+00
