-1.485595703125000000e-01
-1.462069000183247591e-01
-1.601200777329760405e-01
-1.988754383021089645e-01
-2.459572578431599155e-01
-2.947609422050941896e-01
-3.166836108900972224e-01
-3.702066960790452166e-01
-5.338637966217949504e-01
-7.084911149664867569e-01
-6.748221938312486401e-01
-6.953647480133675618e-01
-7.463238745581577405e-01
-7.223650820956140084e-01
-5.217340275439275032e-01
-3.136870573389946015e-01
-1.738989367673640096e-01
-7.848876256303310983e-02
-6.149742620611436950e-03
-2.660206476131764530e-01
-2.782060001222081969e-01
-2.986849385691302539e-01
-4.070822539610968738e-01
-6.053369098423413419e-01
-7.397018368582293224e-01
-6.895897446570589118e-01
-6.871457209662716892e-01
-6.669834582925515676e-01
-7.036337958455916031e-01
-5.546170781110490999e-01
-2.490270311716331619e-01
-6.535013812481360596e-02
-4.557069187535639498e-02
-2.284917003464768948e-01
-1.569973620252492208e-01
-9.117878720741934284e-02
-7.740308659403116742e-03
6.521293161676458561e-02
-1.356027345842349824e-02
1.887587738859708986e-01
5.012598276178111822e-01
6.347814394930240134e-01
6.110660255300695010e-01
4.848742973030738534e-01
3.165549151323309163e-01
2.382602702154863472e-01
2.553190278956304349e-01
2.568429294456756606e-01
2.671741504786652732e-01
2.264062335097737355e-01
1.420493824277431205e-01
1.605450070470508805e-01
2.381821394240414835e-01
2.619932550302027097e-01
2.131649677320610059e-01
1.554633673300575003e-01
1.096090937307481195e-01
9.074352399416063530e-02
1.004065083843576067e-01
1.450098913797944200e-01
2.381897929521971657e-01
2.627601121767780823e-01
2.209918748692777657e-01
1.409296141915103995e-01
1.059924065123835635e-01
1.112498248390580979e-01
1.298914136610991865e-01
1.578146320453965301e-01
1.625342724549034557e-01
1.272106328293750310e-01
-2.268298529273846120e-02
-1.545962720466143858e-01
-1.322136913367667199e-01
-7.756745306391354955e-02
-1.721316003725803512e-02
2.903139387877451405e-02
3.445106128939592893e-02
1.433791573886974979e-02
-7.898263642059827339e-02
-1.848204443803743713e-01
-2.525658868974939297e-01
-2.534176820428121202e-01
-1.948277607283952495e-01
-1.991170472740232955e-01
-1.861495705890825747e-01
-1.427156845818341180e-01
-1.296984245501301147e-01
-1.536032795768072223e-01
-1.947649384688536767e-01
-2.237761171742102817e-01
-1.980497935383110919e-01
-1.810638245919327927e-01
-1.833314639398211654e-01
-1.544552516796634245e-01
-1.323448301506970348e-01
-1.419286586676622997e-01
-1.165049380234311205e-01
-8.722922368179419905e-02
-9.068667654588258298e-02
-1.155692123331159560e-01
-1.474373674473849760e-01
-1.369594953095259471e-01
-1.007417562484972939e-01
-1.007114907144495142e-01
-1.131717688313532144e-01
-1.089352989128913318e-01
-1.080496455936353351e-01
-8.872213544534435226e-02
-4.029095777962737879e-02
1.012093398985514092e-02
5.259917266689223547e-02
5.331928036721372832e-02
1.914761184323932053e-02
1.845312235833601600e-02
4.386573004253685459e-02
5.835593882636413987e-02
6.940799893203403181e-02
8.841159575544738081e-02
1.146978851552564183e-01
1.470221083560967201e-01
1.546031564110257883e-01
4.333721113109484380e-02
-4.608472006727171166e-02
-1.099234562512968194e-01
-1.218229709968242092e-01
-1.096484234832957316e-01
-1.003087521110327396e-01
-8.629280863587673878e-02
-5.149706974972706464e-02
6.601242503380566617e-03
4.125108920837372573e-02
2.108737469998939185e-02
-3.903108166175839333e-03
-1.056374459541487010e-03
4.615525716971546899e-03
-3.053446895873723754e-03
-2.642196115705158777e-02
-5.517939403568522527e-02
-7.990990472248915566e-02
-9.301285144307047670e-02
-7.774485432807032304e-02
-4.031618111019608097e-02
-2.081800930071880940e-02
-2.965572433932839314e-02
-4.559422764350432034e-02
-5.143076555708919750e-02
-6.649217314564476178e-02
-1.123414967099525819e-01
-1.668545023826381313e-01
-1.724476290962368985e-01
-1.438435934702723129e-01
-1.335312351813817966e-01
-1.274628343248937756e-01
-1.507375077587142231e-01
-2.011410749562916878e-01
-2.651053275038806056e-01
-2.852367657341509655e-01
-2.451642028883793401e-01
-1.873675489488461909e-01
-1.792580533754867533e-01
-1.750041905005057241e-01
-1.333698508252052495e-01
-9.557809739563710716e-02
-1.067096271762194570e-01
-1.462883038308580019e-01
-1.633702442888743667e-01
-1.416908836716149755e-01
-1.015510442641682221e-01
-3.636070324811607746e-02
4.250705791639802777e-02
1.169405113679386765e-01
1.433608759598354598e-01
2.645861926046089163e-02
-1.072412561092901673e-01
-1.079670886333835567e-01
-3.677957422048105940e-02
6.050703503493942703e-02
1.762894629139239999e-01
2.648923230772782800e-01
2.087793599566197256e-01
3.462460474780865161e-02
-1.341972356578768344e-01
-1.730104188616178873e-01
-8.762177321018649323e-02
3.954594341281658654e-02
1.063624048676332645e-01
1.672357418834153342e-01
2.347062842944828698e-01
2.163710818684663750e-01
1.571448890080486827e-01
1.605647522934862126e-01
2.020286202213835702e-01
2.030902904722548530e-01
1.604262551484006982e-01
6.153707761569160439e-02
-2.623410401220982457e-02
6.898629898263175519e-04
8.629464112352602800e-02
2.377256941291767678e-01
4.349387253154526345e-01
6.345563899030317589e-01
9.105340153391985325e-01
1.165790557751665846e+00
9.653685913545775321e-01
5.130135711884842298e-01
-8.246865259277991189e-02
-4.328355533478788764e-01
-1.196189392862467005e-01
-8.362853510945206237e-02
-6.458755330596613886e-01
-1.546140783265500307e+00
-2.431299038151798264e+00
-2.397022662030730888e+00
-1.815468811551210981e+00
-1.240520922952300653e+00
-7.631634189790168499e-01
-3.207205180976990810e-01
4.086132235505375299e-01
1.024093417714858179e+00
1.277745802507709749e+00
1.077910826299709246e+00
7.448748588284122008e-01
6.083800136517640844e-01
7.494739043276077428e-02
-4.376558275978357226e-01
-1.158463776101935183e+00
-1.802570601294051666e+00
-1.981991732968576114e+00
-1.754740590314696869e+00
-1.295499632037137694e+00
-9.179132893732178111e-01
-5.924831155928853565e-01
-3.161062505712197712e-02
3.088326020316818354e-01
4.927478698252962808e-01
4.596716346936386977e-01
2.801899650537015285e-01
2.930442232371004430e-01
3.978967882241792875e-01
3.309704778577354789e-01
5.909646465397490056e-01
4.216298517735926898e-01
2.886308163961697759e-01
2.689364330189517038e-01
0.000000000000000000e+00
0.000000000000000000e+00
0.000000000000000000e+00
0.000000000000000000e+00
0.000000000000000000e+00
0.000000000000000000e+00
0.000000000000000000e+00
0.000000000000000000e+00
0.000000000000000000e+00
0.000000000000000000e+00
0.000000000000000000e+00
0.000000000000000000e+00
0.000000000000000000e+00
0.000000000000000000e+00
0.000000000000000000e+00
0.000000000000000000e+00
0.000000000000000000e+00
0.000000000000000000e+00
0.000000000000000000e+00
0.000000000000000000e+00
0.000000000000000000e+00
0.000000000000000000e+00
0.000000000000000000e+00
0.000000000000000000e+00
0.000000000000000000e+00
0.000000000000000000e+00
0.000000000000000000e+00
0.000000000000000000e+00
0.000000000000000000e+00
0.000000000000000000e+00
0.000000000000000000e+00
0.000000000000000000e+00
0.000000000000000000e+00
0.000000000000000000e+00
0.000000000000000000e+00
0.000000000000000000e+00
0.000000000000000000e+00
0.000000000000000000e+00
0.000000000000000000e+00
0.000000000000000000e+00
0.000000000000000000e+00
0.000000000000000000e+00
0.000000000000000000e+00
0.000000000000000000e+00
0.000000000000000000e+00
0.000000000000000000e+00
0.000000000000000000e+00
0.000000000000000000e+00
0.000000000000000000e+00
0.000000000000000000e+00
0.000000000000000000e+00
0.000000000000000000e+00
0.000000000000000000e+00
0.000000000000000000e+00
0.000000000000000000e+00
0.000000000000000000e+00
0.000000000000000000e+00
0.000000000000000000e+00
0.000000000000000000e+00
0.000000000000000000e+00
0.000000000000000000e+00
0.000000000000000000e+00
0.000000000000000000e+00
0.000000000000000000e+00
0.000000000000000000e+00
0.000000000000000000e+00
0.000000000000000000e+00
0.000000000000000000e+00
0.000000000000000000e+00
0.000000000000000000e+00
0.000000000000000000e+00
0.000000000000000000e+00
0.000000000000000000e+00
0.000000000000000000e+00
0.000000000000000000e+00
0.000000000000000000e+00
0.000000000000000000e+00
0.000000000000000000e+00
0.000000000000000000e+00
0.000000000000000000e+00
0.000000000000000000e+00
0.000000000000000000e+00
0.000000000000000000e+00
0.000000000000000000e+00
0.000000000000000000e+00
0.000000000000000000e+00
0.000000000000000000e+00
0.000000000000000000e+00
0.000000000000000000e+00
0.000000000000000000e+00
0.000000000000000000e+00
0.000000000000000000e+00
0.000000000000000000e+00
0.000000000000000000e+00
0.000000000000000000e+00
0.000000000000000000e+00
0.000000000000000000e+00
0.000000000000000000e+00
0.000000000000000000e+00
0.000000000000000000e+00
0.000000000000000000e+00
0.000000000000000000e+00
0.000000000000000000e+00
0.000000000000000000e+00
0.000000000000000000e+00
0.000000000000000000e+00
0.000000000000000000e+00
0.000000000000000000e+00
0.000000000000000000e+00
0.000000000000000000e+00
0.000000000000000000e+00
0.000000000000000000e+00
0.000000000000000000e+00
0.000000000000000000e+00
0.000000000000000000e+00
0.000000000000000000e+00
0.000000000000000000e+00
0.000000000000000000e+00
0.000000000000000000e+00
0.000000000000000000e+00
0.000000000000000000e+00
0.000000000000000000e+00
0.000000000000000000e+00
0.000000000000000000e+00
0.000000000000000000e+00
0.000000000000000000e+00
0.000000000000000000e+00
0.000000000000000000e+00
0.000000000000000000e+00
0.000000000000000000e+00
0.000000000000000000e+00
0.000000000000000000e+00
0.000000000000000000e+00
0.000000000000000000e+00
0.000000000000000000e+00
0.000000000000000000e+00
0.000000000000000000e+00
0.000000000000000000e+00
0.000000000000000000e+00
0.000000000000000000e+00
0.000000000000000000e+00
0.000000000000000000e+00
0.000000000000000000e+00
0.000000000000000000e+00
0.000000000000000000e+00
0.000000000000000000e+00
0.000000000000000000e+00
0.000000000000000000e+00
0.000000000000000000e+00
0.000000000000000000e+00
0.000000000000000000e+00
0.000000000000000000e+00
0.000000000000000000e+00
0.000000000000000000e+00
0.000000000000000000e+00
0.000000000000000000e+00
0.000000000000000000e+00
0.000000000000000000e+00
0.000000000000000000e+00
0.000000000000000000e+00
0.000000000000000000e+00
0.000000000000000000e+00
0.000000000000000000e+00
0.000000000000000000e+00
0.000000000000000000e+00
0.000000000000000000e+00
0.000000000000000000e+00
0.000000000000000000e+00
0.000000000000000000e+00
0.000000000000000000e+00
0.000000000000000000e+00
0.000000000000000000e+00
0.000000000000000000e+00
0.000000000000000000e+00
0.000000000000000000e+00
0.000000000000000000e+00
0.000000000000000000e+00
0.000000000000000000e+00
0.000000000000000000e+00
0.000000000000000000e+00
0.000000000000000000e+00
0.000000000000000000e+00
0.000000000000000000e+00
0.000000000000000000e+00
0.000000000000000000e+00
0.000000000000000000e+00
0.000000000000000000e+00
0.000000000000000000e+00
0.000000000000000000e+00
0.000000000000000000e+00
0.000000000000000000e+00
0.000000000000000000e+00
0.000000000000000000e+00
0.000000000000000000e+00
0.000000000000000000e+00
0.000000000000000000e+00
0.000000000000000000e+00
0.000000000000000000e+00
0.000000000000000000e+00
0.000000000000000000e+00
0.000000000000000000e+00
0.000000000000000000e+00
0.000000000000000000e+00
0.000000000000000000e+00
0.000000000000000000e+00
0.000000000000000000e+00
0.000000000000000000e+00
0.000000000000000000e+00
0.000000000000000000e+00
0.000000000000000000e+00
0.000000000000000000e+00
0.000000000000000000e+00
0.000000000000000000e+00
0.000000000000000000e+00
0.000000000000000000e+00
0.000000000000000000e+00
0.000000000000000000e+00
0.000000000000000000e+00
0.000000000000000000e+00
0.000000000000000000e+00
0.000000000000000000e+00
0.000000000000000000e+00
0.000000000000000000e+00
0.000000000000000000e+00
0.000000000000000000e+00
0.000000000000000000e+00
0.000000000000000000e+00
0.000000000000000000e+00
0.000000000000000000e+00
0.000000000000000000e+00
0.000000000000000000e+00
0.000000000000000000e+00
0.000000000000000000e+00
0.000000000000000000e+00
0.000000000000000000e+00
0.000000000000000000e+00
0.000000000000000000e+00
0.000000000000000000e+00
0.000000000000000000e+00
0.000000000000000000e+00
0.000000000000000000e+00
0.000000000000000000e+00
0.000000000000000000e+00
0.000000000000000000e+00
0.000000000000000000e+00
0.000000000000000000e+00
0.000000000000000000e+00
0.000000000000000000e+00
0.000000000000000000e+00
0.000000000000000000e+00
0.000000000000000000e+00
0.000000000000000000e+00
0.000000000000000000e+00
0.000000000000000000e+00
0.000000000000000000e+00
0.000000000000000000e+00
