1.561401367187500000e+00
1.084186521175363183e+00
1.062615402949302457e+00
-1.764710689012987999e+00
-2.755688366372006204e+00
-2.303070165693660964e+00
-1.008127503608874598e+00
-5.937089873242358262e-01
-1.609966019509432300e-01
6.577912058609243218e-01
9.582014024704093025e-01
8.834403897655995763e-02
-1.861763767533434200e+00
-2.237423641066964120e+00
7.097161609488593648e-01
1.276124943128325917e+00
6.909495591502889944e-01
7.516193214110571397e-01
5.668145616113695606e-01
1.392011862390970967e+00
2.254998786669411892e+00
1.567307767279153108e+00
5.800372237396469455e-01
-1.579069178090179992e-01
-3.521513200226229490e-01
-3.439803090888509107e-01
-6.774884881841531925e-01
-8.356544159000526273e-01
-8.466150581749816162e-01
-9.763418847476261764e-01
9.322051000182178804e-01
1.539739400750917975e+00
-8.042396152002966314e-01
1.073128895994238663e-01
-3.105178469689600096e-01
-1.764960966909435269e+00
2.453457602649836478e+00
2.211784371568674690e+00
2.669669897198370556e+00
-2.341492840196266467e-01
-3.618562713098540939e+00
-2.200715791277260802e+00
-6.387875603883517162e-01
-1.182265328258578885e+00
-4.476406447088785434e-01
1.562869109919304611e+00
3.144554124333587275e+00
-1.994591380470183140e-01
-3.453952857900701723e+00
-2.830217642526584143e+00
6.697246841215536151e-01
2.619601894290099153e+00
4.567177150019840148e+00
3.058770610984028693e+00
-1.017257936073606484e+00
2.930158181736171485e+00
1.257750916905749250e+00
-3.998459587209854948e-01
-1.017422172441186490e+00
-2.276932256576658098e+00
-2.013879179336260705e+00
9.908103447445870682e-01
8.813727482670929980e-02
-8.593704520061880014e-01
-3.895214437691886911e+00
-4.137502764252255716e+00
-1.529665741029287318e+00
1.362641700548438362e+00
2.898066559622688221e+00
7.490292282577337701e-01
3.159018130023856230e-01
7.846715420322865064e-01
-3.689860600341098973e+00
1.221912579574928159e+00
5.765308860358807408e+00
5.136008659798600995e+00
-1.865231639674642894e+00
-3.111769778817184751e+00
-1.686119886346450158e+00
8.479359737621130488e-01
1.595077744255992691e+00
-1.631200144776548955e+00
1.260032937248003027e+00
3.599883960762261914e+00
1.558575569284531781e+00
4.298696376932964469e-01
3.102783393204039619e+00
1.632658172796066953e+00
-1.048273696004057065e+00
-6.729111974782284733e-01
1.232353531594525098e+00
-3.051293063723782950e+00
-1.274296045291742452e+00
2.053587205136312654e+00
4.706113355714940383e-01
1.115131292838900334e+00
3.512806944366171358e-01
-1.933066921715221653e+00
-1.551544692064621422e+00
-4.835647613025809477e+00
-4.168319575210981398e-01
3.015344080104085833e+00
2.046496862202771716e+00
3.403534483368154895e+00
2.133202080761715358e+00
-2.462540672917160833e+00
-3.586955190610266353e+00
-2.434859348125096634e+00
-1.478130120242457046e+00
2.168502717481159969e+00
1.656000106066429112e+00
-2.883793925609829500e+00
-3.253441076359572914e+00
-8.834035266522248797e-01
-1.327162415583566180e+00
-1.296459461621056519e+00
2.872067724157290058e-01
5.054226427767389840e-01
-7.174024809974066663e-02
-3.717241548038208165e-02
-2.497963776060636576e-01
1.351189953439903668e+00
-1.112481971767926403e+00
-1.632253886180451419e+00
2.821845206796951278e+00
2.803098209394813356e+00
7.176265185799127755e-01
3.061376672132168686e+00
4.345373938280987502e-01
-2.993717247767992973e+00
-3.432800900039878922e+00
-2.764730924376959997e+00
3.048033670738412582e-01
1.168246019045022566e+00
3.500091424775712667e+00
2.296551092079127887e+00
-2.143904091288843183e+00
-1.178457251147475127e+00
5.091868333430116245e-02
-1.067673978160066817e+00
-1.347874528557359453e+00
-1.582905797840877371e+00
-7.955285064099433257e-01
1.740291456273850290e-01
-1.497546158547615525e+00
7.151530536047017161e-01
1.536638076020934385e+00
-1.128997298167582652e+00
-2.614693408067306990e+00
-1.198736588367988576e+00
-2.150763581647572309e-01
-2.278106888433744537e+00
-1.907726447040141160e+00
2.780260154431055675e-01
1.148946177832912419e+00
-1.415746636344374476e+00
-1.120709597487511200e+00
5.973601904083425396e-02
1.580943522591293338e+00
1.969712359128398926e+00
-9.237264178240911505e-01
-2.299080091686153793e+00
-1.534236739920846748e-01
-2.279105012970214172e+00
-2.330876913898489278e+00
-1.276553402253025382e+00
-5.060674581577440101e-01
1.744939390279919511e+00
3.687588376736481433e+00
2.224365416258556216e+00
6.743124755676319637e-01
3.787767100454606073e+00
7.072724544790045087e+00
3.941684897440165258e+00
-1.998153990612860031e+00
-4.420563916886958822e+00
-1.390096454930068504e+00
1.178325940181941700e+00
1.471184178844105128e+00
-2.933119998114706029e-01
3.059693204738529460e-01
2.198389202161682210e+00
-2.307918381696660859e-02
1.496116889078434431e+00
1.753322367517575975e+00
-1.390764429625294341e+00
-1.125934036387195469e+00
-4.894192069101723774e-01
-2.139121661905949878e+00
-3.259593719369616061e+00
-6.991056838376796811e-01
2.077794093000357556e+00
6.109371620188699392e-01
-5.925829244077533975e-01
-2.174029205760788841e+00
-2.260920498163579317e+00
-7.437267857033802443e-01
2.405986314432579931e-01
-3.220027453252471972e-02
1.867823866956660472e+00
2.676204046899268718e+00
-2.849817004724561897e-01
-4.770276550331962184e-01
2.060301158817384959e+00
1.696763951392545655e+00
6.610310800174570289e-01
3.715204877136608630e-01
-7.769018903123492414e-01
-1.405818553148311612e+00
-1.561634948758552355e-01
1.793484406359783678e+00
2.175463077896873543e+00
9.522949616538473050e-01
-4.349588968645261566e-01
1.861898194394528083e+00
2.668405640761514874e+00
1.668949270565703635e+00
8.916197611637479703e-01
5.710035509817195098e-01
2.995492874987796483e+00
2.685282425152717423e+00
3.247171067498548780e-01
2.348647909577758597e+00
9.069621654306914138e-02
-1.465228776765449492e+00
1.606549917075494882e-01
-2.889957168098411522e-02
-1.895698967110305055e+00
-2.478041888660240666e+00
-1.867978918844851233e+00
-6.025000393946524646e-01
1.121533279304705033e+00
-1.519444439991524565e+00
-1.148709149354096404e+00
7.996766651045099650e-01
8.950314224749322811e-01
-9.251916083374653876e-01
-2.064189005584357695e+00
-2.981061948341183765e+00
-3.559459105595761397e+00
-1.899974555387378583e+00
1.404575586880405957e+00
-1.684831796668889048e+00
-2.632839759480557262e+00
-3.680121776549716284e-01
-1.658189651959398603e-01
-2.085262996290523141e+00
-2.175343742470726482e+00
-8.442520728993434531e-01
-2.768037785062715805e-02
-3.934075968114063571e-01
-2.242226564529747446e+00
4.468563701200567451e-01
3.028438000885141257e+00
-2.131657264007351671e-01
-1.653809987296323225e+00
-1.537000387490098152e+00
-1.963451001862410727e-01
-9.288711402935927453e-01
7.198750926765296043e-01
3.917020162209843281e+00
-8.447117210533732212e-01
1.864231598176578686e+00
1.241816169050637964e+00
-1.238353447914601668e+00
4.197966644800663616e-01
-6.894305090590648888e-01
-1.355579839970543876e+00
-6.135749231195488651e-01
-6.699605652437371495e-01
6.113154782449039537e-01
1.768807083237589506e+00
2.264988353674999289e-01
-3.110267372834938371e-01
-3.816750931066819064e-01
-4.950392359243491747e-01
2.864343260997505247e+00
7.960754545703315976e+00
7.862046412456487943e+00
4.210606169484343297e+00
-6.113630496587689755e-01
3.903323431420133716e-01
3.747743933758741708e+00
4.039335966578239123e+00
3.547482145765464168e+00
2.033243562580939301e+00
3.160338375797805632e+00
1.065856520994142631e+00
-3.132974413117873613e+00
-8.879074472064498735e-01
-2.067546589211233687e+00
-2.138044353116978602e+00
-5.095016043158887342e+00
-2.729360086516968487e+00
1.005114553146180256e+00
-1.679486216156909961e+00
-3.618896592339106988e+00
-2.086444205581037714e+00
-3.897873015603891211e+00
-2.940553696866462285e+00
2.764505019128976393e+00
3.567441799676311032e+00
1.368155330203215447e+00
4.629260830795356441e-01
-4.130915800682881667e-01
-1.258505314376611395e+00
-2.791197230579689936e+00
-7.666028904053066029e-01
1.400662426338077582e+00
-3.959261473693951316e-01
-2.820174591976993383e+00
-4.781047188176939855e+00
1.697496461843160276e+00
4.554304854632508892e+00
6.225103947190104847e-01
-1.199450904374918858e+00
8.065048669949859139e-01
1.318846305787263917e+00
1.899074902366489237e+00
1.457296474813292164e+00
1.001282237735064307e+00
-3.524813420389878438e-01
-1.494971001389835630e+00
-5.646270653273166573e-03
-6.340033266922939781e-01
-3.893735090863958970e+00
-4.793554574738831064e+00
-1.919373926357718974e+00
2.734916010930211527e+00
2.178862043835849249e+00
-1.303365809465387271e+00
-2.340649417114726294e+00
6.477823488215324055e-01
-1.225261472719095135e+00
3.445631349089150142e+00
7.007853217128609202e+00
4.112644328777335545e+00
-1.209597577066750862e+00
-3.401517224516624971e+00
-1.302171569210863744e+00
2.436668001989187982e+00
3.409523058163470566e+00
3.261719411831572657e+00
-1.305991491651490755e+00
-4.774540486344056589e+00
-3.658108760357746014e+00
4.492322241076607270e-02
-6.048275952173076675e-02
1.239268557951054284e+00
2.430294442457511472e+00
7.212022852650470384e-01
-1.877819773706292938e+00
-3.592102274269842077e+00
-1.388758214568997174e+00
-3.939646267837698890e+00
-5.724136070051335956e+00
-2.228552943507993600e+00
1.320977242325759082e+00
-2.757878972387701744e-01
-1.287723435606016320e+00
-1.760687066115515620e+00
-1.723129156832144515e+00
-3.671451134909640590e+00
-3.453006456358833631e+00
-2.527897491932005192e-01
2.487747524803609611e-01
4.753107784806576142e-01
2.670938491295541173e+00
-1.150664011833422151e-01
-8.033296011355961497e-02
1.715653128713442221e+00
1.308699993975971809e+00
1.433934685776104390e+00
4.013520731486712734e-01
-2.018082576153514829e+00
-8.806056077532333770e-01
1.469461117172294440e+00
2.398707568368747545e+00
1.688524719028249743e+00
-1.219806041390424811e+00
-3.114594686071436858e-01
8.588253919810073800e-01
-6.261407010879116442e-02
2.032732442508147219e-01
-6.481479293265806074e-01
4.697895457221648030e-01
1.064497936641947362e+00
-2.462592201164092831e+00
-1.222090325276542710e+00
-1.337068688305363739e+00
-2.894653658958053821e+00
-3.134802348350109735e+00
-2.675670194187646622e+00
-2.526704814029253399e+00
-2.250863845032184507e+00
-9.400159692522123134e-01
-2.297341017405883257e+00
-3.218029593460844051e+00
-3.475790788291707845e+00
-3.810668531589354036e+00
-2.229024264993380910e+00
-7.308259072907825615e-01
-1.943442430295880818e+00
0.000000000000000000e+00
0.000000000000000000e+00
0.000000000000000000e+00
0.000000000000000000e+00
0.000000000000000000e+00
0.000000000000000000e+00
0.000000000000000000e+00
0.000000000000000000e+00
0.000000000000000000e+00
0.000000000000000000e+00
0.000000000000000000e+00
0.000000000000000000e+00
0.000000000000000000e+00
0.000000000000000000e+00
0.000000000000000000e+00
0.000000000000000000e+00
0.000000000000000000e+00
0.000000000000000000e+00
0.000000000000000000e+00
0.000000000000000000e+00
0.000000000000000000e+00
0.000000000000000000e+00
0.000000000000000000e+00
0.000000000000000000e+00
0.000000000000000000e+00
0.000000000000000000e+00
0.000000000000000000e+00
0.000000000000000000e+00
0.000000000000000000e+00
0.000000000000000000e+00
0.000000000000000000e+00
0.000000000000000000e+00
0.000000000000000000e+00
0.000000000000000000e+00
0.000000000000000000e+00
0.000000000000000000e+00
0.000000000000000000e+00
0.000000000000000000e+00
0.000000000000000000e+00
0.000000000000000000e+00
0.000000000000000000e+00
0.000000000000000000e+00
0.000000000000000000e+00
0.000000000000000000e+00
0.000000000000000000e+00
0.000000000000000000e+00
0.000000000000000000e+00
0.000000000000000000e+00
0.000000000000000000e+00
0.000000000000000000e+00
0.000000000000000000e+00
0.000000000000000000e+00
0.000000000000000000e+00
0.000000000000000000e+00
0.000000000000000000e+00
0.000000000000000000e+00
0.000000000000000000e+00
0.000000000000000000e+00
0.000000000000000000e+00
0.000000000000000000e+00
0.000000000000000000e+00
0.000000000000000000e+00
0.000000000000000000e+00
0.000000000000000000e+00
0.000000000000000000e+00
0.000000000000000000e+00
0.000000000000000000e+00
0.000000000000000000e+00
0.000000000000000000e+00
0.000000000000000000e+00
0.000000000000000000e+00
0.000000000000000000e+00
0.000000000000000000e+00
0.000000000000000000e+00
0.000000000000000000e+00
0.000000000000000000e+00
0.000000000000000000e+00
0.000000000000000000e+00
0.000000000000000000e+00
0.000000000000000000e+00
0.000000000000000000e+00
0.000000000000000000e+00
0.000000000000000000e+00
0.000000000000000000e+00
0.000000000000000000e+00
0.000000000000000000e+00
0.000000000000000000e+00
0.000000000000000000e+00
0.000000000000000000e+00
0.000000000000000000e+00
0.000000000000000000e+00
0.000000000000000000e+00
0.000000000000000000e+00
0.000000000000000000e+00
0.000000000000000000e+00
0.000000000000000000e+00
0.000000000000000000e+00
