6.201171875000000000e-01
-8.632727931523875853e-02
-4.050639341531553361e-01
2.095026140571492057e-01
-2.966580574054473729e-01
-1.108513616498616239e+00
-2.844651700300548924e-01
1.204631363722767912e+00
1.282062908199038898e+00
3.617706636274401477e-01
8.362480833359544619e-01
5.805154208399065929e-01
-1.445946147265531945e+00
-3.256721245828606559e+00
-5.982022141750307220e-01
-1.751113189519069024e-01
-2.098146994811574295e+00
-2.885149127527633972e+00
9.891008343049971785e-01
1.972668989376311188e+00
-1.774100399338309764e-01
3.480141365154785227e-01
2.175574656168409504e+00
2.399536700208568796e+00
5.268831094868953180e-01
-1.865956377350908468e+00
3.019863235397513002e-01
2.026682576837453897e+00
2.957549356827549492e+00
1.624494274858653053e+00
2.114231433321679177e+00
6.317714526559699451e+00
5.538931177778446013e+00
1.342742201962937365e+00
-8.524005749202638871e-01
-8.713040204978059755e-01
1.648592655251843508e+00
2.863752115315286062e+00
1.840811727328403924e+00
9.512558295068418435e-02
-1.743363357659023505e-01
3.280405735838720638e-02
5.541802741612715799e-01
5.124612139569402203e-01
-3.616461820943972505e-02
1.648616950062793407e+00
1.525281128748150916e+00
-6.051224437237778808e-02
3.522739683410491818e-01
4.241479282489687419e-01
-1.025533397519863277e-01
-1.024413064456080491e+00
-7.244444679048556157e-01
7.098205153875101203e-01
-2.266061664130258890e-01
-1.402519308261304998e+00
-1.536826396017072716e+00
-3.068088690719408262e-01
1.905449980812028432e-01
-1.469998536056074112e-01
3.541499958433310113e-01
-8.402863653293806134e-01
-1.918586054464477941e+00
-1.514205474415144081e+00
-1.109145374638587089e+00
-1.485563059037041223e+00
-5.797956051579642445e-01
5.896909933609990606e-01
3.098188322772923442e-01
-7.245594096837224551e-01
-5.213742783329831099e-01
-8.755991379315568590e-01
-1.525554369852110792e+00
-9.419620588816348672e-01
-7.639501803318748951e-01
-1.033448438379074519e+00
-4.454923340927918751e-01
5.544792363413835190e-01
6.584569160438276114e-01
5.900956559171766092e-01
-2.052706357138542881e-01
-7.952446947307847402e-01
-9.078937274457765660e-01
-1.427451778791591686e+00
-1.801397790744232896e+00
-1.271864845690160895e+00
1.298105726421727724e-01
1.143368733153025341e+00
2.332150353520214381e+00
4.649778950680911294e+00
5.411463052301627386e+00
4.518236759626709897e+00
4.057647933180092537e+00
4.966024893813491659e+00
5.949006284451064275e+00
4.827651893998170962e+00
2.601186494908168001e+00
8.326060873297849163e-01
1.505036084082588488e+00
2.885547986090484684e+00
2.509722381445728789e+00
2.976067529181385396e-01
-1.446167156330458115e+00
8.104172237527524914e-01
2.077585830635555020e+00
8.935506014911878125e-01
-2.237774995657318744e+00
-2.935176305845312861e-01
9.850306160951194379e-01
-8.434785141851288692e-01
-2.352159863999566447e+00
-1.386796104438262844e+00
-3.642753746908345969e-01
5.083279548566493888e-01
1.294157291053533054e+00
8.586859122296859326e-01
1.290168439703219816e+00
3.666774369200719530e+00
4.020770315334089240e+00
2.317210563934654299e+00
-5.201825245010974763e-01
-2.850396865677762293e-01
7.260765251387280017e-01
5.912971227116186057e-01
-8.407563844547729648e-01
-1.470289909804024076e+00
-1.056671072614140616e+00
-2.105700056051555080e+00
-4.162346648146248995e+00
-3.996962645196865616e+00
-3.269339229308753758e+00
-2.220175297487375410e+00
-7.414056011054920292e-01
-1.108730909185565494e+00
-1.352107819256543664e+00
-7.428172861958377560e-01
-1.690128013157694564e-01
-6.492722167258735411e-01
-3.332854549607473515e-01
9.655607521440581209e-01
6.754594190320062363e-01
-4.898700145775569670e-01
1.910652315162161052e+00
4.254932109231419624e+00
2.895920600931146449e+00
-6.257908216614898045e-01
1.535478696789303932e+00
8.083809213238534852e+00
9.249394422387691606e+00
5.966297002746556721e+00
6.306875645624632210e-01
1.025138550566252249e+00
4.166314995376240837e+00
6.600752991697556915e+00
4.709941816915359958e+00
1.172252525101440401e+00
-9.710012835948305110e-01
-1.658689391767875776e-01
2.032478828341100829e+00
3.956432729892395805e+00
1.376310430522513117e+00
-3.542339872370290355e-01
7.909573720265192787e-01
9.959979543442742944e-01
2.556572890323050018e-02
-8.927641640945473966e-01
-1.181711465861305932e+00
-9.979368178193226413e-01
-5.739543066098145019e-01
2.250757763837363257e-02
5.760444761803351632e-01
7.692301847148250715e-01
-4.669397347965111855e-01
4.847544136819994520e-01
2.688252977294389279e+00
2.413699241220305325e+00
-1.188666295829774455e-01
-1.393648692554889656e+00
7.560692654658214273e-01
3.643964142557934327e+00
4.664369837496741056e+00
4.520832478007712929e+00
2.293154100545811147e+00
-4.398630010518127520e-01
4.207303224576716794e+00
8.184103295300820591e+00
8.186662547000201684e+00
2.490195398661787962e+00
9.913676008608380830e-01
4.621469859621235798e+00
3.506037401329109571e+00
1.053937939765809517e+00
-9.940975167278154334e-01
2.132916593521465565e-01
1.576560731582071329e+00
9.549175262971818512e-01
4.463476192601047998e-01
-1.193313053903390042e+00
-2.522061990248119390e+00
-1.858930826600980524e+00
-9.719605247086059441e-01
-8.742421511582026961e-01
-1.569007979909069483e+00
-7.848895593600042631e-01
-6.405032979615035149e-01
-2.057667498726456934e+00
-1.494764008828468826e+00
-1.447441961743769490e+00
-2.152714680432224803e+00
-2.090919289585773555e+00
-1.375457402666355522e+00
-6.217399457553036690e-01
-5.836107797043248446e-01
-9.854751310810984100e-01
9.614052832232298229e-01
3.242635159080528240e+00
4.731137397353990970e+00
1.446324383891558041e+00
6.593302994495253699e-01
8.672730651190758699e-01
-8.295824544144752011e-01
-2.052683821168715950e-01
1.290931903451793428e+00
-3.847523815019981974e-02
5.931101940106984216e-01
1.764897753252801182e+00
7.868567141940785437e-01
-2.603399683755162064e-01
3.477150641391590025e+00
2.788131475427163775e+00
7.746071229079936060e-01
-7.432975986315943917e-01
1.682240008751713534e+00
2.725286905956189720e+00
3.045891174030433746e+00
3.559423350600918745e+00
1.311329304999462764e+00
1.086012005320026841e+00
2.940192833866907218e+00
5.198031835868669681e+00
5.226938615023131618e+00
4.182132925785147393e+00
5.012222118867000198e+00
5.100870089624953252e+00
2.212534794985225428e+00
-5.520508165794555389e-01
-2.223660001449333290e+00
-2.369983951319389881e+00
-1.325030558181776286e+00
-7.522125778498911508e-01
-9.816744150929195278e-01
-7.035862667596552988e-01
-1.251580498003490582e-02
1.148977559843267215e-02
1.659462628717012223e-01
8.175874009590957670e-01
1.380054437767847642e+00
1.225798031967509250e+00
7.405922170543288718e-01
-2.516872872236151082e-01
-1.258439029060954395e+00
-1.160754798490723161e+00
4.400039090584580981e-01
1.584727079150165530e-01
-2.117856893694095355e+00
-3.180712110232996714e+00
-2.241966594205472063e+00
-1.496903969900307274e+00
-2.404193340076518304e+00
-2.306075707959466481e+00
-2.083166025155293255e+00
-2.219995208544673027e+00
-2.088852959784482266e+00
-2.100893445478714483e+00
-2.094219277452368466e+00
-1.347395212072474369e+00
-1.399411034428068357e+00
-2.263763675038703127e+00
-2.101021349879869771e+00
-1.201496767420637157e+00
-4.134370315357680514e-01
1.078569845895501755e-01
-6.156637434607729054e-01
-1.358709939469323835e+00
-7.631766433030056085e-01
5.897614462594683582e-01
9.654587547736726005e-02
3.051676733355002114e-02
4.392147812152862318e-01
-7.966653665619560787e-01
-3.778002964353968096e-01
-3.644900926597722801e-01
-1.140486012768424207e+00
-1.913039748568712506e+00
-1.476449795416014288e+00
3.037311207386339529e-01
2.575240533542814347e+00
2.132845390609559022e+00
-3.033864559756926926e-01
-1.174189570207369693e+00
4.587585858017386720e-01
4.282688212305188813e+00
5.006492637766958076e+00
1.573679215086478234e+00
1.612972500404362020e+00
3.875987493248086668e+00
4.118801976242099983e+00
3.340925422817428547e+00
-5.643720474093816275e-02
1.248797786926028275e+00
3.281454521263929003e+00
3.069686616091098941e+00
9.371958622579854570e-01
-2.351802664361195561e-01
1.795427804742563138e+00
2.765154967569543043e+00
-1.450246301208546473e-01
1.242584724266945218e+00
2.671850854352855187e+00
1.461534482066009444e+00
-9.324731177805590798e-01
1.629766012520064811e+00
3.826409550786388003e+00
1.375230302965358309e+00
-4.326422335018444976e-01
9.145545468979991988e-01
1.165962307811776011e+00
2.268916162386165336e-01
4.311849654897087492e-01
1.681816353564813848e+00
1.180498161777640442e+00
-7.427678517511933087e-01
-1.559610811143191000e+00
-2.748008958591352968e+00
-1.854676706009876108e+00
-6.638299738605099032e-01
-5.714738451384940854e-01
-1.038014450849040343e-01
-1.040534736193290621e+00
-1.861200330883302057e+00
-1.920673321212763351e+00
-2.008657034642403083e+00
-2.076309260733751660e+00
-1.139037424993086800e+00
-6.363076023456299968e-01
-1.757062098806011496e+00
-2.036596228376874596e+00
-2.898738985885753738e+00
-3.871732861034367534e+00
-3.731875844214996629e+00
-2.686832400816947075e+00
-2.417324885205173413e+00
-2.631091094642609818e+00
-2.842755878863372665e+00
-3.062138859350901132e+00
-2.419779932664194000e+00
-1.269237509171304179e+00
-2.104893819017928713e+00
-3.662073973557913753e+00
-4.508064646056908487e+00
-4.313677694703303089e+00
-3.929385481655941703e+00
-4.230734862503943816e+00
-4.305416142398628132e+00
-3.538221903878597363e+00
-2.082617595701688806e+00
-8.783518215977225152e-01
-4.103567887462815089e-01
-7.504032565448254255e-01
-1.695483697363988185e+00
-2.239526700683973193e+00
-2.079650132939832918e+00
-1.455860896008000838e+00
-9.784002418194005513e-01
-9.692215550324575490e-01
0.000000000000000000e+00
0.000000000000000000e+00
0.000000000000000000e+00
0.000000000000000000e+00
0.000000000000000000e+00
0.000000000000000000e+00
0.000000000000000000e+00
0.000000000000000000e+00
0.000000000000000000e+00
0.000000000000000000e+00
0.000000000000000000e+00
0.000000000000000000e+00
0.000000000000000000e+00
0.000000000000000000e+00
0.000000000000000000e+00
0.000000000000000000e+00
0.000000000000000000e+00
0.000000000000000000e+00
0.000000000000000000e+00
0.000000000000000000e+00
0.000000000000000000e+00
0.000000000000000000e+00
0.000000000000000000e+00
0.000000000000000000e+00
0.000000000000000000e+00
0.000000000000000000e+00
0.000000000000000000e+00
0.000000000000000000e+00
0.000000000000000000e+00
0.000000000000000000e+00
0.000000000000000000e+00
0.000000000000000000e+00
0.000000000000000000e+00
0.000000000000000000e+00
0.000000000000000000e+00
0.000000000000000000e+00
0.000000000000000000e+00
0.000000000000000000e+00
0.000000000000000000e+00
0.000000000000000000e+00
0.000000000000000000e+00
0.000000000000000000e+00
0.000000000000000000e+00
0.000000000000000000e+00
0.000000000000000000e+00
0.000000000000000000e+00
0.000000000000000000e+00
0.000000000000000000e+00
0.000000000000000000e+00
0.000000000000000000e+00
0.000000000000000000e+00
0.000000000000000000e+00
0.000000000000000000e+00
0.000000000000000000e+00
0.000000000000000000e+00
0.000000000000000000e+00
0.000000000000000000e+00
0.000000000000000000e+00
0.000000000000000000e+00
0.000000000000000000e+00
0.000000000000000000e+00
0.000000000000000000e+00
0.000000000000000000e+00
0.000000000000000000e+00
0.000000000000000000e+00
0.000000000000000000e+00
0.000000000000000000e+00
0.000000000000000000e+00
0.000000000000000000e+00
0.000000000000000000e+00
0.000000000000000000e+00
0.000000000000000000e+00
0.000000000000000000e+00
0.000000000000000000e+00
0.000000000000000000e+00
0.000000000000000000e+00
0.000000000000000000e+00
0.000000000000000000e+00
0.000000000000000000e+00
0.000000000000000000e+00
0.000000000000000000e+00
0.000000000000000000e+00
0.000000000000000000e+00
0.000000000000000000e+00
0.000000000000000000e+00
0.000000000000000000e+00
0.000000000000000000e+00
0.000000000000000000e+00
0.000000000000000000e+00
0.000000000000000000e+00
0.000000000000000000e+00
0.000000000000000000e+00
0.000000000000000000e+00
0.000000000000000000e+00
0.000000000000000000e+00
0.000000000000000000e+00
0.000000000000000000e+00
0.000000000000000000e+00
0.000000000000000000e+00
0.000000000000000000e+00
0.000000000000000000e+00
0.000000000000000000e+00
0.000000000000000000e+00
0.000000000000000000e+00
0.000000000000000000e+00
0.000000000000000000e+00
0.000000000000000000e+00
0.000000000000000000e+00
0.000000000000000000e+00
0.000000000000000000e+00
0.000000000000000000e+00
0.000000000000000000e+00
0.000000000000000000e+00
0.000000000000000000e+00
0.000000000000000000e+00
0.000000000000000000e+00
0.000000000000000000e+00
0.000000000000000000e+00
0.000000000000000000e+00
0.000000000000000000e+00
0.000000000000000000e+00
0.000000000000000000e+00
0.000000000000000000e+00
0.000000000000000000e+00
0.000000000000000000e+00
