-9.889831542968758882e-01
-3.706674038109902813e-01
4.322952387522738249e-01
-6.897020762500916113e-02
-7.939937138124174565e-01
-4.394726118539213910e-01
7.829965830609031396e-02
-4.481050537749420304e-02
-6.845437948276387186e-01
-6.807819825729862773e-01
-2.321571264500388310e-02
-1.904088272685758865e-01
-1.086958357892617411e+00
-9.830211575495706455e-01
-1.452658727529432259e-01
1.964180070692395641e-01
-1.516130691117388851e-01
-2.746970114488019865e-01
-9.532791134905163055e-01
-6.105853462274808408e-01
3.068038426862114143e-01
6.992739089844101086e-01
-1.054886149645080318e+00
-1.311567352643721707e+00
-2.273235919392135873e-01
9.345368509471850826e-01
-3.646319874689508689e-01
-4.034268789276520550e-01
1.066277272489545735e+00
1.205149115331520360e+00
-1.375548824732633513e+00
-1.851516885194071094e-01
2.088569821015647143e+00
2.786541314970435668e+00
2.193606452781304839e-02
1.013496785781713871e+00
2.260615333893609691e+00
2.137592342908344989e+00
8.818886091086852730e-01
1.589925144314991101e+00
1.619443639053614881e+00
4.019849921664286896e-02
1.444980130545974184e-01
1.193969241393660674e+00
1.544471825283758148e+00
5.023100772506372547e-01
5.930575791430459098e-02
4.114220156087069480e-01
3.554487820499709905e-01
4.723315568723407409e-01
5.950802424812842162e-01
4.296852178086976171e-01
-2.558484355403110033e-01
2.019100763318206759e-01
3.521161769969221034e-01
2.200081676507736894e-01
-3.469162987124501107e-01
-5.464655937761940807e-01
9.792559117664634272e-03
3.061171306208514409e-01
7.789585383664934248e-01
8.919626679623771093e-01
4.761078779123255611e-01
-1.230950079416812670e-01
-6.962209891599456801e-01
2.887962584720789039e-01
4.050489204074274596e-01
1.933956428042074016e-01
-3.240439321790762328e-01
-7.944304924166716297e-01
-4.749997346082945882e-01
-1.216809060940526876e-02
-2.489042957410521062e-01
-6.601866842414230163e-01
-7.383310548133332762e-01
-4.615951979551411455e-01
-6.027475402198012588e-02
2.329194576394733041e-01
2.563077544929546203e-01
-3.899263488173820846e-03
-4.131972386809681375e-01
-6.436842225940793139e-01
-5.416607435375653257e-01
-3.630388568044657371e-01
3.372684829796540051e-01
9.846810432163333182e-02
-3.984257642814581502e-01
-8.355592300225664903e-01
-8.683613065166516654e-01
-1.605248126192226898e-02
-3.521817345962869883e-01
-5.896101910491736708e-01
-4.041454207019608003e-01
-1.223532714530022325e-01
5.889345339519014288e-03
1.823219431364346832e-01
3.551699230973013321e-01
7.593967378346611063e-02
-3.114275770830694512e-01
-5.584915476438157000e-01
-3.825978836103001157e-01
-1.412364900498319642e-02
8.436151319086604428e-02
1.195414596983266353e-01
-2.564435638874436041e-01
-5.750739732398044701e-01
-4.556724574514572357e-01
2.005361490904473964e-01
-4.942180962806408395e-04
-2.944883254312008480e-01
-5.992016898841101558e-03
-1.246558485172633013e-03
-3.016128242850593111e-01
-5.080317738855101295e-01
4.310656554124889794e-01
7.247971571681066649e-02
-4.154353097627618840e-01
-7.665575992064553867e-01
-7.027187578697691173e-02
1.932272010102829007e-01
-3.475327185691745591e-02
-3.088829610120061853e-01
-6.340142400152420921e-01
-6.872972315509016106e-01
-2.060480376321980334e-01
5.567891463401681840e-01
1.833920285651635673e-02
-9.416348583679622353e-01
-3.308256582724107275e-01
-2.756580095125547025e-01
-1.051046069837886954e+00
-4.245106431818660431e-01
1.049607090236043261e+00
6.089625007863226358e-01
-2.802699164993316394e-01
-5.243916582810987936e-01
5.995564944460478607e-01
7.479274553695272054e-01
8.668081438548422835e-01
4.718796162948741824e-01
-1.231740326078754277e+00
-2.837647849183060345e-01
8.839323118881168284e-01
9.648578492356897351e-01
1.133358095440902824e-01
-3.898237990059472691e-01
1.712388442287204882e-02
-1.970259001568946955e-01
9.455424952209090517e-02
1.959826928192395235e+00
2.296230254524419756e+00
2.568726581990627977e+00
3.040143736348992931e+00
3.819566618739799413e+00
4.033301995566749731e+00
4.527229683625306755e+00
5.591172961502888228e+00
6.693974541279674284e+00
6.165345069643651144e+00
4.518850642842725307e+00
3.429468814899437668e+00
2.552120808905650406e+00
1.892238572863583546e+00
1.297318716798852023e+00
7.757512929603674889e-01
8.829833656224068683e-01
1.286732284351514544e+00
1.456399005592008633e+00
7.194044134717977323e-01
7.304486472194999802e-01
1.062166983949475396e+00
1.223810292747949502e+00
5.012032746208728851e-01
8.519596755884917272e-02
3.492322338683966354e-01
7.179344757307317693e-01
2.261192406651277853e-01
-6.203147987912172034e-02
2.326640315009791404e-01
1.117388578151000678e-01
6.350210254301447144e-02
1.110712881939369678e-01
-9.042447482721155394e-02
-2.688831902253729367e-01
-2.084654032271079371e-01
-1.671254032642112697e-01
-2.688816313784775369e-01
-2.615369037686177123e-01
-9.931631778077854023e-02
1.270305715463854179e-01
1.662139704549440711e-01
-2.865465877287559637e-02
1.680570291518904136e-01
3.088349023458850096e-01
-9.864702043014594857e-03
-1.315843011207380453e-01
-3.785468718022733103e-02
-3.777140623288394172e-02
-4.558741719290104744e-02
1.506042480468762212e-01
-4.558741719290104744e-02
-3.777140623288394172e-02
-3.785468718022733103e-02
-1.315843011207380453e-01
-9.864702043014594857e-03
3.088349023458850096e-01
1.680570291518904136e-01
-2.865465877287559637e-02
1.662139704549440711e-01
1.270305715463854179e-01
-9.931631778077854023e-02
-2.615369037686177123e-01
-2.688816313784775369e-01
-1.671254032642112697e-01
-2.084654032271079371e-01
-2.688831902253729367e-01
-9.042447482721155394e-02
1.110712881939369678e-01
6.350210254301447144e-02
1.117388578151000678e-01
2.326640315009791404e-01
-6.203147987912172034e-02
2.261192406651277853e-01
7.179344757307317693e-01
3.492322338683966354e-01
8.519596755884917272e-02
5.012032746208728851e-01
1.223810292747949502e+00
1.062166983949475396e+00
7.304486472194999802e-01
7.194044134717977323e-01
1.456399005592008633e+00
1.286732284351514544e+00
8.829833656224068683e-01
7.757512929603674889e-01
1.297318716798852023e+00
1.892238572863583546e+00
2.552120808905650406e+00
3.429468814899437668e+00
4.518850642842725307e+00
6.165345069643651144e+00
6.693974541279674284e+00
5.591172961502888228e+00
4.527229683625306755e+00
4.033301995566749731e+00
3.819566618739799413e+00
3.040143736348992931e+00
2.568726581990627977e+00
2.296230254524419756e+00
1.959826928192395235e+00
9.455424952209090517e-02
-1.970259001568946955e-01
1.712388442287204882e-02
-3.898237990059472691e-01
1.133358095440902824e-01
9.648578492356897351e-01
8.839323118881168284e-01
-2.837647849183060345e-01
-1.231740326078754277e+00
4.718796162948741824e-01
8.668081438548422835e-01
7.479274553695272054e-01
5.995564944460478607e-01
-5.243916582810987936e-01
-2.802699164993316394e-01
6.089625007863226358e-01
1.049607090236043261e+00
-4.245106431818660431e-01
-1.051046069837886954e+00
-2.756580095125547025e-01
-3.308256582724107275e-01
-9.416348583679622353e-01
1.833920285651635673e-02
5.567891463401681840e-01
-2.060480376321980334e-01
-6.872972315509016106e-01
-6.340142400152420921e-01
-3.088829610120061853e-01
-3.475327185691745591e-02
1.932272010102829007e-01
-7.027187578697691173e-02
-7.665575992064553867e-01
-4.154353097627618840e-01
7.247971571681066649e-02
4.310656554124889794e-01
-5.080317738855101295e-01
-3.016128242850593111e-01
-1.246558485172633013e-03
-5.992016898841101558e-03
-2.944883254312008480e-01
-4.942180962806408395e-04
2.005361490904473964e-01
-4.556724574514572357e-01
-5.750739732398044701e-01
-2.564435638874436041e-01
1.195414596983266353e-01
8.436151319086604428e-02
-1.412364900498319642e-02
-3.825978836103001157e-01
-5.584915476438157000e-01
-3.114275770830694512e-01
7.593967378346611063e-02
3.551699230973013321e-01
1.823219431364346832e-01
5.889345339519014288e-03
-1.223532714530022325e-01
-4.041454207019608003e-01
-5.896101910491736708e-01
-3.521817345962869883e-01
-1.605248126192226898e-02
-8.683613065166516654e-01
-8.355592300225664903e-01
-3.984257642814581502e-01
9.846810432163333182e-02
3.372684829796540051e-01
-3.630388568044657371e-01
-5.416607435375653257e-01
-6.436842225940793139e-01
-4.131972386809681375e-01
-3.899263488173820846e-03
2.563077544929546203e-01
2.329194576394733041e-01
-6.027475402198012588e-02
-4.615951979551411455e-01
-7.383310548133332762e-01
-6.601866842414230163e-01
-2.489042957410521062e-01
-1.216809060940526876e-02
-4.749997346082945882e-01
-7.944304924166716297e-01
-3.240439321790762328e-01
1.933956428042074016e-01
4.050489204074274596e-01
2.887962584720789039e-01
-6.962209891599456801e-01
-1.230950079416812670e-01
4.761078779123255611e-01
8.919626679623771093e-01
7.789585383664934248e-01
3.061171306208514409e-01
9.792559117664634272e-03
-5.464655937761940807e-01
-3.469162987124501107e-01
2.200081676507736894e-01
3.521161769969221034e-01
2.019100763318206759e-01
-2.558484355403110033e-01
4.296852178086976171e-01
5.950802424812842162e-01
4.723315568723407409e-01
3.554487820499709905e-01
4.114220156087069480e-01
5.930575791430459098e-02
5.023100772506372547e-01
1.544471825283758148e+00
1.193969241393660674e+00
1.444980130545974184e-01
4.019849921664286896e-02
1.619443639053614881e+00
1.589925144314991101e+00
8.818886091086852730e-01
2.137592342908344989e+00
2.260615333893609691e+00
1.013496785781713871e+00
2.193606452781304839e-02
2.786541314970435668e+00
2.088569821015647143e+00
-1.851516885194071094e-01
-1.375548824732633513e+00
1.205149115331520360e+00
1.066277272489545735e+00
-4.034268789276520550e-01
-3.646319874689508689e-01
9.345368509471850826e-01
-2.273235919392135873e-01
-1.311567352643721707e+00
-1.054886149645080318e+00
6.992739089844101086e-01
3.068038426862114143e-01
-6.105853462274808408e-01
-9.532791134905163055e-01
-2.746970114488019865e-01
-1.516130691117388851e-01
1.964180070692395641e-01
-1.452658727529432259e-01
-9.830211575495706455e-01
-1.086958357892617411e+00
-1.904088272685758865e-01
-2.321571264500388310e-02
-6.807819825729862773e-01
-6.845437948276387186e-01
-4.481050537749420304e-02
7.829965830609031396e-02
-4.394726118539213910e-01
-7.939937138124174565e-01
-6.897020762500916113e-02
4.322952387522738249e-01
-3.706674038109902813e-01
0.000000000000000000e+00
0.000000000000000000e+00
0.000000000000000000e+00
0.000000000000000000e+00
0.000000000000000000e+00
0.000000000000000000e+00
0.000000000000000000e+00
0.000000000000000000e+00
0.000000000000000000e+00
0.000000000000000000e+00
0.000000000000000000e+00
0.000000000000000000e+00
0.000000000000000000e+00
0.000000000000000000e+00
0.000000000000000000e+00
0.000000000000000000e+00
0.000000000000000000e+00
0.000000000000000000e+00
0.000000000000000000e+00
0.000000000000000000e+00
0.000000000000000000e+00
0.000000000000000000e+00
0.000000000000000000e+00
0.000000000000000000e+00
0.000000000000000000e+00
0.000000000000000000e+00
0.000000000000000000e+00
0.000000000000000000e+00
0.000000000000000000e+00
0.000000000000000000e+00
0.000000000000000000e+00
0.000000000000000000e+00
0.000000000000000000e+00
0.000000000000000000e+00
0.000000000000000000e+00
0.000000000000000000e+00
0.000000000000000000e+00
0.000000000000000000e+00
0.000000000000000000e+00
0.000000000000000000e+00
0.000000000000000000e+00
0.000000000000000000e+00
0.000000000000000000e+00
0.000000000000000000e+00
0.000000000000000000e+00
0.000000000000000000e+00
0.000000000000000000e+00
0.000000000000000000e+00
0.000000000000000000e+00
0.000000000000000000e+00
0.000000000000000000e+00
0.000000000000000000e+00
0.000000000000000000e+00
0.000000000000000000e+00
0.000000000000000000e+00
0.000000000000000000e+00
0.000000000000000000e+00
0.000000000000000000e+00
0.000000000000000000e+00
0.000000000000000000e+00
0.000000000000000000e+00
0.000000000000000000e+00
0.000000000000000000e+00
0.000000000000000000e+00
0.000000000000000000e+00
0.000000000000000000e+00
0.000000000000000000e+00
0.000000000000000000e+00
0.000000000000000000e+00
0.000000000000000000e+00
0.000000000000000000e+00
0.000000000000000000e+00
0.000000000000000000e+00
0.000000000000000000e+00
0.000000000000000000e+00
0.000000000000000000e+00
0.000000000000000000e+00
0.000000000000000000e+00
0.000000000000000000e+00
0.000000000000000000e+00
0.000000000000000000e+00
0.000000000000000000e+00
0.000000000000000000e+00
0.000000000000000000e+00
0.000000000000000000e+00
0.000000000000000000e+00
0.000000000000000000e+00
0.000000000000000000e+00
0.000000000000000000e+00
0.000000000000000000e+00
0.000000000000000000e+00
0.000000000000000000e+00
0.000000000000000000e+00
0.000000000000000000e+00
0.000000000000000000e+00
0.000000000000000000e+00
0.000000000000000000e+00
0.000000000000000000e+00
0.000000000000000000e+00
0.000000000000000000e+00
0.000000000000000000e+00
0.000000000000000000e+00
