-7.763366699218756661e-01
-9.162020955255356647e-01
-7.257217528599990697e-01
-2.368636928071191639e-01
1.889373121487533669e-01
-1.202998557961479920e-01
-7.413001230275307885e-01
-1.331130694721279761e+00
-1.195846290623231889e+00
-1.364862260543878714e-01
4.014250046285134932e-01
-2.558648661184934614e-01
-3.347543680572988567e-01
-2.484259001933533106e-01
1.383497849583064099e-01
4.202764954884036785e-01
-7.287225933552293755e-01
-7.534415948915657024e-01
-8.195700619794639152e-01
-1.217554557117395353e+00
-8.404326589493622546e-01
6.996442213175990688e-02
7.167664196707373980e-01
4.709814866539866474e-01
-5.618642593747769087e-01
-1.245804351910247076e+00
-1.195422406804799609e+00
-6.040175464902648450e-01
1.173623844575037989e-01
6.844575706788396108e-01
3.006250489269859383e-01
-2.824179110609925658e-01
-6.463124831185842467e-01
-1.089212155088302936e+00
-1.645193086118411419e+00
-1.682926419191718148e+00
-1.282076699799709951e+00
-1.214261887798775863e+00
-1.281266625469477338e+00
-1.040883130884531660e+00
-8.075362881148220318e-01
-5.362676779961188522e-01
-5.126736620157541502e-01
-7.215956871079785007e-01
-8.022268182046934371e-01
-2.800872748004590296e-01
1.367146764843924167e+00
2.078668954186802420e+00
1.389473838996798882e+00
2.045348906757361584e-01
5.586169081506486833e-02
4.514602732556435294e-01
2.900645882076960946e-01
-4.536616217402906770e-01
-6.527940087437855698e-01
-5.934454168594116563e-01
-4.672771364372280134e-01
-4.001398598948705532e-01
-1.176072539690499186e-01
2.586959488064589086e-01
5.480063610135949004e-01
-1.225384057645791946e-01
-9.033190422848905721e-01
-1.507305186799839714e+00
-2.135303903636983858e+00
-1.380026971606636677e+00
-1.185604871193663090e+00
-2.413347751707877187e+00
-3.758487754625761568e+00
-3.656466788328191608e+00
-1.906789185818795307e+00
4.792839096942609345e-01
2.219868443680290238e+00
2.493786195299722674e+00
9.789486265984541635e-01
-1.046708792799752930e+00
-1.855088247141094104e+00
-8.666515686408535757e-01
3.917400956187666594e-02
-1.251860996432530015e-02
1.945414382520234797e+00
3.463595777203349879e+00
2.167364994375472698e+00
5.611267622570137448e-01
2.321876665302110565e-01
-2.155680989517678725e-01
-1.556485041121363100e+00
-2.062270656636011168e+00
-9.788215920382932200e-01
2.434249054571941961e-01
1.106937379433974744e+00
1.227670805059638104e+00
7.405796495692347214e-01
9.625810583488716432e-01
2.148598385507874298e+00
2.336945691009274739e+00
3.202569778613798324e+00
6.296070465750517542e+00
6.391286406462935332e+00
3.870715217255168206e+00
3.099760264239157959e+00
2.631670945578168386e+00
7.558560579910387212e-01
-6.542559004116608179e-01
-3.447544721266510015e-01
5.270931177471922524e-01
2.022652496979970405e+00
2.276310201258133326e+00
1.668957319094928060e+00
1.765573053307893714e+00
1.786922698658466313e+00
6.369292612838133305e-01
8.157548375853114209e-01
9.131968341927185762e-01
-2.190963830793126732e-01
4.107125361413708209e-01
2.671876023542671508e+00
2.561824732954411044e+00
1.863361210282491021e+00
2.523272199190412568e+00
3.253012695097498241e+00
2.738611909068988215e+00
1.947474308036726720e+00
2.346171888231336489e+00
4.621295834352429743e+00
5.744907163324803889e+00
4.133391183617602493e+00
4.235544127030070882e-01
-2.164385232598589059e+00
-2.078452189325262101e+00
-1.566604300574734765e+00
-1.421625826847550345e+00
-1.386343116582295476e+00
-2.797610543777607095e+00
-4.415631353681007454e+00
-4.884104741028595598e+00
-3.964071218113596196e+00
-1.144466624625142259e+00
2.557193097237806967e+00
3.861163463018993713e+00
1.155841051135662489e+00
-5.001479873124035080e-01
-9.115490969259782972e-01
-1.677286968565653513e+00
-1.599994328472883476e+00
1.112463512219771022e+00
2.732959492301923810e+00
4.190646167027835212e+00
5.441967011268565635e+00
2.344910645108554181e+00
-4.233041972557856525e+00
-3.799359274482178250e+00
-2.251864533625568932e+00
-1.634981375792484037e+00
-2.108432751879231404e+00
-2.528679967499880554e+00
6.532004232721879688e-01
3.718536329902868864e+00
4.748769212553332508e+00
3.739479266208499908e+00
2.158035894725506498e+00
5.132882191444867459e-01
-1.686960221173920971e+00
-1.066883185706137604e+00
-3.098163221140426415e-02
-4.133266567746347597e-01
5.226562865350425913e-01
2.740217256637340171e+00
3.259831835273470979e+00
1.971846846949802057e+00
4.909874948192505251e-01
-2.080404106117130780e-01
-1.472008338205391675e-01
-1.415079326778040381e-02
2.093817144599670055e-01
4.681586661532053384e-01
3.625978686282786967e-01
-3.620580635064478692e-01
-1.124156393113378893e+00
-1.053967658702754662e+00
-1.560528639084402869e+00
-8.238198680354520409e-01
-4.617683117723503372e-02
-2.594454111866388857e-01
-1.203806856240671630e+00
-1.738264477207180692e+00
-8.268797425838707582e-01
1.547053156178535005e-03
4.986837459912860648e-01
1.296890865881604071e+00
1.849798918933544201e+00
1.157154798964616038e+00
-1.874586232130406316e+00
-4.385593176306887386e+00
-4.363194252246866967e+00
-3.558970485251274241e+00
-1.309079035408705405e+00
1.738043033977908935e+00
2.888728874294723248e+00
4.138687594943839976e+00
4.338353945807639889e+00
2.754443889119095434e+00
-1.023011009411180616e+00
-4.976871154431258049e+00
-4.859052028114758670e+00
-1.994152085589544043e+00
1.644304461503244053e+00
-9.682728687647124133e-02
-4.456377388564995101e+00
-2.180499521995256096e+00
-3.905676901003012347e-01
-1.053327851480411859e+00
-1.626698067544090076e+00
-6.591350412533607539e-01
-1.285173114310706355e+00
-6.421641990756974394e-01
8.213259355989066535e-02
2.144413013022967718e-01
1.419535604422953234e+00
3.619002106357549930e+00
4.684318818729399148e+00
3.844924640996849607e+00
2.009515130002151651e+00
7.090042803859228915e-01
2.862426418401002870e-01
7.605846198822820980e-01
4.239565327239813719e-01
-5.071732248861446912e-01
4.841766068112978161e-01
1.749407657504956859e+00
1.944481365022665109e+00
2.861689683715844090e+00
4.211159935065881932e+00
4.480499309149090337e+00
3.757437009927015570e+00
3.146748936502279825e+00
2.961082444322135743e+00
3.852796940873504550e+00
4.134573406879744617e+00
3.304272241603815274e+00
2.901538823446845328e+00
3.292588353010616142e+00
2.462572965444657314e+00
2.033263377279637130e-01
5.860733497130810044e-01
2.682094170812659328e+00
2.353325054035348973e+00
1.450501995144624523e+00
1.619793601034466235e+00
1.793687957273522926e+00
1.780715364273053769e+00
1.942757153097512290e+00
1.009899119516203481e+00
-5.614688314057720842e-01
-7.823658193429930963e-01
-2.827989763353696562e-01
9.495309665363003138e-01
1.863531067127463414e+00
1.336397890824445156e+00
2.256620109900386417e+00
5.283486081269186840e+00
5.955559297970827615e+00
3.372642433866133160e+00
2.267538699782548850e+00
2.762818539784662519e+00
1.700984492371743206e+00
4.977822878285698138e-01
-3.987615767884871154e-01
-1.548763449767684097e+00
-2.276101200561750026e+00
-2.311334387314688321e+00
-1.681968471729816228e+00
-1.201043721632834682e+00
-1.757599448601309788e+00
-3.606957311445548875e+00
-4.779435291181536094e+00
-3.450837837116602191e+00
-2.015465686374014354e+00
-1.583114986340475649e+00
-1.108125627041875116e+00
3.046770973415289241e-01
3.664781959253193833e-02
-5.393125177641975299e-01
2.061173342466335878e-01
1.945631042833503965e+00
4.195023356393156710e+00
4.807828783010198670e+00
4.084206450478523820e+00
2.685104511236795943e+00
1.394472690340997412e+00
8.936219399794402829e-01
1.170557469762058211e+00
1.316860285703838951e+00
8.656539711848544316e-01
-1.943163715734732566e-01
-2.719873869946342060e-01
-9.750744970898428399e-02
3.990865435253662108e-01
4.979208612627670227e-01
1.929514679728122628e-01
-6.931654589013712675e-01
-1.367794801913758462e+00
-1.681425730389064288e+00
-2.215553801989483151e+00
-2.831522935709309685e+00
-3.018949887571376056e+00
-2.473661285361901108e+00
-1.925026906625659118e+00
-1.682609932776603534e+00
-1.774076202885876308e+00
-1.539462089618044871e+00
-1.043264473397174985e+00
-1.196998894041118700e+00
-1.825359774792868706e+00
-1.189802944078354852e+00
2.188178114781684780e-01
1.446977353454317550e+00
1.393474503623670424e+00
7.172100712810975942e-01
-1.080992231964907901e-01
-3.995262005750943590e-01
2.380162331218802496e-01
1.249684561508200176e+00
1.352737388835976606e+00
8.299299283789070003e-01
6.093559393071470431e-01
8.206079842000002511e-01
9.702522723206032929e-01
5.995206877951793079e-01
4.162974486559505305e-01
8.612685697751156777e-01
-1.318393351668125657e-01
-7.963326842816857987e-01
-8.624370942985954969e-01
-6.460013668640194329e-01
2.968862006001239395e-01
1.148076430663658165e-01
-8.449967736590435763e-01
-1.291503296114455690e+00
-9.907600454948690682e-01
-1.244361093820076647e-01
3.532679333596142057e-01
-1.937569779617829280e-01
-2.747833575528418892e-01
-3.807461297356806718e-02
1.462512235458861998e+00
1.330162141656892505e+00
1.166510576415844103e+00
9.727773934417522916e-01
7.211376510851406074e-01
5.321762014279427522e-01
4.899516405619097070e-01
5.331133442869523398e-01
5.162690696544930402e-01
4.143168325383385087e-01
3.164467084891655624e-01
3.389293126082864593e-01
4.464973053594586960e-01
0.000000000000000000e+00
0.000000000000000000e+00
0.000000000000000000e+00
0.000000000000000000e+00
0.000000000000000000e+00
0.000000000000000000e+00
0.000000000000000000e+00
0.000000000000000000e+00
0.000000000000000000e+00
0.000000000000000000e+00
0.000000000000000000e+00
0.000000000000000000e+00
0.000000000000000000e+00
0.000000000000000000e+00
0.000000000000000000e+00
0.000000000000000000e+00
0.000000000000000000e+00
0.000000000000000000e+00
0.000000000000000000e+00
0.000000000000000000e+00
0.000000000000000000e+00
0.000000000000000000e+00
0.000000000000000000e+00
0.000000000000000000e+00
0.000000000000000000e+00
0.000000000000000000e+00
0.000000000000000000e+00
0.000000000000000000e+00
0.000000000000000000e+00
0.000000000000000000e+00
0.000000000000000000e+00
0.000000000000000000e+00
0.000000000000000000e+00
0.000000000000000000e+00
0.000000000000000000e+00
0.000000000000000000e+00
0.000000000000000000e+00
0.000000000000000000e+00
0.000000000000000000e+00
0.000000000000000000e+00
0.000000000000000000e+00
0.000000000000000000e+00
0.000000000000000000e+00
0.000000000000000000e+00
0.000000000000000000e+00
0.000000000000000000e+00
0.000000000000000000e+00
0.000000000000000000e+00
0.000000000000000000e+00
0.000000000000000000e+00
0.000000000000000000e+00
0.000000000000000000e+00
0.000000000000000000e+00
0.000000000000000000e+00
0.000000000000000000e+00
0.000000000000000000e+00
0.000000000000000000e+00
0.000000000000000000e+00
0.000000000000000000e+00
0.000000000000000000e+00
0.000000000000000000e+00
0.000000000000000000e+00
0.000000000000000000e+00
0.000000000000000000e+00
0.000000000000000000e+00
0.000000000000000000e+00
0.000000000000000000e+00
0.000000000000000000e+00
0.000000000000000000e+00
0.000000000000000000e+00
0.000000000000000000e+00
0.000000000000000000e+00
0.000000000000000000e+00
0.000000000000000000e+00
0.000000000000000000e+00
0.000000000000000000e+00
0.000000000000000000e+00
0.000000000000000000e+00
0.000000000000000000e+00
0.000000000000000000e+00
0.000000000000000000e+00
0.000000000000000000e+00
0.000000000000000000e+00
0.000000000000000000e+00
0.000000000000000000e+00
0.000000000000000000e+00
0.000000000000000000e+00
0.000000000000000000e+00
0.000000000000000000e+00
0.000000000000000000e+00
0.000000000000000000e+00
0.000000000000000000e+00
0.000000000000000000e+00
0.000000000000000000e+00
0.000000000000000000e+00
0.000000000000000000e+00
0.000000000000000000e+00
0.000000000000000000e+00
0.000000000000000000e+00
0.000000000000000000e+00
0.000000000000000000e+00
0.000000000000000000e+00
0.000000000000000000e+00
0.000000000000000000e+00
0.000000000000000000e+00
0.000000000000000000e+00
0.000000000000000000e+00
0.000000000000000000e+00
0.000000000000000000e+00
0.000000000000000000e+00
0.000000000000000000e+00
0.000000000000000000e+00
0.000000000000000000e+00
0.000000000000000000e+00
0.000000000000000000e+00
0.000000000000000000e+00
0.000000000000000000e+00
0.000000000000000000e+00
0.000000000000000000e+00
0.000000000000000000e+00
0.000000000000000000e+00
0.000000000000000000e+00
0.000000000000000000e+00
0.000000000000000000e+00
0.000000000000000000e+00
0.000000000000000000e+00
0.000000000000000000e+00
0.000000000000000000e+00
0.000000000000000000e+00
0.000000000000000000e+00
0.000000000000000000e+00
0.000000000000000000e+00
0.000000000000000000e+00
0.000000000000000000e+00
0.000000000000000000e+00
0.000000000000000000e+00
0.000000000000000000e+00
0.000000000000000000e+00
0.000000000000000000e+00
0.000000000000000000e+00
0.000000000000000000e+00
0.000000000000000000e+00
