4.549530029296875000e+00
2.807502610280943500e+00
-1.606978501254709535e+00
-1.431826842431116464e+00
1.691211095751490312e-01
1.310363189619879964e+00
-3.945627755784905100e-01
-1.438171035145751064e+00
-1.689604636663160298e+00
5.788988871564684224e-01
4.351698125842932363e+00
2.412542615994953898e+00
-7.411174230540640284e-01
-5.234438087094603897e-01
6.900251360368148124e-01
-7.356684325045961259e-01
-3.670201629626625994e-01
3.616522483405402166e-01
1.190904220557425619e+00
2.765599103819528892e+00
3.387332151996437446e+00
2.556765433921507125e+00
1.506498058634488046e+00
1.402003696089124896e+00
8.122725551402713018e-01
-4.011408724807434822e-01
-2.690679535834885616e-01
1.947835993959921019e-01
6.732465254885517947e-01
1.928656044421720672e+00
1.575277549889763318e+00
4.235930360473549872e-01
-6.035603340128059546e-01
-5.567975892167916774e-01
-1.016250736479653582e+00
-9.394465802016356282e-01
-7.610698830451647634e-01
5.580776824019563209e-01
1.683381230593794076e+00
2.094876701813848108e+00
1.161978212155192258e+00
-5.375447919878892922e-01
1.774334517385702803e-01
4.366703794471060718e-01
-3.323357539016700279e-01
-7.451948623228390467e-01
-2.029170306310252858e-01
-3.419446952310056798e-01
-5.350248957367621516e-01
9.263010303472818396e-01
2.907302146494247452e+00
2.603471820637476952e+00
1.933536493876192752e+00
7.072374175446167754e-01
-1.201440616987708543e+00
-2.515073313270321798e+00
-1.889037503379033645e+00
-4.630292641135458354e-02
2.398902046759660678e+00
3.758774161488966481e+00
2.774724849993148723e+00
1.154099719014079817e+00
-4.100429343678748673e-01
-9.299097056073903911e-01
1.543494421780300385e-02
-1.402884686444503259e-01
-6.896409324784802397e-01
-4.779083112279667311e-01
9.125846551694081210e-01
6.162818269491490142e-01
-8.738110847222708699e-01
-2.571109187430350218e+00
-2.025247235328565321e+00
-4.901509407438711108e-01
1.349234856363396462e+00
2.798695806605071112e+00
2.072776656584967014e+00
8.575707726593166935e-01
-7.106101486515647991e-01
-1.841833325225447737e+00
-9.441342282593818691e-01
-7.086128060320446842e-01
-2.013820051179270543e+00
-3.509330297527421205e+00
-2.108484254862170726e+00
-3.051247625915918249e-01
-1.639285360949881643e+00
-2.922311137396451208e+00
-1.558374750426229971e+00
2.572661042479974292e+00
2.252318262115347913e+00
2.460057770982387204e+00
1.062016981003402805e+00
3.122471122106387220e-01
-1.634678036237365628e+00
-2.561111657601526037e+00
-1.570299362232413731e+00
1.175014095073547038e+00
2.125660990030542763e+00
9.726763125802588839e-01
-4.505595457920930080e-02
1.221998690729423798e+00
1.041134302814708423e+00
-9.247532717173638783e-01
-1.014156960177454714e-01
3.674344883363600545e-01
1.815593386447660329e-01
5.075167948414451846e-01
1.071502115809899180e+00
3.388073452313493661e-01
-1.150357805821878632e+00
-7.138442684819759076e-01
1.145040654331044072e+00
4.907174419329046744e-01
-1.237108788011025418e-01
-1.372678689147544873e+00
-1.182498912162061711e+00
1.577937666359144897e-01
1.440382127154961056e-01
-3.206059029621601830e-01
3.988637780185696480e-01
1.803659258661845399e+00
2.783723954520642252e+00
2.126906687617009961e+00
7.419105898378970387e-01
4.193909490528153761e-01
8.265471347011953407e-01
-7.831569263609805542e-01
-6.477469840519749500e-01
2.791249382224325615e-01
2.655333805256389068e-01
1.649271925915010151e-01
-9.781549807200835556e-01
-2.512883898434981056e+00
-1.989513237496661313e+00
-9.284009282342982061e-01
-3.163123963179901299e-01
3.647876899018400731e-01
3.162288995330935215e-01
-1.536148995257912819e+00
-2.338495984337691347e+00
-4.232522066146846562e-01
4.164687720068727117e-02
-1.180662113665712276e+00
-1.569616468812575993e+00
1.863634705443106832e-01
9.223597358011501601e-01
1.692312120192953628e-01
-5.537888927291474417e-01
-1.358891303106726678e+00
-1.473425616243913439e+00
-7.691151907772881824e-01
2.692274869173413854e-01
1.717685654239756499e+00
1.788270584192208190e+00
1.202138318414849749e+00
4.120356768189299412e-01
-8.878583733793634636e-01
-1.627646405498834659e+00
-6.880198191732413981e-01
3.098721923214031726e-01
5.562024834903183113e-01
1.283239118799038181e+00
2.698283344772970160e+00
1.741747239802301284e+00
3.171068651073021272e-01
4.176708942253437584e-01
2.019327951745441219e+00
2.422846874222280178e+00
1.358357011512305368e+00
1.317232414363607162e-01
4.337989355922309276e-01
4.223504703180025466e-01
-1.909162237121084127e+00
-1.271890488268909714e+00
1.380874190299702597e+00
-2.324440748461321871e+00
-3.661157475477771150e+00
-3.053962868206765435e-01
2.203786403722849840e+00
1.572402477372386809e+00
4.227345575595786720e-01
7.955087024661260386e-01
7.717450337978064567e-01
1.284253760028661873e-01
-2.441590814805266962e+00
-4.116609579492314097e+00
-2.414139733889604678e+00
1.585528686787409658e+00
7.983080980223418166e-01
1.258054517002417771e+00
1.447711743241810733e+00
3.077679750192816144e+00
6.570805531230076824e+00
4.824082178105186358e+00
5.366796261628765663e-01
1.015874178266354289e+00
9.976394524788743112e-01
9.483298429119879636e-02
4.670058128940280717e+00
4.627294736628831728e+00
8.632004832382023096e-01
1.735570860443661934e+00
3.936099018461269416e+00
3.551601110078536294e+00
1.148076372987338445e+00
1.319519071596885196e+00
3.251378966435031881e+00
1.002196284791038172e+00
7.238357604866794137e-01
2.540693078790751791e+00
1.032796065476633940e+00
-8.801240274117287932e-01
9.281696529932887962e-01
1.813390890724813298e+00
5.995227733939467729e-01
1.152596844032367507e-01
9.871893319321167759e-02
1.080519757555317151e+00
1.265604328027431391e+00
6.631285112984771635e-01
-1.166115819013897159e+00
-2.888650489008457445e-01
1.081864108807783831e+00
1.696809395791283315e-01
-1.334307095676425803e-01
1.276493125662810257e+00
6.272681906714849820e-01
1.468301299724706688e+00
1.569869664771968765e+00
-4.346188795866221533e-01
7.696673270044795956e-01
3.551000497965432601e+00
1.687811796471311077e+00
-3.407714615366603805e-01
1.580150637042767592e-01
-6.005692567508407187e-01
1.032771832729121542e+00
7.636002866338778006e-01
-3.636919737052757284e-01
-1.729199597782031805e+00
-4.395101900279949625e-01
1.404742633243784233e+00
7.556407134616716093e-01
-1.107894729157291813e+00
1.298174831377759020e+00
2.566798452708831668e-01
-2.209317452329811804e+00
5.207131809367657738e-01
2.789147161926753604e+00
2.906493297149861377e+00
1.346766850143027217e+00
2.123630387902700090e+00
2.348041178767900306e+00
1.174086703461824310e+00
1.642987421547914551e-02
3.937868697903390558e-01
1.486617410705704412e+00
2.487649902224773779e+00
4.120763728516982916e+00
3.812562830821119242e+00
1.849541734128250514e+00
2.585747212731667855e+00
3.745490861415854411e+00
2.894370064617204363e+00
4.259503936188302475e-02
-9.554102867646481201e-01
-5.692264923131440391e-01
-1.206652805513105164e+00
-3.291866142500738945e-01
1.051025305675404642e+00
1.277601208711373948e+00
2.093366721961918753e+00
2.458687074884330137e+00
1.156777647788297170e+00
-1.069867526319503437e+00
-2.840788752008840845e+00
-1.942338107607524789e+00
4.557916370203924927e-01
2.057337584018762655e+00
1.247671263409065645e+00
-1.904574340691129741e-01
-8.357805550017003426e-01
-1.167786012439596455e+00
-1.970186087307273182e+00
-2.150211517234016156e+00
-1.306941080269443667e+00
4.198276227574795350e-01
2.068499845112774516e+00
3.327083468991465232e-01
-2.444536072432711205e+00
-2.889475994864746156e+00
-1.405093756823557971e+00
7.687927472965787601e-01
2.042083901177333072e+00
2.096426825169467545e+00
1.349236130106253650e+00
9.146528767166950402e-02
-2.238912146286733407e-01
1.461836249226105444e+00
1.204418227103368988e+00
5.675678208519085999e-01
4.808297590483956441e-03
1.156231645076175152e+00
1.554042862680546033e+00
-2.287784998218826971e-01
-2.771885193998631092e-01
1.313336564465537482e+00
1.196526044615896955e+00
-1.064630936434816988e+00
-5.863955560064590955e-01
3.507349880799806030e-01
-7.810407383647899326e-02
7.877570946419718556e-01
-4.230457029361989196e-01
-1.464194769956274955e+00
-2.329713762427032542e-01
8.302539135555928596e-01
1.282274217428193142e+00
1.924126324539445321e+00
5.948075553412177641e-01
-1.133142505981544756e+00
-9.218675934758013835e-01
6.823066401244847201e-01
-3.760286277219619944e-01
-1.196208223617537536e-01
-6.267797609007077497e-01
-1.555317763238029727e+00
-1.015556717715220936e+00
-3.394153781956334548e+00
-4.961871527039050989e+00
-3.652165636938923932e+00
-9.550692994398572999e-01
6.955987891809329859e-01
2.696794626890344659e+00
9.132720587405758206e-01
4.972448527545798580e-01
-1.842450498878025478e-01
-2.677283651437672773e+00
-4.655076268728875810e+00
-2.140878142339968093e+00
-1.236280284838628507e+00
-3.689656133880242272e+00
-1.280546641906649352e+00
1.672314834711285503e+00
7.070190207916824399e-01
4.688881835792071406e-01
1.585995752154019556e+00
1.588214931764838411e+00
1.699909049714799725e+00
2.178126849754907113e+00
1.011920161124705286e+00
1.052772599353102745e+00
6.249059664483600507e-01
-1.884497582011575245e+00
-2.339910835897587305e-01
2.238352879719564203e+00
2.375081629437680864e+00
-1.321166025309703507e-01
-1.328408451724843786e+00
-6.042872746983043442e-01
-1.196846303597576266e-01
-5.869888274622228064e-01
-1.574432724257095462e+00
-8.997085145311389809e-01
3.762940981466762480e-01
1.920898561878071842e+00
1.954729911454053726e+00
3.961130072468139751e-01
-1.187693346735311906e+00
-2.246396293487344931e+00
-1.980556381195733406e+00
-6.544526402753936267e-02
7.266199660085919110e-01
8.346920453198936052e-01
1.433782402265218803e+00
8.324711029132119133e-01
6.234828076449707712e-01
2.095467200878073921e-01
-6.882280641484763706e-01
-3.122053832838003196e-01
7.596682492285147248e-01
2.018569338548746650e+00
2.834609256449632575e+00
2.404852442786401312e+00
1.166010951716560440e+00
2.188219486669999991e-01
-2.075460956397765511e-01
7.131418933295866625e-01
1.708173443188716112e+00
2.229814096535253309e+00
1.932027634845236985e+00
1.566509842354392390e+00
9.538677996431972339e-01
-6.340882142304183899e-01
-3.070730030912236508e-01
9.338502964224214553e-01
7.918556953060429393e-01
6.276447808591452127e-01
7.753157832870904986e-01
2.053524684374856690e-01
-1.278439435811568048e-01
2.205295685089604607e+00
3.092490461631764997e+00
2.271861885117250068e+00
8.765386757856525879e-01
1.879311514565273900e-02
3.249305812057769471e-01
-2.212456703241422185e-01
-8.309680577339410013e-01
-1.625204575168136323e+00
8.918431927219696576e-01
1.760752457267301896e+00
-1.224112538325869970e-01
-6.546092909419247707e-01
1.316419948647218785e+00
-8.465910409273478265e-01
-1.888680843036855794e+00
-7.398588089793955991e-01
2.533675412128673088e-01
9.661962193544778588e-01
-2.426510109543311700e-02
5.510174756176677846e-02
9.748482203577601979e-03
-1.299592302702817115e+00
1.380196727975314452e+00
1.287172210338281886e+00
1.268604181584915835e+00
1.761150594421564186e+00
7.837286358181601020e-01
1.919705860065139769e+00
4.515737051445311678e+00
4.924140592679187023e+00
3.083906778461691367e+00
1.277521959973544563e+00
8.688698399635803593e-01
9.642324304495587528e-01
1.976806960107737599e+00
3.037741117826898041e+00
2.307111471216264142e+00
1.540755141625314018e+00
5.632561581620931790e+00
0.000000000000000000e+00
0.000000000000000000e+00
0.000000000000000000e+00
0.000000000000000000e+00
0.000000000000000000e+00
0.000000000000000000e+00
0.000000000000000000e+00
0.000000000000000000e+00
0.000000000000000000e+00
0.000000000000000000e+00
0.000000000000000000e+00
0.000000000000000000e+00
0.000000000000000000e+00
0.000000000000000000e+00
0.000000000000000000e+00
0.000000000000000000e+00
0.000000000000000000e+00
0.000000000000000000e+00
0.000000000000000000e+00
0.000000000000000000e+00
0.000000000000000000e+00
0.000000000000000000e+00
0.000000000000000000e+00
0.000000000000000000e+00
0.000000000000000000e+00
0.000000000000000000e+00
0.000000000000000000e+00
0.000000000000000000e+00
0.000000000000000000e+00
0.000000000000000000e+00
0.000000000000000000e+00
0.000000000000000000e+00
0.000000000000000000e+00
0.000000000000000000e+00
0.000000000000000000e+00
0.000000000000000000e+00
0.000000000000000000e+00
0.000000000000000000e+00
0.000000000000000000e+00
0.000000000000000000e+00
0.000000000000000000e+00
0.000000000000000000e+00
0.000000000000000000e+00
0.000000000000000000e+00
0.000000000000000000e+00
0.000000000000000000e+00
0.000000000000000000e+00
0.000000000000000000e+00
0.000000000000000000e+00
0.000000000000000000e+00
0.000000000000000000e+00
0.000000000000000000e+00
0.000000000000000000e+00
0.000000000000000000e+00
0.000000000000000000e+00
0.000000000000000000e+00
0.000000000000000000e+00
0.000000000000000000e+00
