1.141876220703125000e+00
1.068946330650872856e+00
4.255741901123867299e-01
4.366017061017077872e-01
-3.156391222205747749e-01
-6.034384204483143055e-01
1.158280987430221565e+00
8.666354744541679977e-01
4.133972887951833375e-01
5.101056396139702631e-01
3.092221746189740550e-01
5.246988185447049036e-01
5.063406433554991093e-01
-5.700303115814988608e-01
-1.280749289891218723e+00
1.751416722257008285e+00
1.828733763502168541e+00
9.030738368553992146e-01
1.733584973115410044e+00
-5.064714641107315174e-02
-5.378028165687713802e-01
1.287101447556765477e+00
2.920651070556981033e+00
4.442560263968624135e+00
2.398534727197097371e+00
-7.950573037931154552e-01
-1.737675458897875114e+00
2.462324175672966131e+00
-5.733253256823349631e-01
-1.120889215032949693e-02
3.601089692680562226e+00
1.674496802589092947e+00
3.711753535139890037e+00
4.254163667258610282e+00
-4.047296251000744860e-01
7.004753190348820269e-01
3.191179121101543004e+00
-1.528622928810607906e+00
-1.437365442794101167e+00
3.711091734662686825e+00
2.634510342111767489e+00
-9.807368571514016864e-01
3.009886430575279714e+00
4.763477132652607082e-01
1.838412923119692621e+00
2.901475249003904189e+00
-1.159378499461109602e+00
8.005628254011765144e-01
2.445143796761075627e-01
8.261617090432116228e-02
-1.999044484871079108e+00
-1.823506466886875899e+00
-1.114915969748270230e+00
1.368490186926756724e+00
8.329779171920725922e-02
-1.549369396746022920e+00
-2.979959371775242616e-02
6.732735420678448435e-01
1.862082638223628184e+00
2.949663596753244299e+00
2.429732325679350158e-01
-7.739132745548924497e-01
-3.814089218536869663e-01
5.046052590827143636e-01
3.931475034107700939e-01
6.954780327732974499e-01
1.724366672439761272e+00
4.476430202096084443e-01
1.602002868222139220e+00
2.295068060524402931e+00
-1.046860060731034769e+00
-1.033453587637933158e+00
-3.985468542275993897e-03
6.078247194679853305e-02
-4.020470649826193288e-01
-7.525523468807393535e-01
1.242722681634765847e-01
1.250140522519528341e+00
1.260152200862753036e-01
-8.166693716767567945e-01
-8.967333169839982743e-01
-9.001053669611333019e-01
8.311158652909444999e-02
-4.253708056965729289e-01
-9.345189637666262428e-02
1.014968496657737029e+00
2.841589920596898633e-02
-5.608723113015701145e-01
-2.579164039610303272e-01
6.022266025066288497e-01
8.867320255818422758e-01
-1.062141112247341201e-01
-4.020957498324608803e-01
1.678432551041811660e+00
4.410889659325848200e+00
4.495180530113520589e+00
2.001224610896216838e+00
6.916689631471184541e-02
4.985464318658046068e-01
8.878256399554640410e-01
3.822078994661093354e-01
-1.339120053867939752e+00
-2.444517042494451786e+00
-2.233004104341517859e+00
-1.690734839598494910e+00
4.739287805572658385e-01
4.802283293644535433e+00
7.333504912346628046e+00
6.891959211896754312e+00
2.857037508620042132e+00
-1.275295592780434806e+00
-1.207671642648717736e-01
1.013842400253472498e+00
1.088502235270943252e+00
4.292481526196207930e-01
-8.256814089252597633e-01
-2.203591180078818379e+00
-3.324444481701707588e+00
-3.158141203863424895e+00
7.448402774848383867e-01
2.547256730287997151e+00
2.959198816630009610e+00
2.504592928520226636e+00
-5.981564998211579276e-01
-9.453241322055766505e-01
-1.179473898666234755e+00
-1.096131772724127984e+00
-2.816011089849825844e-01
1.571569056801326303e-01
-1.049518463480924479e+00
-1.795118128549411107e-01
-1.168240558489990200e-01
-1.013610624696632101e+00
-1.118071191542271414e+00
-4.995409120700903260e-01
-4.635168136396575767e-01
4.035220297062824812e-02
2.264389658746850387e+00
3.154211317988626639e+00
1.058199899607494388e+00
7.563690713317018366e-01
2.894311558305974419e+00
8.186729368641958438e-01
-1.885954819788197678e+00
6.991030357926353300e-01
1.706896271621145766e+00
1.293430560585437927e+00
2.884144964672717748e+00
1.245380883743821832e+00
9.564625513091189468e-01
4.713998608331838369e+00
3.616812567784474908e+00
1.013000895475819174e+00
2.910502992062498517e+00
5.912115168882789540e+00
4.124704682118557564e+00
-8.174639282115653272e-01
-2.111156362468538106e-01
-7.466706853349496242e-01
4.304339393530558500e-01
3.627925465304535635e-01
-2.380823079290462996e+00
-2.028666238348551865e+00
2.475060334165688936e+00
1.076099178324661398e+00
1.275452909651413336e-01
4.448387032377152384e-01
5.266041080920973450e-01
1.718657795435355906e+00
9.371426321096645307e-01
-2.513627733723510005e+00
-1.886392897139643976e+00
-2.087242183478785762e-01
7.267584057107692175e-01
-1.085082224570709464e+00
-2.585211065284295895e+00
-6.618451857082889855e-01
1.344463218375448577e+00
1.477205066184820392e+00
5.405119254415006180e-01
-3.869910347318035182e-01
3.405236638984989739e-01
6.535981979634211125e-01
5.666662692948931657e-02
-8.113420869549847758e-01
-1.138156283301522853e+00
-8.000439901389067021e-01
-6.028359313292624977e-01
-1.515318688175497419e+00
-7.764202109197575474e-01
6.076773289557992896e-01
8.839598434385611547e-01
7.796359117331965738e-01
1.443578880569712952e+00
1.643983696966233143e+00
1.364531705156091235e+00
7.112470076929819918e-01
3.865243657666391774e-01
3.286328109544914833e-01
-3.738666230673637347e-02
-6.963393950804258603e-01
-6.444933017620634308e-01
-7.284015411823654418e-01
-1.579062655598670872e-01
1.640404190312960697e-01
6.400910242621471458e-02
1.247355526176725959e+00
1.705324006195521935e+00
8.958507091434879666e-01
8.451656685661460555e-01
2.127624225005055880e+00
2.188193433628979445e+00
7.922610417084441359e-01
2.279715145713679392e-01
1.078655471852750791e+00
7.200287545438632808e-01
3.475899263733677191e-01
2.770264075760453526e-01
-9.647422391653893703e-01
-1.056647266840320398e-01
1.796184582117601458e+00
2.357670760650538710e+00
-1.984710193207008810e-01
1.299394624353209515e-01
2.172987275253984052e+00
3.034392106780573251e+00
3.365425483214419256e-01
1.569076790102508223e+00
2.298713058434884271e+00
-7.217275172642501069e-01
-4.567705609426968572e-01
1.306276360097642364e+00
-1.621477619331311182e+00
1.568605621803282890e+00
3.485796925321563045e+00
3.187883344547664421e+00
1.837418215445665082e+00
3.387398654376507778e+00
4.486691406098923807e+00
-1.774618499209101863e-01
-1.836867481820454451e-01
2.494146077414812535e+00
-1.770880507749954980e+00
-3.399016590315028896e+00
-1.602891592590728109e+00
-1.219711529437185860e+00
4.336786458546626477e-03
6.753958629765719479e-01
3.189563316894377110e-01
1.230212205665680569e+00
3.126538163371399115e+00
1.547763854530513239e+00
-1.798395764207115111e+00
-1.711391954439558383e+00
-7.958166105981190341e-02
-5.049548869824661557e-01
-5.077153511885293957e-01
1.557653982691609151e-02
3.444001763564566998e-01
2.109352462458872479e-01
-5.997601711014268755e-01
-7.055275589774061551e-01
-2.099649175129161272e-01
6.675993255927725745e-01
3.037939244976262110e-02
-4.329947116282730768e-01
2.284510166028390632e+00
3.506528325406913282e+00
2.949918406811891103e+00
1.451440511507213094e+00
-5.555700128697607099e-01
1.732598777180782701e-01
9.047104885910441929e-01
1.454976735916443165e+00
1.534315323840596212e+00
3.768929432357943643e+00
6.017375231229830312e+00
3.264751083235473583e+00
-9.044521755460657175e-01
1.411349826464244117e+00
5.135248640704375589e+00
6.731418933463271692e+00
5.352166999572205874e+00
5.622783744231754088e-01
9.027319441827774682e-03
-1.761728443276133760e-02
-2.383842400200230749e+00
-3.868088505568497926e+00
-2.363211012564568669e+00
6.691110373863784488e-01
1.768059167848038626e+00
-1.441434946013375296e+00
-2.859455529235145566e+00
-8.755076034627569115e-01
1.220977241617009490e+00
1.613344940497636104e+00
8.023276264214032061e-01
-1.739508312254109401e-01
4.125497660973564962e-01
-5.948348949442162636e-01
-2.001811279505017360e+00
-2.895146011127104124e+00
-2.921410913291239808e+00
-5.223641214692094081e-01
-9.076864928119843245e-01
-2.441658347066166357e+00
-2.423586765237500273e+00
-2.294064423831733368e+00
-4.359803837429732098e-01
3.430302591797110834e-01
7.570296468853090488e-01
3.029048614663256700e-01
-3.529480866822927165e-01
-1.496813291714965688e-02
-1.234851391569093959e-01
4.132757643175389850e-01
1.150841341945565421e-01
1.554538054182852402e-01
1.035073129663974356e+00
1.787562124544564979e+00
1.567708089087079815e+00
7.915429647391243329e-01
1.390695779056128512e+00
6.045740914858526160e-01
-5.874510339284475524e-01
-3.232206648586151143e-01
-5.718768541221697088e-01
3.073883336847018644e-01
4.992009748953464277e-01
1.989723169943469205e+00
2.101943037101532852e+00
4.821489284403799314e-01
3.674456344892862436e-01
-1.582580041754776401e+00
-8.872856206062813555e-01
1.146986464024655428e+00
-9.003561158564352684e-01
3.324583835469363535e-02
8.558132194553809136e-01
3.942613933578955621e-01
4.925112726278380038e-01
1.571140460876066403e+00
3.357497806080737002e-01
2.646543925534792230e+00
3.142004722583178200e+00
3.890340719298121641e+00
3.543694346269870898e+00
1.790199916176741235e+00
4.294687234229428441e+00
2.699336167727524938e+00
-6.182261077572921426e-01
5.782090627808152972e-01
2.613511091252673335e+00
1.044681692950264473e+00
2.155814869044181403e+00
7.468069343616448919e+00
5.478664972752699036e+00
3.279647897608653384e+00
3.656341621687880572e+00
2.171585428594280387e+00
4.637419781030343024e-01
-9.317139503945970347e-03
-3.194195662598620089e-02
8.620462680751201923e-01
2.530556204078079130e+00
3.937319377107383112e+00
9.996884313755765028e-01
3.289474548475022075e-01
2.173700984140615411e+00
1.449100160138712567e+00
-3.142276820378180346e-01
-2.267061403707837819e+00
-5.371942535605933600e-01
-1.629214278058079834e-01
-1.054321356746718230e+00
-7.783605414856671345e-01
-1.280270610264006237e+00
-4.491747248196462650e-01
-1.885962841367136988e+00
-3.004400693967713032e+00
-1.819864643006098737e+00
7.823817397719519118e-01
1.115796494813880990e+00
-5.609033671645973218e-01
-1.905037072800099596e+00
-2.986210424359897253e+00
-2.733670775504917216e+00
4.777345769681407006e-02
-8.388802917552481975e-02
-1.039009500772381411e+00
-2.497855621629408329e+00
-2.905733019452858557e+00
-1.724372378125766714e+00
-2.120871294426559805e-01
-1.011691768471540076e+00
-1.244668428229319002e+00
-1.306392677865732654e+00
-1.188336162396636642e+00
-6.767066342638706766e-01
-1.565005713549714850e+00
-2.279083036439398580e+00
-1.812362992635396797e+00
-8.467191103250425455e-01
-4.268548667186878864e-01
0.000000000000000000e+00
0.000000000000000000e+00
0.000000000000000000e+00
0.000000000000000000e+00
0.000000000000000000e+00
0.000000000000000000e+00
0.000000000000000000e+00
0.000000000000000000e+00
0.000000000000000000e+00
0.000000000000000000e+00
0.000000000000000000e+00
0.000000000000000000e+00
0.000000000000000000e+00
0.000000000000000000e+00
0.000000000000000000e+00
0.000000000000000000e+00
0.000000000000000000e+00
0.000000000000000000e+00
0.000000000000000000e+00
0.000000000000000000e+00
0.000000000000000000e+00
0.000000000000000000e+00
0.000000000000000000e+00
0.000000000000000000e+00
0.000000000000000000e+00
0.000000000000000000e+00
0.000000000000000000e+00
0.000000000000000000e+00
0.000000000000000000e+00
0.000000000000000000e+00
0.000000000000000000e+00
0.000000000000000000e+00
0.000000000000000000e+00
0.000000000000000000e+00
0.000000000000000000e+00
0.000000000000000000e+00
0.000000000000000000e+00
0.000000000000000000e+00
0.000000000000000000e+00
0.000000000000000000e+00
0.000000000000000000e+00
0.000000000000000000e+00
0.000000000000000000e+00
0.000000000000000000e+00
0.000000000000000000e+00
0.000000000000000000e+00
0.000000000000000000e+00
0.000000000000000000e+00
0.000000000000000000e+00
0.000000000000000000e+00
0.000000000000000000e+00
0.000000000000000000e+00
0.000000000000000000e+00
0.000000000000000000e+00
0.000000000000000000e+00
0.000000000000000000e+00
0.000000000000000000e+00
0.000000000000000000e+00
0.000000000000000000e+00
0.000000000000000000e+00
0.000000000000000000e+00
0.000000000000000000e+00
0.000000000000000000e+00
0.000000000000000000e+00
0.000000000000000000e+00
0.000000000000000000e+00
0.000000000000000000e+00
0.000000000000000000e+00
0.000000000000000000e+00
0.000000000000000000e+00
0.000000000000000000e+00
0.000000000000000000e+00
0.000000000000000000e+00
0.000000000000000000e+00
0.000000000000000000e+00
0.000000000000000000e+00
0.000000000000000000e+00
0.000000000000000000e+00
0.000000000000000000e+00
0.000000000000000000e+00
0.000000000000000000e+00
0.000000000000000000e+00
0.000000000000000000e+00
0.000000000000000000e+00
0.000000000000000000e+00
0.000000000000000000e+00
0.000000000000000000e+00
0.000000000000000000e+00
0.000000000000000000e+00
0.000000000000000000e+00
0.000000000000000000e+00
0.000000000000000000e+00
0.000000000000000000e+00
0.000000000000000000e+00
0.000000000000000000e+00
0.000000000000000000e+00
