-2.381380058786364273e-02 5.892321351851925737e-01 -4.429240414971347128e-02 -3.450549405177789630e-01 -4.515958683453760170e-01 2.567359742707560066e-01 8.820714948279331225e-01 5.633728683682048821e-01 7.959331069874064912e-01 -3.885774623408160267e-01 9.644771386226558274e-01 -7.456925962932039464e-01 -3.850241649112817743e-01 2.657610828826577620e-01 -5.479625025338408228e-02 6.245784404292220593e-02 3.850978269268561238e-01 2.614480265437293394e-01 6.674943395585319905e-01 7.387941401982960343e-01 4.643461858452366808e-01 7.559444473401610853e-01 2.388815016124721247e-01
8.418628758552213487e-01 -3.907920589949931411e-02 -3.231827426815370163e-01 6.967526953530800427e-01 7.025171718388767417e-02 -7.690241384587357398e-01 -1.041446825888814320e-01 -9.652524564741771229e-01 7.974584500024528566e-02 8.992653277107942600e-01 3.528775351635489166e-01 6.134115371092552227e-01 -6.237257799281912263e-01 9.257635008323084058e-02 -2.734622288986652272e-01 -8.277901169929107184e-01 -8.743635523696731138e-01 1.457954736801725382e-02 -7.861979504443890043e-01 -6.673258851024832516e-02 -8.828611271231130431e-01 -8.270547244487236327e-01 -6.237982668449102430e-01
-5.682973762361553938e-01 -1.098384585126896962e-01 -8.022558739527358984e-01 6.058453409696160641e-01 6.917100040266532801e-02 -8.001958785439204913e-01 8.237197350233507187e-01 -9.955520220458431435e-01 -9.475213912203490629e-01 6.251863248780813453e-01 -2.651041820531578885e-01 -3.830691988227319378e-02 5.425863469417033791e-01 -6.064854085495952063e-02 7.518378895862416478e-01 7.502231722831802507e-01 1.731073221429997311e-01 -9.748476264556593662e-02 6.278108502462775853e-01 4.677554086624111651e-01 3.164338232378776095e-01 -7.817109951328500284e-01 -1.866437051180236395e-01
3.010081310306771396e-01 5.221136029081172580e-01 -4.875936470505681797e-02 9.647280147712198328e-01 7.107340201911835909e-01 -9.048784407659513640e-01 7.561668853110272703e-01 -5.504612274244364833e-01 -5.240550676077460057e-01 2.544612804377965887e-02 5.939339074341698499e-01 6.258954144800366048e-01 4.517652711321138437e-01 8.818523571061795963e-01 7.349817222411214601e-01 4.514076621586959881e-01 5.348003331875257338e-01 4.311790987372636774e-01 4.699866184970968863e-01 -6.146607830500050440e-02 9.586307371946196643e-01 3.674034169710693742e-01 8.927443372741739047e-01
5.497567186139193929e-01 -2.224164529596994733e-01 8.568891000799319091e-01 -5.923097542560826767e-01 -6.237306803099136321e-01 8.590445128303179079e-01 -6.987266060488297459e-01 -3.703552652253923050e-01 -3.376305121823270916e-01 -8.547424988812197810e-01 -9.901262400549004639e-03 5.790818305096054885e-01 2.164239506775338384e-01 2.717926059342821166e-01 2.938805765914476176e-01 3.932091482720803111e-01 4.803394927259527769e-01 -5.380097245825947727e-01 -7.404643465439233463e-01 8.624943489559806498e-01 -3.253629978772760722e-01 9.514325435560098132e-01 4.964748074054381455e-02
6.495527875311590815e-01 -7.627596727987453473e-01 5.223616498040934975e-01 -3.519128566014146919e-01 9.392275893084141014e-01 -3.856116157175137893e-02 -7.386488515695313062e-01 8.016869807666264780e-01 -5.454023340384641649e-01 -8.131178887786894016e-01 8.027485550965531846e-01 8.528938182523360112e-02 -2.593954598139922574e-01 2.012700629575281397e-01 -2.912926490473344288e-01 -4.305499171752673604e-01 -8.901321346421935399e-01 6.097553970181412986e-02 -5.608017146912913642e-01 -9.549953115042641993e-01 -4.020799068096672091e-01 9.411939134308293653e-01 -5.898263264981902232e-01
6.758682377325988533e-01 -2.408066725237820727e-01 -6.790767398003432209e-01 -6.311023146636838277e-01 -4.846041077285234699e-01 -5.355295392793673059e-01 9.532835969788593378e-01 2.365042910853267788e-01 5.456263141926083193e-01 -3.769483359439917969e-02 -9.608228978523980501e-01 -5.134369588147840169e-01 7.061752552080855505e-01 -8.394283271599878304e-02 -6.591631888173588028e-01 -9.065805219699381023e-01 -8.371940681947043217e-02 3.127533317446222760e-01 -5.721283721310352899e-01 2.227074530179784517e-02 4.250856800003592895e-01 7.054331753556648543e-01 6.862196155273871945e-01
-6.661717278802998798e-01 1.919940688822050490e-01 2.631864391453353491e-01 2.975646826185700533e-01 1.322333528002377356e-01 9.942597262239594169e-01 -1.881557495620347353e-01 7.278683940741466074e-01 2.144769861264634869e-01 -5.381515609711104986e-01 3.755492521857553001e-01 3.620269401796929465e-01 9.581792732170510973e-01 6.145912368831392136e-01 6.598227440149253553e-01 7.936187578534330544e-01 1.613349791934677313e-01 7.034230055007115734e-01 6.058684282497019957e-01 3.466109781362458619e-01 3.351069419420549256e-01 -7.471861710501102039e-01 -8.073527321680236124e-01
6.123191214482721634e-01 -7.557873571221540576e-01 3.610107673327365152e-01 -4.571004835238727804e-01 -2.136326393232135246e-03 2.496460058096028334e-01 -4.412684566496365424e-01 -5.472025490437120165e-01 1.709760529515242933e-01 9.279514660769816459e-01 -2.409925914685075998e-01 -8.193003574050317095e-01 -2.902193706822386865e-01 5.247815782960778552e-01 7.891330225376536056e-01 8.766160083710798911e-01 3.681885605256967064e-01 2.453103105683287488e-01 2.499397754189480736e-02 -9.843290293077355813e-01 -9.945046376928692311e-01 -4.311673348759195168e-01 -6.834261273672697090e-01
-7.827587123636572386e-01 7.134916671874176330e-01 6.022551704627094882e-01 -4.233465822833859526e-02 8.418773042458580491e-01 -6.267277953615395525e-01 6.412108122886108763e-01 -2.246232255531883659e-01 -5.567094900250575407e-01 -9.311782964807209240e-01 -4.619381234174113615e-01 -7.068918210430839011e-01 4.704652127011976770e-01 -3.861094065186538860e-01 9.779344468496258269e-01 1.484011604601587209e-01 -4.169394082434489945e-01 3.548855259096426185e-01 2.403212480350116476e-01 3.898181726671190450e-01 -6.850013292931584896e-01 3.254572911547382041e-02 9.390814336036554799e-01
9.295661360231746162e-01 -5.835700632325977466e-01 -5.467941612131397289e-01 1.629852979218955333e-01 -9.742627450645766629e-01 6.006470020511578412e-01 -6.429413245461070847e-01 3.014281282341799706e-01 2.311706192946385574e-01 5.232141319628338394e-01 5.184247805834627520e-01 7.396361468028451736e-01 -5.548320504987203083e-01 4.356524299441963954e-01 -1.231614062328496573e-01 -2.198926570884043308e-01 4.332072595523905889e-01 -5.264687865381663112e-01 8.130085139698055574e-01 -5.027692593261907650e-01 7.998109568776181622e-01 -1.355012281469971658e-01 2.235156370917006363e-01
-4.618722712854610446e-01 4.829058653208684326e-01 8.375033198142427526e-01 -5.448789813971697260e-01 6.874192650357682233e-01 -1.479195101295485149e-01 -1.531478131197716586e-02 -7.633996270590110989e-01 -1.103052803085105005e-01 7.024037436394543477e-01 -3.067098034366866344e-01 -6.963148413466753173e-01 -7.560154509514087628e-01 5.396000256371895620e-01 -7.160037842544109132e-02 -2.837443738032392471e-01 2.057883881164830342e-01 9.327865311353598088e-01 1.499004439140216860e-02 -3.657418319130083528e-01 1.017966751923879976e-01 2.148117803509057566e-01 -8.174570848829918468e-01
-6.171436079011205500e-01 3.339458506018362360e-01 -1.003423912799876749e-01 6.040278154728406790e-02 2.006378836927196208e-01 7.186872429147550534e-02 -9.280220008553716760e-01 -8.574026844166215966e-02 6.535386459463188302e-01 -7.653301675622470324e-01 -8.053832893605288312e-01 6.527491022227451811e-01 5.422641467476230215e-01 8.772327191482331976e-02 -4.569503323664592109e-01 2.889886152129885755e-01 6.228520500111842662e-01 4.563691406314105414e-01 8.469889059200885750e-01 -4.011035058993941416e-01 -5.920104163285100363e-02 6.981203088120706557e-01 -3.594237232896217993e-01
7.232039847518698661e-01 -8.890104171325727833e-01 4.245417768166017680e-01 -5.299403783890148656e-01 9.555663444025583875e-01 2.609344484748057358e-01 4.208266433286866892e-02 3.136901045427811230e-01 -4.856978507422533564e-01 2.889888526180393047e-01 -3.018183549237589691e-01 -5.020253565448429267e-01 2.573890895702684034e-01 -2.607267756876461284e-01 9.247994335226359386e-01 7.980316361340338283e-01 -1.714988836546165185e-01 -7.244691786778616471e-01 -4.418604677394011304e-01 -2.918294886917454090e-01 1.125517636572586078e-01 -8.342299984196892559e-01 9.181102147717650208e-01
3.879412144697420572e-01 4.574314330803734840e-01 8.452530829544189217e-01 6.493679319253664595e-01 1.571438969294061128e-01 -7.516123536890773060e-02 -1.788208248882887652e-01 3.619779872634987239e-01 9.883588694707456934e-01 4.579998421422144528e-01 -5.012513553963402479e-01 4.842432063176043133e-01 9.875887833286096651e-01 5.021337434827677360e-01 7.978989187629232926e-01 -7.784628260335486605e-01 2.303471261843470508e-01 -2.895607370289632332e-01 -1.264064135367461983e-01 3.747644179835740719e-01 -1.093615170409847348e-01 7.427340668452611094e-01 5.466676982079448077e-01
-6.339788567103978867e-01 6.020755501295289580e-01 -7.438415078074944731e-01 1.449392176982566838e-02 4.610711707029870876e-01 -5.855013072846748656e-02 4.404086000055773553e-01 -1.975334082199080576e-01 -2.537755791072537903e-02 9.273479388789862554e-02 5.677758675898316731e-01 1.773375230402325364e-01 5.282234299801502608e-02 6.092114469837821567e-01 -1.066838234539650987e-01 -5.522312512364895287e-01 -3.843019486962162556e-01 -7.684017418894684148e-02 6.606889655994299115e-01 2.404103558693364562e-01 -9.564795488259392187e-04 2.473673501487050341e-01 -9.254147363185434294e-01
-1.981392718435301958e-01 -7.253299915022615174e-01 9.490449834967304987e-01 -5.782831581610512472e-01 -5.478881105033064358e-01 2.217032461013135336e-01 6.811515185436509690e-01 8.893185288506031405e-01 9.560966510958710529e-01 6.968981830894720453e-01 2.253620717334641199e-01 -5.930723844057594896e-01 4.237452241765600203e-01 -6.679859633403388841e-01 1.141756611157977996e-01 5.192097293818647152e-01 5.082211141996815229e-01 9.621411587498576168e-01 3.973863563093475992e-01 -1.018371549694980782e-01 2.710646498242339497e-01 -6.065907990584580300e-01 7.654210198386368624e-02
6.668313071106954926e-01 9.521778044882640568e-01 9.676167734486427197e-01 7.363684522351023887e-01 -2.584767493971709129e-01 -5.977330564885561248e-01 3.766361569461309511e-01 -1.678380206525194041e-01 4.924851540078654111e-01 -7.630594339511465041e-01 -8.616797873490533721e-01 4.815153072165967441e-01 7.751482245596674758e-01 3.962863068596020888e-01 9.494552036754859703e-01 -9.054819714156736588e-02 1.925348863340239358e-01 -9.848141795217213446e-01 -1.934365693270794218e-01 6.232766940966023572e-01 -9.409193210995270285e-02 -5.485673847109637791e-01 -3.020516608241770040e-01
9.078733658140565321e-01 1.373482049966447960e-01 3.645116809695936322e-01 6.323344500122751732e-01 8.609805393365719262e-01 9.281699406782322193e-01 -4.711216922735792512e-01 4.283908250401067264e-01 -7.313819218364032704e-01 7.886022588525376520e-01 7.572351343932355316e-01 -4.126566697908389258e-01 -8.639190735308219793e-01 -6.770041011578502577e-01 7.466480691632604305e-02 -8.186627188821475887e-01 4.108908558379265052e-02 -6.881732506643829517e-01 -1.734246897379807528e-01 1.152532974893960560e-01 5.932602746893198553e-01 8.103237240659413310e-01 2.552500367537422488e-01
1.720877468427375323e-01 8.172626814725023614e-01 8.208469640149882451e-01 7.591518563779859896e-01 4.072572292546479122e-01 -5.372525427252887731e-01 7.762239770217764789e-01 -3.142527595775370663e-01 5.935703211564449244e-01 8.319488853818939322e-01 -3.081561393339715682e-01 4.545974718372773893e-01 1.309980412614364376e-01 2.271903279421298993e-01 1.854121236116832439e-01 9.006945214307375824e-01 7.655641506966874843e-01 -3.200734949813823782e-01 3.579018416363581867e-01 -2.086451086264846655e-01 -5.000543448029650673e-01 -7.608957776364819736e-01 -1.140938011980598965e-01
-3.443159454094724126e-02 2.208419011023849965e-01 -7.346454223051177568e-01 -9.622677282908467244e-01 -2.449273614851659175e-01 -4.395789171392006089e-01 1.766553895715816669e-01 -7.125857342290653484e-02 -5.303379544472524021e-01 8.459368744906172743e-01 -8.948412825165703577e-01 8.082597182198378860e-01 1.069433632361265207e-01 8.026573890452530780e-01 -8.921237447037326795e-01 -2.292753073092044236e-01 2.918289431971978765e-01 3.336500556866590639e-01 4.447104911432269159e-01 3.404446955946800468e-01 5.059748962909438319e-02 6.402655150649481097e-01 -9.922631674717570238e-01
4.967042306857876177e-01 -2.421449115777891681e-01 4.241352037443206768e-01 -8.207228464716678218e-01 -7.219454769344291201e-01 5.817491935688230420e-01 8.570168712546366585e-02 -4.954421350973308158e-01 -2.800358593814635810e-01 -3.199775476649799888e-01 -6.839673665504826250e-01 4.123423728503305963e-01 1.279273279726877988e-02 7.858418994655138601e-01 5.906984644886992264e-02 -8.031797412951409143e-01 5.685844370189105934e-01 4.540787395792889036e-01 -6.909569517507392344e-01 -8.601692857923781688e-03 -2.306536254300532995e-01 -8.390281961932832822e-02 8.632044411792341165e-01
-7.968068250793138851e-01 7.556098174367198439e-03 -5.861623917908207471e-01 7.852957745794548750e-01 6.232877067252073910e-01 -4.903244191761677584e-01 -3.265926558917575662e-01 4.238721178121382938e-01 2.530375543920231340e-01 3.014903346767181525e-01 6.580103615185459720e-01 -7.876123526270961683e-01 8.885956481630152837e-03 -8.419764520771266803e-01 -3.195143416957777482e-01 8.552054743369592593e-01 -1.640243586096812312e-01 -7.539651585672908496e-01 5.481942943332047680e-01 -1.975569164502206654e-01 2.737179788200416741e-01 -1.745577644839604314e-01 -8.918520968418792716e-01
