1.103820800781250222e+00
7.244521541644310947e-01
4.978240714594406313e-03
-6.084363156199126266e-01
-7.812106016242599260e-01
-5.919628831106722444e-01
-3.912616069193521895e-01
-4.706521767624227692e-01
-4.010503759564398862e-01
3.618019498044078297e-01
1.485755964602652801e+00
1.465813346576522846e+00
5.944378493621860216e-01
-4.454667175981161797e-01
-1.181622604927579090e+00
-1.330419657787209164e+00
-8.665685063784209774e-01
-3.946440087257490070e-01
-6.473643950170164807e-01
-1.506833810420590058e+00
-1.817296116746373036e+00
-9.030960652525514831e-01
5.242387005270026101e-01
-9.860986743057575943e-02
-7.210276821586205642e-01
-1.649488611200846888e+00
-2.384568132544135466e+00
-1.792223706714836551e+00
-2.584966971507922651e-01
1.729543466885508529e+00
3.045778040106679185e+00
2.526752675511904744e+00
1.627816458527231003e+00
5.195596480845572351e-01
-6.089469548405515020e-01
-1.052235170188037472e+00
-9.701159151403426772e-01
-7.725951912591728643e-01
-2.911444851235471809e-01
-9.319229263691759524e-01
-1.072924439254734130e+00
4.382247823503098161e-01
1.947157952795530500e+00
1.477094858519857112e+00
4.614197373309223416e-01
4.102072071867162162e-01
1.322430337229893560e+00
1.939922958176866441e+00
1.928703108735018379e+00
9.282500403939113465e-01
-1.279368441653556676e-01
-2.099124243319826499e-01
-3.170155961994792770e-01
-1.222904612438339367e+00
-3.174390718017460200e-01
7.064465475280230500e-01
-1.965351882856596344e-01
-3.389232370609858713e-01
3.314954067250216463e-01
7.098274723448327883e-01
3.000396088500500991e-01
1.814162904333831428e-01
1.606488091350767089e+00
2.384361217311099956e+00
4.009993949467549612e-02
-1.409277500501181724e+00
2.227434429998337073e+00
1.485946268551583405e+00
3.916874878238774116e-02
1.072144629795706461e+00
1.999032487805936675e+00
6.061039574646582828e-01
-8.304780533358795402e-01
1.098621096458268109e+00
7.898968385567748385e-01
-1.095122672369393424e+00
-1.441564120619273082e+00
-9.136357588217107750e-01
-2.449651029455284235e-01
-4.435284108681303294e-01
-1.135030893052768164e+00
-7.201720103996687161e-01
9.810544532732674572e-01
-7.074371188379644515e-01
-8.220173120373351905e-01
-4.824087077499061849e-02
-1.238907034081447200e+00
-2.223374185710112805e+00
8.485870381667910411e-01
1.627820005433190165e+00
1.198793179177868762e+00
-3.509508133503169702e-02
-5.049634655320249799e-01
-9.058469541955687099e-01
-8.037960668074108916e-01
1.844048673631192514e+00
2.940024724236645959e+00
1.450719799515575392e+00
-1.513406844807523299e+00
-3.419851563144278295e+00
-1.714304963309563057e+00
2.445892725008154578e+00
4.671966434427676340e+00
4.239918210077918914e+00
6.099394333791892109e-01
-2.972780123295499344e+00
-2.692885964556356537e+00
-5.672466656686783182e-01
1.449711253130322230e+00
-5.634206581676219905e-01
-1.325935088228527015e-01
2.677380274172650232e+00
1.007514472561933161e+00
-2.309074018951923435e+00
-2.976080425345377201e+00
-1.233317643988280921e+00
2.178903774256277792e-01
-1.636554910329009571e+00
-8.695238397479998937e+00
-1.028184574460385825e+01
-6.384334594043139965e+00
-2.546208184608800718e+00
-3.153432390379292904e+00
5.607824360665718544e-01
-1.474786087173596272e+00
-2.304221632323871560e+00
7.106693051035648523e-01
2.158553909152010064e+00
1.679705456229136473e+00
3.100328002059587362e+00
3.850067314268851071e+00
3.052898513535095226e+00
1.477812839742085771e+00
1.643248387321148307e+00
1.489298871602834584e+00
1.117997453223980919e+00
-6.684022621593586067e-01
-4.233925640349314179e+00
-2.807456705190390700e+00
6.168039873257362693e-01
1.810614890616431216e+00
7.750554500034549932e-01
-2.194404606743993291e+00
-1.536810031423293754e+00
4.686747295919797551e-01
1.250321631906935238e+00
2.193083730142586507e-01
2.825890909294626052e-01
2.284626807606972676e+00
2.362707200043210332e+00
1.603736339031798241e+00
1.683982638452574676e-01
-1.485755219845394492e+00
-1.209592207177542456e+00
1.290217438140619288e+00
-2.190260615672463551e-01
-1.625318770986295958e+00
-2.449961910067186110e+00
-4.575801363658207332e-01
6.020629969008322036e-01
7.533670029478585217e-01
-3.656839299649958797e-01
-1.801200950662153799e+00
-2.791658462653318296e+00
-2.067352797991241609e+00
-2.206698848292525383e-01
-1.521374674707851593e-01
8.181690876085546682e-01
2.236416806169301275e+00
2.158690965217433533e+00
3.898732867387428858e-01
-1.273347072664217094e+00
-3.933811969863785230e-01
6.155084713653772299e-01
1.287497432930147401e+00
8.006187179268987597e-01
-7.865730664390132576e-01
-1.261260288855762468e+00
-1.160873320889772131e+00
-9.031211006788341100e-01
-9.876635456317679473e-01
-8.616084488078650239e-01
-1.951949176428064980e-01
-1.586255120685188258e-01
-1.691500703530242733e+00
-3.624505367366549713e+00
-3.138009301368863913e+00
-1.271482429104415779e+00
7.265017977605553456e-01
2.520606021854758794e-01
-8.755929537803879281e-01
1.452847662152974006e-01
9.396360020289944437e-01
-9.161566799221576574e-02
-1.727321081358407007e+00
-6.934085245639882711e-01
6.470373210493707283e-02
-1.840171492968361688e+00
-2.202227568763396981e+00
-1.370939109320430171e+00
-7.479818527128297978e-01
1.460247663253515515e+00
1.576146721158922848e+00
-3.633848591456096955e-01
-3.071069791622445866e+00
-2.752698656558391299e+00
-1.905365717660927327e+00
-9.125313435359885261e-01
-3.762504073107798552e-01
3.508577289849352798e-01
6.041251569591343795e-02
-1.106408888600495022e+00
-2.184615070919282864e+00
-2.181096329973466474e+00
-2.565745445691102411e+00
5.348875982360778991e-02
2.749302872466510728e+00
4.168342085746337133e-01
-1.813476734047187566e+00
-2.040257304770351610e+00
7.984997400396645073e-01
-7.911898592520199003e-01
-3.661808268927645216e+00
-7.208762528980826367e+00
-6.768455846864583236e+00
-2.774412675317590171e-01
3.362047034985317318e+00
-1.572414389470239815e+00
-1.785811192495668109e+00
-1.764493421867546985e+00
-3.106247504213010657e+00
-2.148738403775160677e+00
6.676974174797458694e-01
2.732669882766271208e+00
4.714780398304710296e+00
4.639738896450620764e+00
5.481283825781719798e-01
-1.451286285140164445e+00
-4.822916264698866584e-01
-8.763874979744941118e-01
-5.057627482564117649e-01
-6.192101739646467262e-01
-3.491637139084631691e+00
-5.642722192840307294e+00
-3.711381190654639894e+00
5.733201600213262417e-01
2.830122182780980378e+00
8.246708369964912411e-01
5.832244042841887577e-01
1.614858751464591347e+00
-8.540454938464847601e-02
-2.410450605960002157e+00
-6.555146581005111273e-01
2.414420696181425186e+00
3.765036777589510386e+00
1.251151314035692685e+00
-1.795177933222039002e+00
-6.818290179054260491e-01
3.364599533669081488e+00
6.102836060051073375e+00
4.363693050397658091e+00
1.380961754649394635e+00
-1.035716580415362520e+00
2.658383568325675128e-01
2.695171125215858332e+00
2.854752755538302544e+00
4.191913852360142911e-01
9.653892546731808189e-01
1.658885977267952949e+00
5.725158670696446350e-01
-8.097439024993566825e-01
-4.777859635732941701e-01
1.636616793749690046e-02
-7.782682813372356900e-01
-1.681721569351092960e+00
-5.582102978554615014e-01
-7.056210369533246762e-01
-1.462390346727597823e+00
-1.155605287420506944e+00
-4.487630797482637934e-01
-2.605495291395978352e-01
-8.797509511746710587e-01
3.174696009157722543e-01
1.533036511940369495e+00
-5.942997436950707701e-01
-8.672892481675649190e-01
1.347645342200446406e-01
1.720799311065658532e+00
1.552242518810736716e+00
-2.484793476261755174e-01
2.324516784706333716e+00
3.725789059645151724e+00
1.601602144757679369e+00
1.986439536337538669e+00
3.462593726419890050e+00
1.517127338553495353e+00
-9.544435337019363530e-01
9.082002422916894968e-01
2.059699200850477308e+00
1.436714088561036773e+00
1.137164169277536052e+00
1.330138716724931447e+00
1.053671830855015701e+00
1.177643320958277062e-01
-1.374229004743525051e+00
-1.622319665061693117e+00
-8.046390289298978038e-01
-6.715559265574013725e-01
-1.885533858983542865e+00
-2.109352652532282768e+00
-1.323801819481240649e+00
-2.863639518880574109e-01
-2.093167237646156309e-01
-2.591147568358818098e-01
-8.327456201802632130e-01
-7.821473512932402006e-01
4.560043166547060878e-01
1.784011821355852234e+00
2.556025557629394651e+00
2.494659968100497061e+00
4.958836417403125196e-01
-1.684309441247465289e+00
-2.466032197378294377e+00
-2.075215080851521954e+00
-1.699477142594551626e+00
-9.944836932418834596e-01
4.620133024419983414e-01
2.004887308666986723e+00
5.959033311610526518e-01
-2.269744734794052476e-01
3.101588952435507807e-02
8.259980192817186762e-01
8.623544316647571151e-01
-2.650725754227751807e-01
-1.714358131482486725e+00
-2.271655837501921127e+00
-1.064751051400209425e+00
2.526482378413521523e-01
6.235243943447396076e-01
1.410465305166724859e-01
-7.598002801760921354e-01
-1.511248071451072095e+00
-1.323198954363965285e+00
-7.614146982743910108e-01
-5.050871104576821757e-01
-2.842821586560080327e-01
1.753649791678264513e-01
7.411977552157023030e-01
1.192939980341415351e+00
2.256510653157296264e+00
2.178278741930083751e+00
2.014405389559442483e+00
1.967329960006342526e+00
2.201390760212915687e+00
2.549036444737605933e+00
2.684527741140187995e+00
2.489850686517053102e+00
1.999146381243005255e+00
1.580435499758152229e+00
1.597598170250575711e+00
1.807551606692566981e+00
0.000000000000000000e+00
0.000000000000000000e+00
0.000000000000000000e+00
0.000000000000000000e+00
0.000000000000000000e+00
0.000000000000000000e+00
0.000000000000000000e+00
0.000000000000000000e+00
0.000000000000000000e+00
0.000000000000000000e+00
0.000000000000000000e+00
0.000000000000000000e+00
0.000000000000000000e+00
0.000000000000000000e+00
0.000000000000000000e+00
0.000000000000000000e+00
0.000000000000000000e+00
0.000000000000000000e+00
0.000000000000000000e+00
0.000000000000000000e+00
0.000000000000000000e+00
0.000000000000000000e+00
0.000000000000000000e+00
0.000000000000000000e+00
0.000000000000000000e+00
0.000000000000000000e+00
0.000000000000000000e+00
0.000000000000000000e+00
0.000000000000000000e+00
0.000000000000000000e+00
0.000000000000000000e+00
0.000000000000000000e+00
0.000000000000000000e+00
0.000000000000000000e+00
0.000000000000000000e+00
0.000000000000000000e+00
0.000000000000000000e+00
0.000000000000000000e+00
0.000000000000000000e+00
0.000000000000000000e+00
0.000000000000000000e+00
0.000000000000000000e+00
0.000000000000000000e+00
0.000000000000000000e+00
0.000000000000000000e+00
0.000000000000000000e+00
0.000000000000000000e+00
0.000000000000000000e+00
0.000000000000000000e+00
0.000000000000000000e+00
0.000000000000000000e+00
0.000000000000000000e+00
0.000000000000000000e+00
0.000000000000000000e+00
0.000000000000000000e+00
0.000000000000000000e+00
0.000000000000000000e+00
0.000000000000000000e+00
0.000000000000000000e+00
0.000000000000000000e+00
0.000000000000000000e+00
0.000000000000000000e+00
0.000000000000000000e+00
0.000000000000000000e+00
0.000000000000000000e+00
0.000000000000000000e+00
0.000000000000000000e+00
0.000000000000000000e+00
0.000000000000000000e+00
0.000000000000000000e+00
0.000000000000000000e+00
0.000000000000000000e+00
0.000000000000000000e+00
0.000000000000000000e+00
0.000000000000000000e+00
0.000000000000000000e+00
0.000000000000000000e+00
0.000000000000000000e+00
0.000000000000000000e+00
0.000000000000000000e+00
0.000000000000000000e+00
0.000000000000000000e+00
0.000000000000000000e+00
0.000000000000000000e+00
0.000000000000000000e+00
0.000000000000000000e+00
0.000000000000000000e+00
0.000000000000000000e+00
0.000000000000000000e+00
0.000000000000000000e+00
0.000000000000000000e+00
0.000000000000000000e+00
0.000000000000000000e+00
0.000000000000000000e+00
0.000000000000000000e+00
0.000000000000000000e+00
0.000000000000000000e+00
0.000000000000000000e+00
0.000000000000000000e+00
0.000000000000000000e+00
0.000000000000000000e+00
0.000000000000000000e+00
0.000000000000000000e+00
0.000000000000000000e+00
0.000000000000000000e+00
0.000000000000000000e+00
0.000000000000000000e+00
0.000000000000000000e+00
0.000000000000000000e+00
0.000000000000000000e+00
0.000000000000000000e+00
0.000000000000000000e+00
0.000000000000000000e+00
0.000000000000000000e+00
0.000000000000000000e+00
0.000000000000000000e+00
0.000000000000000000e+00
0.000000000000000000e+00
0.000000000000000000e+00
0.000000000000000000e+00
0.000000000000000000e+00
0.000000000000000000e+00
0.000000000000000000e+00
0.000000000000000000e+00
0.000000000000000000e+00
0.000000000000000000e+00
0.000000000000000000e+00
0.000000000000000000e+00
0.000000000000000000e+00
0.000000000000000000e+00
0.000000000000000000e+00
0.000000000000000000e+00
0.000000000000000000e+00
0.000000000000000000e+00
0.000000000000000000e+00
0.000000000000000000e+00
0.000000000000000000e+00
0.000000000000000000e+00
0.000000000000000000e+00
