6.414184570312500000e-01
2.955364136446678280e+00
5.288181014288421800e+00
-4.406277986343809516e-01
-1.537038272858270993e+00
-2.097719662207062186e+00
-2.533105631796182422e+00
2.321845029268057914e+00
-5.489071629021644583e-01
-2.859073035965038478e+00
-3.749716814449540081e+00
-2.747330391636027436e+00
1.501772171268997980e-01
3.826441257733952384e+00
7.040023619830404478e-01
-3.458534916760437561e+00
1.149438396222157710e+00
-3.760432995701536107e+00
-5.394599991036247211e+00
-9.191881956919587537e-01
-1.739816970156035758e+00
-3.272321759057907009e+00
-6.026311444530535688e+00
-3.429610738309370355e+00
3.459141057098886307e+00
6.424615680165310927e-01
-8.985364327192333356e-01
-5.812261307449126946e+00
-4.102370921717986896e+00
-5.292093393763757092e+00
-2.770133835719636561e+00
-1.666900812467551507e+00
-3.204759678190074013e+00
-2.931945902205622456e+00
-7.912206193588757763e-01
-1.362355210692310248e+00
-2.337405498794012715e+00
-2.292877755221006453e+00
-1.011807560596097666e+00
-3.403992451713809597e+00
-5.352787805222454232e+00
3.507394812815349816e-01
-4.858826052184115341e-01
-4.064856060573520224e+00
-4.502555277609403106e+00
3.317017822698933305e-01
-1.802492487106066577e-02
3.182665354474223385e-02
1.438744941361573604e+00
-4.451879506520486807e+00
-3.703997079094206057e+00
-4.793964202014862508e+00
-2.434022388631093214e+00
-8.205304455199957658e-04
3.218907300951831196e+00
3.152094014416531031e+00
1.996826305223617926e+00
2.749062036170091705e+00
1.095800256025829977e+00
2.579878202877202931e+00
8.713544775130155351e-01
3.345165119424232447e+00
5.576512560410951114e-01
4.056310409384186855e+00
5.575185544917894198e+00
-3.494769598072675620e-01
-2.090447601939030342e+00
1.030347089185176923e+00
4.546865227697512779e+00
2.339264209938032302e+00
-6.147608148626271252e-01
1.118437455260115065e+00
3.511202545300561084e+00
2.730075243693113052e+00
-1.209760081480881322e+00
-2.553519377512050159e-01
8.869681256389549961e-01
2.058733581188429973e+00
7.710805488518504003e-01
7.928241655111476494e-01
-1.849104107157577559e-01
-1.777030504535882738e+00
-5.976600537240697175e-01
-8.412487888078096221e-01
1.183517204777326803e-01
1.627953822059554412e+00
7.508957217189449196e-01
5.212298856067169028e-01
-1.709928801883298100e-01
-5.658868289282215081e-01
-1.158645992376183820e+00
-1.094802673205690580e+00
3.376700317143133123e-01
9.432932447108444141e-01
-2.312826504010989659e-02
-2.195270985460525015e+00
-9.473577472274070654e-01
-2.026661808562302269e-02
-8.490544579315980611e-01
-3.842694199296670110e-01
-4.059851704584853671e-01
-3.214886243387713449e-01
1.167676658282853275e+00
-7.161076347726912372e-01
4.135161439960175489e-01
9.285081771177555732e-01
-1.241528955437860571e-01
3.952059765350801612e-01
-9.400939089580455654e-01
5.164932627034504176e-01
-1.923177302713620307e+00
-2.502559258410613552e+00
-3.724041862523044255e+00
-1.940533767814786037e+00
-1.292134693184249006e+00
-1.756560830640732984e+00
-8.884829857174576517e-01
-3.121494178208796821e-01
7.456765551435305950e-01
3.837969312437581326e-01
-5.586661104099643893e-02
-9.533097553085724263e-01
-9.976337006224342829e-01
-1.304892490672775462e+00
-3.200821123891577358e+00
-4.611834332856076024e+00
-3.897422737082742117e+00
-3.560758770916381710e+00
-3.592270081819877170e+00
-3.189454636935415976e+00
-2.724110566912298470e+00
-4.885200694714862735e+00
-5.505223186603747543e+00
-4.507412105466585217e+00
-6.796635059003377499e-01
-3.394550373362046347e+00
-6.419261391334273981e+00
-7.890641402952859984e+00
-9.227711088033927922e+00
-5.985693336881633186e+00
-5.109653199230357323e-02
-5.544382367737924255e+00
-6.404779198340022184e+00
-7.200566205238639661e+00
-6.542666456104067052e+00
-4.702487719310648906e+00
-3.582371170104467151e+00
-3.834513232875781608e+00
-3.592940570700325242e+00
-3.490847585605139081e-02
-1.770296234195615437e+00
-2.601381766306628762e+00
-1.938257577451016456e+00
-3.263572522810623155e+00
-3.162767169523305277e+00
-2.451005540036264030e-01
-5.137958158222811988e+00
-2.089900914972734114e+00
-3.968078827735155301e+00
-3.166907000963185226e+00
6.080795716649929350e-01
1.124321730749544557e-01
-1.569895781281978486e+00
-2.568905142347410298e+00
4.287232028638769954e-01
-1.884067895475753485e+00
1.588352140566410942e+00
2.064553953120342289e+00
-1.044131144190444616e+00
-4.686493345367851227e+00
-6.806355117832231905e+00
-1.099650174667442215e+01
-2.336798067329315387e-01
-2.732166966034224487e+00
8.761516934410753521e-01
3.024015149421344084e+00
2.924639477535392551e+00
1.960629926481984864e+00
2.243104372500356547e+00
2.570030431759790623e+00
1.142600534097731657e+00
3.307667321393619630e+00
-1.067517560563238987e+00
-5.695821755644097095e-01
-2.891406568072696359e+00
-3.712807585058721660e+00
-2.871475611020007701e+00
2.816532834283820286e-01
-3.876555634674057060e-01
8.839846692298292119e-01
-1.316298022817522062e+00
2.174900475712482351e-01
-5.897856520561637339e-01
8.045206858383113779e-02
-6.677408879230750660e-01
-2.505310978576078096e+00
2.084323858410908947e+00
-3.939477810693215343e+00
1.923129379652666060e+00
-2.911732744198480383e+00
-1.935541037311486967e+00
3.699913622516593836e+00
-1.653667015353815550e+00
5.620160107648350944e+00
6.949180344452274838e-01
2.364451194797619671e+00
4.617771975223245562e+00
3.723158922875189791e+00
2.242579503193735668e+00
1.680774284002131136e+00
-8.275625099644923210e-02
2.693170750979563266e-01
-4.312734127678065299e+00
5.009412528154881805e-01
-4.166473401640267582e+00
-3.417668372334301985e+00
-2.675351039658104835e+00
-4.802129290444190346e+00
-1.927570748963863601e+00
-3.325991528612427306e+00
-2.095196765907063607e-01
5.978588409571949924e-02
-1.625877618786448764e-01
2.774541403726975553e-01
1.164574247839982313e-01
-1.542464739054547174e+00
1.976715356280734470e+00
-1.065177663218431547e+00
2.148160443561240029e-01
2.224190373067314042e-01
-1.150323011949657026e+00
1.581355218898687465e+00
6.031632087951970256e-01
1.189165581332062294e+00
1.410838700748624719e+00
6.485763700355660077e-01
1.379990525109997090e+00
1.785483335839361585e+00
7.410509622505583316e-01
1.822261503050719433e+00
2.474723121397620851e+00
3.040033736793428254e-01
-6.860689638424188885e-02
1.150253739610402892e+00
-1.861807825938532890e+00
2.230857693682115617e-01
-3.120821163126987763e-01
-1.566371417891592621e+00
1.668735456212652846e+00
-2.032085868169913212e+00
9.757279518997108436e-01
1.201024946977011121e+00
3.559561702689761908e-02
8.532722788953126525e-01
8.630236577401630971e-01
1.122329061663782657e+00
1.616904925023128659e+00
1.271131460807251257e+00
2.006117308514591357e+00
3.127667331311228427e+00
3.272012304618180156e+00
8.150037336201521043e-02
3.023701041606957407e+00
-1.241763440878855818e-01
2.575551247620699868e-01
3.228350747110891206e+00
-1.904535176768053617e+00
7.700962122959635892e-01
1.198449749024746769e+00
-1.464469107241131995e+00
1.223451403766520507e+00
-1.181070546131886223e+00
-3.297346896762130442e+00
-1.993611562752096500e+00
-5.505179637448727625e+00
-3.500004632901580592e+00
-4.156134105552679259e+00
-6.052308779095537439e+00
-1.653345633141100501e+00
-5.412987505852819403e+00
-3.345425791048388220e+00
-2.518354249935561118e+00
-1.973245043339587834e+00
-2.156642996791697797e+00
9.238791222677048554e-01
-1.296888012003791557e+00
-1.337427840400308821e+00
-3.751461847703891905e+00
-3.281986628725215294e-01
-4.150356800235795340e+00
-4.916231341620926898e-01
-5.714344152143242539e+00
-5.369263431090797845e+00
-1.627422773292285463e+00
-6.256523046854209014e+00
1.950486468807302032e-01
-4.646630263685977091e+00
-1.166347113321625661e+00
6.594370780575882218e-01
-6.150332823009425631e-01
8.503743141960746765e-01
-2.007221993374525226e+00
-7.045124999457343939e-01
-1.904588905978822133e+00
-3.010828562725069713e+00
-3.757911848454354775e+00
-4.459351392058873209e+00
-2.985461527526861669e+00
-8.472875403122399618e-01
-3.530680472231992439e+00
-1.040224968881384715e-01
-2.773616134549028889e+00
-2.348741983469103900e+00
-2.141064358210015506e+00
-2.382784960007136910e+00
-2.384877873399632531e+00
-1.010751960773000224e+00
-3.647420697758302133e+00
-7.779773949853783677e+00
-4.136536006368613627e+00
-1.449941796981431352e+01
-1.106298565908305243e+01
-5.865732992162328685e+00
-5.009087640121805407e+00
1.245894637632674939e+00
8.097954571907033383e-01
-2.641114148467367251e+00
1.546397840414951652e+00
-4.247413447105521378e-01
-2.406527320375347223e+00
2.847664253535702183e+00
1.489618027804706424e+00
-1.136474808854042617e+00
-7.687071113232590847e-01
-1.138924987232134090e+00
-4.946250728092726590e+00
3.506046726192879603e-01
-4.014268006179690929e+00
-3.780188261121824489e+00
-2.114117970399425062e+00
-4.831912142422410739e+00
-2.038700735103477601e+00
4.574697604816211349e-01
-5.007574714978512809e+00
-2.996454306883432839e+00
-3.748022662691427698e+00
-3.528287663544158903e+00
-5.379077766936271487e+00
-6.592839396615763903e+00
-4.194581013891495402e+00
-3.698349273928892789e+00
5.080774616784486941e-01
-3.331532695681555190e+00
-7.568961567578879723e+00
-6.543745039997251212e+00
-4.048096195261988939e+00
-1.799079853693285269e+00
8.584092420259632483e-01
-3.001908904590687044e+00
-4.006232523448247207e+00
-2.739662142848271920e+00
-1.343985712759510065e+00
-1.129036282647012168e+00
-2.278862286724406605e+00
-2.953451813087683675e+00
-2.822988812001062886e+00
-2.640910237525592397e+00
-1.711775827334971911e+00
2.624267803157032120e-01
1.054503341937391703e+00
5.708640832848062008e-01
1.102101573012324476e+00
1.258782689505312247e+00
1.311437282155209161e+00
1.425174928597392920e+00
-5.717837860999561705e-01
-1.135802273474793012e-01
2.018691605574516323e-01
-1.014375024490364652e+00
-9.312041524550189742e-01
-1.435387653173159084e+00
1.577043566095771787e+00
2.318357070404570841e+00
3.018052720681572154e+00
2.918532065427032585e+00
2.679166727616300925e+00
5.799951222596733125e+00
3.739378703068910070e+00
4.059453575757066446e+00
5.530131449989489134e+00
2.342126068828310537e+00
4.856358290637593278e+00
3.234414674321390848e+00
2.884397964735867959e+00
3.551204691018291726e+00
1.851080375098985487e+00
1.679954937201220133e-01
1.237011649583237061e+00
1.452591042899662677e+00
2.823365675719875512e-01
-5.955512447662625330e-01
3.410532615048689209e-02
-6.714084751382987104e-01
6.426478182914978632e-01
2.239633433572963739e+00
3.144074546028644335e+00
1.317491218201755743e+00
-2.760843120345621848e-01
-7.872474793751522704e-01
-3.141993205002160394e-01
-7.631982490430133659e-01
1.539819408140336687e+00
3.574684394526952858e+00
3.419821062819437429e+00
4.691780386656587254e+00
4.162357196185778818e+00
3.846026418128301483e+00
3.363623159657801232e+00
4.605408862593911579e+00
5.002145374369382225e+00
5.289364373362255733e+00
4.119497582142528813e+00
3.663964849056171147e+00
2.896841956794598438e+00
2.833543610923243694e+00
2.863975994731702279e-01
7.383174254929216751e-01
2.216561104521597603e+00
8.596162067881529811e-01
8.225640861830190165e-01
1.839676294676797053e+00
4.037202738620262465e-01
-1.764795158881074411e+00
-5.229084778625081587e-01
3.422874977723455725e-01
1.545691702768788200e+00
6.756821547829938712e-01
2.092854494130127030e+00
2.730508388511978524e-01
-3.067421616897787473e+00
-4.414759107647366676e+00
-5.013434914481469384e+00
-3.190959210170029703e+00
3.061790987223516058e-01
1.084269241432318731e+00
-1.671667378283010486e-01
2.888346236311984949e-01
-6.049856836129499094e+00
-5.607473797399425308e+00
-1.253525191641346570e+00
-2.141381227961359990e+00
-4.848782098103397331e+00
-3.907554865639287556e+00
-1.115519645081860300e+00
-4.721581692357893267e+00
-4.055999003502233968e+00
-4.092898703813831141e+00
-2.790160723384402797e+00
-3.792816048833903775e+00
-3.545163402109435591e+00
-3.475985717413213827e+00
-4.384373262534525750e+00
-4.887755264607714700e+00
-6.033697491444518946e+00
-6.063890940131885010e+00
-1.940238389481551806e+00
-8.955841863926670143e-01
-1.107305677044784886e+00
-6.603142063946176421e+00
-6.053626465033396187e+00
-3.806183049175819733e+00
-5.057001947737091996e+00
-4.254947854301427412e+00
-5.042667002383564245e+00
-3.266999972507625749e+00
-2.127423990707096202e+00
-2.510956509669818981e+00
-2.878340381478117660e+00
-4.762108492996824927e-01
-3.833804225460632153e+00
-7.109611918613016890e+00
-7.750861482181349515e+00
-7.281038102081523355e+00
-3.549185798597674690e+00
-4.474890667797432720e+00
-4.916779378658466371e+00
-8.192424767661750096e+00
-7.136264694321277524e+00
-4.966966070837145253e+00
-2.149809970219078270e+00
-1.426549552191913151e+00
1.276342380216758166e+00
5.506875151139982716e-01
1.412899241227375757e+00
7.783450104511803191e-01
1.110100688382473111e+00
1.020918881966581981e+00
7.332327604051319669e-01
1.254348315799052038e+00
1.196532455265332251e+00
