8.154296874999994449e-02
8.285823546678443563e-01
1.030607274073284119e+00
6.106325341695788556e-01
-5.779868238719809703e-02
-5.599604693210187278e-01
5.155390469559617550e-01
2.341342119251329734e+00
2.989164076663484160e+00
2.802513048924966554e+00
1.521872480612547207e+00
9.301036771740758269e-01
2.622851237855563511e+00
3.156257879247899911e+00
1.570282528587156889e+00
-1.050777390972689851e+00
3.015886114928680861e-01
1.711192841799366038e+00
2.387068528995403671e+00
2.356759523598722428e+00
2.141218717465371846e+00
1.746153735365909565e+00
2.778052376210399244e-01
-6.209921939604772234e-01
-4.878799913922080567e-01
-1.017036816679484090e-02
2.594128305533867085e-01
-4.870740325310829455e-02
-4.708540086162595895e-01
-6.349563145776162543e-01
-8.154847625673178335e-01
-1.344134108231291647e+00
-4.011186035238072378e-01
4.538403691163583886e-02
8.738317690414909578e-01
1.934702890822717958e+00
2.172019617353542209e+00
1.248781075882919422e+00
9.601359393326349689e-01
1.492398258591955074e+00
9.678010084089585519e-01
4.253110632014340808e-01
5.422867855798740866e-01
1.533697963194797786e-01
-1.582531629807799600e-01
-4.569860434040481367e-01
-1.763841914845897474e+00
-2.021795862992872728e+00
-1.530740670223430300e+00
-7.640324538168025148e-01
-2.309571950622085756e-02
-1.180495008567059578e+00
-9.921847127813927525e-01
3.849363333754868277e-01
5.901158319631230054e-01
2.854642131837813457e-01
4.673801225670651815e-01
2.045896463572559609e-01
6.433534454515443812e-02
4.801240670637644259e-01
4.314841821604729066e-01
-3.263830065316319917e-01
-1.113076218032833742e+00
-1.255648115118370489e+00
-1.702197280490092002e-01
2.679090094475922168e-01
3.419591808995532389e-01
6.844131210942765442e-01
8.462212631224107495e-01
-5.244172440291905435e-02
-6.324515490613017432e-01
-7.462565998491480501e-01
-4.437188381263855730e-01
-7.590875432134924772e-02
-7.849544889187087815e-02
-9.091890057773222011e-03
2.542019973084009843e-01
-1.207897142222852382e-01
-1.558215381332098692e-01
1.537769110271143269e-01
4.422476709989533461e-01
-4.052309663783492111e-01
-8.595703655505111396e-01
-6.968481638857806360e-01
-2.190039755904596985e-01
4.699463398704445405e-01
3.629900154806187107e-01
3.068398930754044907e-01
4.565956188677842142e-01
8.736470224666726958e-01
9.634666651166576834e-01
-3.591714943055435150e-03
-5.785976694841499235e-02
1.350884659016695188e+00
1.709266281215448435e+00
1.202934146322918174e+00
2.126396560455685592e-01
-6.855651406032025053e-01
-2.879138145205368815e-01
3.537508883075617394e-01
7.917598491283481810e-01
1.218677104418853574e+00
1.508536942517291202e+00
1.183397799696206842e+00
7.378970766600422282e-01
2.345934014715507221e+00
3.613815607218438419e+00
3.363915130255263009e+00
1.518441251328719765e+00
-9.847867321141481334e-01
-2.681121250110444887e+00
-9.191993987708952929e-01
3.524976507237900236e-01
4.228336808792763080e-01
1.303301563849661449e-01
-2.344757887530590779e-02
-2.817447069914429392e-01
-1.558905591106677369e+00
-1.010236440707039884e+00
-6.702881879680373522e-01
-3.068400409374074655e-01
-3.153563922313873391e-01
-8.076972456058637562e-01
-1.471600339885635655e+00
-2.382912854625008681e+00
-1.109315794878150019e+00
-6.051638500820168964e-01
-7.056013682968256262e-01
-8.287654321066009189e-01
-7.982135482406025329e-01
-9.027887315822531455e-01
-8.743440630768741784e-01
-1.300043692098456161e+00
-1.468656335212665143e+00
-1.307054502699531273e+00
-1.021903183364412993e+00
-5.977233547309984685e-01
3.096532733495684919e-01
6.916560010381551660e-01
5.982946052833848505e-01
5.061173595146883919e-02
-2.289309668023786215e-01
-4.015211078166264214e-01
-8.410454050122913028e-01
-1.073061629567949815e+00
-1.111513296488422231e+00
-1.865580288469433690e+00
-2.417192239467053749e+00
-2.477918470246381233e+00
-2.064137677727246434e+00
-1.516196831471511963e+00
-1.133098365135639662e+00
-5.165300527298806177e-01
9.045442474108256192e-02
4.565339279727418376e-01
2.889475883083110208e-01
6.375614094753156991e-02
1.190996208595650696e+00
2.217226890568126052e+00
2.290044342138221722e+00
9.596711981993134577e-01
9.744634215707295155e-01
1.932941022386557739e+00
2.460901505654136123e+00
1.771189313490125983e+00
3.644311845388986670e-01
1.899878072345775326e-01
9.406725955094272784e-01
1.394545727801263624e+00
9.214365202342704730e-01
-4.513595175256452929e-01
-2.317298899907180854e-01
1.925246591905535265e+00
3.761486110264526950e+00
1.997240705518668502e+00
-7.139497273303891944e-01
-1.665268278100677124e+00
1.331000951444783809e+00
3.438345662076869758e+00
3.157002985314190546e+00
1.551923029780805097e+00
-3.839587286612053951e-01
-6.179064407738612541e-01
-2.665716898583774253e-01
-5.684047469594024626e-01
-6.504984253718901765e-01
-1.923082601428301119e+00
-2.885197173345821930e+00
-2.432171118932170195e+00
-7.747661978052948761e-01
-4.908372378673506731e-01
-4.159062651189192827e+00
-6.788567744313946939e+00
-5.221788344896623357e+00
-1.599904708926310315e+00
3.697502935128376134e-01
-2.612940456572859560e+00
-4.081560891956516279e+00
-3.574149051030675039e+00
-2.348752313630347643e+00
-1.466391858894151357e+00
-1.141875956274767345e+00
3.595874801108519536e-01
5.205485354362491268e-01
-8.719716252492348829e-02
-4.857880465085089305e-01
-9.510143339932810580e-01
-1.552808914006513552e+00
-8.346588949695259441e-01
-2.800480119629038533e-01
1.780323927719136279e-01
-1.808030389753796374e-01
1.760680376797085778e-01
2.416739678168845273e+00
3.966814050695097293e+00
3.981294715792717653e+00
2.416128357630977330e+00
6.451386125551739070e-02
6.283341406033036147e-01
1.643163034179747850e+00
1.513630514459632259e+00
6.808233920808133277e-01
-4.760028069592847633e-01
-7.134848612646271793e-01
-1.529678213676217702e-01
1.673826440139793981e-01
6.366863829064823843e-01
5.267911334766580689e-01
-3.134164577574354293e-01
-3.208581344813632441e-01
-1.218386880230146296e+00
-2.670178867950685930e+00
-3.600836740514519185e+00
-2.401700480985363484e+00
9.739260593286029888e-01
-7.729878436006520914e-01
-4.580639252939734618e+00
-6.390337978299168498e+00
-3.891840490874369785e+00
-5.225604515073785095e-01
-1.332742477167502937e+00
-3.355927565079641184e+00
-3.532996895478341948e+00
-1.724560446383540668e+00
-1.212461935793311296e+00
-1.650578523743336135e+00
-1.633929491973706849e+00
-1.443052970370192201e+00
-1.119846300546749163e+00
-1.121080455943708198e+00
-8.462912430794575780e-01
-7.819668552493103109e-01
-1.640695774916336891e+00
-1.999901207987075491e+00
-1.481452485636520322e+00
-4.341869570813252643e-01
5.467043923717596066e-01
-6.116238535080923411e-01
-6.091950792927327551e-01
-2.517813525292980081e-01
-5.711293566636843622e-02
-1.404084727660011023e-01
-4.915021482605910208e-01
-1.068726852018472506e+00
-1.004125615767755830e-01
1.148533091260930838e+00
1.983167686279549535e+00
1.753933756260482424e+00
5.941521949612682540e-01
-4.497405986505418896e-01
1.846702263646869957e+00
3.035729715865541412e+00
3.575572591716790427e+00
3.328387229828128291e+00
2.021981792569151004e+00
1.730750777800480478e-01
-1.608267701989794629e+00
5.975439749027244840e-01
2.463660147756412400e+00
2.794721797820995057e+00
1.890892609682415237e+00
5.785540658729115826e-01
-6.419252800850969720e-01
-9.867329244606861671e-01
1.629840336104758869e+00
3.821169404914967593e+00
5.346608876440201108e+00
5.288929773922903976e+00
3.160345139242388246e+00
6.145523947244936336e-01
1.133461912560423723e+00
2.163800494774204886e+00
2.246564701133840547e+00
1.038341209400309051e+00
-6.129487652904852535e-01
-2.035937066017744712e+00
-2.563767544822412425e+00
-1.297518469841167699e+00
3.340388474117119699e-01
1.179320279413324846e+00
-2.908710377046652695e-03
-2.053368975928791862e+00
-2.596264892320101492e+00
-1.853232209542592157e+00
-1.171999895713259354e+00
-1.361169087689650059e+00
-2.489115255392131409e+00
-3.494318304113412488e+00
-3.963966106768302744e+00
-3.887159857796858020e+00
-3.166472722570306431e+00
-2.043413247537759325e+00
-9.966208670554336235e-01
-1.704664169377789751e+00
-3.139459869996747976e+00
-3.975237450537952633e+00
-3.957667902994994158e+00
-3.401449092530510754e+00
-2.826834362853528404e+00
-3.071155265549088131e+00
-3.633400490895815516e+00
-3.775598587930785843e+00
-3.152024657225164450e+00
-2.011995924482774978e+00
-6.075136553407662898e-01
5.652270783326548420e-01
8.520540717386418939e-01
2.498741206115377977e-01
-2.666308179991974114e-01
-6.406661525560600756e-01
-9.504982689442551536e-01
-2.199240300674989435e-01
4.634353979915355470e-01
6.869210479260623448e-01
5.656522167673936341e-01
6.260141417371551942e-01
9.020868381971425265e-01
6.110589599652060944e-01
5.160121377862659786e-01
7.342786809625243549e-01
3.027059933159074179e-01
-3.042839257579965651e-01
-4.274672833675564609e-01
-2.200113431803120689e-01
6.143677566874752305e-01
3.206034588442326916e-01
-6.370555854488101355e-01
-1.337032634806428977e+00
-4.351509674548604822e-01
9.670768374556860669e-01
1.221279385959141539e+00
1.053817873651871961e+00
8.241169266956417383e-01
1.595771217057700531e+00
1.840147115600478278e+00
1.535255730094135185e+00
1.972835828188441720e+00
2.903489113469910343e+00
2.923525686086494879e+00
2.275589793805121275e+00
1.812602899504079712e+00
1.353069558876788259e+00
-1.002356890888999597e-01
7.674201827642859186e-01
1.171738321349499623e+00
7.925619972629572851e-01
-5.444439769744624513e-02
-4.933987157746577701e-01
-2.010853407842734253e-01
3.057812027852613301e-01
2.552569211918299663e-01
2.354388771517719192e-01
1.103351980078502770e+00
1.854470186218816430e+00
1.952370016876722847e+00
2.323592943802344823e+00
2.095543082405217028e+00
2.288483535908270028e-01
-8.224795606790974434e-01
2.742382493484415207e+00
2.559216145679009458e+00
7.460045111751454350e-01
-1.064039862562902838e+00
1.723903929379995148e-01
2.355833782277201305e+00
2.178698480357642353e+00
1.027251338494473920e+00
6.520315141601118469e-03
-6.316551005750770109e-02
1.064468174251461452e+00
1.418634701185535363e+00
9.222365509366237113e-01
1.060412191024948658e-01
-1.485305141682979668e+00
-2.156931848931874729e+00
-2.646449259875222282e+00
-2.666110074026195154e+00
-1.989837967514352046e+00
-1.791149190586962536e+00
-2.508524444698341238e+00
-2.672389206174862419e+00
-2.189749346883767878e+00
-1.506467587315600598e+00
-1.236734229688442710e+00
-1.663088733208373027e+00
-2.015414005908197304e+00
-1.745639254606315305e+00
-9.911645683105009264e-01
-2.951068355945901112e-01
-4.268047319064037226e-01
-4.103115729245102039e-01
-4.339353048940902124e-01
-9.730916260719266742e-01
-1.489026779921471366e+00
-1.657624582946675584e+00
-1.389586307956704125e+00
-9.022685980510575243e-01
-7.084178838072212603e-01
-7.820371393611409427e-01
-6.829888091364869629e-01
-7.427778674197107467e-01
-7.594754532994389962e-01
-5.332430966176090470e-01
-1.014717359879438785e+00
-1.602818938965905105e+00
-1.819490349859407496e+00
-1.685511136894401352e+00
-1.195117227437305418e+00
-5.710621870886116724e-01
0.000000000000000000e+00
0.000000000000000000e+00
0.000000000000000000e+00
0.000000000000000000e+00
0.000000000000000000e+00
0.000000000000000000e+00
0.000000000000000000e+00
0.000000000000000000e+00
0.000000000000000000e+00
0.000000000000000000e+00
0.000000000000000000e+00
0.000000000000000000e+00
0.000000000000000000e+00
0.000000000000000000e+00
0.000000000000000000e+00
0.000000000000000000e+00
0.000000000000000000e+00
0.000000000000000000e+00
0.000000000000000000e+00
0.000000000000000000e+00
0.000000000000000000e+00
0.000000000000000000e+00
0.000000000000000000e+00
0.000000000000000000e+00
0.000000000000000000e+00
0.000000000000000000e+00
0.000000000000000000e+00
0.000000000000000000e+00
0.000000000000000000e+00
0.000000000000000000e+00
0.000000000000000000e+00
0.000000000000000000e+00
0.000000000000000000e+00
0.000000000000000000e+00
0.000000000000000000e+00
0.000000000000000000e+00
0.000000000000000000e+00
0.000000000000000000e+00
0.000000000000000000e+00
0.000000000000000000e+00
0.000000000000000000e+00
0.000000000000000000e+00
0.000000000000000000e+00
0.000000000000000000e+00
0.000000000000000000e+00
0.000000000000000000e+00
0.000000000000000000e+00
0.000000000000000000e+00
0.000000000000000000e+00
0.000000000000000000e+00
0.000000000000000000e+00
0.000000000000000000e+00
0.000000000000000000e+00
0.000000000000000000e+00
0.000000000000000000e+00
0.000000000000000000e+00
0.000000000000000000e+00
0.000000000000000000e+00
0.000000000000000000e+00
0.000000000000000000e+00
0.000000000000000000e+00
0.000000000000000000e+00
0.000000000000000000e+00
0.000000000000000000e+00
0.000000000000000000e+00
0.000000000000000000e+00
0.000000000000000000e+00
0.000000000000000000e+00
0.000000000000000000e+00
0.000000000000000000e+00
0.000000000000000000e+00
