1.895690917968750000e+00
1.289002360241813694e+00
-2.073177628005318240e-02
-2.802378769365003741e-01
-6.388482546289075970e-02
-1.444481571766886185e+00
-1.679276301823146689e+00
-4.795491480266429463e-01
8.391292574541893146e-01
1.512104985567634508e+00
3.463327165993179690e-01
-1.755816064604764914e+00
-2.335508357290075665e+00
-6.395473792888277664e-01
4.445942330200933768e-01
-1.735729199413521551e+00
-2.270938833502135878e+00
-1.751945393560969677e-01
-5.966174229662943862e-01
-1.514852579149513323e+00
-7.725882844475735478e-01
1.117791188937909963e+00
-4.634207067286975068e-01
-8.509190025788853085e-01
-5.714792047516654705e-01
7.235544443516839230e-02
-7.390203654515081766e-01
-2.706774669969426395e+00
-1.628584528009791255e+00
1.312367662018458780e-01
-3.986127880530703216e-01
1.107822150208586098e+00
2.312616257947131437e+00
2.442523514559633568e+00
2.925187329275395598e+00
1.782895988136478316e+00
1.711861633145717487e+00
2.067762029897203480e+00
1.532729454865940921e+00
1.424170706272735343e+00
1.627401889880031760e+00
-3.063218044562807663e-01
1.769045826624728868e+00
1.251709815713291540e+00
-3.362214604968496445e-01
-1.148007481915524153e+00
-3.183873995335384510e-01
-6.263254288881521248e-01
-2.350308511483179430e+00
-3.418340726488482417e+00
2.002511704883331412e+00
1.761035373343754706e+00
9.048694203158094140e-01
5.090815855454460248e-01
-1.165646315094135410e-01
-1.362425171460698081e+00
1.154892104920504092e+00
2.265544115154354277e+00
1.058429930484767301e+00
1.084417805038363269e+00
1.905480908348990976e+00
2.049463150274712930e+00
4.438686294709954794e-01
2.549824707322647654e-01
6.656513272406732185e-01
1.260877966858302557e-01
-9.796929138689830507e-01
9.476728621977755784e-01
9.073418713694496596e-01
-3.096014038254812917e-02
-4.522635336128941752e-01
4.394616926749184138e-02
-8.397344707780014517e-01
-1.398082478687091346e+00
-1.375368928194286244e+00
-2.076246323190229504e+00
-2.709923652168622965e+00
-1.238870110861665985e+00
-8.078416626711453219e-01
-7.191385642324552574e-01
-2.085150477431481075e-01
-6.053446839349376773e-01
6.450818063244363465e-01
9.927881539299612257e-01
-5.388218595521214738e-01
-3.750987067019487142e+00
-1.136937664214214827e+00
4.544528618539356302e-01
5.317993931363096394e-02
-3.260932905614093436e-01
-6.386223701183135759e-01
-1.360475195367876422e+00
-1.170322943164703755e+00
-7.320220989867598504e-02
7.368313099414884881e-01
2.988051840529952763e-01
9.377667683246548869e-01
1.750483461153678810e+00
8.885492369467218321e-01
1.180766634279464267e-01
5.686978099883694959e-01
-7.012583723858158979e-01
1.831792039137283279e-01
7.712072020986473486e-01
-1.098887795730111527e+00
-2.212797773808908630e+00
-1.869373133422167044e+00
-1.448449289112024196e+00
4.115480688056296632e-01
2.553316973318723981e+00
9.280457009503191301e-01
-6.910821445722237222e-01
-1.738709729887078836e+00
-1.130268012559352275e-01
1.898991002142960127e-01
2.564967037559950924e-02
3.831464864019100691e-01
7.939651893060308829e-01
1.393432382011621229e+00
2.125742102512294451e+00
1.606994961036916081e+00
1.115303335945784902e+00
2.713687282779368104e+00
3.831943373976963052e+00
3.510802939578869353e+00
3.286207249582569379e+00
3.118904736264032529e+00
2.039494907538173862e+00
1.700286363116132016e+00
1.846574316849642017e+00
-3.759640254815179716e-01
-2.540012510058816897e+00
-1.202702434700732237e+00
4.407970819047650757e-01
1.186629669245150343e+00
7.265604607031663775e-01
6.166908617160591355e-01
1.025861124262654300e+00
1.724692823575985967e+00
1.302066060958703808e+00
-8.326413428179690879e-01
-2.518864398609326649e+00
-1.864551268572647080e+00
-5.979669708953538887e-01
7.155654188792222037e-01
9.766152833213164186e-01
2.251203313377097004e-01
-1.495548968826514447e-01
7.848075312030200479e-01
1.375539365501901923e+00
3.234247789923743177e-01
-3.647627380667319841e-01
-2.955585636343607270e-01
-6.415694194222889557e-01
-1.609227447242100872e+00
-1.261076103488210087e+00
5.168093529849633327e-01
9.082719219180201975e-01
9.119242157242655189e-01
1.093113632123809076e+00
-1.634031480504769762e+00
-2.732996513528336280e+00
-2.874322642493137625e+00
-5.753751536777045317e-01
1.123817161165322709e+00
-1.403002824790644532e-01
-4.698785749185259153e-01
-1.092093750381547546e+00
-5.317847875867682816e-01
6.184244665697118393e-01
3.914962609955052741e-01
-4.185109774623749779e-01
1.124021792167579914e+00
3.219372752000828619e-01
-2.548969747949824782e+00
-3.685295380497737305e-01
2.252529268095012860e+00
2.011789547261705557e+00
1.849583612810948630e+00
2.269133879345863303e+00
1.017382403460347584e+00
8.064748924154094833e-01
2.059844628158410629e+00
1.498496294020128516e+00
9.068816973933535586e-01
9.486182305906876167e-01
-1.789868847813085306e+00
-1.169246655739798690e+00
1.083045162409146389e+00
1.926892931899212513e+00
1.241308585362635553e+00
1.088064946267496058e+00
5.285691284398543743e-01
-8.787621143864678963e-01
-9.399748902776958737e-01
1.391880119104414115e+00
2.864877726870801666e+00
3.061501260466308327e+00
1.487997938591934410e+00
-6.742131707210141656e-02
9.608689223502070442e-01
1.266684275642532276e+00
1.400503246021596260e+00
8.126027372555508776e-01
-1.822639775892375358e+00
-1.410982119469486262e+00
9.896111725875456067e-01
1.133681974438152995e+00
-5.660130351659686809e-03
9.551624505377156460e-01
9.931108408649680364e-01
3.842052679034828611e-01
8.619428939332514084e-01
5.789838148024537556e-01
1.480388710606360680e-01
6.870406054958716480e-01
-3.516771962626192849e-01
-8.865544214025347092e-01
-2.011477450071641471e-02
1.273400493026042302e-01
2.612946785696322327e-01
8.488769531250000000e-01
2.612946785696322327e-01
1.273400493026042302e-01
-2.011477450071641471e-02
-8.865544214025347092e-01
-3.516771962626192849e-01
6.870406054958716480e-01
1.480388710606360680e-01
5.789838148024537556e-01
8.619428939332514084e-01
3.842052679034828611e-01
9.931108408649680364e-01
9.551624505377156460e-01
-5.660130351659686809e-03
1.133681974438152995e+00
9.896111725875456067e-01
-1.410982119469486262e+00
-1.822639775892375358e+00
8.126027372555508776e-01
1.400503246021596260e+00
1.266684275642532276e+00
9.608689223502070442e-01
-6.742131707210141656e-02
1.487997938591934410e+00
3.061501260466308327e+00
2.864877726870801666e+00
1.391880119104414115e+00
-9.399748902776958737e-01
-8.787621143864678963e-01
5.285691284398543743e-01
1.088064946267496058e+00
1.241308585362635553e+00
1.926892931899212513e+00
1.083045162409146389e+00
-1.169246655739798690e+00
-1.789868847813085306e+00
9.486182305906876167e-01
9.068816973933535586e-01
1.498496294020128516e+00
2.059844628158410629e+00
8.064748924154094833e-01
1.017382403460347584e+00
2.269133879345863303e+00
1.849583612810948630e+00
2.011789547261705557e+00
2.252529268095012860e+00
-3.685295380497737305e-01
-2.548969747949824782e+00
3.219372752000828619e-01
1.124021792167579914e+00
-4.185109774623749779e-01
3.914962609955052741e-01
6.184244665697118393e-01
-5.317847875867682816e-01
-1.092093750381547546e+00
-4.698785749185259153e-01
-1.403002824790644532e-01
1.123817161165322709e+00
-5.753751536777045317e-01
-2.874322642493137625e+00
-2.732996513528336280e+00
-1.634031480504769762e+00
1.093113632123809076e+00
9.119242157242655189e-01
9.082719219180201975e-01
5.168093529849633327e-01
-1.261076103488210087e+00
-1.609227447242100872e+00
-6.415694194222889557e-01
-2.955585636343607270e-01
-3.647627380667319841e-01
3.234247789923743177e-01
1.375539365501901923e+00
7.848075312030200479e-01
-1.495548968826514447e-01
2.251203313377097004e-01
9.766152833213164186e-01
7.155654188792222037e-01
-5.979669708953538887e-01
-1.864551268572647080e+00
-2.518864398609326649e+00
-8.326413428179690879e-01
1.302066060958703808e+00
1.724692823575985967e+00
1.025861124262654300e+00
6.166908617160591355e-01
7.265604607031663775e-01
1.186629669245150343e+00
4.407970819047650757e-01
-1.202702434700732237e+00
-2.540012510058816897e+00
-3.759640254815179716e-01
1.846574316849642017e+00
1.700286363116132016e+00
2.039494907538173862e+00
3.118904736264032529e+00
3.286207249582569379e+00
3.510802939578869353e+00
3.831943373976963052e+00
2.713687282779368104e+00
1.115303335945784902e+00
1.606994961036916081e+00
2.125742102512294451e+00
1.393432382011621229e+00
7.939651893060308829e-01
3.831464864019100691e-01
2.564967037559950924e-02
1.898991002142960127e-01
-1.130268012559352275e-01
-1.738709729887078836e+00
-6.910821445722237222e-01
9.280457009503191301e-01
2.553316973318723981e+00
4.115480688056296632e-01
-1.448449289112024196e+00
-1.869373133422167044e+00
-2.212797773808908630e+00
-1.098887795730111527e+00
7.712072020986473486e-01
1.831792039137283279e-01
-7.012583723858158979e-01
5.686978099883694959e-01
1.180766634279464267e-01
8.885492369467218321e-01
1.750483461153678810e+00
9.377667683246548869e-01
2.988051840529952763e-01
7.368313099414884881e-01
-7.320220989867598504e-02
-1.170322943164703755e+00
-1.360475195367876422e+00
-6.386223701183135759e-01
-3.260932905614093436e-01
5.317993931363096394e-02
4.544528618539356302e-01
-1.136937664214214827e+00
-3.750987067019487142e+00
-5.388218595521214738e-01
9.927881539299612257e-01
6.450818063244363465e-01
-6.053446839349376773e-01
-2.085150477431481075e-01
-7.191385642324552574e-01
-8.078416626711453219e-01
-1.238870110861665985e+00
-2.709923652168622965e+00
-2.076246323190229504e+00
-1.375368928194286244e+00
-1.398082478687091346e+00
-8.397344707780014517e-01
4.394616926749184138e-02
-4.522635336128941752e-01
-3.096014038254812917e-02
9.073418713694496596e-01
9.476728621977755784e-01
-9.796929138689830507e-01
1.260877966858302557e-01
6.656513272406732185e-01
2.549824707322647654e-01
4.438686294709954794e-01
2.049463150274712930e+00
1.905480908348990976e+00
1.084417805038363269e+00
1.058429930484767301e+00
2.265544115154354277e+00
1.154892104920504092e+00
-1.362425171460698081e+00
-1.165646315094135410e-01
5.090815855454460248e-01
9.048694203158094140e-01
1.761035373343754706e+00
2.002511704883331412e+00
-3.418340726488482417e+00
-2.350308511483179430e+00
-6.263254288881521248e-01
-3.183873995335384510e-01
-1.148007481915524153e+00
-3.362214604968496445e-01
1.251709815713291540e+00
1.769045826624728868e+00
-3.063218044562807663e-01
1.627401889880031760e+00
1.424170706272735343e+00
1.532729454865940921e+00
2.067762029897203480e+00
1.711861633145717487e+00
1.782895988136478316e+00
2.925187329275395598e+00
2.442523514559633568e+00
2.312616257947131437e+00
1.107822150208586098e+00
-3.986127880530703216e-01
1.312367662018458780e-01
-1.628584528009791255e+00
-2.706774669969426395e+00
-7.390203654515081766e-01
7.235544443516839230e-02
-5.714792047516654705e-01
-8.509190025788853085e-01
-4.634207067286975068e-01
1.117791188937909963e+00
-7.725882844475735478e-01
-1.514852579149513323e+00
-5.966174229662943862e-01
-1.751945393560969677e-01
-2.270938833502135878e+00
-1.735729199413521551e+00
4.445942330200933768e-01
-6.395473792888277664e-01
-2.335508357290075665e+00
-1.755816064604764914e+00
3.463327165993179690e-01
1.512104985567634508e+00
8.391292574541893146e-01
-4.795491480266429463e-01
-1.679276301823146689e+00
-1.444481571766886185e+00
-6.388482546289075970e-02
-2.802378769365003741e-01
-2.073177628005318240e-02
1.289002360241813694e+00
0.000000000000000000e+00
0.000000000000000000e+00
0.000000000000000000e+00
0.000000000000000000e+00
0.000000000000000000e+00
0.000000000000000000e+00
0.000000000000000000e+00
0.000000000000000000e+00
0.000000000000000000e+00
0.000000000000000000e+00
0.000000000000000000e+00
0.000000000000000000e+00
0.000000000000000000e+00
0.000000000000000000e+00
0.000000000000000000e+00
0.000000000000000000e+00
0.000000000000000000e+00
0.000000000000000000e+00
0.000000000000000000e+00
0.000000000000000000e+00
0.000000000000000000e+00
0.000000000000000000e+00
0.000000000000000000e+00
0.000000000000000000e+00
0.000000000000000000e+00
0.000000000000000000e+00
0.000000000000000000e+00
0.000000000000000000e+00
0.000000000000000000e+00
0.000000000000000000e+00
0.000000000000000000e+00
0.000000000000000000e+00
0.000000000000000000e+00
0.000000000000000000e+00
0.000000000000000000e+00
0.000000000000000000e+00
0.000000000000000000e+00
0.000000000000000000e+00
0.000000000000000000e+00
0.000000000000000000e+00
0.000000000000000000e+00
0.000000000000000000e+00
0.000000000000000000e+00
0.000000000000000000e+00
0.000000000000000000e+00
0.000000000000000000e+00
0.000000000000000000e+00
0.000000000000000000e+00
0.000000000000000000e+00
0.000000000000000000e+00
0.000000000000000000e+00
0.000000000000000000e+00
0.000000000000000000e+00
0.000000000000000000e+00
0.000000000000000000e+00
0.000000000000000000e+00
0.000000000000000000e+00
0.000000000000000000e+00
