-1.149078369140623890e+00
8.144906282571393596e-01
1.490940300183547063e+00
7.757350606760926581e-01
-5.010395918541057370e-01
-1.476216418915570650e+00
-1.233164610681159346e+00
-3.963277415692019190e-01
-6.244887402336383175e-01
-2.079203479402967236e+00
-9.987850563339266685e-01
1.125657768113526025e+00
2.511996041440832883e+00
2.578953738806435414e-01
-1.939401553117594768e+00
-1.069080888965140641e+00
-1.777557682486259338e-01
2.477843227770766266e-01
4.114800731376614396e-01
-1.713941967550867140e-01
-4.899076386226651758e-01
-8.504657022913596487e-01
-1.325119090550175516e+00
-6.313063975346145940e-01
2.502756870855106230e-01
-4.468998667157680904e-01
-1.166879679733247244e+00
-8.325799420056489986e-02
1.226416687432191566e+00
1.362776834473221843e+00
3.518617396430379074e-02
-1.199495131620876176e+00
-1.911976749818533383e+00
-9.760540114605961159e-01
1.144455080976869654e+00
7.443434835361932844e-01
-1.587860535657750205e-01
-6.416621615914905874e-01
-1.372398973523092924e-01
1.682385439986182618e-01
-1.262808013701641752e-01
-2.895732739264218480e-01
1.461784250574854616e-01
6.932426315614499401e-01
4.766623151512660028e-01
7.415504885682122627e-02
-4.123551281058875917e-01
-5.324675640389867626e-01
-2.113164170033462463e-01
-5.254999666549589055e-01
-8.052078328096794468e-01
-3.561006267947486315e-01
1.536283261891240315e-01
5.087566456475062227e-01
5.700831987020639202e-01
2.469387482173941439e-01
-4.479848348105841538e-02
-5.715345364411117401e-02
1.793851875894671988e-01
4.420275348736815157e-01
5.952476648077278387e-01
6.613284643612734603e-01
8.404135728955117735e-01
1.100090056592033738e+00
1.265027746572575884e+00
1.055005865219750927e+00
7.335289016583431687e-01
6.224273180965886887e-01
5.589157125514820912e-01
1.975010599245476950e-01
2.423450208354382962e-01
-4.774573935108753497e-01
-1.227579911381021960e+00
-1.328155172307096787e+00
-6.056025837711399573e-01
7.097127944925767373e-01
7.270588638241813895e-01
-8.094318468442051051e-01
-2.630445071023348014e+00
-3.924366937711336156e+00
-4.957156324083630494e+00
-5.347626744641765129e+00
-5.718553084062653724e+00
-4.655776877092133503e+00
-1.938610139232131990e+00
9.072508895551483210e-01
2.392410870932295097e+00
3.848319163058443237e+00
4.387153541731036555e+00
2.754157027524871015e+00
1.220267041613215753e+00
7.588842881087902725e-01
1.884495966985233473e-01
-1.073332507945142344e+00
-1.128787709859398802e+00
1.163050045064171201e-01
5.162105738108262454e-01
6.956937089401948882e-01
1.021913289897259824e+00
5.960542545842919537e-01
4.572081287784435233e-02
3.821687227207686277e-01
1.216186324554710207e+00
7.668928367603613516e-01
-4.525536119563113857e-01
-9.927669222698103368e-01
-7.812535369232058713e-01
-1.200863340724741324e+00
-7.931584882819089355e-01
3.118251874783197763e-01
1.047541527219379320e+00
5.466048147784501321e-01
-1.457785905414794581e-01
2.208796738339062760e-01
6.473809195510367154e-01
2.469063666606181595e-01
-8.498284022406341620e-01
-7.775801373998316723e-01
3.504237193720896038e-01
1.134299333834375645e+00
1.065573250399271421e+00
1.609707995548651516e-01
3.422778514326538790e-01
7.401361426794311749e-01
6.669009333701366726e-01
5.343036327105135097e-01
5.985210001584878592e-01
8.181409872861635790e-01
9.087363739355116543e-01
7.700103657394294920e-01
2.479701901849036272e-01
-7.703272384214641111e-01
-1.864673878971789378e+00
-1.656952879299626868e+00
-1.601255914771609223e+00
-1.301921127186931759e+00
-6.922355464316544138e-01
-2.430212102779170102e-01
-2.879366691831112268e-01
-6.354165415209802603e-01
-8.967719216890077671e-01
-9.727998798704362571e-01
-9.601408916132088134e-01
-8.610082651748016680e-01
-6.667673393837723061e-01
-5.301851289827412828e-01
-3.768552843440615696e-01
-4.563004920437707668e-02
2.662595463998189693e-01
2.571697961444610048e-01
-1.279159099241971020e-01
-3.369701864777701061e-01
-4.847850785463614365e-02
6.523476395745340106e-01
1.465433505025608429e+00
1.926310805502502888e+00
1.906978788026046034e+00
1.686552170224325353e+00
1.137817361225160084e+00
5.341607208760472680e-01
-4.423017424568631561e-02
-5.657203059815019142e-01
-8.677890838105950522e-01
2.994860905090288572e-01
1.222216167293792344e+00
1.808515512357223187e+00
1.566571327696565374e+00
2.641961676054274122e-01
-9.482337602726396142e-01
-1.141133820222436590e+00
-1.153507556328494665e+00
-2.631089310993515173e+00
-3.572940212447679453e+00
-3.151243119537111781e+00
-1.865123841253511383e+00
-1.256144868804869752e+00
-1.411211835328171738e+00
-1.087239664453867771e+00
-2.804668112575356975e-01
6.479749153391818339e-01
1.521682182548870887e+00
1.932840766363929319e+00
2.161412341473520460e+00
1.754338181008347597e+00
7.816433513485110396e-01
-7.632164985928380219e-01
-2.086923244973919012e+00
-2.386535201014665653e+00
-2.135075506035975401e+00
-1.945498938054244897e+00
-1.200433968288915132e+00
-1.180047947199445169e-01
6.927554923575978130e-01
-2.057077639682050041e-01
-9.819321203045698887e-01
-5.375049835746277260e-01
2.541880212567635411e-01
2.576230120942293311e-01
1.239600741418678265e-02
-8.410679515536473305e-02
-6.383080261742728467e-01
-5.160379922416623577e-01
1.868156491866179714e-01
9.128626572661806549e-01
1.628321948940271824e+00
2.341800456760511739e+00
2.673699083621704276e+00
2.773776088668062467e+00
2.019777150455976056e+00
3.806375672050277270e-01
-1.188051984270487083e+00
-1.790256546117049430e+00
-7.975198473406791555e-01
6.673394097573910333e-01
1.359169697317602843e+00
1.175447404951813990e+00
6.855500563455951823e-01
2.903603012927109539e-01
6.417463896982789073e-02
-1.166450165069849998e-01
-3.202332144233375200e-01
-5.532901427737852984e-01
-6.483734810828702955e-01
-5.260115109555063562e-01
-4.318868530729053079e-01
-6.793554454753356620e-01
-1.232584852632405914e+00
-1.635872987560989866e+00
-1.388124756778438051e+00
-5.038518046455204846e-01
4.855493898955711707e-01
1.226160579169372156e+00
1.496212960149463145e+00
1.077014590466546018e+00
2.750638364140820524e-01
-4.169433423091090107e-01
-7.285080258091960470e-01
5.678881656655021537e-02
7.182068790774284173e-01
1.214463533517001981e+00
1.338920844264356980e+00
1.365859533433497308e+00
1.668978844532478911e+00
1.259524240671825890e+00
5.543099581964112677e-01
-7.986863208926431312e-02
-4.652340890550432650e-01
-4.479960564560001579e-01
-3.156144742673965276e-01
-8.848480189768692661e-02
2.642290305114163296e-01
4.712230232920529005e-01
-1.047588453319692192e-02
-9.204235131290317007e-01
-1.363363407160913310e+00
-9.526919981215280497e-01
-1.980330797269622689e-01
-8.084820300266297721e-01
-1.376390429388374192e+00
-1.094618380816723135e+00
-7.173579771589070342e-01
-1.440874444970632773e+00
-2.320667642756064186e+00
-2.186606334663713014e+00
-1.176555241033979460e+00
-5.043580697562899395e-01
-8.264766563651927411e-01
-7.416345120699536775e-01
-1.038966448227799599e+00
-9.568476774126155604e-01
-1.123981698864706225e+00
-2.159554489525745247e+00
-2.801071846128468046e+00
-1.914070521574240846e+00
-4.201734455498171705e-01
-2.086228758446055931e-01
-4.193878619412415576e-01
-7.030789804880577254e-01
-2.028702545799064616e+00
-3.326933633630144715e+00
-4.243585282146330684e+00
-5.325256196413986842e+00
-5.240725129147140393e+00
-3.035246428600446578e+00
-7.424022550718496483e-01
2.804110587435844071e-01
7.808707781494822475e-01
1.317013282932463891e+00
1.125635948666357855e+00
6.409742711845776153e-01
1.038777421295895564e-01
1.328635384720306956e-01
2.855553147476431741e-01
4.735262587772467446e-01
1.860346917914775577e+00
2.626222523619568427e+00
2.357539849016453637e+00
2.228251640830184677e+00
2.817875759906359967e+00
3.010317395369088711e+00
2.193941286664649937e+00
9.807526322249494610e-01
7.233869095155154305e-01
9.537705792021777818e-01
5.051032662471981460e-01
7.753150892637383773e-01
2.429321437890049840e+00
3.996056541582323263e+00
4.856917493069142999e+00
5.278705559479165643e+00
5.292392881571355012e+00
4.357338713317001400e+00
2.641594448211066037e+00
1.354246609233022314e+00
7.402237728290776975e-01
-1.530546881856442720e-01
-6.128719088472123211e-01
1.144977732637721957e-01
6.552966536720573609e-01
8.832236137053661729e-01
-2.621532658892000711e-02
-5.461830963419306295e-01
-3.091126852440779782e-01
9.442073909559001166e-02
1.553206728587321894e-01
-1.045435643904621514e+00
-1.483840342250887234e+00
-8.993130561296107661e-01
2.843169285599312923e-01
-7.597951075017014277e-01
-1.322039612415955911e+00
-9.737072032923964615e-01
1.480299327998086945e-01
1.242413220531682683e+00
1.127379460220602425e+00
3.946008094447235326e-01
-8.174229916033404209e-02
1.524498835386045581e-01
5.855611794980326579e-01
-3.598308727006482854e-02
-3.918683692076965208e-01
-4.367754488254569356e-01
-4.238212746771432560e-01
3.778994977546723533e-02
6.992026223906875337e-01
-3.205936578555592664e-01
-1.586824382769271402e+00
-2.559338679838632835e+00
-2.751039391020039471e+00
-1.458220965635132371e+00
-9.016893333107381947e-01
-3.117274690679595839e+00
-3.865847433680674072e+00
-2.968252506462371265e+00
-2.411686168230310123e+00
-3.801230782427283739e+00
-4.851784925909995216e+00
-4.017515504307933583e+00
-2.985529753190734326e+00
-2.623002966213963560e+00
-2.232308960790632124e+00
-7.405423395327233038e-01
1.688836626952401110e+00
1.863725121373894567e+00
1.415718856287765393e+00
6.240863187144721769e-01
2.762838430410263779e-01
6.995254404172431828e-01
1.140756791815537463e+00
1.643381076210942870e+00
1.691487176207099763e+00
1.098774821767035226e+00
4.478521355585504127e-01
8.091761412146961652e-01
9.409278639287893542e-01
5.945653367998616767e-01
2.341102455255628101e-01
6.883029006873898625e-01
9.708645163139811851e-01
8.849663967487186866e-01
8.994768211192868401e-01
1.701547370362003209e+00
2.314039047961801376e+00
2.019210003664404507e+00
1.067676988916931302e+00
2.202988024800780043e+00
3.929554607405840283e+00
4.445319180315666863e+00
3.445447916570459235e+00
2.042964337957497545e+00
3.177276405392927217e+00
4.520602387406469802e+00
4.352072981493883219e+00
3.651449081065672786e+00
3.994621653689755192e+00
4.648847051314596079e+00
4.190769439565705134e+00
2.459861912447772525e+00
0.000000000000000000e+00
0.000000000000000000e+00
0.000000000000000000e+00
0.000000000000000000e+00
0.000000000000000000e+00
0.000000000000000000e+00
0.000000000000000000e+00
0.000000000000000000e+00
0.000000000000000000e+00
0.000000000000000000e+00
0.000000000000000000e+00
0.000000000000000000e+00
0.000000000000000000e+00
0.000000000000000000e+00
0.000000000000000000e+00
0.000000000000000000e+00
0.000000000000000000e+00
0.000000000000000000e+00
0.000000000000000000e+00
0.000000000000000000e+00
0.000000000000000000e+00
0.000000000000000000e+00
0.000000000000000000e+00
0.000000000000000000e+00
0.000000000000000000e+00
0.000000000000000000e+00
0.000000000000000000e+00
0.000000000000000000e+00
0.000000000000000000e+00
0.000000000000000000e+00
0.000000000000000000e+00
0.000000000000000000e+00
0.000000000000000000e+00
0.000000000000000000e+00
0.000000000000000000e+00
0.000000000000000000e+00
0.000000000000000000e+00
0.000000000000000000e+00
0.000000000000000000e+00
0.000000000000000000e+00
0.000000000000000000e+00
0.000000000000000000e+00
0.000000000000000000e+00
0.000000000000000000e+00
0.000000000000000000e+00
0.000000000000000000e+00
0.000000000000000000e+00
0.000000000000000000e+00
0.000000000000000000e+00
0.000000000000000000e+00
0.000000000000000000e+00
0.000000000000000000e+00
0.000000000000000000e+00
0.000000000000000000e+00
0.000000000000000000e+00
0.000000000000000000e+00
0.000000000000000000e+00
0.000000000000000000e+00
0.000000000000000000e+00
0.000000000000000000e+00
0.000000000000000000e+00
0.000000000000000000e+00
0.000000000000000000e+00
0.000000000000000000e+00
0.000000000000000000e+00
0.000000000000000000e+00
0.000000000000000000e+00
0.000000000000000000e+00
0.000000000000000000e+00
0.000000000000000000e+00
0.000000000000000000e+00
0.000000000000000000e+00
0.000000000000000000e+00
0.000000000000000000e+00
0.000000000000000000e+00
0.000000000000000000e+00
0.000000000000000000e+00
0.000000000000000000e+00
0.000000000000000000e+00
0.000000000000000000e+00
0.000000000000000000e+00
0.000000000000000000e+00
0.000000000000000000e+00
0.000000000000000000e+00
0.000000000000000000e+00
0.000000000000000000e+00
0.000000000000000000e+00
0.000000000000000000e+00
0.000000000000000000e+00
0.000000000000000000e+00
0.000000000000000000e+00
0.000000000000000000e+00
0.000000000000000000e+00
0.000000000000000000e+00
0.000000000000000000e+00
0.000000000000000000e+00
0.000000000000000000e+00
0.000000000000000000e+00
0.000000000000000000e+00
0.000000000000000000e+00
0.000000000000000000e+00
0.000000000000000000e+00
