-1.077209472656249778e+00
-9.837854295842992647e-01
-8.090927051903387124e-01
-4.992619623589593658e-01
-8.912169375085599032e-02
2.928512104861002996e-01
4.173355543483778796e-01
-9.409630931191825809e-02
-3.651467404290176244e-01
-3.458101489997407185e-01
-1.850678630565567584e-01
9.809497704869207801e-02
4.325768031023260463e-01
8.035816701513573967e-01
1.198255856087866222e+00
9.343092375802609650e-01
-1.597546181406880317e-01
-1.181189206987398599e+00
-1.822736773479553429e+00
-1.620666383393226440e+00
-9.947108546541658658e-01
-2.122588080450473758e-01
5.372888273584808250e-01
1.118646083520914658e+00
1.186512917849084303e+00
6.492863865131196510e-01
1.000853019203089556e-01
-2.370948370051162435e-01
-3.061465457637246868e-01
-2.127069020711658265e-01
-2.699446438010106863e-01
-5.908752755598908335e-01
-1.173278035535717745e+00
-9.996531664767983605e-01
-5.938122803544484407e-01
-2.882500829792655761e-01
2.597265109283863893e-02
4.796902815415280408e-01
9.402649686003448082e-01
1.210186242716810412e+00
1.302240107443642270e+00
1.254917605553954818e+00
6.760877851505258107e-01
-3.597251239647130117e-01
-1.436677831216780943e+00
-1.073113062105349957e+00
-4.065263106047261044e-01
8.701607172228253972e-02
5.056886113502945257e-01
1.062994382570322305e+00
1.461079067793329411e+00
1.552275134778611898e+00
1.475526551831161326e+00
9.843454912299434145e-01
1.144573893145784949e-01
-7.173609296809309033e-01
-1.084854350964106429e+00
-7.734213548584609743e-01
-4.031736242891080790e-01
1.591362024226739003e-02
5.779198607392612708e-01
1.198261011232090389e+00
1.258387878264538795e+00
1.082504829539253199e+00
9.467553750534090096e-01
7.184715815501424574e-01
2.814694167624806065e-01
-1.750307711338726646e-01
-4.042567667966809331e-01
-4.092883189629369367e-01
-4.999957779943819958e-02
1.246145088123946087e-01
2.642554771800720292e-02
-6.314690604860007106e-02
-8.523981343561470858e-02
-6.714789917925267915e-02
-1.520992801931853045e-02
4.667384294209164786e-02
1.612277745978539789e-01
3.588969159667522169e-01
4.953518378651031173e-01
-5.886468870163594769e-01
-7.568651067179560377e-01
-6.647953533772619217e-01
-4.784240007952744733e-01
-2.703334327111399649e-01
1.827015735473628832e-01
7.285426769403280378e-01
8.278257458625604137e-01
1.078780502299607758e+00
1.308274963552909842e+00
7.858967644001511044e-01
-3.135021499328771721e-01
-1.274247365000372056e+00
-1.331843083451843324e+00
-1.109631184748133048e+00
-8.300681640359051094e-01
-5.836604900256314732e-01
-4.638528101768663037e-02
1.458538714467847441e-01
1.937152379789612855e-01
2.542132709275655156e-01
2.298876036469210682e-01
1.088084518178255022e-01
-1.519517896083072972e-01
-1.936724607090484218e-01
-8.309259830551690706e-02
-1.684707432583613662e-01
-4.741959974695499347e-01
-7.119909858762232258e-01
-6.285654981428268062e-01
-4.659565631223901994e-01
-2.709722796934588285e-01
-3.055029693679411906e-02
1.784564599843679877e-01
4.643614859927858163e-02
-7.301264707364462092e-01
-6.787029244250679660e-01
-5.505162664210677681e-01
-4.109353238279799259e-01
-2.720854126840658305e-01
5.858935861611508367e-02
2.677566054609820112e-01
3.379687562188050665e-01
3.964761780284888903e-01
3.470264259881515878e-01
4.688561915389977131e-02
-5.954895393834113149e-01
-7.228284262937842986e-01
-5.165172252595229274e-01
-2.623545273367793307e-01
-6.219825028634540232e-02
-4.547825257462001503e-03
-2.654195836585687696e-01
-3.519601440179261909e-01
-8.917651167089413189e-02
-1.015444352375693970e-02
-4.148397990418239978e-02
-3.703099401742049324e-02
4.897519310115949764e-02
3.713342771910825846e-01
2.728970696578509880e-01
1.904497129781179687e-01
1.138709919284655037e-01
2.166101283513666154e-02
-2.050618806333109889e-01
-3.354242308717629850e-01
-3.258502820944244593e-01
-2.693483067220310279e-01
-1.495030074865926206e-01
1.444934826320021237e-02
2.434815953581616066e-01
-1.332337992130142035e-01
-7.810896921834455942e-01
-1.037648801579432067e+00
-1.190380091028332421e+00
-1.210087453567993521e+00
-1.082707342698134401e+00
-2.627904740813891138e-02
2.675275338378266810e-01
-7.049106414050032576e-02
-2.961295139835082857e-01
-2.400431390831918588e-01
4.969127994013944338e-03
-6.790571283950657122e-01
-1.222800992228601835e+00
-1.514359363887416876e+00
-1.519699613972058216e+00
-1.271380706097500202e+00
-7.832860138015083074e-01
-4.407685690778015974e-01
-1.224307637488945222e+00
-1.810663721183159325e+00
-1.842906323726516860e+00
-1.335684788183732596e+00
-4.798877708373642248e-01
-4.020063699331952733e-01
-9.930937930539078806e-01
-1.190739322902502728e+00
-1.055119200291411374e+00
-7.097071360094404646e-01
-3.555823857180619996e-01
-4.476792728967582402e-01
-7.393762049741448017e-01
-7.975967944241222352e-01
-5.842586116147185926e-01
-2.320988733576619945e-01
-1.913998786880473923e-01
-4.940633047227908081e-01
-5.144706985372188290e-01
-4.144711152076064886e-01
-2.431343822604807858e-01
6.733073527608668396e-02
6.404771328830414223e-01
1.731672935529571244e-01
-3.075549725746737906e-01
-5.804531619610016069e-01
-6.142388648035959076e-01
-4.262301036236546548e-01
-2.250366210937500000e-01
-4.262301036236546548e-01
-6.142388648035959076e-01
-5.804531619610016069e-01
-3.075549725746737906e-01
1.731672935529571244e-01
6.404771328830414223e-01
6.733073527608668396e-02
-2.431343822604807858e-01
-4.144711152076064886e-01
-5.144706985372188290e-01
-4.940633047227908081e-01
-1.913998786880473923e-01
-2.320988733576619945e-01
-5.842586116147185926e-01
-7.975967944241222352e-01
-7.393762049741448017e-01
-4.476792728967582402e-01
-3.555823857180619996e-01
-7.097071360094404646e-01
-1.055119200291411374e+00
-1.190739322902502728e+00
-9.930937930539078806e-01
-4.020063699331952733e-01
-4.798877708373642248e-01
-1.335684788183732596e+00
-1.842906323726516860e+00
-1.810663721183159325e+00
-1.224307637488945222e+00
-4.407685690778015974e-01
-7.832860138015083074e-01
-1.271380706097500202e+00
-1.519699613972058216e+00
-1.514359363887416876e+00
-1.222800992228601835e+00
-6.790571283950657122e-01
4.969127994013944338e-03
-2.400431390831918588e-01
-2.961295139835082857e-01
-7.049106414050032576e-02
2.675275338378266810e-01
-2.627904740813891138e-02
-1.082707342698134401e+00
-1.210087453567993521e+00
-1.190380091028332421e+00
-1.037648801579432067e+00
-7.810896921834455942e-01
-1.332337992130142035e-01
2.434815953581616066e-01
1.444934826320021237e-02
-1.495030074865926206e-01
-2.693483067220310279e-01
-3.258502820944244593e-01
-3.354242308717629850e-01
-2.050618806333109889e-01
2.166101283513666154e-02
1.138709919284655037e-01
1.904497129781179687e-01
2.728970696578509880e-01
3.713342771910825846e-01
4.897519310115949764e-02
-3.703099401742049324e-02
-4.148397990418239978e-02
-1.015444352375693970e-02
-8.917651167089413189e-02
-3.519601440179261909e-01
-2.654195836585687696e-01
-4.547825257462001503e-03
-6.219825028634540232e-02
-2.623545273367793307e-01
-5.165172252595229274e-01
-7.228284262937842986e-01
-5.954895393834113149e-01
4.688561915389977131e-02
3.470264259881515878e-01
3.964761780284888903e-01
3.379687562188050665e-01
2.677566054609820112e-01
5.858935861611508367e-02
-2.720854126840658305e-01
-4.109353238279799259e-01
-5.505162664210677681e-01
-6.787029244250679660e-01
-7.301264707364462092e-01
4.643614859927858163e-02
1.784564599843679877e-01
-3.055029693679411906e-02
-2.709722796934588285e-01
-4.659565631223901994e-01
-6.285654981428268062e-01
-7.119909858762232258e-01
-4.741959974695499347e-01
-1.684707432583613662e-01
-8.309259830551690706e-02
-1.936724607090484218e-01
-1.519517896083072972e-01
1.088084518178255022e-01
2.298876036469210682e-01
2.542132709275655156e-01
1.937152379789612855e-01
1.458538714467847441e-01
-4.638528101768663037e-02
-5.836604900256314732e-01
-8.300681640359051094e-01
-1.109631184748133048e+00
-1.331843083451843324e+00
-1.274247365000372056e+00
-3.135021499328771721e-01
7.858967644001511044e-01
1.308274963552909842e+00
1.078780502299607758e+00
8.278257458625604137e-01
7.285426769403280378e-01
1.827015735473628832e-01
-2.703334327111399649e-01
-4.784240007952744733e-01
-6.647953533772619217e-01
-7.568651067179560377e-01
-5.886468870163594769e-01
4.953518378651031173e-01
3.588969159667522169e-01
1.612277745978539789e-01
4.667384294209164786e-02
-1.520992801931853045e-02
-6.714789917925267915e-02
-8.523981343561470858e-02
-6.314690604860007106e-02
2.642554771800720292e-02
1.246145088123946087e-01
-4.999957779943819958e-02
-4.092883189629369367e-01
-4.042567667966809331e-01
-1.750307711338726646e-01
2.814694167624806065e-01
7.184715815501424574e-01
9.467553750534090096e-01
1.082504829539253199e+00
1.258387878264538795e+00
1.198261011232090389e+00
5.779198607392612708e-01
1.591362024226739003e-02
-4.031736242891080790e-01
-7.734213548584609743e-01
-1.084854350964106429e+00
-7.173609296809309033e-01
1.144573893145784949e-01
9.843454912299434145e-01
1.475526551831161326e+00
1.552275134778611898e+00
1.461079067793329411e+00
1.062994382570322305e+00
5.056886113502945257e-01
8.701607172228253972e-02
-4.065263106047261044e-01
-1.073113062105349957e+00
-1.436677831216780943e+00
-3.597251239647130117e-01
6.760877851505258107e-01
1.254917605553954818e+00
1.302240107443642270e+00
1.210186242716810412e+00
9.402649686003448082e-01
4.796902815415280408e-01
2.597265109283863893e-02
-2.882500829792655761e-01
-5.938122803544484407e-01
-9.996531664767983605e-01
-1.173278035535717745e+00
-5.908752755598908335e-01
-2.699446438010106863e-01
-2.127069020711658265e-01
-3.061465457637246868e-01
-2.370948370051162435e-01
1.000853019203089556e-01
6.492863865131196510e-01
1.186512917849084303e+00
1.118646083520914658e+00
5.372888273584808250e-01
-2.122588080450473758e-01
-9.947108546541658658e-01
-1.620666383393226440e+00
-1.822736773479553429e+00
-1.181189206987398599e+00
-1.597546181406880317e-01
9.343092375802609650e-01
1.198255856087866222e+00
8.035816701513573967e-01
4.325768031023260463e-01
9.809497704869207801e-02
-1.850678630565567584e-01
-3.458101489997407185e-01
-3.651467404290176244e-01
-9.409630931191825809e-02
4.173355543483778796e-01
2.928512104861002996e-01
-8.912169375085599032e-02
-4.992619623589593658e-01
-8.090927051903387124e-01
-9.837854295842992647e-01
0.000000000000000000e+00
0.000000000000000000e+00
0.000000000000000000e+00
0.000000000000000000e+00
0.000000000000000000e+00
0.000000000000000000e+00
0.000000000000000000e+00
0.000000000000000000e+00
0.000000000000000000e+00
0.000000000000000000e+00
0.000000000000000000e+00
0.000000000000000000e+00
0.000000000000000000e+00
0.000000000000000000e+00
0.000000000000000000e+00
0.000000000000000000e+00
0.000000000000000000e+00
0.000000000000000000e+00
0.000000000000000000e+00
0.000000000000000000e+00
0.000000000000000000e+00
0.000000000000000000e+00
0.000000000000000000e+00
0.000000000000000000e+00
0.000000000000000000e+00
0.000000000000000000e+00
0.000000000000000000e+00
0.000000000000000000e+00
0.000000000000000000e+00
0.000000000000000000e+00
0.000000000000000000e+00
0.000000000000000000e+00
0.000000000000000000e+00
0.000000000000000000e+00
0.000000000000000000e+00
0.000000000000000000e+00
0.000000000000000000e+00
0.000000000000000000e+00
0.000000000000000000e+00
0.000000000000000000e+00
0.000000000000000000e+00
0.000000000000000000e+00
0.000000000000000000e+00
0.000000000000000000e+00
0.000000000000000000e+00
0.000000000000000000e+00
0.000000000000000000e+00
0.000000000000000000e+00
0.000000000000000000e+00
0.000000000000000000e+00
0.000000000000000000e+00
0.000000000000000000e+00
0.000000000000000000e+00
0.000000000000000000e+00
0.000000000000000000e+00
0.000000000000000000e+00
0.000000000000000000e+00
0.000000000000000000e+00
0.000000000000000000e+00
0.000000000000000000e+00
0.000000000000000000e+00
0.000000000000000000e+00
0.000000000000000000e+00
0.000000000000000000e+00
0.000000000000000000e+00
0.000000000000000000e+00
0.000000000000000000e+00
0.000000000000000000e+00
0.000000000000000000e+00
0.000000000000000000e+00
0.000000000000000000e+00
0.000000000000000000e+00
0.000000000000000000e+00
0.000000000000000000e+00
0.000000000000000000e+00
0.000000000000000000e+00
0.000000000000000000e+00
0.000000000000000000e+00
0.000000000000000000e+00
0.000000000000000000e+00
0.000000000000000000e+00
0.000000000000000000e+00
0.000000000000000000e+00
0.000000000000000000e+00
0.000000000000000000e+00
0.000000000000000000e+00
0.000000000000000000e+00
0.000000000000000000e+00
0.000000000000000000e+00
0.000000000000000000e+00
0.000000000000000000e+00
0.000000000000000000e+00
0.000000000000000000e+00
0.000000000000000000e+00
0.000000000000000000e+00
0.000000000000000000e+00
0.000000000000000000e+00
0.000000000000000000e+00
0.000000000000000000e+00
0.000000000000000000e+00
0.000000000000000000e+00
0.000000000000000000e+00
