-1.537658691406250666e+00
-5.471261487888512409e-01
-2.611436063516388018e-01
-4.325676837727385760e-01
4.761298020203674763e-01
7.926243973325219905e-01
2.872922276930536256e-01
-1.326265592757738254e-01
7.231992196586576327e-01
1.694740390563092447e+00
6.319138150823957467e-01
-7.915573409919143266e-01
-1.594366296093433721e+00
1.493192776993921278e-01
7.859928424454061258e-01
8.821893991060600904e-01
9.808489364617452022e-01
7.521514292721982464e-01
1.513283057417016408e+00
2.539471262038943244e+00
1.916670706271001556e+00
-2.743762652460488560e-01
-9.125429981142159086e-01
-1.869175928012360988e+00
-1.230073055904528756e+00
4.231157643948622038e-01
6.720075077135168051e-01
3.765353934194997088e-01
3.558346085726036279e-01
5.533064209435498704e-01
6.761961708926360615e-01
-7.709486666667826338e-01
-8.625872157587428646e-01
-1.366395418151800101e-02
4.996194677999721279e-03
-6.837565205331923579e-01
4.855463090048006691e-02
6.532798434518931607e-01
1.097809801307536581e+00
1.087034562181836472e+00
2.483551584363048459e-01
3.661851411199923412e-01
8.608319095442282798e-01
3.051643313068579388e-01
7.687438745902808179e-02
-4.680241410233509924e-02
-7.030476331407697899e-01
-1.491830273893671510e+00
-1.364729094611233151e+00
-3.473073498383847380e-01
1.291423575167270688e+00
2.532300237369446982e+00
2.424061504619740681e+00
1.549893408017009477e+00
1.515569648454380358e+00
1.827701978935598826e+00
-1.072128785668864381e-01
-1.879364651130510211e+00
-2.589816111877814908e+00
-2.107563858776947185e+00
-1.423288833796654496e+00
4.204796154157972587e-01
1.797438241117216728e+00
1.655315896241383200e+00
2.063448162110059769e-02
1.834838511877541878e+00
3.430944547038114578e+00
2.592871656426939175e+00
7.512352314284276300e-01
1.057419651956101436e+00
2.550646423788982542e+00
2.375583872228501203e+00
1.100517781931970918e+00
1.437345467259859788e+00
2.403764389062119200e+00
1.582017264706334414e+00
-2.192673573541815690e-01
-1.984372531760575376e-01
3.726842751233712114e-01
4.394029916742887565e-01
6.766051941855901752e-01
7.600993607802042362e-01
2.711467807993637180e-01
-6.492249854619225324e-01
-1.404843743609246687e+00
6.863853372473351921e-01
1.159763172947512855e+00
1.108090994703624599e+00
1.159969236931051251e+00
1.253593114730474634e+00
1.073476473316030466e+00
7.652724610001457872e-01
7.723382670526095506e-01
7.709848752306609487e-01
2.968645076639654379e-01
6.292073660443034955e-01
1.760035278554118676e+00
2.154444388664679799e+00
1.537878703958806881e+00
2.499648285782110069e-01
-6.062136766134583743e-01
1.436331558920899143e-01
8.968662985125908094e-01
1.222624412966482055e+00
7.915721550816465779e-01
8.602975463782991383e-02
-4.965105356951979854e-01
-7.369882195997505825e-01
-6.057738154753797843e-01
-2.754011620374858804e-01
5.674058521534408595e-02
-1.397683904564782087e-01
-5.702687316998096279e-01
-3.608271722327928144e-01
-1.741989584512506628e-01
-7.173005780618657568e-02
1.585082165666475973e-01
3.267187710126060463e-01
1.153853159660906957e-01
-6.871227608762265904e-01
1.376505474236584536e-01
8.461916102014930274e-01
1.077876820422944304e+00
9.044216508826967704e-01
6.507546715364629364e-01
5.830325909753746316e-01
7.559119566092562525e-01
8.483893327696077069e-01
4.285278604097746413e-01
2.656313597667683268e-01
6.842608825262370686e-01
9.129362901666890906e-01
7.274033755904678600e-01
3.482442819532334255e-01
1.011145924663336970e-01
2.116848832493576360e-01
5.870029366848994457e-01
6.788222213136181349e-01
-1.245585510797050377e+00
-1.428603889149018702e+00
-1.509732141261583394e+00
-1.503507087105238949e+00
-1.441437884354126453e+00
-1.245408961988082375e+00
-8.023958484452429207e-01
-1.306719586106876996e-01
1.509566757175750951e-02
-4.873042117861212663e-01
-7.443544628617354553e-01
-8.010312359341825728e-01
-6.048110297555832071e-01
-2.353476795138602640e-01
1.406490634632950876e-01
9.736274172139758321e-02
-2.626334071462743669e-01
-7.080644752151362686e-01
1.561703572815811292e-01
3.211784418249101769e-01
3.570501304840245638e-02
-2.201585910074543850e-01
2.512984596523966108e-01
9.278621291609902011e-01
7.442541402226767744e-01
1.041660139549841713e+00
1.078365088612539768e+00
5.335002841399196782e-01
-2.670999428618605620e-01
6.205606605800306763e-01
1.653584693823054508e+00
1.144349429483347169e+00
-1.916562320490675653e-01
-1.311693960864324104e-01
5.002201446015215325e-01
5.974120763608472551e-01
1.281107724984227314e-01
5.135361525414507966e-01
6.695267282470207526e-01
4.200879014948916135e-01
-1.798666805926789625e-01
4.959157471539188400e-02
-1.397747113765220317e-01
-3.713412107347779934e-01
-3.353544532176022663e-01
-1.270560463658410022e-01
8.535166984711328730e-02
-6.139273566765801604e-03
-2.790703100644864598e-02
4.261053165395356501e-02
1.449033225001803427e-01
1.578862423806148829e-01
-1.392795986743589065e-02
-2.958650355864772541e-01
-5.023310069034492287e-01
-5.474384148733435485e-01
-4.272531042353244768e-01
-8.397898032684159020e-02
4.507624350721876061e-01
7.352594083972571193e-01
9.167372197400858180e-01
9.167372197400858180e-01
7.352594083972571193e-01
4.507624350721876061e-01
-8.397898032684159020e-02
-4.272531042353244768e-01
-5.474384148733435485e-01
-5.023310069034492287e-01
-2.958650355864772541e-01
-1.392795986743589065e-02
1.578862423806148829e-01
1.449033225001803427e-01
4.261053165395356501e-02
-2.790703100644864598e-02
-6.139273566765801604e-03
8.535166984711328730e-02
-1.270560463658410022e-01
-3.353544532176022663e-01
-3.713412107347779934e-01
-1.397747113765220317e-01
4.959157471539188400e-02
-1.798666805926789625e-01
4.200879014948916135e-01
6.695267282470207526e-01
5.135361525414507966e-01
1.281107724984227314e-01
5.974120763608472551e-01
5.002201446015215325e-01
-1.311693960864324104e-01
-1.916562320490675653e-01
1.144349429483347169e+00
1.653584693823054508e+00
6.205606605800306763e-01
-2.670999428618605620e-01
5.335002841399196782e-01
1.078365088612539768e+00
1.041660139549841713e+00
7.442541402226767744e-01
9.278621291609902011e-01
2.512984596523966108e-01
-2.201585910074543850e-01
3.570501304840245638e-02
3.211784418249101769e-01
1.561703572815811292e-01
-7.080644752151362686e-01
-2.626334071462743669e-01
9.736274172139758321e-02
1.406490634632950876e-01
-2.353476795138602640e-01
-6.048110297555832071e-01
-8.010312359341825728e-01
-7.443544628617354553e-01
-4.873042117861212663e-01
1.509566757175750951e-02
-1.306719586106876996e-01
-8.023958484452429207e-01
-1.245408961988082375e+00
-1.441437884354126453e+00
-1.503507087105238949e+00
-1.509732141261583394e+00
-1.428603889149018702e+00
-1.245585510797050377e+00
6.788222213136181349e-01
5.870029366848994457e-01
2.116848832493576360e-01
1.011145924663336970e-01
3.482442819532334255e-01
7.274033755904678600e-01
9.129362901666890906e-01
6.842608825262370686e-01
2.656313597667683268e-01
4.285278604097746413e-01
8.483893327696077069e-01
7.559119566092562525e-01
5.830325909753746316e-01
6.507546715364629364e-01
9.044216508826967704e-01
1.077876820422944304e+00
8.461916102014930274e-01
1.376505474236584536e-01
-6.871227608762265904e-01
1.153853159660906957e-01
3.267187710126060463e-01
1.585082165666475973e-01
-7.173005780618657568e-02
-1.741989584512506628e-01
-3.608271722327928144e-01
-5.702687316998096279e-01
-1.397683904564782087e-01
5.674058521534408595e-02
-2.754011620374858804e-01
-6.057738154753797843e-01
-7.369882195997505825e-01
-4.965105356951979854e-01
8.602975463782991383e-02
7.915721550816465779e-01
1.222624412966482055e+00
8.968662985125908094e-01
1.436331558920899143e-01
-6.062136766134583743e-01
2.499648285782110069e-01
1.537878703958806881e+00
2.154444388664679799e+00
1.760035278554118676e+00
6.292073660443034955e-01
2.968645076639654379e-01
7.709848752306609487e-01
7.723382670526095506e-01
7.652724610001457872e-01
1.073476473316030466e+00
1.253593114730474634e+00
1.159969236931051251e+00
1.108090994703624599e+00
1.159763172947512855e+00
6.863853372473351921e-01
-1.404843743609246687e+00
-6.492249854619225324e-01
2.711467807993637180e-01
7.600993607802042362e-01
6.766051941855901752e-01
4.394029916742887565e-01
3.726842751233712114e-01
-1.984372531760575376e-01
-2.192673573541815690e-01
1.582017264706334414e+00
2.403764389062119200e+00
1.437345467259859788e+00
1.100517781931970918e+00
2.375583872228501203e+00
2.550646423788982542e+00
1.057419651956101436e+00
7.512352314284276300e-01
2.592871656426939175e+00
3.430944547038114578e+00
1.834838511877541878e+00
2.063448162110059769e-02
1.655315896241383200e+00
1.797438241117216728e+00
4.204796154157972587e-01
-1.423288833796654496e+00
-2.107563858776947185e+00
-2.589816111877814908e+00
-1.879364651130510211e+00
-1.072128785668864381e-01
1.827701978935598826e+00
1.515569648454380358e+00
1.549893408017009477e+00
2.424061504619740681e+00
2.532300237369446982e+00
1.291423575167270688e+00
-3.473073498383847380e-01
-1.364729094611233151e+00
-1.491830273893671510e+00
-7.030476331407697899e-01
-4.680241410233509924e-02
7.687438745902808179e-02
3.051643313068579388e-01
8.608319095442282798e-01
3.661851411199923412e-01
2.483551584363048459e-01
1.087034562181836472e+00
1.097809801307536581e+00
6.532798434518931607e-01
4.855463090048006691e-02
-6.837565205331923579e-01
4.996194677999721279e-03
-1.366395418151800101e-02
-8.625872157587428646e-01
-7.709486666667826338e-01
6.761961708926360615e-01
5.533064209435498704e-01
3.558346085726036279e-01
3.765353934194997088e-01
6.720075077135168051e-01
4.231157643948622038e-01
-1.230073055904528756e+00
-1.869175928012360988e+00
-9.125429981142159086e-01
-2.743762652460488560e-01
1.916670706271001556e+00
2.539471262038943244e+00
1.513283057417016408e+00
7.521514292721982464e-01
9.808489364617452022e-01
8.821893991060600904e-01
7.859928424454061258e-01
1.493192776993921278e-01
-1.594366296093433721e+00
-7.915573409919143266e-01
6.319138150823957467e-01
1.694740390563092447e+00
7.231992196586576327e-01
-1.326265592757738254e-01
2.872922276930536256e-01
7.926243973325219905e-01
4.761298020203674763e-01
-4.325676837727385760e-01
-2.611436063516388018e-01
-5.471261487888512409e-01
0.000000000000000000e+00
0.000000000000000000e+00
0.000000000000000000e+00
0.000000000000000000e+00
0.000000000000000000e+00
0.000000000000000000e+00
0.000000000000000000e+00
0.000000000000000000e+00
0.000000000000000000e+00
0.000000000000000000e+00
0.000000000000000000e+00
0.000000000000000000e+00
0.000000000000000000e+00
0.000000000000000000e+00
0.000000000000000000e+00
0.000000000000000000e+00
0.000000000000000000e+00
0.000000000000000000e+00
0.000000000000000000e+00
0.000000000000000000e+00
0.000000000000000000e+00
0.000000000000000000e+00
0.000000000000000000e+00
0.000000000000000000e+00
0.000000000000000000e+00
0.000000000000000000e+00
0.000000000000000000e+00
0.000000000000000000e+00
0.000000000000000000e+00
0.000000000000000000e+00
0.000000000000000000e+00
0.000000000000000000e+00
0.000000000000000000e+00
0.000000000000000000e+00
0.000000000000000000e+00
0.000000000000000000e+00
0.000000000000000000e+00
0.000000000000000000e+00
0.000000000000000000e+00
0.000000000000000000e+00
0.000000000000000000e+00
0.000000000000000000e+00
0.000000000000000000e+00
0.000000000000000000e+00
0.000000000000000000e+00
0.000000000000000000e+00
0.000000000000000000e+00
0.000000000000000000e+00
0.000000000000000000e+00
0.000000000000000000e+00
0.000000000000000000e+00
0.000000000000000000e+00
0.000000000000000000e+00
0.000000000000000000e+00
0.000000000000000000e+00
0.000000000000000000e+00
0.000000000000000000e+00
0.000000000000000000e+00
0.000000000000000000e+00
0.000000000000000000e+00
0.000000000000000000e+00
0.000000000000000000e+00
0.000000000000000000e+00
0.000000000000000000e+00
0.000000000000000000e+00
0.000000000000000000e+00
0.000000000000000000e+00
0.000000000000000000e+00
0.000000000000000000e+00
0.000000000000000000e+00
0.000000000000000000e+00
0.000000000000000000e+00
0.000000000000000000e+00
0.000000000000000000e+00
0.000000000000000000e+00
0.000000000000000000e+00
0.000000000000000000e+00
0.000000000000000000e+00
0.000000000000000000e+00
0.000000000000000000e+00
0.000000000000000000e+00
0.000000000000000000e+00
0.000000000000000000e+00
0.000000000000000000e+00
0.000000000000000000e+00
0.000000000000000000e+00
0.000000000000000000e+00
0.000000000000000000e+00
0.000000000000000000e+00
0.000000000000000000e+00
0.000000000000000000e+00
0.000000000000000000e+00
0.000000000000000000e+00
0.000000000000000000e+00
0.000000000000000000e+00
0.000000000000000000e+00
0.000000000000000000e+00
0.000000000000000000e+00
0.000000000000000000e+00
0.000000000000000000e+00
0.000000000000000000e+00
0.000000000000000000e+00
0.000000000000000000e+00
