8.648071289062500000e-01
1.295825369248014391e+00
4.852935083217200241e-01
1.110044305170608814e+00
1.568038415644184225e+00
1.814409458695228849e+00
4.041608976903279249e-01
-3.450410491653284062e-01
-5.648640394091527517e-01
8.159123747724008613e-01
2.282659984546211440e+00
2.867167159759929085e-01
-1.587895116411828234e+00
2.759236942123115544e-01
4.304422743788964834e-01
6.807880180826397787e-01
8.530284938052923316e-02
1.593219296403839635e+00
4.850009140371810190e+00
4.419897417999109734e+00
3.007664527612819327e+00
1.084494397583448677e+00
-5.246231395089113736e-01
-2.232003248123857198e-01
2.996231567356509196e+00
4.549634989084390568e+00
5.205404527900760137e+00
4.887670498846373057e+00
2.182523683852699570e+00
6.775745017593064468e-01
2.254568364128926916e+00
3.106777654222834251e+00
3.122011169140354703e+00
8.594739038967789124e-01
1.333085145131001514e+00
1.783225490536749946e+00
1.027773981664096503e+00
1.710624348931966132e+00
1.909640674410112426e+00
-5.975460769129006255e-01
1.515039257651830562e+00
1.953081322452169921e+00
4.072979328019637357e+00
3.979312407807112706e+00
1.533745350720448819e+00
1.959354269056424069e+00
2.334871468914713422e+00
4.655221581960362620e+00
4.882986473967804386e+00
1.140576785755370359e+00
5.377010004257645193e+00
5.954985145040018857e+00
2.915011065096233533e+00
5.387167191861113480e+00
1.607358406369227222e+00
1.597237135384487861e+00
4.961321892179329396e+00
3.034317345187708348e+00
3.818534067232468132e+00
3.167801225123834108e+00
1.219910129752862282e+00
5.306223850928693864e+00
3.768928332184475316e+00
-1.019254852391803912e+00
-2.785916440947598716e+00
-1.678195592979347950e-02
1.373315146499464179e+00
8.860327979293991518e-02
-2.097497445516978143e-01
-2.049045483118622002e+00
-1.405471008837720470e+00
2.834235931770439088e-01
-5.578580324542837809e-01
-8.790853643548612872e-02
6.637675841645569452e-01
4.467333812951816974e-01
1.884990070535962126e+00
-5.216627685072410259e-01
-4.377807927218714035e+00
7.428733096873818553e-02
1.114549678364529228e-02
-2.197412486086812944e+00
-3.722035738511080272e+00
-3.959220860919343998e+00
-9.917929537777343540e+00
-1.118178401241373443e+01
-5.639644888754646423e+00
-1.077253157826591146e+00
-2.685870339414698993e+00
-1.407102408064628740e+01
-1.055779152817451916e+01
-4.330442605721547267e+00
-3.211619437905005370e+00
-4.615990379714010494e+00
-2.012660560842556290e+00
-2.031710884673677775e+00
-3.004774492751889792e+00
-5.804852401910256532e-01
-3.670845441788309849e+00
-1.500991833096518402e+00
-5.743893381970082146e-01
2.191543657851162674e+00
3.806061923646836043e+00
2.696221334385588086e+00
2.311150046887075593e+00
5.017818013427277180e+00
3.050007489086842494e+00
2.711842684559442773e+00
1.682187877488773964e+00
1.583181098714006474e+00
-1.361110662809483784e-01
9.941868046683852711e-01
1.048508855404955309e+00
1.190199669294893070e+00
1.864264798039187987e-01
1.540625682727883028e+00
3.333958205866973667e-01
-3.812367000936460748e-01
4.277827479185821180e-01
-1.313173284316782041e-01
1.126378788290488542e+00
1.506101197385045998e+00
2.731043458351292141e-01
7.452204584864516868e-01
3.945828679039760090e-01
1.302885101470011353e+00
-9.681255375580788414e-01
-5.650717406970251488e-01
-3.509784443689190070e-02
4.893294687879063964e-01
-1.454633774611103325e+00
-2.156103066338636243e+00
1.039591743538270663e-01
-2.901469802676226450e-02
9.058282294035011617e-01
-7.432269528473955944e-02
-3.960365532431082691e-01
-1.582806687532019030e-01
1.073340476804526933e+00
2.441835415352175964e-01
-5.844561739663229893e-01
8.916833369653875963e-01
1.775831239537909223e+00
2.599182472441998293e+00
5.271659474559378111e-01
-1.847096561767532785e+00
9.962015812723694630e-01
5.746636571604653021e-01
1.921453206736604802e+00
2.274476298949243969e+00
-1.267153687037856358e+00
-1.360978165602212187e+00
3.472821898948062369e+00
2.967944478566321820e+00
3.375461767598094909e+00
3.936762882603215274e-01
1.163292543621457842e+00
5.019674339497594673e+00
2.721107283231842366e+00
-7.010662167617738305e-01
-1.267781796514795278e+00
1.854727320684037561e+00
5.900356169754870095e-01
8.107236232119860997e-01
-2.987662262377330791e-01
-4.122067382437041516e+00
-1.129950564536004176e+00
-5.352415090269457387e+00
-7.255691226722364107e+00
-2.277929823784617724e+00
-5.650116115342229683e+00
-1.034337339770665132e+01
-2.413041690680767903e+00
-1.900187482762938584e+00
8.229593850281577971e-01
-5.081796900307633535e+00
-1.169513925679978961e+01
-9.387328301459890056e+00
-1.068401003049946318e+01
-6.717434530874634824e+00
-3.700036376402211502e+00
-3.224367064213900846e+00
-6.699558962510574922e+00
-1.152738401608619689e+01
-3.945841269898091586e+00
-6.320275615905061706e+00
-5.238687010732051341e+00
-7.612757641031712375e+00
-1.468743017532785800e+01
-7.887446510869012606e+00
-5.987327071670562439e+00
-5.164853260482642483e+00
8.231314972224921256e-01
9.809208951300971702e-01
-3.504623198412952334e+00
-1.037296028610351639e+00
-2.925493544644598209e+00
1.052872998046929576e+00
-8.071984524295534591e-01
9.411212411376430609e-01
-1.369012749964453324e+00
1.836207079397593311e+00
-1.114623199586815883e+00
-4.252715855072768392e-01
1.418475540736371165e+00
1.781882007368948084e+00
1.455362687254382115e+00
-1.282557287460555084e-01
-3.459032516970672155e+00
-8.582246420579293655e+00
-2.640698552862267512e+00
-5.265732823207073920e+00
-1.713050706514843480e+00
1.903242353162348799e-02
-7.634540220175045633e-01
6.679452501381470952e-01
5.485973260697045717e-01
-2.038976613629904122e+00
1.438300602279862783e+00
1.954107870433674510e+00
1.134548270960138439e-01
2.692669880075925892e+00
3.822084936482286199e+00
3.681076472293137059e+00
2.182744577017925014e+00
-3.140894286240438760e-01
-3.869227085051200277e+00
1.138708670350816021e+00
1.275759153223491094e+00
-5.172758908512184561e+00
-4.471367488899623766e+00
-3.632527879726475284e+00
-3.242727237597199608e+00
4.688493476614503663e-01
1.700322953502948486e-01
-6.118206955903183086e+00
-3.357658518642927525e+00
-7.324075246969571573e+00
-2.600089832768221143e+00
2.337504703527784500e+00
1.653233649187695553e+00
-2.274037955628074315e+00
-1.336522242181438447e+00
-8.376322258296791112e-01
-3.263495577398476399e+00
8.069204906226605800e-01
-1.050360590791107995e+00
-4.068889719902633040e-01
-3.601533122379931395e+00
7.097245939119185554e-01
-4.169813989629737705e+00
-1.171390560149748739e+00
-2.182849796954978938e+00
-2.792388361337216907e-01
5.920953370322079579e-02
-3.537249916818344442e+00
-4.634171258403468663e+00
-4.242071432144032705e+00
-9.209599569735093638e+00
-4.067702898015507884e+00
-4.039303678285357080e+00
-4.059764850730065433e+00
-2.848568906522386257e+00
-9.186912012482736145e+00
-2.151146448257721389e+00
4.064230396595016614e-01
-3.142130734556335625e+00
-5.041178050502292507e+00
-8.482359910483612708e+00
-9.070475690636039090e+00
-8.436138253197729142e+00
-8.377760464207408830e-01
2.921596664140690969e+00
-1.184379077542958125e+00
-2.849815998322293709e-01
-9.781471683112316740e+00
-6.264037459467172830e+00
-1.720260820910553878e+00
-7.649363899593948801e+00
-5.363136652021857742e+00
-4.085042529433904335e-01
-5.501783744867212000e+00
-1.535184368550739364e-01
2.083120903854913664e+00
7.123216112888615115e-01
-9.996285036789005485e-01
-2.814012594812522750e+00
-1.501073465551544750e+00
-1.036214802270736923e+00
2.575221284808198341e+00
5.876843100410211740e-01
-4.959647264983892967e-01
1.027871935933129199e+00
-7.638462216607954103e-01
-7.374389006174060235e-01
-2.691558695232037834e+00
-1.352465229073153363e+00
1.227493807918898172e+00
9.376599184210041571e-01
-1.259992989290492194e+00
3.694741630673847865e-01
1.225756212329374151e+00
1.316441019228979492e+00
-4.057209249082149860e-03
2.704335078960990568e+00
3.040416307651708117e+00
1.998922960848983799e+00
4.397634322709871313e+00
5.174132656812499675e+00
3.828830973683318373e+00
3.041636476944562517e+00
1.868209122681965262e+00
3.400130096530244117e+00
5.186411425145955434e+00
5.569277598378445049e+00
8.676842477305850565e-01
-9.536451957500788890e-01
-7.082424980089496724e-01
1.500694852400119572e-03
-1.540410474475064628e-01
-1.859630979917939575e+00
1.172403977515797058e+00
-8.899107614730943361e-01
1.070803982825608625e+00
3.689007974603961237e+00
4.220542802992026665e+00
9.552469518947301896e-01
1.224816339223387285e+00
3.872354256296372643e+00
1.643822873017839914e+00
1.887661384541456711e+00
2.304852841122254414e+00
-3.241697620097343524e-01
1.035063207500979132e-01
-9.959591226356658833e-01
-1.976120898874567766e+00
-2.358120798857353151e+00
-9.000223246057004189e-02
-8.266331360578271781e-01
-1.324686672156712763e+00
-2.452922563705899783e+00
-6.700198590249361041e-01
-2.414515663132324352e+00
-1.931156406063014863e+00
2.192273628710578182e-01
-1.217904346547179273e+00
-4.996172590487427456e+00
-3.262231912760534591e+00
-1.667463066816059047e+00
-6.557189682535313757e-01
-6.245307892804944139e+00
-4.322466661600216753e+00
-2.241967683346612894e+00
-3.980065512783320436e+00
-3.278296712695326853e+00
-5.682892204863735586e+00
-1.208649785202810989e+01
-1.397214941055953119e+01
-3.312837587366967540e+00
-1.833883883641925561e+00
-5.358888182161958724e+00
-1.086356197206184504e+01
-9.906811894413426245e+00
-3.611451432109784587e+00
-2.725592937479187849e+00
-1.052593060545329973e+00
-1.009803736936585317e-01
4.059395068291733466e-01
-8.447918408789121258e-01
4.153474489680029080e-01
6.160985698929439813e-01
2.306673197868394087e+00
4.199484251894019415e+00
2.463571114681551766e+00
2.444410902007951414e+00
2.247069063674762113e+00
1.941818955620740805e+00
1.967233065472872244e+00
2.079124606972181155e+00
3.931156272623068659e-01
1.262987939417565597e+00
1.548469909415669310e+00
-1.714003783341770948e-01
-6.255206836083271327e-01
-2.134043320344369832e-01
1.844594370911716297e+00
1.089485305839541951e+00
1.478369314425035386e+00
1.096923883005481715e+00
1.516569568011469915e+00
1.458042246526074504e+00
1.015161906848045525e-01
-4.068045730008015282e-01
1.967238740068977254e-01
1.117039978395522493e+00
2.217429030719210381e+00
-6.501260176931342727e-01
-1.249390899517039077e+00
-7.063934968614571375e-02
-7.846515645103726566e-01
7.976109872691845570e-01
-9.454168067114827601e-01
-2.594308458091335368e+00
-2.121690285770039708e+00
-9.063808652620644057e-01
8.980905827358869331e-01
2.238402966797849558e+00
8.162045904027956933e-01
8.614166360746893236e-01
1.096568528643296681e+00
-6.212403693938672866e-02
-1.089030780613744032e+00
1.331394266036594276e+00
1.076071582588098208e+00
1.981623757080579473e+00
2.759278958831701267e+00
1.727395071663822668e+00
2.096264989854173422e+00
3.513535508281343311e+00
3.590596201767193740e+00
3.810463896400299255e+00
2.416867236862955792e+00
1.878252997937863711e+00
3.389283664269038709e+00
4.059432333312955166e+00
3.685864970115074968e+00
3.677371994581983827e+00
3.062804260544369495e+00
4.034352202889317063e+00
3.263722710538676797e+00
1.646619182040666596e+00
-1.064128481637904855e-02
1.084074837408022018e+00
2.263524661168253349e+00
1.282908883434094038e+00
-8.930399946291727176e-01
-1.032429266832289194e+00
1.993081864388832614e-01
1.613066371178605518e+00
1.748842447727614324e+00
-5.971879999840135067e-01
2.141043572265668438e-01
1.210611229910474984e+00
1.793207429124308305e+00
5.875899800463380007e-01
5.406899604718786723e-01
1.125460357775939002e+00
1.008640972484009080e+00
1.147422075339313619e+00
2.841305792209684711e+00
2.609894726348773286e+00
5.051607367203396759e-01
2.883813198908625086e+00
4.034673381236545175e+00
3.103207518149377009e+00
2.415548539210536916e+00
1.896260234151833979e+00
3.052332395262725706e-01
1.907136322212653612e+00
1.343991211677216358e+00
8.656832428047988026e-01
1.266369063089090030e+00
2.192580510498583823e+00
3.089105081368872074e+00
2.110964425222554564e+00
1.240655449770970753e+00
1.964444525139926956e+00
5.173406422866555943e+00
6.583456777504185453e+00
3.519410043841977309e+00
4.058133119812363354e+00
5.523254905072671583e+00
4.390469528716567815e+00
5.939546915474967825e+00
3.698893121928326977e+00
2.795478787318299130e+00
6.479271857009653246e+00
4.281907250534928266e+00
6.108487817794765462e+00
7.852189579680824316e+00
3.917545393364830986e+00
6.340907108421051319e+00
6.900848959412537731e+00
3.076412331560389735e+00
4.392347661005548964e+00
5.393473557251486028e+00
7.257528923372698060e+00
6.668759792263261765e+00
3.745855588507948752e+00
2.259993956832114126e+00
4.320909161325044434e-01
3.054554847450008381e+00
3.472140915092971625e+00
3.066457727457282179e+00
3.520804248070219078e+00
1.659556349184884594e+00
2.014636260745283458e+00
3.795862334701513685e+00
3.395919439517909311e+00
3.859540343538867990e+00
