-1.436096191406249334e+00
-1.194681118754390869e+00
-7.977432581335236472e-01
-9.878110362929447552e-01
-8.508917166934008014e-01
1.588602303216174239e+00
1.524568439782099771e+00
3.059392512237164574e-01
-9.830112527501915221e-01
-6.557316694651105227e-01
1.341696740698147927e+00
1.575614094891326644e+00
9.294472160549140938e-01
7.720850791324318507e-01
1.203134984846330635e+00
-2.829123499748056325e-01
-1.992479753356335426e+00
-1.851838000907820803e+00
-1.398323550979425622e+00
-2.250749157437157422e-01
-4.711814548175314865e-01
-6.836596800552875441e-01
1.458314504404115919e+00
2.718401442314878125e+00
3.358515506986918808e+00
2.160254994325820022e+00
2.302606713843022845e-01
-1.832677334276297865e+00
-2.810110601867093827e+00
-1.497325149642904751e+00
-4.298932134348536493e-01
-1.130972621706095804e+00
-1.209705492212707734e+00
-6.568682929632703171e-01
-6.759058941591785663e-01
-1.052204125874450114e+00
-4.146175474139912609e-01
7.032454701155543830e-03
-9.918944366165773907e-01
-2.085879883976600180e+00
-5.903026455175077736e-01
4.404048635238329013e-01
-1.636837961288160059e-01
-7.092443368505629842e-01
-1.444059166224083146e-01
-4.035364149522706612e-01
-1.026894713231677247e+00
-6.769394397523507134e-01
-1.957787049594506001e-01
7.772001775955406089e-02
-1.625959008740147649e-01
-7.092005194699008142e-01
-6.187113489153004409e-01
-2.081472142451596952e-01
-5.465362774162820791e-01
1.325882604137517684e-01
6.691355338546756126e-02
-4.173729421555845143e-01
-3.917500822257924398e-01
7.696945319082100223e-01
1.568265685405849652e+00
5.198691299977702407e-01
-1.976933545429396810e-01
8.668983778361522008e-02
1.268136411165790012e-01
1.853486373194351833e-02
4.583682137834388381e-03
-1.259685580703394092e-01
-7.515031224882418037e-02
2.924443467165277477e-01
6.232548964600133079e-01
2.761199558522309805e-01
-2.595573953454991534e-01
-7.981426996399068052e-01
-8.437751554310188862e-01
6.029549841379489017e-02
5.121726762126239674e-01
1.006627039956635716e-01
-1.558522109162190361e-01
-2.597623675664111342e-01
-1.819863418828193691e-01
2.701951571804630525e-01
7.743422620854738536e-01
3.601026542095928651e-01
8.670121180997902854e-02
-1.561688257580600148e-01
-7.667965947546080407e-01
-2.985814586759591993e-01
7.235548851000661585e-02
-2.816137973572592212e-01
-1.126367475350214864e+00
-1.063317152018687040e+00
1.491818975708845141e-01
7.296594117627392961e-01
1.053354461697763256e+00
1.110637719809675961e+00
5.346527027822538525e-01
-6.405426993589644624e-01
-2.696257770802783504e-01
-2.640052004431758803e-01
-3.534384283102767199e-01
-5.192741305053734102e-01
-2.131210321631656246e+00
-3.396461697863086826e+00
-1.044981538180226099e+00
2.380757394142420935e-01
6.343894700604417736e-01
5.898174559473248202e-01
-3.403830541396530851e-01
-3.002506833471170644e+00
-1.731911445665029525e+00
-2.342958049426258071e-02
2.515999643922759432e-01
-1.216072866708583611e+00
-2.634851469699828641e+00
-2.819668276702717691e+00
-2.131673308967771963e+00
-5.497162615063793112e-01
1.106875266297742577e+00
1.375479626476733497e+00
7.405818666175119080e-01
4.316232055962829772e-01
-1.221906061098110285e-02
-1.203102877336219567e-01
4.388039278852573499e-02
-5.504594996750202807e-01
-1.517403743200667288e+00
-2.130911446890750405e+00
-7.149068115378671706e-01
-1.727100957398730596e-01
-1.233604332959561845e+00
-2.013626304407926115e-01
1.194656184695401357e+00
1.134740161395788371e+00
8.704076872326593772e-01
8.176472730175476933e-02
-5.807864608085601121e-01
-1.733542917729828936e-01
-6.188383135203268104e-01
-1.824731643896329580e-01
-1.289057942840651227e-01
-2.887592899251077982e-01
3.789281882336170693e-02
1.126242425779362399e-01
-1.090082249707845063e+00
-1.238877828897332112e+00
-8.444939919855092292e-01
-4.567363793807517336e-01
6.573691264157133229e-02
8.783984080658608917e-01
1.420863185004055840e+00
1.007804738116750976e+00
5.037682128186029562e-01
6.099231122472088540e-01
7.132183538576775117e-01
7.795433547008758790e-01
1.148836495223894527e+00
3.821944818189680904e-01
-6.226971745191269836e-01
3.095301841519715325e-02
1.708333602968270526e-02
-9.431578398171388544e-01
-9.081265334959256474e-01
3.898101701636287331e-01
8.164105368207007496e-01
-5.902186997103341382e-01
1.136438537876773847e-01
-4.426671858176727259e-01
-6.447398513975026724e-01
1.165000625743388696e-01
3.130067081786269689e-02
-1.220130854207470694e+00
-6.779172953344354546e-01
-6.892241218102492795e-01
-8.177249092340295178e-01
1.260889251404178069e-01
1.223846287189296334e+00
2.242108080984110074e+00
2.731886837112818434e+00
1.837184983209119160e+00
-3.958522616984099241e-01
-4.144509080270384338e-01
4.823457551541034949e-01
2.698972348896128137e-01
-5.200231871082847679e-01
-7.577483095295738380e-01
-9.144561731195933740e-01
7.449719080429328955e-01
7.049438001011425481e-01
-6.865414647486010047e-01
-5.290563442574920394e-01
-9.133019203744879855e-01
-1.330519697867460716e+00
2.812426489263561979e-01
8.910004366136610177e-01
7.437143918734508974e-01
4.554770007837178891e-01
-5.284971717256348178e-01
-1.287277469234747285e+00
1.415189433477078040e+00
2.267820980687766053e+00
1.686420453013542042e+00
1.973568159215053353e+00
2.191820411703908622e+00
8.717966683806230854e-01
4.791204020656225637e-02
5.695751034122893408e-01
-9.206362057177637226e-01
-1.210970545009175670e+00
8.755562451786784717e-01
-1.496268488129008922e-01
-1.217542933505705971e+00
-2.468558927618160759e-01
-2.011717153867453423e+00
-1.896964066888352951e+00
-1.626025286285806004e-01
2.990585122630620152e-01
-2.594071454114318387e-01
8.984321497264381451e-01
1.517385683395604534e-01
-1.094502182718748440e+00
-5.228133847251748012e-01
2.023777992527266978e-01
-2.538113012542406732e-01
-4.751971831507716404e-01
-1.923033085295189348e-02
4.684742649778810275e-01
1.046589558283018251e+00
1.332830444967478156e+00
9.212113139951403351e-01
3.564283071840740891e-01
2.278595720894168175e-01
5.505179815833686208e-01
7.893554558132448440e-02
-6.346973288719953699e-01
-5.377083225412727652e-01
-8.459721534672043353e-01
-1.165939130068075258e+00
-7.035878520715540541e-01
-2.627044185604460180e-02
-5.892142305783796274e-01
-4.616233474656170621e-01
-5.327547368924941962e-01
6.277261787499066603e-01
1.606547013044233196e+00
1.878753561617621859e+00
9.309545808550061530e-01
-5.235191109954460131e-01
-1.038346595812303486e+00
-3.281284565445963253e-01
1.586437493982892910e-01
-3.362344358256047494e-01
-2.770952449112624727e-01
3.118769259118825410e-02
-1.018456574328332476e+00
-1.055747658772643982e+00
-5.194172345458958340e-01
7.319148550433589584e-01
2.146620363181925839e+00
2.101304036954101395e+00
2.897396015713729955e+00
2.939642069003462588e+00
2.043703459523401378e+00
9.143081239401498195e-01
3.506948766595314737e-01
9.060752643538130258e-01
1.544684348720352318e+00
-2.499909974362157783e-02
-3.892083357778595598e+00
-7.284806600548156652e+00
-5.585309286452536881e+00
-3.865222676999032547e+00
-2.235809074995281254e+00
-3.702080605087041398e-01
4.791744278035019455e-01
-9.901106192146225116e-01
-2.661793347717020808e-01
8.942577378030307500e-01
1.567395842662024474e+00
8.617160629225555368e-01
-5.861820582243901789e-01
-2.986365265687245696e+00
-3.201474980497010403e+00
-1.944033320928908015e+00
-1.973047544811947773e-01
1.118820944052183020e+00
3.011890102504246602e-01
-1.630978645006254446e+00
-1.705096956899657457e+00
-6.336284491044987810e-01
-1.610072464601999265e-01
-7.868402124277766863e-01
-1.559630221127943805e+00
-8.193813902616857714e-01
-1.791501956762751036e-01
1.849530403868431261e-01
2.346044278538255146e-01
6.443627040699451136e-02
6.805165951208036468e-02
4.378423467034924244e-01
8.923431725133832426e-01
2.221975215841633933e-01
-5.612265404278430347e-01
-1.053624380928203319e+00
-1.370330327474625243e+00
-7.414218600970468032e-01
2.250346203735797967e-01
1.506209884646225738e-01
-3.206350060837658278e-01
-4.815594046851690013e-01
-3.769112746254291713e-01
-1.709096156015943446e-02
2.517841732918520981e-01
1.219007119199748690e-01
4.888819291433110781e-02
-1.417577952508214389e-01
3.917288661920499959e-01
1.296853414167227658e+00
1.643226474341281218e+00
1.445552403969115218e+00
4.299988838089896515e-01
-2.121572569991259094e-02
3.349022787559639003e-01
-5.274030710864406890e-01
-1.539049188870233120e+00
-1.103357654467110205e+00
-2.475288017324964729e-01
5.221094219592676833e-01
7.233597760062001614e-01
1.410587234922928701e+00
1.070220785881509373e+00
1.666192323950446141e-01
-3.560775973582326337e-01
-6.550366041624331448e-01
-9.613170356199820521e-01
1.832876119131410242e-01
1.885014225867475801e+00
2.794117533861156133e+00
1.797990677628479528e+00
-5.600398603965341948e-01
-5.941861060454356469e-01
-5.183378221398879937e-01
-1.959672833964814398e+00
-4.158767393176761473e+00
-4.147642211242523302e+00
-3.054805651995244453e+00
-8.000024248379917768e-01
1.597068110547649411e+00
2.150014587434302626e+00
1.330566119442464501e-01
-1.731854272063706679e+00
-2.560519418966420879e+00
-1.071653998399674901e+00
9.782583583830830598e-01
4.190275409160557629e-01
3.458301391534148728e-01
-4.030217968611982116e-02
-1.346106964837617159e+00
7.174888591970263185e-02
-5.804663203569335739e-01
-2.668222809454904310e-01
9.816140047879293729e-01
4.731773727463282064e-01
1.623574986096344652e+00
1.758687460516782153e+00
-1.109956419864310817e-02
-6.873328110110992206e-01
5.532992916156080909e-01
-6.377945568515164254e-02
-2.217964983044347083e+00
-1.238723518294113868e+00
5.510849369928698671e-01
1.399250313868765971e+00
3.184511041601887360e-01
-1.789791192596193348e+00
-1.481928612864760186e+00
-5.718003693883274563e-01
1.471616873519422108e-01
-1.272492997992184183e+00
-1.637625450695872509e+00
-1.429313545348455339e+00
-1.582480823670457282e+00
0.000000000000000000e+00
0.000000000000000000e+00
0.000000000000000000e+00
0.000000000000000000e+00
0.000000000000000000e+00
0.000000000000000000e+00
0.000000000000000000e+00
0.000000000000000000e+00
0.000000000000000000e+00
0.000000000000000000e+00
0.000000000000000000e+00
0.000000000000000000e+00
0.000000000000000000e+00
0.000000000000000000e+00
0.000000000000000000e+00
0.000000000000000000e+00
0.000000000000000000e+00
0.000000000000000000e+00
0.000000000000000000e+00
0.000000000000000000e+00
0.000000000000000000e+00
0.000000000000000000e+00
0.000000000000000000e+00
0.000000000000000000e+00
0.000000000000000000e+00
0.000000000000000000e+00
0.000000000000000000e+00
0.000000000000000000e+00
0.000000000000000000e+00
0.000000000000000000e+00
0.000000000000000000e+00
0.000000000000000000e+00
0.000000000000000000e+00
0.000000000000000000e+00
0.000000000000000000e+00
0.000000000000000000e+00
0.000000000000000000e+00
0.000000000000000000e+00
0.000000000000000000e+00
0.000000000000000000e+00
0.000000000000000000e+00
0.000000000000000000e+00
0.000000000000000000e+00
0.000000000000000000e+00
0.000000000000000000e+00
0.000000000000000000e+00
0.000000000000000000e+00
0.000000000000000000e+00
0.000000000000000000e+00
0.000000000000000000e+00
0.000000000000000000e+00
0.000000000000000000e+00
0.000000000000000000e+00
0.000000000000000000e+00
0.000000000000000000e+00
0.000000000000000000e+00
0.000000000000000000e+00
0.000000000000000000e+00
0.000000000000000000e+00
0.000000000000000000e+00
0.000000000000000000e+00
0.000000000000000000e+00
0.000000000000000000e+00
0.000000000000000000e+00
0.000000000000000000e+00
0.000000000000000000e+00
0.000000000000000000e+00
0.000000000000000000e+00
0.000000000000000000e+00
0.000000000000000000e+00
0.000000000000000000e+00
0.000000000000000000e+00
0.000000000000000000e+00
0.000000000000000000e+00
0.000000000000000000e+00
0.000000000000000000e+00
0.000000000000000000e+00
0.000000000000000000e+00
0.000000000000000000e+00
0.000000000000000000e+00
0.000000000000000000e+00
0.000000000000000000e+00
0.000000000000000000e+00
0.000000000000000000e+00
0.000000000000000000e+00
0.000000000000000000e+00
0.000000000000000000e+00
0.000000000000000000e+00
0.000000000000000000e+00
0.000000000000000000e+00
0.000000000000000000e+00
0.000000000000000000e+00
0.000000000000000000e+00
0.000000000000000000e+00
0.000000000000000000e+00
0.000000000000000000e+00
0.000000000000000000e+00
0.000000000000000000e+00
0.000000000000000000e+00
0.000000000000000000e+00
0.000000000000000000e+00
0.000000000000000000e+00
0.000000000000000000e+00
0.000000000000000000e+00
0.000000000000000000e+00
0.000000000000000000e+00
0.000000000000000000e+00
0.000000000000000000e+00
0.000000000000000000e+00
0.000000000000000000e+00
0.000000000000000000e+00
0.000000000000000000e+00
0.000000000000000000e+00
0.000000000000000000e+00
0.000000000000000000e+00
0.000000000000000000e+00
0.000000000000000000e+00
0.000000000000000000e+00
