-1.689331054687500888e+00
-1.522689303895653046e+00
-1.028678074897934502e+00
-8.746758486986325742e-01
-1.226699870649734514e+00
-1.367525901341968719e+00
-1.088998327432573854e+00
2.275415278324866009e-03
4.743051138999776484e-01
1.096317731140781238e+00
1.060776678631397685e+00
-8.562215420438734625e-02
3.053186923674402475e-01
2.826112728758860992e+00
2.177693176322375024e+00
6.657781176322492556e-01
-8.897860851408392335e-01
-8.461512522780547663e-01
1.244669265373041789e+00
3.114914219132002948e+00
3.171357112819474633e+00
3.581742267185592521e+00
3.905044222979002555e+00
2.843591619800138304e+00
1.731838567476294166e+00
9.179987560806175395e-01
6.103801602343312815e-01
6.065343520474397732e-01
1.568794968855614425e+00
2.483045307990797035e+00
1.055682184155515957e+00
-6.289056997372024505e-01
-9.806864678153881520e-01
-7.312962849919526498e-01
-3.284144945116773684e-01
3.968540668466573607e-01
1.338600262833824939e+00
1.656440924488932875e+00
1.551814353845175631e+00
1.363649101135207431e+00
9.924950343340817049e-01
8.729909008195979592e-01
1.162984652256647600e+00
1.680221802617862803e+00
1.962249810547323170e+00
1.431981206535751783e+00
-1.150927760206079675e-01
-8.705139054001811427e-01
1.114367176055732767e-01
5.631080226702798175e-01
3.357918512118072130e-01
-2.534801561406658799e-01
-4.458187204518879732e-01
-4.798328645187595054e-01
-6.733318883268323285e-01
1.917344384918062694e-01
6.275126363943929197e-01
5.158758560546067296e-01
2.641091869253987534e-01
-1.742370614727453138e-01
-1.873322209190739773e-01
3.800441276072511476e-01
5.405105472611936301e-01
4.606511175473559927e-01
2.377069380723740855e-01
5.322875371952351387e-02
2.511908308639809739e-02
7.259960304312607082e-02
1.424127614641945705e-03
-2.293856684141618585e-01
-3.413106631522463408e-01
-3.121124942436086513e-01
-3.053700321359920089e-01
-3.817458233940602685e-01
-5.345025671243539556e-01
-4.070308698738990261e-01
-1.846191339661540365e-01
-2.732631748674940741e-01
-1.517853614759716585e-01
2.192086553016292516e-01
6.668730553544413020e-01
9.717513227775775864e-01
9.839252570499055217e-01
8.181381874783677510e-01
5.835240951972484602e-01
3.653545206036792337e-01
1.792600041581495773e-01
-1.093792256911685357e-01
-5.768628005846019313e-01
-1.004644896973541091e+00
-1.218979880070450328e+00
-1.186197761367678183e+00
9.182923278174772719e-01
3.879501312411246516e-01
-1.496989394856158562e-01
6.758281178375742382e-01
1.009885698871169080e+00
2.448318059159406701e-01
-4.655555553712389383e-01
-7.720893826281098882e-01
-6.870256564672825306e-01
-3.666001447973799010e-01
3.579190412141164401e-03
5.965024970721467534e-01
3.347440171190457781e-01
-2.259805462877073623e-01
-6.809004474312425614e-01
-6.257463452657934244e-01
-7.841481547684114872e-02
1.379971487889122272e-01
-1.177419806432995486e-01
-2.219494418385462575e-01
5.380246604806848687e-02
3.086911455803767468e-01
1.521875765929481261e-01
3.569415531438080436e-02
-1.517860544411031576e-02
-1.026796628886744722e-02
1.518330449632144530e-01
4.598900850130351325e-01
5.888875089062494128e-01
3.338577342777240275e-01
-7.401769937458047011e-02
-3.445662532581047488e-01
-3.321843106588613370e-01
-2.195087373718245249e-01
-4.277673001092541227e-02
9.556774218991415104e-02
1.369500982097536790e-01
-1.113047954609684975e-01
-4.365949368366746075e-01
-3.397532513284629019e-02
9.017295879482790655e-01
1.619336895651539709e+00
1.483804945020599009e+00
7.144843193125776093e-01
-6.225129920429519625e-01
-2.129236072133507740e+00
-2.104420797655246034e+00
-1.886539251033047426e+00
-1.796508722558115556e+00
-1.378173044769966271e+00
-1.129218755304124411e-01
1.120659429072186519e+00
1.980247692942620041e+00
3.088855893741590641e+00
4.152747957997280359e+00
3.468383275131983634e+00
4.976650787822141098e-01
-2.180108714720362162e+00
-3.089768167120616305e+00
-1.696561726243649870e+00
-1.429532240094011364e-01
1.115105037572744484e-01
-2.539235837433743814e+00
-2.059292810658456929e+00
-7.466406495879840399e-01
6.380418084986962945e-01
6.916359176708632983e-01
-6.994837964328290969e-01
-1.778873293604313233e+00
-1.942961155030648923e+00
-6.992872692076737007e-01
7.189788524922595681e-01
1.865705033426806381e+00
7.054117188920816517e-02
-1.659869841901788545e+00
-1.705772218014375952e+00
-7.663866643356007646e-01
1.691281205290744438e-01
9.438262515416082632e-01
1.599723903275367398e-01
-1.754037869953891660e+00
-3.225088659530615853e+00
-1.792609675491902976e+00
7.740748434544330037e-01
-1.504083712027062258e-01
-2.664174815024874743e+00
-2.612028381678071831e+00
-5.103211169522019475e-01
1.962596558165152771e+00
4.352806671786716208e+00
4.138244319422454076e+00
2.253052660472638635e+00
7.462940450845199081e-01
1.015764807461414510e-01
-4.334649348570041028e-01
-1.302842161186188674e+00
-1.782579452119477326e+00
-2.307058787510855247e+00
-2.886295410936642991e+00
-1.445953011942189503e+00
3.048289208165799735e-01
1.171022026540897487e+00
1.360787273658607299e+00
1.029734818710644317e+00
1.288352822355877114e-01
-4.450117996025106937e-01
-2.814192784091243960e-01
4.187855561376008229e-02
2.104971980291893141e-01
1.903829936721881388e-01
-2.127136481066593809e-02
-3.869687192142519105e-01
-5.750781456995960328e-01
-4.209887907999029233e-01
-5.168228651526762807e-02
2.861814308670266316e-01
4.586082978641130570e-01
3.070532634653726500e-01
2.485161435043692080e-01
1.693063354567544421e-01
3.356712868772693259e-02
2.438133805567344048e-03
5.003677910645898397e-02
1.592400378316478071e-01
1.327199591955781077e-01
-8.514979785162013481e-02
-1.340502686118834053e-01
4.987265835499388178e-02
-1.834584832966945633e-01
-4.098053006124389164e-01
-1.788781445412224169e-01
-1.444104788189493060e-01
-1.292600866493220924e-02
9.692861072089552499e-01
1.108785681256401867e+00
1.403073936560323975e+00
1.040964233646412218e+00
-1.441217393828964077e-03
-1.038849973429542217e+00
-1.889106446261592964e+00
-1.817884854257245220e+00
1.746405673393790936e+00
4.656870347893553586e-01
-6.453574910811967769e-01
-5.731113187996244029e-01
6.822649295402589686e-01
-9.318304277736721986e-03
-5.306254193335022684e-01
-7.057590921167231635e-01
-3.329631500219236706e-01
2.780407284850383576e-01
4.424853313930983134e-01
3.520581590546525419e-01
2.619478540034219094e-01
3.529938545097013325e-01
5.609597950655214049e-01
3.596403092898583509e-01
-6.310282124024868544e-02
-2.545048170649248931e-01
-3.843941072610774778e-01
-5.307974301041157306e-01
-3.157674838859982902e-01
-9.879768096353891416e-02
-1.830849247229542343e-01
-5.237177044619942823e-01
-7.833211248621124723e-01
-5.940369095523799770e-01
-1.009538295709062616e-01
1.795103459315842143e-01
2.533816177456912344e-01
1.965551048599694095e-01
1.925331482689554008e-01
2.650113998725726061e-01
2.401162231083657783e-01
1.558607943087169101e-01
6.185541822901152731e-02
1.291236831094803028e-01
3.176813466460013391e-01
5.103169104523036514e-01
3.690735176325802280e-01
2.332389844571214343e-02
4.379367503466180533e-02
-4.056621348250288861e-02
-2.265635645969410472e-01
-3.690004012548300238e-01
3.871739897360138016e-02
5.308136447986431250e-01
2.157580874217990274e-01
-7.767646987777772072e-01
-2.929861268929463414e-01
1.183449328608237483e+00
2.201663436883338321e+00
1.886112915454715599e+00
9.774821227583245786e-01
9.792736404111010984e-01
1.680589183153006205e+00
2.021101026858838079e+00
1.779251150325968034e+00
1.360756818094735365e+00
1.149588386527835571e+00
8.793457410733060975e-01
3.347883041262842418e-01
-3.600327673423642239e-02
-8.882199791116769383e-01
-1.609171748603752228e+00
-6.521389010865896729e-01
1.267198173134352901e+00
1.737413810393071190e+00
3.226575049504178949e-01
1.618812588894987359e+00
1.526144037643685003e+00
1.272606831038695319e+00
2.143219107142628310e+00
3.247338745731015219e+00
3.939272449625737416e+00
3.394487230806533251e+00
3.007275386223632108e+00
2.755885255034622006e+00
1.047710062909316786e+00
4.129381249452208635e-01
6.583007101182394294e-01
6.039210930784664200e-01
2.560010732819488766e-01
5.793539804284908445e-01
4.637007767542526970e-01
8.568100479979037232e-01
1.186508020561966026e+00
4.451912803728585999e-01
-7.098372341727907653e-01
3.148822433811084842e-01
1.567424859451547192e-01
-1.157652235758940051e+00
-1.772961646304995309e+00
-1.591974703510991906e+00
-1.547872643745546783e+00
-2.830836741470941220e+00
0.000000000000000000e+00
0.000000000000000000e+00
0.000000000000000000e+00
0.000000000000000000e+00
0.000000000000000000e+00
0.000000000000000000e+00
0.000000000000000000e+00
0.000000000000000000e+00
0.000000000000000000e+00
0.000000000000000000e+00
0.000000000000000000e+00
0.000000000000000000e+00
0.000000000000000000e+00
0.000000000000000000e+00
0.000000000000000000e+00
0.000000000000000000e+00
0.000000000000000000e+00
0.000000000000000000e+00
0.000000000000000000e+00
0.000000000000000000e+00
0.000000000000000000e+00
0.000000000000000000e+00
0.000000000000000000e+00
0.000000000000000000e+00
0.000000000000000000e+00
0.000000000000000000e+00
0.000000000000000000e+00
0.000000000000000000e+00
0.000000000000000000e+00
0.000000000000000000e+00
0.000000000000000000e+00
0.000000000000000000e+00
0.000000000000000000e+00
0.000000000000000000e+00
0.000000000000000000e+00
0.000000000000000000e+00
0.000000000000000000e+00
0.000000000000000000e+00
0.000000000000000000e+00
0.000000000000000000e+00
0.000000000000000000e+00
0.000000000000000000e+00
0.000000000000000000e+00
0.000000000000000000e+00
0.000000000000000000e+00
0.000000000000000000e+00
0.000000000000000000e+00
0.000000000000000000e+00
0.000000000000000000e+00
0.000000000000000000e+00
0.000000000000000000e+00
0.000000000000000000e+00
0.000000000000000000e+00
0.000000000000000000e+00
0.000000000000000000e+00
0.000000000000000000e+00
0.000000000000000000e+00
0.000000000000000000e+00
0.000000000000000000e+00
0.000000000000000000e+00
0.000000000000000000e+00
0.000000000000000000e+00
0.000000000000000000e+00
0.000000000000000000e+00
0.000000000000000000e+00
0.000000000000000000e+00
0.000000000000000000e+00
0.000000000000000000e+00
0.000000000000000000e+00
0.000000000000000000e+00
0.000000000000000000e+00
0.000000000000000000e+00
0.000000000000000000e+00
0.000000000000000000e+00
0.000000000000000000e+00
0.000000000000000000e+00
0.000000000000000000e+00
0.000000000000000000e+00
0.000000000000000000e+00
0.000000000000000000e+00
0.000000000000000000e+00
0.000000000000000000e+00
0.000000000000000000e+00
0.000000000000000000e+00
0.000000000000000000e+00
0.000000000000000000e+00
0.000000000000000000e+00
0.000000000000000000e+00
0.000000000000000000e+00
0.000000000000000000e+00
0.000000000000000000e+00
0.000000000000000000e+00
0.000000000000000000e+00
0.000000000000000000e+00
0.000000000000000000e+00
0.000000000000000000e+00
0.000000000000000000e+00
0.000000000000000000e+00
0.000000000000000000e+00
0.000000000000000000e+00
0.000000000000000000e+00
0.000000000000000000e+00
0.000000000000000000e+00
0.000000000000000000e+00
0.000000000000000000e+00
0.000000000000000000e+00
0.000000000000000000e+00
0.000000000000000000e+00
0.000000000000000000e+00
0.000000000000000000e+00
0.000000000000000000e+00
0.000000000000000000e+00
0.000000000000000000e+00
0.000000000000000000e+00
0.000000000000000000e+00
0.000000000000000000e+00
0.000000000000000000e+00
0.000000000000000000e+00
0.000000000000000000e+00
0.000000000000000000e+00
0.000000000000000000e+00
0.000000000000000000e+00
0.000000000000000000e+00
0.000000000000000000e+00
0.000000000000000000e+00
0.000000000000000000e+00
0.000000000000000000e+00
0.000000000000000000e+00
0.000000000000000000e+00
0.000000000000000000e+00
0.000000000000000000e+00
0.000000000000000000e+00
0.000000000000000000e+00
0.000000000000000000e+00
0.000000000000000000e+00
0.000000000000000000e+00
0.000000000000000000e+00
0.000000000000000000e+00
0.000000000000000000e+00
0.000000000000000000e+00
0.000000000000000000e+00
0.000000000000000000e+00
0.000000000000000000e+00
0.000000000000000000e+00
0.000000000000000000e+00
0.000000000000000000e+00
0.000000000000000000e+00
0.000000000000000000e+00
0.000000000000000000e+00
0.000000000000000000e+00
0.000000000000000000e+00
0.000000000000000000e+00
0.000000000000000000e+00
0.000000000000000000e+00
0.000000000000000000e+00
0.000000000000000000e+00
0.000000000000000000e+00
0.000000000000000000e+00
0.000000000000000000e+00
0.000000000000000000e+00
0.000000000000000000e+00
0.000000000000000000e+00
0.000000000000000000e+00
0.000000000000000000e+00
0.000000000000000000e+00
0.000000000000000000e+00
0.000000000000000000e+00
0.000000000000000000e+00
0.000000000000000000e+00
0.000000000000000000e+00
0.000000000000000000e+00
0.000000000000000000e+00
