2.055053710937500000e-01
-3.236150810052160764e-01
-1.205534671241139222e+00
-1.796687313114169848e+00
-1.657366346652826561e+00
-1.025541573089578051e+00
-1.777170632109599246e-01
4.724357370131002654e-01
3.594739779813851399e-01
-6.918332240385538512e-02
-2.793394641730404526e-01
7.610871278099407000e-02
1.089682929153681146e+00
1.952300326252856433e+00
2.622983139278166842e+00
2.755502795702161833e+00
2.470015072629321295e+00
1.865912883694436308e+00
1.004130667462814319e+00
1.134243411954722669e+00
1.431495409422624654e+00
1.034071400645212080e+00
4.637602155768436596e-01
-9.321227115565688948e-02
-1.206846293838044204e-01
1.006701477643554110e+00
2.578254156067418812e+00
3.445127257070799587e+00
3.101144896177546517e+00
2.254719344088520927e+00
8.708234929644738109e-01
-1.307766956419176285e+00
-2.823222528085040040e+00
-1.594606184001640337e+00
1.030431594123750294e+00
2.599794481200374818e+00
1.821180672489006724e+00
9.137522748780124715e-02
-7.533148969443577148e-01
-9.164484688628894427e-01
-1.713881383071653497e+00
-3.286852584901910124e+00
-3.115621232459546253e+00
-8.113353737249191511e-01
2.069412908372002313e+00
2.666710140570805798e+00
1.694265859085285486e+00
1.675283540936048254e+00
1.884063582838110040e+00
9.436032800525675501e-01
-4.099657641835730004e-02
-7.500893351071011850e-01
-2.501596432977322149e-01
9.393232809931159055e-01
-2.414228965522372539e-01
-1.601255593827435764e+00
-7.375696511065136241e-01
1.868253092842890872e-01
1.032753434884001065e+00
3.959187044977411363e-01
-1.081934474218171349e-01
-4.348957867713434400e-01
-5.028765430782163870e-01
-2.008087254451023096e-01
-1.318793596831584480e-01
-3.875023671769118883e-01
-5.460824250400477808e-01
-1.588782638505185085e-01
-3.609983776339201200e-01
-3.474747841861216546e-01
-1.653738662854133956e-01
-6.823665895832831119e-02
-3.941759031948832703e-02
-8.691949236006157875e-02
3.876919426815424452e-01
3.566183441387263398e-01
2.560655594177685401e-02
-2.333269476052168834e-03
2.071478865126986091e-01
-1.778250726664248882e-02
-9.660663861752376569e-01
-8.448904203807350299e-01
-1.389417129373823334e-01
1.530373908997743615e-01
-2.502497626584453405e-01
1.649281371300627130e-01
-7.527575654672880034e-03
-1.070107610736296122e+00
-9.771148058620431343e-01
3.742964187384425490e-01
1.703321107028645143e+00
3.806328387707329508e-01
-2.009537092312119189e-01
-4.830930856626980407e-01
-2.193717998380342316e+00
-3.110012476576781815e+00
-1.574262315259254752e+00
1.469223537001589364e+00
2.612533868151966310e+00
1.931729206981323443e+00
9.336173441953121710e-02
-3.449181639019562873e+00
-7.747365457952521517e+00
-7.732711999750196519e+00
-1.623356484961781199e+00
5.711953321743688861e+00
6.340156904199154120e+00
1.486825093985125967e+00
-3.904497828582792263e+00
-2.758807612099047901e-01
6.301966006510832941e-01
-1.181016068650518669e+00
3.188184209320468199e-01
3.091102332733596469e+00
2.584745404678979064e+00
3.812230606971747093e-01
-9.333218853191276310e-01
2.879169460269146441e-01
1.171746788409284479e+00
1.860854900324665273e+00
2.139129395592498373e+00
8.816260477189812317e-01
-1.538833612512424009e+00
-2.828178423638733729e+00
-6.663565457680491466e-01
1.190694007719197201e+00
2.125201458157364165e-01
-4.023583058107509380e-01
-1.234318068604709495e-01
1.103165738938486351e+00
3.785920383271390577e-02
-6.977589118589768713e-01
5.210035284098782915e-01
1.420035627626327734e+00
2.809230002234746060e-01
-5.230250376557541436e-01
-6.857873376094431039e-01
-3.941902460856400170e-01
-1.730981324733436022e-01
-3.842860662138459227e-01
-4.689990980253955222e-01
-3.079149029407027838e-01
1.271305079929592186e-01
-2.803936851895084126e-01
-9.335281088648487158e-01
-1.027979484310789449e+00
-5.735550210872362165e-01
-3.853122239234699764e-01
-4.856761929189274962e-01
-4.561293539493421756e-01
-6.082043900469233932e-01
-1.349490459931794284e+00
-2.012103535771500251e+00
-1.853062882750253770e+00
-7.175573137487194497e-01
1.348721852336428606e+00
6.164827268801857940e-01
-8.960333004780987043e-01
-2.490282614719262266e+00
-1.383453208215494667e+00
7.619387767781522491e-01
1.562681070636879443e+00
1.516097891260960395e+00
1.230582588666725208e+00
6.631900570516209292e-01
-3.381709686002485338e-01
-1.156538104164103187e+00
-5.117538702499648817e-01
8.138473260557925748e-01
1.720340316900094368e+00
1.643850098813834038e+00
1.197408143963638150e+00
8.918913056486101887e-01
4.406400287581729858e-01
6.456801469136397298e-02
3.345311986764463175e-01
7.460881177212679294e-01
8.810853823183164568e-01
7.036049047888595087e-01
8.107458182847281369e-01
1.136220441787965996e+00
6.197741826966185474e-01
7.356477555954508141e-01
1.062459931427771398e+00
7.445928827194313593e-01
7.554272942012096870e-01
1.301920992723718751e+00
1.371770399278337882e+00
1.700911806888412148e+00
1.958857298210826769e+00
1.355620455625572651e+00
9.556844382084790368e-01
1.082871299546879440e+00
3.308023930291185133e-01
-1.999508933658495913e-01
-4.467382125850496433e-01
-5.287487307661113967e-01
-1.038823873232397332e-02
8.600436506626186750e-01
1.324652408666829206e+00
1.384681596093885858e+00
8.481027924962099007e-01
-6.212082874101998442e-02
-8.183395050104858015e-01
-7.082556279647851394e-01
-2.357690624364665588e-01
4.173580158176828370e-01
1.083154876208888062e+00
1.086258622479668645e+00
2.185311348695035960e-01
-8.457487491706714433e-01
-1.125733678049474884e+00
-2.152985702037455429e-01
3.138890767463942133e-01
6.541541541764348544e-01
1.354361398173328457e+00
2.350331443253048214e+00
2.628618412301678031e+00
-3.898936506024668347e-01
-1.659035120420763398e+00
-2.307948731202984494e-01
5.976414769209446032e-01
5.276214572149089399e-01
-8.880459089342718215e-02
-5.556321623110948016e-01
-7.440605258134763700e-01
-7.889914218150555492e-01
-9.774307035919911346e-01
-8.209770177401106706e-01
-8.820634035489760549e-02
7.906195562642659436e-02
-7.065862623926613129e-01
-6.862029909919643567e-01
-1.770859044060084653e-01
-1.916550617357081765e-01
-3.880007694547875641e-01
-6.335506802985325647e-01
-1.125914748773738427e+00
-1.271780559637526897e+00
-1.761302875187027439e-01
-3.915757984639016698e-01
-1.070670639111713562e+00
-6.212657628740347882e-02
1.420696129423489218e+00
-3.279772796068063379e-01
-1.907492282750892887e+00
-1.673892987667084720e+00
2.796048240843234112e-01
-2.764323546150102562e-01
-7.302187845797734056e-01
3.383905892756433609e-01
1.583314075726849568e+00
1.597776812432810001e+00
4.280941282746425491e-01
-1.700084127951697610e+00
-1.738434924804824755e+00
-1.130232465378617324e+00
-1.280054579990210328e+00
-1.848978875655324927e+00
-1.058501756389059967e+00
-9.909077611857655121e-01
-2.662919555494584145e+00
-1.090224720523855773e+00
2.227976758426203574e+00
2.303894034436941851e+00
-4.981721041208171386e-01
7.610804750279323017e-01
3.091951311986537387e+00
-2.119000121876948306e+00
-8.144768564597484328e+00
-2.686075326070670677e+00
1.353935547496705638e+00
8.976196571001562319e-01
-1.901672994189336663e+00
-3.798736327308379401e+00
-2.574156928095029606e+00
3.848464246258194166e-01
3.784631747904482424e+00
6.128524442121269011e+00
6.144739461888768517e+00
3.493299374851419614e+00
1.210283103878808886e+00
7.386230607085197963e-01
-1.116333075353777016e+00
-1.515662263945957822e+00
-4.478359077630904572e-01
1.245924965150514874e+00
1.672805286178022266e+00
1.291523288370927780e+00
1.264850487622659392e+00
3.364785829838181641e-01
-5.615403234700109270e-01
-5.647400986981957471e-01
1.661714464811023806e-01
8.077801903882358969e-02
-1.579868812128218947e-01
-1.351237243393403897e-01
-1.486433401949712185e-01
2.039000611690570119e-01
2.446281454217028029e-01
-1.057917910649714965e-01
-4.188462050304464501e-01
-2.973128998295893055e-01
-4.067191714959902393e-01
-3.780674474335357638e-01
3.023351853140869849e-01
3.067984528538300060e-01
-1.507173294204683378e-01
-6.712310615058544316e-01
-9.425364704374783464e-01
-7.917986895689174132e-01
-8.647659009798887020e-01
-4.685589696176543084e-01
3.657114204965322690e-01
9.312601263983014688e-01
-4.562582961585465169e-01
-1.135178417564696840e+00
-7.678721721269419209e-01
9.233733803387589312e-02
9.388165486740133181e-01
3.994776327879612232e-02
-8.973232881181721909e-01
-1.922040645365930445e+00
-8.404452100676275128e-01
6.233169871468708934e-01
3.076604138352353468e-01
-1.160540095727911059e-01
1.332583541146529660e+00
1.647694526463334697e+00
-3.151345777059972875e-01
-1.473197332478921151e+00
-6.777256234490942610e-01
7.987492321056319788e-01
1.118808730363439974e+00
-2.744309836865799213e-01
-1.977527379385206174e+00
-2.320796786144060153e+00
-2.267985091951484122e+00
-3.689083816829575202e+00
-4.490319461995496475e+00
-3.318548780848443069e+00
-4.325861464109523880e-01
2.753420571822048579e+00
4.335006232316407804e+00
3.651125317030462281e+00
2.183225845362013473e+00
1.299809919020985749e+00
4.603226380770140125e-01
-1.115807816787621753e-01
3.167276855661174118e-01
1.156578383954845801e+00
1.771282520979030828e+00
2.193905525018579272e+00
2.378478321945833862e+00
2.142890389436233445e+00
2.413661759339545299e+00
2.976883457929160315e+00
3.063997356804033512e+00
2.088186747895575568e+00
1.683082488155778211e+00
2.235708946276654174e+00
1.814598343069956377e+00
1.080624244123475464e+00
7.934494609718716340e-01
8.607466007493949078e-01
7.230357786253769348e-01
3.037180610519014667e-01
1.472846563338268133e-01
1.034677533910965952e-01
7.176077173569050949e-02
6.388184627195192533e-02
-2.038494383171185476e-02
7.534131966016875959e-01
2.629384084334386307e-01
1.961101151241991525e-01
6.562459852976942898e-01
1.093857620480719328e+00
0.000000000000000000e+00
0.000000000000000000e+00
0.000000000000000000e+00
0.000000000000000000e+00
0.000000000000000000e+00
0.000000000000000000e+00
0.000000000000000000e+00
0.000000000000000000e+00
0.000000000000000000e+00
0.000000000000000000e+00
0.000000000000000000e+00
0.000000000000000000e+00
0.000000000000000000e+00
0.000000000000000000e+00
0.000000000000000000e+00
0.000000000000000000e+00
0.000000000000000000e+00
0.000000000000000000e+00
0.000000000000000000e+00
0.000000000000000000e+00
0.000000000000000000e+00
0.000000000000000000e+00
0.000000000000000000e+00
0.000000000000000000e+00
0.000000000000000000e+00
0.000000000000000000e+00
0.000000000000000000e+00
0.000000000000000000e+00
0.000000000000000000e+00
0.000000000000000000e+00
0.000000000000000000e+00
0.000000000000000000e+00
0.000000000000000000e+00
0.000000000000000000e+00
0.000000000000000000e+00
0.000000000000000000e+00
0.000000000000000000e+00
0.000000000000000000e+00
0.000000000000000000e+00
0.000000000000000000e+00
0.000000000000000000e+00
0.000000000000000000e+00
0.000000000000000000e+00
0.000000000000000000e+00
0.000000000000000000e+00
0.000000000000000000e+00
0.000000000000000000e+00
0.000000000000000000e+00
0.000000000000000000e+00
0.000000000000000000e+00
0.000000000000000000e+00
0.000000000000000000e+00
0.000000000000000000e+00
0.000000000000000000e+00
0.000000000000000000e+00
0.000000000000000000e+00
0.000000000000000000e+00
0.000000000000000000e+00
0.000000000000000000e+00
0.000000000000000000e+00
0.000000000000000000e+00
0.000000000000000000e+00
0.000000000000000000e+00
0.000000000000000000e+00
0.000000000000000000e+00
0.000000000000000000e+00
0.000000000000000000e+00
0.000000000000000000e+00
0.000000000000000000e+00
0.000000000000000000e+00
0.000000000000000000e+00
0.000000000000000000e+00
0.000000000000000000e+00
0.000000000000000000e+00
0.000000000000000000e+00
0.000000000000000000e+00
0.000000000000000000e+00
0.000000000000000000e+00
0.000000000000000000e+00
0.000000000000000000e+00
0.000000000000000000e+00
0.000000000000000000e+00
0.000000000000000000e+00
0.000000000000000000e+00
0.000000000000000000e+00
0.000000000000000000e+00
0.000000000000000000e+00
0.000000000000000000e+00
0.000000000000000000e+00
0.000000000000000000e+00
0.000000000000000000e+00
0.000000000000000000e+00
0.000000000000000000e+00
0.000000000000000000e+00
0.000000000000000000e+00
0.000000000000000000e+00
0.000000000000000000e+00
0.000000000000000000e+00
0.000000000000000000e+00
0.000000000000000000e+00
0.000000000000000000e+00
0.000000000000000000e+00
0.000000000000000000e+00
0.000000000000000000e+00
0.000000000000000000e+00
0.000000000000000000e+00
0.000000000000000000e+00
0.000000000000000000e+00
0.000000000000000000e+00
0.000000000000000000e+00
0.000000000000000000e+00
0.000000000000000000e+00
0.000000000000000000e+00
0.000000000000000000e+00
0.000000000000000000e+00
0.000000000000000000e+00
0.000000000000000000e+00
0.000000000000000000e+00
0.000000000000000000e+00
0.000000000000000000e+00
0.000000000000000000e+00
0.000000000000000000e+00
0.000000000000000000e+00
