-7.511901855468750000e-01
9.765797549691672685e-01
1.694674224311695454e+00
5.529117336973348174e-01
3.000681515405731581e+00
3.698867202297827728e+00
7.739672666767174469e-01
-2.900416418076583458e+00
1.521508838551107967e+00
3.595208557389754311e+00
1.182583117141990936e-01
1.256151950301530595e+00
2.428291579465305272e+00
1.055573254625458590e+00
3.104321651065591769e+00
9.668461513411856778e-01
-3.006554429255387184e+00
-1.494270414810155323e+00
1.294047966193236920e+00
-1.671067614332293338e+00
-1.163075022937013703e+00
9.980144013920844159e-01
1.182259753947895398e+00
1.509235322762262577e+00
2.307912834252974221e+00
2.061833554285458447e+00
1.590632663945532599e+00
3.490879438856215877e+00
1.431554925697885228e+00
-3.466959555326086129e+00
1.766742538480019498e+00
3.280258180507972909e+00
8.011068663364726561e-01
-2.114684783445528460e-01
-2.250257942881035866e+00
-1.466692436634525976e+00
1.277511603942720120e+00
-2.440250901208727896e+00
3.019424685016680598e-02
4.327106301144691081e+00
3.422615946473803739e+00
1.615933714576169855e+00
2.573633726058195847e+00
4.644465791232985197e+00
4.839568605067883666e+00
2.064883217171701091e+00
1.656797620879210342e+00
3.191772032170901774e+00
1.816198788357774596e+00
3.121258684369194736e+00
4.038768614261863732e+00
1.597490970537879917e+00
-9.834160582969104780e-01
-1.830020178985431123e+00
-2.198219869864996845e+00
-1.985270173699657192e+00
-3.125796167752570298e-01
4.559695310147837688e-01
-6.548583839864265954e-01
6.822434786618656322e-01
1.626311281046997514e+00
3.036576175301286540e-02
-1.827486890442519885e+00
-2.192867240389577699e+00
-5.061020892772563062e-01
1.776403815081764037e-01
1.750709744687362956e+00
9.072880707242738652e-01
1.177642909914413227e+00
3.192984903220057902e+00
4.055384143338220504e+00
2.810010378447509005e+00
4.282209680498723081e-01
-1.342409743087229046e+00
-2.402671798668705172e+00
-2.405522851648179028e+00
-1.454549383327528922e+00
-2.974197785186221132e-01
5.401557136364916190e-01
1.123114967433024081e+00
9.674393294275469568e-01
-3.982879604429472309e-01
-1.166286127536220185e-01
4.419399989204291224e-01
6.467388160656484253e-01
7.204102351804095861e-01
2.872105335686860883e-01
-5.143960622579554220e-01
4.936661866186027314e-01
-2.334325528007945572e-01
-9.828791077302976298e-01
1.044381059247919907e+00
7.112223560289203661e-01
4.910342406139531768e-01
4.489049991802529505e-01
-7.701539615162790176e-01
2.193498292998357080e-01
6.283633361673897078e-01
3.674849411626821549e-01
1.620790720144392072e+00
1.403823283858985693e+00
7.141048348058192108e-01
2.177882204809554745e-01
-9.731252017305365154e-01
-1.361274178619469755e+00
-1.164944269163098234e+00
-1.204741584230262230e-01
8.488246593268923279e-01
-6.369267742815019062e-01
8.014470664408857026e-01
2.529282756868563631e+00
8.075186831596790071e-01
-2.103118550082315075e+00
-8.057145530409040024e-01
7.675431372818037890e-01
2.887398491604482587e-01
8.133920253257498345e-02
-2.727345260280589212e-01
-6.140174274691203582e-01
1.700170479446034832e-01
5.587204323162286990e-01
-4.721137711016012428e-01
-9.051024929866740010e-01
5.930848609730667853e-01
1.434877809527969283e+00
1.307354580988767889e+00
3.214668681813159790e-01
-2.173067681409923679e-02
3.506293517519496472e-01
1.101420304347103585e+00
7.197795103727723243e-01
4.034863388237952542e-02
1.988386543542174367e-01
-4.828428944631908415e-01
-2.611991307737850931e-01
-1.532709851524287625e-01
-5.304917988002608720e-01
-1.754454723382157244e-01
2.149196320614332745e-01
-1.146992289073414106e-01
-2.891574225134438958e-01
-1.196339454415179970e+00
-5.730347679235505698e-01
1.595649049572318567e-01
4.375112687595488214e-01
7.855199711641734917e-01
-4.884224152779209627e-01
1.438591143899730085e-01
-3.229289893510671750e-01
-1.904352428534750175e-01
1.210330828003667314e+00
3.113888541884881622e-01
-4.977127095542661639e-01
1.048010364948661621e+00
-8.637436968215397304e-01
-1.510418876108632347e-01
6.610951949565548880e-01
-7.254654348167915989e-01
6.262473524534568625e-01
1.713570855932670334e+00
1.566959162022079077e-01
-1.449859725597712812e+00
-2.015513345341656493e+00
-1.602434334775070024e+00
1.117374083642448390e-01
1.078729590867481214e+00
1.023871315517288494e+00
1.013786917009158683e+00
1.635817799690287844e+00
1.405435512094861839e+00
3.759870947548968889e-01
1.027164374029466254e+00
4.399786959380214135e-01
-5.133896506380517533e-01
1.204169206491669142e+00
1.171226151536726157e+00
4.955277354695706293e-01
1.571870003299087992e+00
-2.556721660761374082e-03
3.236292366861598380e-01
1.574831280138590639e+00
1.151522194906526853e+00
1.618699141058376867e+00
1.551274024872085100e+00
7.196571443202723906e-01
-4.186545353334070185e-02
-4.151471262958217334e-01
-3.694836305435709178e-01
4.324699288651595586e-01
4.199170643688847626e-01
7.796742093393387307e-01
1.007675492327288591e+00
-6.631779113367040068e-01
-8.327600762353037922e-01
6.015620295502959181e-01
1.150028119938630411e+00
1.965220837106151919e+00
1.314481446767549855e+00
-2.202864822516675147e+00
-2.781454926855086995e+00
-2.226444461911444073e+00
-5.680927069510568472e-01
1.193970585766271242e+00
1.785117217514332832e+00
9.326985592813841208e-01
1.076860341854453118e-01
3.328811114971612639e-01
7.039736650066057422e-01
1.242815222587053015e+00
2.245165393505237361e+00
2.434223718148572857e+00
9.553217951123844642e-01
-6.799805952487196770e-01
-1.040437656614259243e+00
-9.159784590962045669e-01
4.352042047238335876e-01
2.177100518123432416e+00
2.919306955958102634e+00
3.329136933563103362e+00
3.141951167835808523e+00
1.038216928700555375e+00
-1.487099283718265497e+00
1.633029648915783838e+00
3.286171152898260672e+00
3.570758548374963759e+00
3.261026434138870833e+00
1.400770609467841155e+00
-8.350293796937062751e-01
-1.706144167632503983e+00
-1.056771873103925952e+00
-6.925158396702175700e-01
5.251663710709220112e-02
1.457306707210915597e+00
1.870750551886212421e+00
1.553006904983520897e+00
1.669439430370308841e+00
1.687769607783430992e+00
1.262651566590404784e+00
6.071782184367569002e-01
8.697430850809428904e-02
-1.810140990922164406e-01
-8.969192497024263133e-01
-1.646404793810141598e+00
-1.178288660788258113e+00
3.774868974730360982e-02
7.037793163481489422e-01
1.968527786218121634e-01
-4.475183479401323439e-02
7.986418199380604932e-01
3.388479532520758397e-01
-5.887137400411011079e-01
1.266819977527918972e+00
2.343534488189268572e+00
1.854658714211689041e+00
-2.275224818814014505e-02
-1.007470568668031419e+00
-1.371174598470138228e+00
-8.120982002650718456e-01
9.789825935449680827e-01
2.715781378123089951e+00
2.753878744320087169e+00
1.866499926970909939e+00
8.802236951894312211e-01
1.568322517346920630e-01
9.384017320993967015e-01
8.698022112928140981e-01
5.596699425060245314e-01
8.375506265457139943e-01
2.798337561357300274e-01
-9.084547442742407775e-02
1.086827065739780940e+00
2.120314973546595372e-01
6.354238585295988173e-01
2.228073574309608063e+00
1.028213789260281841e+00
8.978010073567510574e-01
1.192893498063877455e+00
1.655255597350469010e-01
-7.371261324909270662e-01
-1.295383705393148510e+00
-1.148264258078935285e+00
-9.648922363852014961e-01
1.070592624628808665e+00
1.244418134284969168e+00
2.150012412656774341e-01
2.888095918888701208e-01
-1.035833124258938032e-01
-1.710754574167629993e-01
-2.637746925306205248e-01
-6.422289932642155641e-02
1.623367405661326757e-01
2.701480640722357940e-01
6.606067356178391137e-01
8.159026534704206801e-01
-5.252991031510568787e-01
-2.480745937522677025e-02
2.578686981267666045e-01
-6.459053576351869719e-01
-3.572158278895827266e-01
3.180722632057726429e-01
-4.589954215111458069e-02
-1.152897761063117033e+00
7.235162115223969792e-02
1.027258179451201459e+00
-7.739657778124340304e-01
-3.264253626477915393e-01
1.539616921259784332e-01
-3.677548118029169144e-01
-1.062827545412536878e-02
-6.693603323419862194e-01
-2.340632435904690389e-01
6.409970394041218933e-01
6.652506460100078289e-01
1.890099195388472708e-01
3.758493171386012577e-01
9.439123179735413594e-01
2.332665454271748429e-01
1.046409172997972981e-01
4.618765758565581692e-01
5.152167542385850396e-01
-2.829973510596022201e-01
-5.663807355454266723e-01
6.055772209656731242e-01
1.352943887385426480e+00
-1.433758468487366766e+00
-1.251672043096394349e+00
7.379256199938089011e-01
1.690266838444776321e+00
-1.082354345698040898e+00
-1.414902093623721990e+00
-8.160680105313271593e-01
1.160572510307613880e+00
1.763913872493955814e+00
1.524185057434963797e+00
1.035494072470724225e+00
-7.356971015469254693e-01
-1.598202307967967917e+00
-1.665945369983281577e+00
-2.538126827683657716e-01
1.066519128215880130e+00
-4.227308500046923490e-01
9.186443986924257565e-01
2.038508858396432810e+00
3.758273966940788302e-01
-3.203568167183978854e-01
4.463809336756661139e-01
1.002858419466621243e+00
-5.853092125249687028e-01
-9.505829029501868810e-01
1.134280775672425801e+00
2.707282135950110025e+00
-9.531422859814280280e-01
-1.308021070018391185e+00
9.808651037071864920e-01
9.591486528952868351e-01
-1.235854555239492836e+00
2.660366759968091355e-01
7.700589227401319903e-01
1.484065471278288584e-01
3.520871309003830163e-01
5.765722648173241538e-01
7.227640984376733080e-01
6.033940791947347559e-01
4.268313904152098992e-01
-2.101844105055854506e-01
-1.133994596920348208e+00
-1.908911770505986816e+00
-2.222495848016145192e+00
-2.186869793050322919e+00
-1.496141921919719842e+00
6.539584877254527306e-01
3.547590268318405293e+00
4.455794974423239019e+00
3.047283242646316559e+00
1.809498084468239565e+00
2.101043876403245747e+00
1.007266529676807743e+00
-8.561668555871535524e-01
-1.398398635602335682e+00
-2.698235601627452240e+00
-1.334590560842981111e+00
1.772352859390986524e+00
1.581996892903122509e+00
-8.810741447042267360e-01
-1.713807280612199335e+00
-2.722175626161088324e+00
-2.488731947916075882e+00
7.900994067292561596e-01
-7.053663427439662570e-01
-6.318973550225720714e+00
-7.681990312259756593e-01
5.728681120271348348e+00
7.841797982980121873e+00
3.388796496232907796e+00
1.016103272032255145e+00
1.890878547294860823e+00
5.615377629444271435e-01
1.829792930269797502e+00
4.374242759447568574e+00
4.508912301031570813e+00
2.811686619330721726e+00
2.560510636317439470e+00
4.509078225745414947e+00
3.153681476749166546e+00
3.997550398400409044e-01
-4.728597929158502300e-01
-2.501760735691869186e-01
-7.779922169830633116e-01
-2.076215697701053298e+00
-4.741437119226365127e+00
-3.772275064185306448e-01
4.119790772749337471e+00
3.178822140287568487e+00
-9.902164300455629231e-02
9.841234346226328533e-01
6.423750261686018703e-01
1.075945972688137964e+00
2.071790077318816259e+00
1.590710846585259297e+00
1.311361211285478667e+00
2.322299143006087085e+00
1.772136319445791308e+00
-4.491669182811333094e-01
3.522457147319548731e-01
1.807317228966272005e-01
-2.721744182913081733e+00
-1.244257076686543062e+00
3.636636048494053863e+00
1.983730407796578943e+00
1.615745804823462972e+00
2.024881532848834986e+00
6.312776240953859030e-01
1.484877019727381064e+00
2.078468694778483172e+00
-2.720644902611328853e-01
-3.013719788054629145e+00
1.752575587883985708e+00
4.299127016762021469e+00
3.173562272713453591e+00
1.825222357603615730e+00
1.031380135791277741e+00
2.538118981462528456e+00
0.000000000000000000e+00
0.000000000000000000e+00
0.000000000000000000e+00
0.000000000000000000e+00
0.000000000000000000e+00
0.000000000000000000e+00
0.000000000000000000e+00
0.000000000000000000e+00
0.000000000000000000e+00
0.000000000000000000e+00
0.000000000000000000e+00
0.000000000000000000e+00
0.000000000000000000e+00
0.000000000000000000e+00
0.000000000000000000e+00
0.000000000000000000e+00
0.000000000000000000e+00
0.000000000000000000e+00
0.000000000000000000e+00
0.000000000000000000e+00
0.000000000000000000e+00
0.000000000000000000e+00
0.000000000000000000e+00
0.000000000000000000e+00
0.000000000000000000e+00
0.000000000000000000e+00
0.000000000000000000e+00
0.000000000000000000e+00
0.000000000000000000e+00
0.000000000000000000e+00
0.000000000000000000e+00
0.000000000000000000e+00
0.000000000000000000e+00
0.000000000000000000e+00
0.000000000000000000e+00
0.000000000000000000e+00
0.000000000000000000e+00
0.000000000000000000e+00
0.000000000000000000e+00
0.000000000000000000e+00
0.000000000000000000e+00
0.000000000000000000e+00
0.000000000000000000e+00
0.000000000000000000e+00
0.000000000000000000e+00
0.000000000000000000e+00
0.000000000000000000e+00
0.000000000000000000e+00
0.000000000000000000e+00
0.000000000000000000e+00
0.000000000000000000e+00
0.000000000000000000e+00
0.000000000000000000e+00
0.000000000000000000e+00
0.000000000000000000e+00
0.000000000000000000e+00
0.000000000000000000e+00
0.000000000000000000e+00
