-1.214996337890625000e+00
-1.156650906996836037e+00
-9.720655030463541957e-01
-7.494912347269817587e-01
-6.160454231671828040e-01
-5.324258719565707620e-01
-5.758544613897994546e-01
-5.469758929517083423e-01
-5.064809325123770245e-01
-7.736606413693037920e-01
-1.151743970639724113e+00
-1.030019250511109874e+00
-6.993793248710944432e-01
-4.828046262910066222e-01
-5.330109533788291998e-01
-5.927841635587518532e-01
-4.844160120064380237e-01
-4.728060936500404488e-01
-7.822073107813189985e-01
-8.874039675642335645e-01
-7.069573300629130586e-01
-7.295317701328665194e-01
-9.927095648808257344e-01
-9.681734871600162773e-01
-1.477277357655718548e+00
-2.073187253406034269e+00
-1.912822973527592341e+00
-1.425945838677272759e+00
-8.067694478972740058e-01
-1.457778364111093072e-01
3.697694280749690421e-01
7.505088160024429023e-01
1.142905416088911830e+00
1.053697132867124742e+00
7.332466029224384840e-01
2.812997913405377304e-01
-1.185837708701664717e-01
-3.193726589502388080e-01
-3.130259648864917033e-01
-1.802903164256632884e-01
-1.318045292966154580e-01
-5.330835930262201039e-02
1.342489103286186314e-01
2.788089547430121495e-01
2.698799789864654297e-01
2.601266450472052849e-01
3.161172849503708360e-01
3.588781287154932942e-01
2.540483387930826398e-01
1.222117952698442700e-01
1.228654716594039797e-01
1.728710579466701258e-01
1.366681253694219667e-01
1.566885276744980349e-01
2.675117618608225944e-01
3.639421867360784768e-01
4.248524694974720184e-01
3.966044957131077964e-01
3.285289567764075325e-01
3.365195444599923258e-01
3.511494841537325939e-01
3.223304198031420320e-01
2.965169814282063165e-01
2.954932917075658305e-01
2.932724262238664004e-01
3.055854649848985249e-01
2.816753250771263928e-01
2.255119972698242936e-01
2.133521595459070275e-01
1.897062663139859051e-01
1.209760856254195049e-01
6.320231354096761400e-02
5.250162057192198084e-02
7.931215505851160752e-02
1.394125192230888655e-01
1.446140537003898219e-01
1.104520853715810769e-01
9.119482580660970283e-02
5.803415981151088809e-02
3.476103163568383669e-02
5.983934648453925753e-02
8.696251711783087313e-02
1.151290320159750746e-01
1.107567339381416993e-01
8.284948383599460842e-02
9.570950874596390046e-02
1.262876405001092106e-01
1.523364148963869957e-01
1.775821622434247959e-01
1.843298206273593087e-01
1.875188677919482905e-01
1.828011936135217619e-01
1.727146285620159150e-01
1.056462722519272979e-01
9.013427059866575830e-02
7.798961069238863342e-02
5.025205943449945201e-02
4.931021601930687948e-02
7.245074021145411769e-02
1.066606807728137513e-01
1.260575885884683001e-01
8.419366395331247255e-02
3.442215415703400727e-02
3.952841370726717374e-02
9.061123637205202586e-02
1.278845656734544090e-01
1.534094233766667426e-01
1.827845856748042119e-01
1.981033785520468493e-01
1.599146569951554464e-01
1.271887111488171629e-01
1.426014519456384466e-01
1.549704736344282019e-01
1.655759479421514135e-01
1.544503953147881303e-01
9.239521057811297955e-02
4.862910729696799661e-02
6.595655608535380687e-02
9.740799320029523700e-02
5.647735088840513673e-02
-2.337663593353962732e-02
-7.240444691306041625e-02
-5.128435457115849277e-02
-6.409335622926017051e-02
-9.393445750685164297e-02
-1.220090693968784445e-01
-1.233272216227919438e-01
-9.406841182804887014e-02
-7.299295943348332871e-02
-5.500697321681656538e-02
1.989848795599622605e-02
1.707165337504479297e-04
-4.375170437663672418e-02
-9.407423618028096235e-02
-1.020521839317469759e-01
-5.855708208454887820e-02
-2.063795237402141214e-02
-1.932397905450608522e-02
-6.472266607128379645e-03
8.413720318630940609e-03
-3.047033775557814184e-02
-7.057825017412036606e-02
-8.915013337640975699e-02
-1.094260370757620393e-01
-1.187863393801665557e-01
-1.295694495849545880e-01
-1.649623337943123269e-01
-1.315363773691259897e-01
-6.429537537248281032e-02
-5.805691676983348870e-02
-5.700709557357830359e-02
-6.896872547424079403e-02
-8.348524998424272647e-02
-8.929429149230042051e-02
-8.006619428919364845e-02
-6.616490860063303781e-02
-5.352687859854429742e-02
-8.317192456262995082e-02
-7.204032834132895191e-02
-9.752855076540778434e-03
2.158755800906209110e-02
2.541178236509961108e-02
-1.213402782890837805e-03
-7.950146582541867124e-02
-1.350981505586332232e-01
-1.642061285349743494e-01
-2.597348376763217725e-01
-3.591710952271866542e-01
-4.037579889048771298e-01
-4.338827843127289752e-01
-4.630266969517067288e-01
-5.048475506479428443e-01
-5.570403726147883372e-01
-5.706145504017868797e-01
-5.534292816550717697e-01
-5.776371360672966082e-01
-6.997796919861425380e-01
-8.094833776811873882e-01
-8.269279769861266338e-01
-8.776685293524413289e-01
-9.591266774872717615e-01
-9.794662539794759537e-01
-9.415558627472728759e-01
-8.657310040949444119e-01
-8.717159991756799897e-01
-8.737290645782124221e-01
-7.967221056222499875e-01
-6.783112846152075104e-01
-4.515138081438871964e-01
-3.088674990030979561e-01
-3.671292163364305861e-01
-7.613984274772579441e-01
-1.032323209520981777e+00
-1.211789031868450994e+00
-1.331969597822991958e+00
-1.387198702479163437e+00
-1.434758851916721589e+00
-1.263440777089715361e+00
-9.137552190725565238e-01
-7.466684848112168371e-01
-1.118630500204952360e+00
-1.376924259255471794e+00
-1.687079248236249329e+00
-2.150069635392054757e+00
-2.250881972485138771e+00
-1.793904357559940266e+00
-1.346349758151409670e+00
-8.194929869251501575e-01
-3.950813002031270393e-01
-3.467918506225649011e-01
-4.943413845935302753e-01
-5.951632532666875086e-01
-4.888251565863348524e-01
-2.173878078690900661e-01
-4.849034925377493366e-02
1.177745537104304407e-01
4.224105605385062301e-01
8.414260376430662269e-01
1.080742122104514813e+00
1.051742080151755410e+00
7.833103845852547042e-01
4.290311652610316884e-01
1.474464520213665253e+00
9.412735019553049032e-01
4.863785491118018389e-01
1.208424983200074299e-01
4.075821097676435301e-01
8.299797189080138082e-01
1.194776345676717533e+00
1.740165202908581232e+00
2.181653726966525486e+00
2.562060619428710329e+00
2.804506606084919973e+00
2.694564634135720560e+00
2.281561228915170769e+00
1.742557021460342526e+00
1.382735273257823749e+00
1.291032589184008872e+00
1.128153833355152846e+00
7.707652567969619506e-01
4.300695214360987784e-01
5.573833719467423675e-01
7.967049294231379752e-01
8.864154460872055719e-01
8.181319107331338492e-01
6.812894996509483159e-01
5.525930710724624717e-01
4.767781047213737744e-01
4.360364131049824232e-01
3.443114215521702604e-01
0.000000000000000000e+00
0.000000000000000000e+00
0.000000000000000000e+00
0.000000000000000000e+00
0.000000000000000000e+00
0.000000000000000000e+00
0.000000000000000000e+00
0.000000000000000000e+00
0.000000000000000000e+00
0.000000000000000000e+00
0.000000000000000000e+00
0.000000000000000000e+00
0.000000000000000000e+00
0.000000000000000000e+00
0.000000000000000000e+00
0.000000000000000000e+00
0.000000000000000000e+00
0.000000000000000000e+00
0.000000000000000000e+00
0.000000000000000000e+00
0.000000000000000000e+00
0.000000000000000000e+00
0.000000000000000000e+00
0.000000000000000000e+00
0.000000000000000000e+00
0.000000000000000000e+00
0.000000000000000000e+00
0.000000000000000000e+00
0.000000000000000000e+00
0.000000000000000000e+00
0.000000000000000000e+00
0.000000000000000000e+00
0.000000000000000000e+00
0.000000000000000000e+00
0.000000000000000000e+00
0.000000000000000000e+00
0.000000000000000000e+00
0.000000000000000000e+00
0.000000000000000000e+00
0.000000000000000000e+00
0.000000000000000000e+00
0.000000000000000000e+00
0.000000000000000000e+00
0.000000000000000000e+00
0.000000000000000000e+00
0.000000000000000000e+00
0.000000000000000000e+00
0.000000000000000000e+00
0.000000000000000000e+00
0.000000000000000000e+00
0.000000000000000000e+00
0.000000000000000000e+00
0.000000000000000000e+00
0.000000000000000000e+00
0.000000000000000000e+00
0.000000000000000000e+00
0.000000000000000000e+00
0.000000000000000000e+00
0.000000000000000000e+00
0.000000000000000000e+00
0.000000000000000000e+00
0.000000000000000000e+00
0.000000000000000000e+00
0.000000000000000000e+00
0.000000000000000000e+00
0.000000000000000000e+00
0.000000000000000000e+00
0.000000000000000000e+00
0.000000000000000000e+00
0.000000000000000000e+00
0.000000000000000000e+00
0.000000000000000000e+00
0.000000000000000000e+00
0.000000000000000000e+00
0.000000000000000000e+00
0.000000000000000000e+00
0.000000000000000000e+00
0.000000000000000000e+00
0.000000000000000000e+00
0.000000000000000000e+00
0.000000000000000000e+00
0.000000000000000000e+00
0.000000000000000000e+00
0.000000000000000000e+00
0.000000000000000000e+00
0.000000000000000000e+00
0.000000000000000000e+00
0.000000000000000000e+00
0.000000000000000000e+00
0.000000000000000000e+00
0.000000000000000000e+00
0.000000000000000000e+00
0.000000000000000000e+00
0.000000000000000000e+00
0.000000000000000000e+00
0.000000000000000000e+00
0.000000000000000000e+00
0.000000000000000000e+00
0.000000000000000000e+00
0.000000000000000000e+00
0.000000000000000000e+00
0.000000000000000000e+00
0.000000000000000000e+00
0.000000000000000000e+00
0.000000000000000000e+00
0.000000000000000000e+00
0.000000000000000000e+00
0.000000000000000000e+00
0.000000000000000000e+00
0.000000000000000000e+00
0.000000000000000000e+00
0.000000000000000000e+00
0.000000000000000000e+00
0.000000000000000000e+00
0.000000000000000000e+00
0.000000000000000000e+00
0.000000000000000000e+00
0.000000000000000000e+00
0.000000000000000000e+00
0.000000000000000000e+00
0.000000000000000000e+00
0.000000000000000000e+00
0.000000000000000000e+00
0.000000000000000000e+00
0.000000000000000000e+00
0.000000000000000000e+00
0.000000000000000000e+00
0.000000000000000000e+00
0.000000000000000000e+00
0.000000000000000000e+00
0.000000000000000000e+00
0.000000000000000000e+00
0.000000000000000000e+00
0.000000000000000000e+00
0.000000000000000000e+00
0.000000000000000000e+00
0.000000000000000000e+00
0.000000000000000000e+00
0.000000000000000000e+00
0.000000000000000000e+00
0.000000000000000000e+00
0.000000000000000000e+00
0.000000000000000000e+00
0.000000000000000000e+00
0.000000000000000000e+00
0.000000000000000000e+00
0.000000000000000000e+00
0.000000000000000000e+00
0.000000000000000000e+00
0.000000000000000000e+00
0.000000000000000000e+00
0.000000000000000000e+00
0.000000000000000000e+00
0.000000000000000000e+00
0.000000000000000000e+00
0.000000000000000000e+00
0.000000000000000000e+00
0.000000000000000000e+00
0.000000000000000000e+00
0.000000000000000000e+00
0.000000000000000000e+00
0.000000000000000000e+00
0.000000000000000000e+00
0.000000000000000000e+00
0.000000000000000000e+00
0.000000000000000000e+00
0.000000000000000000e+00
0.000000000000000000e+00
0.000000000000000000e+00
0.000000000000000000e+00
0.000000000000000000e+00
0.000000000000000000e+00
0.000000000000000000e+00
0.000000000000000000e+00
0.000000000000000000e+00
0.000000000000000000e+00
0.000000000000000000e+00
0.000000000000000000e+00
0.000000000000000000e+00
0.000000000000000000e+00
0.000000000000000000e+00
0.000000000000000000e+00
0.000000000000000000e+00
0.000000000000000000e+00
0.000000000000000000e+00
0.000000000000000000e+00
0.000000000000000000e+00
0.000000000000000000e+00
0.000000000000000000e+00
0.000000000000000000e+00
0.000000000000000000e+00
0.000000000000000000e+00
0.000000000000000000e+00
0.000000000000000000e+00
0.000000000000000000e+00
0.000000000000000000e+00
0.000000000000000000e+00
0.000000000000000000e+00
0.000000000000000000e+00
0.000000000000000000e+00
0.000000000000000000e+00
0.000000000000000000e+00
0.000000000000000000e+00
0.000000000000000000e+00
0.000000000000000000e+00
0.000000000000000000e+00
0.000000000000000000e+00
0.000000000000000000e+00
0.000000000000000000e+00
0.000000000000000000e+00
0.000000000000000000e+00
0.000000000000000000e+00
0.000000000000000000e+00
0.000000000000000000e+00
0.000000000000000000e+00
0.000000000000000000e+00
0.000000000000000000e+00
0.000000000000000000e+00
0.000000000000000000e+00
0.000000000000000000e+00
0.000000000000000000e+00
0.000000000000000000e+00
0.000000000000000000e+00
0.000000000000000000e+00
0.000000000000000000e+00
0.000000000000000000e+00
0.000000000000000000e+00
0.000000000000000000e+00
0.000000000000000000e+00
0.000000000000000000e+00
0.000000000000000000e+00
0.000000000000000000e+00
0.000000000000000000e+00
0.000000000000000000e+00
0.000000000000000000e+00
0.000000000000000000e+00
0.000000000000000000e+00
0.000000000000000000e+00
0.000000000000000000e+00
0.000000000000000000e+00
0.000000000000000000e+00
0.000000000000000000e+00
0.000000000000000000e+00
0.000000000000000000e+00
0.000000000000000000e+00
0.000000000000000000e+00
0.000000000000000000e+00
0.000000000000000000e+00
0.000000000000000000e+00
0.000000000000000000e+00
