3.125915527343748890e-01
4.203235314183711990e-01
5.025344277323668951e-01
1.568710923790418155e-01
2.057114204838322857e-01
7.161393099646039540e-01
9.037217803098366309e-01
7.388552520798157275e-01
2.568628818745130049e-01
-1.671725259883944936e-01
3.650936525156875945e-01
7.779428853388029586e-01
9.046602295962589135e-01
6.196219162823008997e-01
2.471545450006647493e-01
8.836785512829568034e-01
7.986762340429495177e-01
4.333776563630853396e-02
-7.872717414241606759e-01
-1.397532281638549367e-01
3.628592016876099891e-01
7.846899233878283919e-01
-2.509471201436512811e-01
-1.262025988796287024e+00
-4.511975077894994079e-01
1.203725042171929882e+00
9.527542669441702028e-01
-1.253395309670653601e+00
-3.255148639032512392e+00
-4.120166960491585151e+00
-2.624670426910338694e+00
5.877963869369317029e-01
-2.133131312895916398e+00
-5.247882738667536628e+00
-4.306496599481947740e+00
-7.848972521309800499e-01
1.580872679176476225e+00
-2.755138222587589780e-01
-4.224454390133485226e-01
1.556838425599096798e+00
1.840452890425457566e+00
-6.245697928623168416e-01
-1.478338242392514212e+00
-1.139717436063755196e+00
-1.489790830055981230e+00
-1.468162350007486516e+00
-7.767826129896771015e-01
-6.235746806119837338e-01
-1.864635597144005397e+00
-1.643727810109782306e+00
3.300940924364081930e-01
1.591843619807519872e+00
9.177544929701930698e-01
-5.172548598682935594e-01
-8.901526064715805653e-01
8.725555006430069094e-01
-5.399481670558844426e-01
-1.808924597714940186e+00
-1.355330156387420493e+00
-2.487406605500033230e-01
-4.919546045467542150e-01
-1.465495310238613680e+00
-4.585520162273331035e-01
9.152781416130045811e-01
1.012673381192406685e+00
1.802543660535527170e-01
-5.417730772173006137e-01
-9.312890567250149410e-01
-7.115223739988364438e-01
-7.698680179801677959e-01
-5.895864461491689967e-01
7.880301841037129496e-01
1.011983666283604144e+00
6.178813462720946781e-01
7.216030288774286650e-01
1.201538826150680972e+00
1.314590316691276906e+00
1.017589524301579562e+00
7.911323900414584109e-01
6.422651104547969503e-01
-7.672264274598727951e-02
-5.240686010419934870e-01
-2.242161571867457015e-01
6.504369986587602570e-01
7.992178839055297246e-01
5.309380410935564676e-01
4.705643290638662490e-01
6.627326846975452046e-01
2.313696935440344715e-01
2.523008255738476979e-01
6.257348100027438909e-01
3.495725687490969236e-01
-4.046939158650655344e-01
-1.294889149471758927e+00
-1.741854195043102127e+00
-5.971068555045730974e-01
9.395400706991048345e-01
1.120960839467813663e+00
1.234523411798792436e+00
5.595668560510946854e-01
-9.110318171200679771e-01
-8.696240396412475704e-01
-8.117267268687617943e-01
-1.260939532786008677e+00
-1.199545753366887624e+00
1.609757934487166198e+00
4.521821162472015487e+00
5.105936125471965070e+00
4.800639715621342951e+00
3.628126463394596435e+00
1.495848298519320441e+00
-9.585075466723136373e-02
2.353619372413591204e-01
1.590825881516679141e+00
9.614864746640596760e-01
2.818239953007692922e-01
2.513797574887810526e-01
3.368993170873497700e-01
1.233293022222736735e-01
-2.781624655273374769e-01
5.204005778398472781e-01
1.091514130918876280e+00
9.746051488558375997e-01
6.547592006544128429e-01
3.324788705678015654e-01
1.877390118339098413e-01
3.862163004386875986e-02
-2.129080633260310718e-01
-1.488833130185454046e-01
1.192085838539032050e-01
-1.052151401568228728e-01
-6.507295757388276147e-01
-1.250172674853393673e+00
-1.711665418544022543e+00
-1.799906254160631214e+00
-1.461452040455609502e+00
-9.296042679368041739e-01
-5.081800611069837714e-01
-2.981985563647127080e-01
-2.443059205015116753e-01
-3.248572626546963882e-01
-5.262033982092648721e-01
-8.426862914782926595e-01
-1.108864696534030747e+00
-9.668660550704117895e-01
-3.396329698819360310e-01
5.131760704896206615e-01
1.388770115708838571e+00
2.185685973502820456e+00
2.781710997483466841e+00
3.079343782661542850e+00
3.110256596392072748e+00
2.984748394852690723e+00
2.822140838255941198e+00
2.621192873349323271e+00
2.296456092067183263e+00
1.841556963137247926e+00
1.100596628113817532e+00
2.185399713845961323e-01
-6.008550816123200411e-01
-8.040719532988236384e-01
-6.438559426309274913e-01
-3.977440395392708439e-01
-2.193981637687381081e-01
-4.215536228453680145e-01
-7.274772150840386198e-01
-4.152415961905091546e-01
-1.608134784976811282e-01
-1.559235240024596791e-01
-2.844304753489308446e-01
-3.907777721052307918e-01
-3.560736152369621266e-01
-2.082551695551255744e-01
1.053006339370201605e-01
6.652588880483593092e-01
1.095583384444678288e+00
8.900761879080699712e-01
4.219986517401347337e-01
9.616548305429828414e-02
1.682322396648200380e-01
1.830218067256750292e-01
1.063410113514273725e-02
-1.958523699393821538e-02
-2.436831173370235248e-04
-1.729339174739548124e-01
-3.147032504717701129e-01
-2.330577235236948597e-01
7.097580590377344789e-02
-1.011081488166958309e-01
-8.253501199500161700e-01
-1.652246914222301744e+00
-1.994648226020620418e+00
-2.291237701379883696e+00
-2.466071056091722724e+00
-2.239004718435357866e+00
-1.610438777974719793e+00
-9.949073631316646127e-01
-6.398385264620388702e-01
-6.297604044069164964e-01
-6.878471554380091169e-01
-6.809675944476085707e-01
-7.267617423607969362e-01
-5.640291332519702383e-01
5.590606501306805143e-02
6.563394570384759596e-01
9.505570895583728142e-01
1.057089888471567152e+00
1.171692694455710448e+00
1.479895181711963437e+00
1.747263510216110705e+00
1.907411908115230537e+00
1.926388039086540882e+00
1.726885450093725627e+00
1.187600620229885884e+00
2.518532045351719040e-01
-7.509711861947950817e-01
-1.075788943516759799e+00
-1.428838949018502280e+00
-1.949109627155441116e+00
-2.212744527758189861e+00
-2.260710739684020698e+00
-2.057796184788038385e+00
-1.372324740116407593e+00
-7.057978671084754740e-01
-1.056757480106902403e-01
4.824790721851466291e-01
9.131898570508003576e-01
1.137228772127819143e+00
1.341595365687506369e+00
1.574115745657882925e+00
1.680461793883757604e+00
1.680057549725537447e+00
1.758139283156747501e+00
1.767496906268013479e+00
1.385317973620850518e+00
1.168546850936370340e+00
1.356929985243164882e+00
1.435868563919081353e+00
1.200640072261273783e+00
1.102650861726199416e+00
1.241516040767574935e+00
1.448195292215974206e+00
1.187244550955460776e+00
5.127247328946796801e-01
-4.159447629801964474e-01
-1.373675566562152728e+00
-1.748671443603912579e+00
-1.228782380462668522e+00
-1.862970068784841615e-02
8.801890042388964552e-01
-1.891702711729639219e-01
-1.053974430511062765e+00
-1.192203505418565568e+00
-7.651380411248747127e-01
-6.786349661286813495e-01
-4.853124948848572817e-01
2.654434651211019514e-01
-2.742223565588104428e-01
-1.534259419534040214e+00
-2.867956769928846406e+00
-3.771693470096729950e+00
-3.669918786096329377e+00
-1.352936441994729400e+00
1.093955425527165959e+00
7.509742265748695633e-01
2.596235537354729672e-02
4.190422180610056113e-01
-3.471446369042507918e-02
-1.852791686397786908e+00
-1.946488042386086192e+00
3.722216146982564311e-01
3.412976001444490759e+00
5.551349448005763243e+00
5.573351649769056948e+00
4.670628013342161822e+00
3.256916565617933745e+00
1.310362460283261754e+00
1.963844683199030161e+00
2.951072972935420147e+00
2.547467237218196345e+00
7.187936787578912412e-01
3.404484469439512662e-01
1.851464851744324402e+00
2.519941833700629186e+00
1.308273160986533901e+00
-9.509665349798979150e-02
3.772228536064499149e-01
1.311282886079770282e+00
1.279099436188930961e+00
7.820278549700974136e-01
5.607174810488797512e-01
6.072713178341421214e-01
-2.135406694952768358e-02
-2.659810134413448379e-01
2.197419926578469962e-01
4.290701940507033463e-01
4.774424345043870588e-02
-3.576042063460447284e-01
-3.256717187393013413e-01
-2.016134031755033584e-01
-7.208393442718343813e-01
-4.526517304202872793e-01
7.908494368486689297e-01
1.417119264359556263e+00
8.822988321496727515e-01
4.471554621850608591e-01
7.410589894627692686e-01
1.792290103686262848e+00
4.263436955519370741e-01
-8.988291383524293909e-01
-1.707084591490939829e+00
-1.688282374747097192e+00
-2.513560839956789028e+00
-2.989450115801275842e+00
-1.871997427118440305e+00
-9.899749101443064969e-01
-1.315714225732767417e+00
-1.793899396962647108e+00
-1.906597395140572582e+00
-2.600906084104686045e+00
-2.888124347356869848e+00
-2.285867223466687470e+00
-8.908549282460516139e-01
-1.915454188633568533e+00
-3.233345964979469134e+00
-3.064116936623367149e+00
-2.360853577274428794e+00
-3.367355164003083878e+00
-4.076416965446351348e+00
-2.811756294947624912e+00
-1.349276277465283336e-01
1.000545621473901914e+00
-2.535970290698296381e+00
-2.803791826758214256e+00
-1.749904278188276319e+00
-7.687663734150556039e-01
4.388776729122820797e-01
7.304620729917333799e-01
-1.705141804347263257e-01
1.629814719858813099e-01
1.815025953370886791e+00
3.086237303671383714e+00
2.719312478060643024e+00
2.893687091862544580e+00
3.074695937024429782e+00
2.741405608730002719e+00
1.878557033730996473e+00
9.718927739438800728e-01
9.840993777999353931e-01
1.098825522463158233e+00
6.607607694700492473e-01
2.295737395565934369e-01
4.720019584123729128e-01
1.144025378890251465e+00
1.463417634634950337e+00
1.419495902245032193e+00
1.003364347761642961e+00
4.671057582236478600e-01
8.111010983038842159e-01
1.210533332580453258e+00
7.873839484054603322e-01
-1.137581674915446595e-01
4.368224105057888496e-01
1.446204769499527476e+00
1.736773902459248564e+00
1.192689639035444227e+00
5.055627060809428919e-01
9.249126762537877022e-01
1.485900709394834651e+00
1.590249783815124829e+00
1.117718143023928246e+00
3.501067851913295392e-01
7.914013143056183308e-01
1.426557462308135404e+00
1.602548596088320343e+00
1.280695835364450419e+00
5.393857806238527841e-01
3.869474916990742197e-01
1.024069037424513606e+00
1.247327165697020845e+00
0.000000000000000000e+00
0.000000000000000000e+00
0.000000000000000000e+00
0.000000000000000000e+00
0.000000000000000000e+00
0.000000000000000000e+00
0.000000000000000000e+00
0.000000000000000000e+00
0.000000000000000000e+00
0.000000000000000000e+00
0.000000000000000000e+00
0.000000000000000000e+00
0.000000000000000000e+00
0.000000000000000000e+00
0.000000000000000000e+00
0.000000000000000000e+00
0.000000000000000000e+00
0.000000000000000000e+00
0.000000000000000000e+00
0.000000000000000000e+00
0.000000000000000000e+00
0.000000000000000000e+00
0.000000000000000000e+00
0.000000000000000000e+00
0.000000000000000000e+00
0.000000000000000000e+00
0.000000000000000000e+00
0.000000000000000000e+00
0.000000000000000000e+00
0.000000000000000000e+00
0.000000000000000000e+00
0.000000000000000000e+00
0.000000000000000000e+00
0.000000000000000000e+00
0.000000000000000000e+00
0.000000000000000000e+00
0.000000000000000000e+00
0.000000000000000000e+00
0.000000000000000000e+00
0.000000000000000000e+00
0.000000000000000000e+00
0.000000000000000000e+00
0.000000000000000000e+00
0.000000000000000000e+00
0.000000000000000000e+00
0.000000000000000000e+00
0.000000000000000000e+00
0.000000000000000000e+00
0.000000000000000000e+00
0.000000000000000000e+00
0.000000000000000000e+00
0.000000000000000000e+00
0.000000000000000000e+00
0.000000000000000000e+00
0.000000000000000000e+00
0.000000000000000000e+00
0.000000000000000000e+00
0.000000000000000000e+00
0.000000000000000000e+00
0.000000000000000000e+00
0.000000000000000000e+00
0.000000000000000000e+00
0.000000000000000000e+00
0.000000000000000000e+00
0.000000000000000000e+00
0.000000000000000000e+00
0.000000000000000000e+00
0.000000000000000000e+00
0.000000000000000000e+00
0.000000000000000000e+00
0.000000000000000000e+00
0.000000000000000000e+00
0.000000000000000000e+00
0.000000000000000000e+00
0.000000000000000000e+00
0.000000000000000000e+00
0.000000000000000000e+00
0.000000000000000000e+00
0.000000000000000000e+00
0.000000000000000000e+00
0.000000000000000000e+00
0.000000000000000000e+00
0.000000000000000000e+00
0.000000000000000000e+00
0.000000000000000000e+00
0.000000000000000000e+00
0.000000000000000000e+00
0.000000000000000000e+00
0.000000000000000000e+00
0.000000000000000000e+00
0.000000000000000000e+00
0.000000000000000000e+00
0.000000000000000000e+00
0.000000000000000000e+00
0.000000000000000000e+00
0.000000000000000000e+00
0.000000000000000000e+00
0.000000000000000000e+00
0.000000000000000000e+00
0.000000000000000000e+00
0.000000000000000000e+00
0.000000000000000000e+00
0.000000000000000000e+00
0.000000000000000000e+00
0.000000000000000000e+00
0.000000000000000000e+00
0.000000000000000000e+00
0.000000000000000000e+00
0.000000000000000000e+00
0.000000000000000000e+00
0.000000000000000000e+00
0.000000000000000000e+00
0.000000000000000000e+00
0.000000000000000000e+00
0.000000000000000000e+00
0.000000000000000000e+00
0.000000000000000000e+00
0.000000000000000000e+00
0.000000000000000000e+00
0.000000000000000000e+00
