2.291870117187500000e-02
9.681538071100970200e-02
-1.231373971571187553e+00
-1.102258520067859848e+00
1.834217083689035910e+00
2.907482995825203531e-01
-5.300636334663533233e-01
1.414449199798137435e+00
2.296074901000596746e+00
2.210959425156588054e+00
1.361631419883613248e-01
3.800827349316393544e-01
1.452131826783348068e+00
-3.782645710734136024e-01
2.211322641047637205e-01
1.162192113823679263e+00
-1.591471097811679503e+00
-4.287076427026489611e+00
-4.784893852486792554e+00
1.166705097115621204e+00
2.978457311487029191e+00
-1.787110835495425265e+00
6.339377821005105496e-01
-7.572126854697860399e-01
1.609000920556492131e+00
-6.157242403282574550e-01
-3.556143589729718446e+00
-5.148764063953782610e+00
-4.481708863569938472e+00
-3.482064886664755665e+00
-5.115151609711460878e+00
-4.843907978795845892e+00
-1.825930490061322686e+00
-3.521454304210240860e-01
-1.727202766151139102e+00
-2.208668745065184069e+00
-8.634402077874332448e-01
-7.983716845014867669e-01
3.202604821056453055e+00
1.965761895971910533e+00
-1.854234099918181666e+00
-1.852437397634036920e+00
7.826302398742748245e-01
-3.287603447457860817e-01
-1.206509513691825575e+00
3.900029902466326526e-01
-1.157045792900556869e+00
7.695661633403048096e-01
5.567057051713594218e-01
5.493888029184705868e-01
-1.620089607133370135e+00
-8.215743939448238997e-02
3.680260527445300411e-01
-9.066834304380333442e-01
-7.024220409688821665e-01
-1.725810603181900715e+00
-8.792907485777126109e-01
-5.181830981053536789e-01
9.010653607102575569e-01
-1.629953689707299924e+00
-3.352916997202939342e+00
-2.036199710245063077e+00
-1.326030472415933303e+00
6.351361450397297048e-02
1.608392349918358111e+00
-7.584595119672432606e-02
1.759273774668496770e+00
-1.079369715515997807e+00
-3.065426937382653705e-01
1.511995457239436069e+00
1.020333941988935678e-01
1.019962063592829038e+00
1.127076663427456937e+00
-1.746423311399019074e-01
-1.455717340679407723e-01
-1.954965080475439265e-01
-6.786514804702039605e-01
-1.602227488100509412e-01
-2.479528938047957709e+00
-6.312230290663514154e-01
-3.949136395821994938e-01
-2.076689795127211191e+00
2.856905193657633735e+00
4.768827135014555907e+00
4.388104156517895760e+00
3.375177291255433421e+00
2.778133941231843984e+00
-4.344513506440335071e-01
-3.009118693281312318e+00
-2.447033703056854748e+00
-2.004045025441485439e+00
-4.050951764647792164e-01
1.601848711026807814e+00
2.765828007128940946e+00
-9.855094843316050124e-01
1.298964688266246448e-01
-1.221069423438747581e+00
-4.995387627810665698e-02
-1.971502528956266431e+00
1.584814133445453077e+00
3.160693725426663381e+00
2.485731786317704639e+00
1.842716897731395687e+00
8.797424136826734742e-01
-2.049779804046192311e-01
5.199123835869026156e-01
-1.074403410757379662e+00
-2.103545652916265496e+00
1.924647944821618717e+00
1.401822594373705044e-01
1.082129976500200819e+00
5.788619361297049348e-01
6.216405338485873067e-01
1.444703793170945882e+00
1.863401853444409006e+00
-3.107967208102351719e+00
-1.199153149459080581e+00
2.731277465356876100e+00
-5.054133214189864276e-01
-1.927188130686068757e+00
-1.313889063007712910e+00
1.649032913038792625e+00
4.551281570410328214e-01
-2.417878947686904922e+00
5.648896468104727120e+00
6.195814281652882727e-01
-1.344458039421788875e+00
8.588116519956283668e+00
-1.417077754750484253e+00
-4.093247206619170520e+00
-3.302320287847120284e-01
1.519561666588385318e+00
-9.015832251452566837e-01
-6.222179520641500261e+00
-1.605504681532807787e+00
6.345737619747758629e+00
2.688871526282330837e+00
-2.573345020017737905e+00
-6.250978205931323473e-02
1.488694181054913246e+00
-2.829460287829279608e-01
-2.967648618770624136e-01
1.208254477136633920e+00
-1.196396936240338826e+00
6.604458770179020277e+00
1.228560975211655482e+01
5.162154373124382190e+00
6.309947975149942323e+00
4.545269256020525006e+00
9.534668916657458304e-01
3.247652681171085298e+00
1.588546651009635990e+00
1.839810725058929508e+00
9.891821361328976270e-01
5.546767453086551836e-01
5.243742694630861845e-01
2.803231447543201860e+00
2.373974330065109051e+00
7.280550057144354881e-01
6.347340612408121086e-01
2.625887849656751705e-01
1.674180953456723353e+00
9.810753363634245883e-01
7.514782289146735295e-01
2.728752426812166565e-01
-1.231306881030769240e-01
1.542451080963012977e+00
1.527851556054926396e+00
8.674854942414611525e-01
1.236697256100647291e-01
3.952617422699098437e-01
1.096420778088562642e-01
-4.780843755355186353e-01
2.663071592029675472e-01
1.480017697213101613e+00
1.706291322642358388e+00
-4.097049866658153405e-04
1.050707426020045965e+00
2.506060483604077405e+00
1.572173627670606422e+00
9.454636338702591125e-01
2.450730676294581301e-01
1.102061360242710952e+00
1.802774202590682107e+00
-1.345849015944190485e+00
-1.400747941773092808e+00
-9.719116870637214411e-01
-9.711264402255426198e-01
1.622935429597495816e+00
4.762439478212105115e+00
4.163554438308306516e+00
-6.197116501269195332e-03
2.573123587519975164e+00
-2.864329908279783510e-02
1.867850609613189494e+00
-1.306694259946541870e+00
-2.951890076657659456e-01
1.226928752102626641e+00
2.602395558386354946e+00
9.669751708276330682e-01
2.958338295546135477e+00
1.749848005623937386e+00
3.556822020291252606e+00
5.456356399754088926e+00
5.664871651726492985e+00
1.435675717010639119e+00
2.143300636009021876e+00
6.185710732442870619e-01
1.902235909415898263e+00
3.076512654627081567e-01
4.486225284737069607e+00
4.192627136713396041e+00
1.303608347871929585e-01
4.082376507854419856e+00
5.607362516385499873e+00
3.603021036487766171e+00
1.103912840936419171e+00
9.788011868116660574e-01
2.549819504033793427e-01
1.247028795868583284e-01
1.008212417175979869e-02
9.172666369237285622e-01
5.056098439128526856e-01
-1.457134212316038013e-01
4.502716136411744063e-01
1.556340924648472068e+00
-3.017006545333871248e-01
7.191458164597449576e-01
-2.694472742583757796e-01
2.632867286098954374e-01
-1.169848571805687243e-02
1.694562937177299666e-01
-6.655305550997343556e-01
2.540055838098771446e+00
2.993968336195407254e+00
2.496998944823374700e+00
1.630482889075245190e+00
9.968694501091068805e-01
3.800766449318029316e-01
1.754952098459393373e+00
2.077943475674977059e+00
1.064103535868624162e+00
9.067871451543811911e-01
1.162673164962252148e+00
1.826402991131376385e+00
1.519083890668228243e+00
1.528724812487706419e+00
-7.814712910306773619e-01
1.861917434855604458e-01
-7.327608673315317844e-01
4.077931485641483889e-02
-2.120010240591714279e+00
-1.657067313093744998e+00
-5.007344153016819455e-01
-1.271330648120692075e-01
-2.158053917608824257e-01
-1.654780877489411273e-01
-1.385880356960123017e+00
-6.622998724127462378e-01
-1.029807183584065644e+00
-1.829441932552515304e+00
1.445284639841156737e-01
-2.842337551739237966e-01
1.697012609048152099e+00
4.217495334836415921e+00
5.797144932127018535e+00
5.148479113377868011e+00
1.982426640160341869e-01
3.355400863088888741e+00
3.018013170584517013e+00
-9.345576820824577080e-01
5.018367190918451293e-01
-8.963724965137629397e-01
2.022976199086623517e+00
1.249386231026375471e+00
5.501820722434924704e+00
6.309040875932228509e+00
4.219608603949914105e+00
2.092925466308721116e+00
2.794378535863639712e+00
1.613713951415520986e+00
2.426601635479027408e+00
8.351642125681222328e-01
1.152891430741492140e+00
3.402091128200296355e-01
2.815768919570452944e+00
1.390332330476443445e+00
4.831580243507271888e+00
-2.460288670802405209e-01
5.357251495459024682e+00
5.448656267656563301e+00
1.472587015113509201e+00
5.572423680115174971e-01
3.951448429762094428e-01
-4.290544372313035981e-01
-5.993391465361017634e-01
1.856289413637358443e+00
1.441026682914288592e+00
-1.322058228291808080e+00
5.965411417064301336e-01
1.587830465570988947e+00
6.556095310723528691e-01
3.735366986062436112e-01
-6.503342804860492432e-01
3.737578847955398409e-01
2.503903588498754829e+00
6.215141001442785473e-01
-7.703890010133149779e-01
-9.611567332053900792e-01
1.129018637127044311e+00
-2.455758150467754586e+00
-5.382159466136682724e+00
-2.965011245860787348e+00
6.115240104508012919e-02
-2.331814807388947752e+00
-1.003780535613503488e+01
-6.098267967239713983e+00
-1.817104930649502403e+00
-6.980277519286939736e+00
-6.427223359884250975e+00
-3.222916735351524231e+00
-4.085058892186946622e+00
-4.027836315154982749e+00
1.421922129410933877e+00
-2.907846296353952198e+00
-2.637449773478315329e+00
-6.990139871001512795e-01
2.707215863486577945e+00
-1.865846174324468532e+00
2.097877019539162724e-01
2.371398690255211328e+00
2.465924633586916936e+00
4.673100931268216129e+00
6.056942526913540625e+00
1.118608342126924171e+01
3.438691153691099345e+00
4.367671220982600744e-01
-3.560132611299713368e-01
-6.322486448686304161e-01
2.155535267277597811e+00
1.036184125983710569e+00
8.138518520980106974e-01
1.724767622684134638e-01
4.199610737656120030e+00
5.070828253989912326e+00
8.475045833545054030e-01
-2.053765318805508056e+00
2.912212466207484418e+00
1.645453346708602549e+00
1.359182254735247231e+00
6.306548755804046280e+00
5.907578346807766501e+00
1.178608331828241695e+01
6.010520250196546677e+00
5.460992947677433484e+00
6.882640197824192896e+00
4.002738422109479721e-01
4.186808036914781539e+00
2.263338717435090075e+00
2.199741283576067019e+00
1.524665180479670479e+00
5.170929109814845770e-01
1.000253936527739640e+00
-9.308715028756751053e-01
-2.952972396707348679e+00
-2.294169583238758747e-01
5.978482219977276912e-01
1.459785218299988419e+00
-1.484614965158073119e-01
2.157868166393396514e+00
3.182426799938836481e+00
1.792955063769767099e+00
2.219731257496486698e-01
5.817575246933248678e-01
6.271035323529126071e-01
1.073008519023596508e+00
-4.262145033549042950e-01
-4.245540742414171120e-01
2.987409656237657529e+00
4.269099412914718172e+00
2.277374901721482381e+00
-5.240634774607026980e-01
-1.399534209409222907e+00
-2.809935894344336660e+00
-1.003172397127974680e+00
-2.403083752488206493e+00
3.165472562498883313e+00
7.888610948415992752e-01
-5.678268450492947039e-01
-1.591146833075178790e+00
-7.786158613655727034e-01
-2.204629835112664971e+00
9.759530693463926987e-01
3.109241538453616727e+00
1.986585165088345928e+00
3.296976806333442589e+00
5.635801353837238459e+00
3.616951772402577703e+00
4.848023574825679471e-01
-3.505806816609702281e-01
-3.447859522372685781e+00
-2.154565519583629296e+00
1.177020010355356305e-03
-2.530795336607166046e+00
-2.952842269111300766e+00
-2.692843041708924190e+00
-1.111185327403085399e+00
-3.654883847625143289e-01
-2.836039925951420848e+00
-2.798156331104840078e+00
-3.532642940930461606e-01
6.078485899984462648e-01
-1.018982267521562513e+00
-2.637902158651515450e+00
-5.220572170364414788e+00
-1.614066432049538591e+00
-3.976707804978104832e+00
-4.881123856448173370e+00
-2.388387524612289869e+00
-2.321226812939822803e+00
3.116742569673847107e-01
-2.116075200262721445e-01
-2.024703606759109320e+00
-2.254694029941541444e+00
-7.598221090491585894e-01
-2.049060927171024282e+00
-4.069121374312357986e+00
-4.096873871244751442e+00
-2.682576706082886453e+00
-2.560315194579452225e-01
4.104837676707986382e-01
-2.749914050464208337e-01
2.261842447106697129e+00
-1.936230313448764617e+00
4.747518450668475332e-01
1.633046845578220108e+00
-1.534484244787700735e+00
-4.107246339241585886e+00
-4.555089137507306596e+00
-2.633425874427751001e+00
7.518598213578897571e-01
-1.713870387558706021e+00
-5.449464133067154492e+00
-1.496445743955333363e+00
1.828091402239592433e+00
9.129912616152714433e-01
1.330866095392452708e+00
9.077270475771972436e-01
6.573617698179274882e-01
1.088271565410040553e+00
4.539719768504931752e-01
5.809805444946258834e-01
1.327620085779059211e+00
9.876652360562147015e-01
2.221567655035059818e+00
2.705474858198942734e+00
1.293266985777185019e+00
4.319471400213735102e+00
1.455537464265914016e+00
4.095623924620342748e+00
4.488439947744191194e+00
1.305121943445719079e+00
2.079441946394330998e+00
2.606086356001229287e+00
2.446944780482831927e+00
2.017360644329012853e+00
1.381511791996501648e+00
1.801426676996914944e+00
2.955646760758226410e+00
3.804209871496412543e+00
4.922412991727390441e+00
6.882350610820637371e+00
8.389833619347358606e+00
6.136817034658973213e+00
5.330539805373766704e+00
7.086967953736270864e+00
5.903485909394768250e+00
6.018428132092122240e+00
5.377532905853768419e+00
0.000000000000000000e+00
0.000000000000000000e+00
0.000000000000000000e+00
0.000000000000000000e+00
0.000000000000000000e+00
0.000000000000000000e+00
0.000000000000000000e+00
0.000000000000000000e+00
0.000000000000000000e+00
0.000000000000000000e+00
0.000000000000000000e+00
0.000000000000000000e+00
0.000000000000000000e+00
0.000000000000000000e+00
0.000000000000000000e+00
0.000000000000000000e+00
0.000000000000000000e+00
0.000000000000000000e+00
0.000000000000000000e+00
0.000000000000000000e+00
0.000000000000000000e+00
