-9.616088867187500000e-02
-1.627481224015278061e-01
-3.464065318973686969e-01
-4.112868604951251950e-01
-2.519849095519248738e-01
-1.030820731889408037e-01
-7.213412017567022438e-02
-8.142108872203379644e-02
-8.088310982926383286e-02
-7.692897095357364989e-03
1.554684272349993179e-01
2.922464498656234255e-01
2.349810464768673501e-01
1.029616244743070119e-02
-2.810961477272145848e-01
-3.367219071990809609e-01
-1.490170573214751326e-01
-2.479500511627657500e-01
-3.647074729096221879e-01
-1.367538082568154900e-01
1.363367048657692093e-01
7.007503805252279783e-02
-3.273001246299938605e-01
-5.734485873553046842e-01
-1.337307098012885387e-02
3.458251732119048683e-01
2.852475541671160020e-01
-2.217178942467283864e-01
-1.018681997638677617e+00
-4.976044226471664222e-01
8.573949766770727621e-03
3.078135651552384999e-01
3.615172020062136227e-01
2.319911945370423112e-02
-4.948951888409895972e-01
-5.766502023747546168e-01
-9.666558560319093996e-02
2.480551521476533350e-01
2.379570026408234784e-01
9.063058714406135863e-02
-1.596715583629749746e-01
-3.269565226658760482e-01
-3.992972318774488105e-01
-3.072042660825287097e-01
-1.434660301312802311e-01
-2.546241702283803532e-01
-7.658651852739293275e-01
-1.230049656006285019e+00
-1.455194848591134793e+00
-1.875267609086441745e+00
-2.394365687075218574e+00
-2.750783533550758886e+00
-2.424061782342739946e+00
-1.552551941788573142e+00
-8.219154009453379928e-01
1.299257325976803656e-01
8.422356315935164428e-01
1.913457752201535023e-01
-5.811251198890996505e-01
-7.432840101909430341e-01
-4.825147238788680681e-01
-9.882333782979313419e-02
1.175092164788871241e-01
-1.226183961974376402e-01
-2.538080883521300901e-01
-3.626793393851954761e-01
-5.536132428740154765e-01
-4.363609337306573188e-01
2.276389317868332540e-02
3.430704244169325845e-01
2.487528837775486723e-01
8.788005153986133688e-02
1.687589743364990014e-01
1.694450767316816320e-01
-1.721244472122103186e-01
-1.254989809731400285e+00
-1.515116011692685394e+00
-1.778084473286817291e+00
-1.812704634142510374e+00
-1.376030010172529128e+00
-9.574872441153021718e-01
-7.724672784924213609e-01
-5.326590562530131301e-01
-2.500061112879472525e-01
5.733219165567104980e-02
5.211274212179128895e-01
-7.519551900446682646e-01
-8.918936927963181382e-01
-7.907574891908704107e-01
-7.276610961430083346e-01
-8.179109266242063914e-01
-8.042215860070698330e-01
-5.779135761234935886e-01
-3.158896569106697805e-01
1.788520858805384695e-01
5.658336078725239027e-01
8.540600815006416102e-01
8.607168072779625145e-01
4.803392775824010807e-01
1.461284356058391021e-01
1.894454146960616869e-01
6.299785697335384960e-01
6.750534377711359113e-01
3.325484916921548351e-01
-7.349222785537723457e-02
-1.355549877589791175e-01
3.919121544233787890e-01
7.656619002399795981e-01
-5.864546846145524128e-02
-1.104250208201420058e+00
-1.128779992019796730e+00
-4.142843016915330745e-01
1.151451006629657936e-01
-4.754643572743861846e-01
-1.681433769272798084e+00
-2.286785525659790874e+00
-1.589179538264710700e+00
-4.705171773954845982e-01
2.267608400315772599e-01
-6.105177865137947357e-01
-8.446498397357603549e-01
-4.669557911398780625e-02
8.410548556459238601e-01
1.299693535828240876e+00
1.379472639458852568e+00
1.219474964513426407e+00
1.387511040044406174e+00
1.866328346326684873e+00
2.141721501664451743e+00
1.521322642112470147e+00
4.370373259118054410e-01
2.989758127281556543e-01
7.398902450831827959e-01
6.950739566856554141e-01
3.601474164380799037e-01
4.520394355578999379e-02
-2.675245174054590724e-01
-8.047059137003587104e-02
3.807483555178539092e-01
7.096372599802682757e-01
8.012701988720896118e-01
5.660316226775035098e-01
3.746721165961575117e-02
1.458247976639621135e-01
8.589969953081888487e-01
1.193104593877339248e+00
1.062739270961660987e+00
6.215887475452470667e-01
5.652638988223757099e-02
-3.371052913665507078e-01
-2.719404587014205288e-01
2.686150724604707829e-02
3.350273580711438104e-01
5.470677974174524838e-01
5.384104550916625209e-01
7.391055300636858449e-01
1.536269364720435515e+00
2.244571139744513388e+00
2.322554363640248365e+00
2.077910226885565592e+00
2.110500616989380518e+00
1.871410010178955030e+00
1.127204364983100060e+00
4.318912491196702508e-01
6.399078578922923199e-02
-3.492326013826451137e-01
-4.658766111411988264e-01
2.269918009836477957e-01
1.470764716124492999e-01
-1.522823861033433257e-01
-1.025337072159822061e-01
7.682348549119211167e-02
-7.140299045652418464e-01
-1.706043600375027447e+00
-2.266354141302280745e+00
-2.112477024659557667e+00
-1.287988096060072918e+00
-2.131409680661918715e-01
-2.188112714622167942e-01
-5.548225026196049736e-01
-5.998060365578653519e-01
2.355461816976822664e-02
6.673004750520090678e-01
2.379031105257918277e-01
-2.344551322939836258e-01
-3.611119554839388179e-01
1.207048863359838631e-02
7.155180486793291106e-01
1.123802448013918154e+00
8.478258008072143692e-01
4.233282966215053955e-01
7.114254163778649387e-02
1.047688322403534933e-01
3.521577084284749914e-01
4.227559079859084523e-01
6.589706798025888324e-01
7.536943515182192854e-01
3.932193390698082158e-01
-3.123992046516239629e-01
-1.329715904947419869e+00
-1.526590035130585665e+00
-8.066739140593175428e-01
3.497169019761665609e-01
1.515468826598379781e+00
2.349503594018439667e+00
5.103592851962175381e-01
-1.112246043889901781e+00
-1.948458904781113832e+00
-2.155330854034215982e+00
-2.373088208265778487e+00
-2.899246165080600957e+00
-2.503450608281950096e+00
-1.915366488609474560e+00
-1.171441508875029847e+00
-5.821787696723540462e-01
-9.856800070295934635e-02
5.454248033269615270e-02
1.636375739756148473e-01
3.952111835057028344e-01
6.814579893542405120e-01
6.105479034066285671e-01
1.528381634320703508e-01
-3.921333004924250076e-01
-6.344561295096979858e-01
-3.619987257764685218e-01
5.727683172198472228e-02
4.257934489248409449e-01
8.479328095821254685e-01
5.734630078614018078e-01
-1.339131519829026562e-01
-6.347793746004239956e-01
-6.885981200396407154e-01
-3.369364125060410053e-01
-2.948942475519197304e-01
-1.109714898013709039e+00
-1.897697636965558043e+00
-2.245085311039811682e+00
-2.439609815064729403e+00
-2.760699049590563448e+00
-2.792216199654084630e+00
-2.302702134468826323e+00
-1.522970802540994484e+00
-1.127355470131633730e+00
-4.455388930953623206e-01
8.132495456857458116e-03
-3.915142441358437919e-01
-5.827071942876145272e-01
-4.837897027010420459e-01
-2.795630022986970165e-01
-2.375921353698295935e-02
1.613747140557265092e-01
5.412951245658006449e-01
8.801275428821657698e-01
6.813940826412462348e-01
2.205700511160959554e-01
-2.100132499969997735e-01
-5.086880515588018126e-01
-8.002458438606188107e-01
-1.258065921593751746e-01
1.107241453263534403e-01
-6.446221681639308088e-02
-5.016414606302846968e-01
-8.839343268793922181e-01
-4.741210082250599256e-01
1.025279584181859605e-03
8.485475322435453993e-02
-2.042172441542574601e-01
-3.665015281584546591e-01
-1.975457493844366419e-01
-1.485440532659204060e-01
-3.285415040190935998e-01
-1.457966304608280250e-01
3.170345819564237555e-01
7.022408491647695872e-01
7.018617044694266394e-01
3.761943680442472182e-01
1.552254642227790526e-02
-2.749094080481814251e-01
-3.013681696800298848e-01
-1.731370679813784008e-01
-8.930098001235631244e-02
-5.307053639507941512e-02
-2.183361252995968949e-01
-3.882765566883554786e-01
-3.536516292556040053e-01
-1.100582724105938492e+00
-1.075387782130190928e+00
-9.730192837603420797e-01
-8.801558118945257414e-01
0.000000000000000000e+00
0.000000000000000000e+00
0.000000000000000000e+00
0.000000000000000000e+00
0.000000000000000000e+00
0.000000000000000000e+00
0.000000000000000000e+00
0.000000000000000000e+00
0.000000000000000000e+00
0.000000000000000000e+00
0.000000000000000000e+00
0.000000000000000000e+00
0.000000000000000000e+00
0.000000000000000000e+00
0.000000000000000000e+00
0.000000000000000000e+00
0.000000000000000000e+00
0.000000000000000000e+00
0.000000000000000000e+00
0.000000000000000000e+00
0.000000000000000000e+00
0.000000000000000000e+00
0.000000000000000000e+00
0.000000000000000000e+00
0.000000000000000000e+00
0.000000000000000000e+00
0.000000000000000000e+00
0.000000000000000000e+00
0.000000000000000000e+00
0.000000000000000000e+00
0.000000000000000000e+00
0.000000000000000000e+00
0.000000000000000000e+00
0.000000000000000000e+00
0.000000000000000000e+00
0.000000000000000000e+00
0.000000000000000000e+00
0.000000000000000000e+00
0.000000000000000000e+00
0.000000000000000000e+00
0.000000000000000000e+00
0.000000000000000000e+00
0.000000000000000000e+00
0.000000000000000000e+00
0.000000000000000000e+00
0.000000000000000000e+00
0.000000000000000000e+00
0.000000000000000000e+00
0.000000000000000000e+00
0.000000000000000000e+00
0.000000000000000000e+00
0.000000000000000000e+00
0.000000000000000000e+00
0.000000000000000000e+00
0.000000000000000000e+00
0.000000000000000000e+00
0.000000000000000000e+00
0.000000000000000000e+00
0.000000000000000000e+00
0.000000000000000000e+00
0.000000000000000000e+00
0.000000000000000000e+00
0.000000000000000000e+00
0.000000000000000000e+00
0.000000000000000000e+00
0.000000000000000000e+00
0.000000000000000000e+00
0.000000000000000000e+00
0.000000000000000000e+00
0.000000000000000000e+00
0.000000000000000000e+00
0.000000000000000000e+00
0.000000000000000000e+00
0.000000000000000000e+00
0.000000000000000000e+00
0.000000000000000000e+00
0.000000000000000000e+00
0.000000000000000000e+00
0.000000000000000000e+00
0.000000000000000000e+00
0.000000000000000000e+00
0.000000000000000000e+00
0.000000000000000000e+00
0.000000000000000000e+00
0.000000000000000000e+00
0.000000000000000000e+00
0.000000000000000000e+00
0.000000000000000000e+00
0.000000000000000000e+00
0.000000000000000000e+00
0.000000000000000000e+00
0.000000000000000000e+00
0.000000000000000000e+00
0.000000000000000000e+00
0.000000000000000000e+00
0.000000000000000000e+00
0.000000000000000000e+00
0.000000000000000000e+00
0.000000000000000000e+00
0.000000000000000000e+00
0.000000000000000000e+00
0.000000000000000000e+00
0.000000000000000000e+00
0.000000000000000000e+00
0.000000000000000000e+00
0.000000000000000000e+00
0.000000000000000000e+00
0.000000000000000000e+00
0.000000000000000000e+00
0.000000000000000000e+00
0.000000000000000000e+00
0.000000000000000000e+00
0.000000000000000000e+00
0.000000000000000000e+00
0.000000000000000000e+00
0.000000000000000000e+00
0.000000000000000000e+00
0.000000000000000000e+00
0.000000000000000000e+00
0.000000000000000000e+00
0.000000000000000000e+00
0.000000000000000000e+00
0.000000000000000000e+00
0.000000000000000000e+00
0.000000000000000000e+00
0.000000000000000000e+00
0.000000000000000000e+00
0.000000000000000000e+00
0.000000000000000000e+00
0.000000000000000000e+00
0.000000000000000000e+00
0.000000000000000000e+00
0.000000000000000000e+00
0.000000000000000000e+00
0.000000000000000000e+00
0.000000000000000000e+00
0.000000000000000000e+00
0.000000000000000000e+00
0.000000000000000000e+00
0.000000000000000000e+00
0.000000000000000000e+00
0.000000000000000000e+00
0.000000000000000000e+00
0.000000000000000000e+00
0.000000000000000000e+00
0.000000000000000000e+00
0.000000000000000000e+00
0.000000000000000000e+00
0.000000000000000000e+00
0.000000000000000000e+00
0.000000000000000000e+00
0.000000000000000000e+00
0.000000000000000000e+00
0.000000000000000000e+00
0.000000000000000000e+00
0.000000000000000000e+00
0.000000000000000000e+00
0.000000000000000000e+00
0.000000000000000000e+00
0.000000000000000000e+00
0.000000000000000000e+00
0.000000000000000000e+00
0.000000000000000000e+00
0.000000000000000000e+00
0.000000000000000000e+00
0.000000000000000000e+00
0.000000000000000000e+00
0.000000000000000000e+00
0.000000000000000000e+00
0.000000000000000000e+00
0.000000000000000000e+00
0.000000000000000000e+00
0.000000000000000000e+00
0.000000000000000000e+00
0.000000000000000000e+00
0.000000000000000000e+00
0.000000000000000000e+00
0.000000000000000000e+00
0.000000000000000000e+00
0.000000000000000000e+00
0.000000000000000000e+00
0.000000000000000000e+00
0.000000000000000000e+00
0.000000000000000000e+00
0.000000000000000000e+00
0.000000000000000000e+00
0.000000000000000000e+00
0.000000000000000000e+00
0.000000000000000000e+00
0.000000000000000000e+00
0.000000000000000000e+00
0.000000000000000000e+00
0.000000000000000000e+00
0.000000000000000000e+00
0.000000000000000000e+00
0.000000000000000000e+00
0.000000000000000000e+00
0.000000000000000000e+00
0.000000000000000000e+00
0.000000000000000000e+00
0.000000000000000000e+00
0.000000000000000000e+00
0.000000000000000000e+00
0.000000000000000000e+00
0.000000000000000000e+00
0.000000000000000000e+00
0.000000000000000000e+00
0.000000000000000000e+00
0.000000000000000000e+00
0.000000000000000000e+00
0.000000000000000000e+00
