-1.113891601562466693e-02
-3.485071721787990073e-01
-8.146081474989352866e-01
-1.114748255689172796e+00
-1.131477551694033190e+00
-1.072601282615773588e+00
-1.032972441428184895e+00
-7.343629833867419965e-01
-5.155148961155333609e-01
-4.676177018630878202e-01
-2.791919911416589350e-01
-1.921425538764802710e-01
-4.279152457031119017e-01
5.810290863846568898e-01
5.909711012528280349e-01
-1.050251294178866646e-01
-5.970547740383569391e-02
4.374793129880281128e-01
6.332056663512301009e-01
9.226992923704113725e-01
1.401955113650246387e+00
1.504207969011790436e-01
5.202676765541263126e-01
1.095929210235590201e+00
8.952257170965641775e-01
6.611306694916687654e-01
2.592480228939919584e-01
-2.399511739764099705e-01
-3.317509385971548763e-01
-2.707520720524732027e-01
-2.031829854033484484e-01
4.025278019944326102e-01
3.321944659972241309e-01
-1.412334303326411855e-01
3.448745682227903897e-01
1.298743216747819673e-01
1.069719916135968507e+00
1.322210381461011774e+00
-2.103793646584992683e-01
4.423771905915421243e-01
1.257124154970006957e+00
1.070869610551752560e+00
9.644858172173381705e-02
7.206816513986785688e-01
-7.178912611387280318e-01
-3.389525417031959975e-01
2.875640363787199671e-01
2.877066749954427793e-01
3.304768457941356652e-01
2.309066698702961773e-01
-6.071081684160160030e-01
-1.884500723827721713e-01
-7.819119534308199837e-01
-3.463336030537150778e-01
7.938107901396060928e-01
8.116822311375210264e-01
-4.950138582759753270e-01
-8.026103513610194362e-02
9.525648629781400256e-01
1.237895784107303720e+00
1.974386165133647508e-01
5.335163474663006111e-01
-9.549581024479070201e-01
-1.981495989212395781e+00
-9.918210565240479504e-01
7.777314828908332700e-01
4.517604517610886994e-01
-1.444404210203066086e+00
8.718214408704962892e-01
8.856146614191140465e-01
-6.040279957722669124e+00
-3.566506906526094589e+00
3.058822410424435922e+00
2.236052008603794938e+00
-3.021075141815586562e+00
-2.399047971325893869e-01
3.241982172629723991e+00
-1.246479187135738798e+00
-1.863633699939807764e+00
-3.189888117513137722e-01
-4.572483043325820340e+00
-2.449077517064866427e+00
1.014663452869734250e+00
2.920399602050636201e+00
1.772137431358609128e-01
-8.096063527861876441e-01
-2.407263891418751633e-01
-2.218695799334510887e+00
-2.028691425085531019e+00
7.450250940835814184e-01
4.017881032260621765e-01
-9.423374457443043362e-01
1.487493891218720776e-01
2.238967916601384278e+00
5.544163636723800082e-01
-1.359788765404936761e+00
-1.976918549667943115e-01
3.573283529068262965e-01
-1.658958797837707833e+00
-2.517112478499492045e+00
-4.955170251941105608e-01
5.927190286046635226e-01
-8.825729134849846780e-01
-2.021844194927822080e+00
-5.943270644801197378e-01
5.873630406604535281e-01
-5.965003209654016203e-01
-1.438551974091419439e+00
-3.138745755601153320e-01
1.478099597040745117e-01
-1.265728762556774800e+00
-1.541561129691340515e+00
-9.616024346183316140e-02
-4.017062090054936974e-01
-1.027373528119352120e+00
-6.857697424093878169e-02
1.830178185944883129e+00
1.241134011934832193e+00
7.729031147505494026e-02
-2.755819415186240851e-01
-1.606205043481097050e-01
-3.365667651077074440e-01
-8.840290019819576628e-01
-1.441987334613137328e-01
1.194632779542531775e+00
1.130484709801682364e-01
-1.951866757114714690e-01
-1.156934755286606276e+00
-1.641824554219436294e+00
-1.876758677250848217e-01
1.071756596398476535e-02
7.065674608300913651e-01
4.574081662223805633e-01
-2.866063373308482820e-01
-2.191282283957287635e-01
2.347155433732333041e-01
-3.951013104771494699e-02
-1.252057469242691790e+00
-1.229520960076559088e+00
-6.359092429397821267e-01
2.045509739952058315e-01
1.123979063798034694e+00
2.102944982476119051e+00
1.596867042050928553e+00
-8.419187379131733984e-01
-3.417779327224129915e+00
-1.708609436819425564e+00
1.953940947291588071e+00
3.410733916565171331e+00
1.894349117967329743e+00
7.345001603897047815e-01
-4.648524902988615537e-03
-8.285808793056518295e-01
8.329861782887677535e-01
1.310077987917812603e+00
6.653714827065340121e-01
5.308533944692495066e-01
3.124021553509235272e-01
1.233664383655761698e+00
2.350495555183128804e+00
2.631437586201903045e+00
6.916549380453390627e-01
-2.497668665808603361e-01
5.086986155938368892e-01
9.569576310838063815e-01
4.907545885398217900e-01
-2.212238606033883337e-01
-7.742032868294570491e-01
-5.742854786123221533e-01
-7.183832437590913500e-01
-1.096905815462892786e+00
-1.179999230288716783e+00
-1.165968513954642294e+00
-7.394881863316309367e-01
-1.333807681455293492e+00
-1.614442816348363285e+00
-1.519451162756253471e-01
5.072069709995863374e-02
-2.576867976031841589e+00
-2.390643505183713824e+00
-2.424322688856535013e-01
3.541864919998172212e-02
-1.349460098960465926e+00
-2.260162623854542474e-01
5.665839228427393959e-01
2.017588762783444345e-01
9.110236702831044919e-01
8.989980663360139790e-01
-2.264260533822559651e-03
-7.683762314233115731e-01
1.813843900092311223e-01
4.972422372182008221e-01
-9.756139685999669631e-01
-1.478946444953610717e+00
-3.010100965743555124e-01
3.585987408948037025e-01
-7.425126138244366736e-01
-1.394599559448401971e+00
-6.498954374429206649e-01
-1.712394833542059791e+00
-2.252031852736266160e+00
-1.930992289351026736e+00
-8.869202049791213849e-01
-5.591628385049243199e-01
-3.907115495766446678e-01
1.000666053619385654e-01
5.638628690296102475e-01
1.681128295538124373e+00
1.252980005773143057e+00
2.334301569567557300e-01
4.121366805914851161e-01
1.049713624530156153e+00
1.528741515022458142e-01
3.179655707734811987e-01
1.335400439105738357e-02
-5.080763699944359502e-01
-3.872722162702429971e-01
-1.035169952666048498e-01
1.535440474028586522e-01
1.029979423048818177e+00
9.758045273371394046e-01
-1.636460548246145841e-01
2.301607561070366792e-01
1.665801773734348235e+00
4.963873401681850872e-01
-1.404987834368579325e+00
-1.804046679808639642e+00
-1.613823942468334494e+00
1.026107047624974289e+00
1.228387626325221582e+00
8.676824203119060108e-01
2.018822773360403389e+00
1.239183228905154088e+00
-1.364250130175663767e+00
-1.744565596162394261e+00
9.024968484384644496e-01
1.078493182536526929e+00
1.601965507942188172e+00
1.617703939226325272e+00
6.955310509805814334e-01
9.725488601705885028e-01
1.427947710725299579e+00
-8.385904101191088422e-02
-1.517454080250721482e+00
-3.944340896989726453e-01
8.052425814727037778e-01
4.134796060169216858e-01
1.286937752461482010e+00
1.080390765782484053e-01
-1.018245860539211067e+00
-3.622229911966455829e-01
-2.310064956420184723e-01
2.052282145934871127e-01
-1.166969708592260346e+00
-2.672794772223925364e-01
1.226632917566370162e+00
-7.584197764513549433e-01
-2.255779351613301564e+00
-1.553641572711452312e+00
-1.889874299997534202e+00
-4.113857449581445280e+00
-3.061838290321137190e+00
-8.046406396783849502e-01
-5.781549955727345314e-01
-1.830095283332984213e+00
-1.487598338374372275e+00
5.908645831005987503e-02
1.165803753328269465e-01
-6.927817624751084757e-01
3.294873740888260016e-01
1.578316295043326045e+00
1.476703138047241737e-01
-1.545817463480118725e+00
-7.305386403869063017e-01
6.754160360484826597e-01
-7.666742370575385657e-02
-1.110069770859041016e+00
2.388971855006243317e-01
1.754936736461239377e+00
-1.234287190745797513e-01
-1.539851168716547924e+00
-3.758082872373968986e-01
8.292465983812471464e-01
-1.145774035216313713e+00
-2.116456618130495571e+00
8.201765401912184394e-01
1.879230308010345407e+00
1.948102829971043448e-02
1.140966954390676413e+00
-3.264178307322800343e-01
-2.883097742266057750e+00
-4.066478702541869161e+00
-1.393663154508689717e+00
-1.916355464603773484e+00
-3.598595674542005796e+00
4.759069838522365092e-01
-1.809247557140325480e+00
-3.424333033006001781e+00
-1.633210148296734054e+00
-4.281464092313003178e+00
-6.435429296895202711e+00
-6.078696771470522009e+00
-1.943565042754449301e-01
2.074725350775740385e+00
1.650465746144623491e+00
2.376677629903208633e+00
4.231995391389371974e+00
4.423776246617715735e+00
2.339004264013493817e+00
8.137280936517243823e-02
3.557919019464553578e+00
3.561994446268136105e+00
1.633771665135852480e+00
9.405454406031104053e-01
1.021724340974133671e+00
4.555586956649717578e-01
-2.225158228592765131e-01
-5.696977315170481670e-01
-6.211762784782630664e-01
-4.234945053516800950e-01
9.853729901415426706e-01
1.469744428385128865e+00
1.255049838294783449e+00
8.798968477862043613e-01
1.075654142328423601e+00
7.123953324747733795e-01
-3.936426920852210687e-01
-8.371274140592570578e-01
1.993291981260709167e-01
-1.560136589827744169e-01
8.420864473905450565e-01
-3.788786540666395641e-01
-7.270914943909877470e-01
1.207583804041139075e-01
7.983319588836683689e-01
-3.349608438490373485e-01
3.252804818917343077e-01
3.281615944927559481e-01
6.060501080001703400e-01
2.143753549524610502e+00
1.391369652373752430e+00
-4.318552379132256647e-01
-2.485250970939290038e-01
3.433604970682169188e-02
-5.142151661580738331e-01
-4.259865757364525995e-01
8.223280959199086304e-02
-1.485243586922760928e-01
-2.101162165872247911e-01
-4.813089889538302302e-02
7.854449567810268817e-01
5.971536774567720585e-01
6.481529885714509831e-02
6.430665023455465201e-01
-1.173677393140677649e+00
-9.085207611588586030e-01
1.364967454271441172e+00
1.535479171282972066e+00
4.993842558271069931e-01
1.473679396953380127e+00
2.415763047189276591e-01
-8.950035501536450777e-01
8.305045658364591521e-01
6.999179338184893240e-01
-1.240349449991644981e+00
-1.104925028221097172e+00
-6.057057741992446509e-01
-1.255033485160084172e+00
1.861855320034138117e-01
8.816541830441601002e-01
7.104298446393105815e-01
1.212181924931120314e+00
1.482368759249491186e+00
1.024856118732278665e+00
5.249519153592003828e-01
3.784971176299292694e-01
2.169120905947297673e-01
1.307241364806983053e-01
2.145656730343983298e-01
0.000000000000000000e+00
0.000000000000000000e+00
0.000000000000000000e+00
0.000000000000000000e+00
0.000000000000000000e+00
0.000000000000000000e+00
0.000000000000000000e+00
0.000000000000000000e+00
0.000000000000000000e+00
0.000000000000000000e+00
0.000000000000000000e+00
0.000000000000000000e+00
0.000000000000000000e+00
0.000000000000000000e+00
0.000000000000000000e+00
0.000000000000000000e+00
0.000000000000000000e+00
0.000000000000000000e+00
0.000000000000000000e+00
0.000000000000000000e+00
0.000000000000000000e+00
0.000000000000000000e+00
0.000000000000000000e+00
0.000000000000000000e+00
0.000000000000000000e+00
0.000000000000000000e+00
0.000000000000000000e+00
0.000000000000000000e+00
0.000000000000000000e+00
0.000000000000000000e+00
0.000000000000000000e+00
0.000000000000000000e+00
0.000000000000000000e+00
0.000000000000000000e+00
0.000000000000000000e+00
0.000000000000000000e+00
0.000000000000000000e+00
0.000000000000000000e+00
0.000000000000000000e+00
0.000000000000000000e+00
0.000000000000000000e+00
0.000000000000000000e+00
0.000000000000000000e+00
0.000000000000000000e+00
0.000000000000000000e+00
0.000000000000000000e+00
0.000000000000000000e+00
0.000000000000000000e+00
0.000000000000000000e+00
0.000000000000000000e+00
0.000000000000000000e+00
0.000000000000000000e+00
0.000000000000000000e+00
0.000000000000000000e+00
0.000000000000000000e+00
0.000000000000000000e+00
0.000000000000000000e+00
0.000000000000000000e+00
0.000000000000000000e+00
0.000000000000000000e+00
0.000000000000000000e+00
0.000000000000000000e+00
0.000000000000000000e+00
0.000000000000000000e+00
0.000000000000000000e+00
0.000000000000000000e+00
0.000000000000000000e+00
0.000000000000000000e+00
0.000000000000000000e+00
0.000000000000000000e+00
0.000000000000000000e+00
0.000000000000000000e+00
0.000000000000000000e+00
0.000000000000000000e+00
0.000000000000000000e+00
0.000000000000000000e+00
0.000000000000000000e+00
0.000000000000000000e+00
0.000000000000000000e+00
0.000000000000000000e+00
0.000000000000000000e+00
0.000000000000000000e+00
0.000000000000000000e+00
0.000000000000000000e+00
0.000000000000000000e+00
0.000000000000000000e+00
0.000000000000000000e+00
0.000000000000000000e+00
0.000000000000000000e+00
0.000000000000000000e+00
0.000000000000000000e+00
0.000000000000000000e+00
0.000000000000000000e+00
0.000000000000000000e+00
0.000000000000000000e+00
0.000000000000000000e+00
0.000000000000000000e+00
0.000000000000000000e+00
0.000000000000000000e+00
0.000000000000000000e+00
0.000000000000000000e+00
0.000000000000000000e+00
0.000000000000000000e+00
0.000000000000000000e+00
0.000000000000000000e+00
0.000000000000000000e+00
0.000000000000000000e+00
0.000000000000000000e+00
0.000000000000000000e+00
0.000000000000000000e+00
0.000000000000000000e+00
0.000000000000000000e+00
0.000000000000000000e+00
0.000000000000000000e+00
0.000000000000000000e+00
0.000000000000000000e+00
0.000000000000000000e+00
0.000000000000000000e+00
0.000000000000000000e+00
0.000000000000000000e+00
0.000000000000000000e+00
