-3.656494140625000000e+00
-1.196929149641473789e+00
8.011880059616900418e-01
1.219958330198079643e+00
-2.270152035241213007e-01
-4.471714784269891219e-01
-9.150192776308452292e-01
1.246112169316249130e-01
8.069760776795273927e-01
-2.672320299511452557e-01
-1.273757109731294523e+00
-1.145483313378311108e+00
6.306459817022012082e-01
-1.717270632593079993e+00
-1.625851513180190278e+00
-8.658829054329961750e-01
-1.172543536648145590e+00
-2.075570892557514036e+00
1.226193844523675303e-01
3.043135110468705662e+00
3.218922137577674203e+00
4.935923755403473834e+00
6.626169154919336890e+00
5.937139921060431647e+00
3.710473593043606133e+00
7.171822332659261168e-01
-1.215490938153846567e+00
-8.967136449422734579e-01
2.545691804281457138e+00
4.797724579808070544e+00
2.867116282062512234e+00
1.942876735931289289e-01
-1.748389945058004713e+00
-9.345435840727396304e-01
-9.551070394510303707e-01
-8.458350898568609555e-01
2.561963918244242855e+00
1.371377229656433272e+00
-8.805288526290446782e-01
1.045460538725376587e+00
3.169698189674614142e+00
2.478073907426190381e+00
1.528643679872824457e+00
3.237857560295353654e+00
3.798894316478795385e+00
1.338660756563147647e+00
3.014618616648391480e+00
5.281137464446299390e+00
5.735560453031904871e+00
3.608047001472543425e+00
-1.100344103188810152e+00
1.300426853301277941e+00
4.464376178356210367e+00
7.085373292567213710e+00
4.929436657202744598e+00
3.336758498194868139e+00
6.247104487844598708e+00
6.647815640676101978e+00
3.054315969622022120e+00
-9.105969344757103290e-01
5.711761595680142634e-02
-6.499882621709376362e-01
1.319322049714860778e+00
4.091137687653529476e+00
4.438905241363523935e+00
2.303573848543052804e+00
2.215863360756768152e+00
2.444555234182786307e+00
4.543978956650638334e-01
-6.702342632924307431e-01
1.586751656041428760e+00
2.498430468998804166e+00
1.727958144935185292e+00
1.486392925458631220e+00
1.578982132903044011e+00
9.586748940746612213e-01
1.199233430595172623e+00
1.650095031313323357e+00
1.537092931960556630e+00
1.993294125077026635e+00
2.753676086540926438e+00
2.093951626175469372e+00
4.213104759359252993e-01
3.416281721371683400e-01
4.066532681196377563e-01
-7.532139349594908495e-01
-4.820892845087089151e-01
1.508054358890384750e+00
1.189758680207347208e+00
-9.822638214825356595e-01
-4.950177324547984092e-01
1.590296315370250735e+00
2.291324045362648221e+00
1.674521439183929594e+00
1.032609295877530808e+00
4.363036495212524457e-03
-1.134648231117065142e+00
-5.977777399194552643e-01
6.547017231276219817e-02
5.017926380092769811e-01
1.066372818943161382e+00
2.181691558524959440e+00
2.918230511984864162e+00
2.202545442786893570e+00
-5.159215245028969665e-01
-1.486549154558075569e+00
-5.923922500598388652e-01
-1.367724585209193489e-01
2.401585597976931830e-01
3.769909607404482443e-01
1.144836724844227049e-01
-6.534545977511361237e-01
-1.571978192839012856e+00
-1.837762048326682107e+00
-9.881548234586008395e-01
-3.054525203915885445e-01
3.016943703142342947e-01
7.569188866989655651e-01
5.466757193283489080e-01
-8.064194347688853348e-01
-2.388743558308087156e+00
-3.706826423913667234e-01
4.713972965373631752e-01
4.416422878092074455e-03
-4.855965888310718181e-01
4.611076807393030830e-01
6.354669717446803645e-01
4.129627269074853668e-01
2.844773830154934124e-01
1.107068067906232356e+00
1.930869036889699020e+00
1.755047589115215079e+00
8.608326267225232531e-01
2.583558268248886680e-01
4.092015017236397267e-02
5.321771595895247176e-02
5.591354307714502259e-01
2.658045068105749364e-01
-2.675721755925694056e-01
-3.315497558247163523e-01
-2.847178687222217119e-01
8.482277909902902202e-02
4.118048941322784984e-01
9.382834640388819647e-01
1.269763712400828748e+00
2.757979132020655921e-01
-7.004267272034232494e-01
9.782273944488251161e-02
1.308827825150736146e+00
8.157466813160888508e-01
-2.604343530582884370e-01
2.078955847823901193e-01
1.485046854452796161e-01
-2.866074144076716790e-01
1.050381778780868025e+00
1.343101382201341787e+00
1.160164007084350857e+00
1.231548593724211216e+00
1.101481110842988054e+00
2.551658373123339985e-01
-2.691551958004390066e-02
5.513879697403587521e-01
-2.559236702434612987e-01
-1.066836164514833207e+00
5.359445026503095733e-03
1.905157473820873193e-02
-1.287246719062329570e+00
-6.393619504793868202e-01
1.201460866189387522e+00
1.777188882928796954e+00
1.635587206371855507e+00
1.882304700242109385e+00
1.831569735826613421e+00
1.013036764613768126e+00
-1.846491697761050155e-01
-5.872455495806339076e-01
-1.173067188633858393e-03
3.140137178872158819e-01
8.464081151008358006e-01
1.016317093047607090e+00
1.010262411342720323e+00
1.593391173955060580e+00
2.229702326299347170e+00
1.531757808117325315e+00
-5.124409651374211006e-01
-1.557908381259581088e+00
-1.061073705182868920e-01
2.114484146294679956e+00
2.920710387438233191e+00
3.259250463213855920e+00
3.269027493528172901e+00
3.055071211434275735e+00
2.909484049283569629e+00
2.552745351112851058e+00
1.808856036139245171e+00
8.306586087349689951e-01
-1.031498896991722036e+00
-7.977146277319855372e-01
-4.190331505885369623e-01
-3.390720629378334294e-01
-8.685324690606424092e-01
-1.450900872906918160e+00
-7.018672939046841641e-01
1.126189407803277476e-01
1.669483194963128359e-01
-9.145875544458158535e-01
-1.256772750718262888e+00
-7.325360199518726745e-01
1.429279277617911958e-01
7.088836937566513896e-01
9.610921618915559961e-01
1.022695405523263990e+00
3.112879294287875798e-01
-1.029822120944302810e+00
-1.596419394756834809e+00
-6.833895051544089938e-01
1.482079199874066111e+00
1.992594336235761654e+00
4.672430205140596371e-01
2.663103255557892624e-01
8.535551916075032608e-01
1.069773221123470286e+00
9.504396055720123471e-01
3.695242830863647576e-01
1.161338471700991581e+00
1.596528835621976894e+00
1.189755774837224500e-01
-9.429754731066508633e-01
-7.844846404698895270e-01
-1.443601692855180918e-01
-3.456776241161070296e-01
-9.387451682751155602e-01
-7.417126060463195003e-01
-6.270179485606863778e-02
8.568685504493211980e-01
1.445611385364164114e+00
1.028385809144602980e+00
-7.514391188001038335e-01
-5.635849576908931180e-01
-4.694024632849735923e-01
-1.521404680671845533e+00
-2.333994864206177411e+00
-1.223567795348358356e+00
1.048329497176005987e-01
7.438073092622499161e-01
7.762263399814492981e-01
-1.480218203596201931e-01
2.515387642375253030e-01
1.356644336301224829e+00
2.166901343840974992e+00
2.693657451919523549e+00
3.174926991774445373e+00
3.633048111760003973e+00
4.017576031629602973e+00
3.698877721437998201e+00
1.274396096218204155e+00
-6.409912138094171485e-01
-1.417623949368538749e+00
-2.804939419762364494e-01
1.251903163498317317e+00
1.861976029063519444e+00
1.548912300075455661e+00
1.399801287354718538e+00
1.805388773992769424e+00
1.311095091050433314e+00
-3.107476194391319835e-01
-4.290044981416831771e-01
-8.161050234077056320e-01
-2.306420708448211343e-01
1.219681400769987434e+00
1.837573799787685536e+00
1.948994264055265324e+00
2.104275350554255741e+00
1.405321654466121339e+00
2.114343940432550362e-01
-9.251173516182098489e-01
-8.212149854563042251e-01
2.683197245253374774e-01
-2.823133467204939073e-01
-9.736431822961253424e-01
3.793060956113776250e-01
8.644532235316004787e-01
-3.287429197938114278e-01
2.975987487000200105e-01
1.466298382497579933e+00
1.378378037405322942e+00
1.419313406064021565e+00
1.771263077071753234e+00
9.367562527368779035e-01
-3.043672791849044712e-01
1.789827515852479012e-01
-7.279239337752996253e-02
-8.073134538597426246e-02
8.495247256186563289e-01
4.871968638876102986e-01
-2.979569956940133491e-01
-3.416396417739393510e-01
8.579954718168542049e-01
1.095044091653058160e+00
7.791276837096894337e-01
6.473956669790601470e-01
2.085882413566763072e-01
-3.220291662191668847e-01
-1.815810735654379560e-01
1.269340730704138775e-01
4.828846000798515670e-01
4.320922274585992096e-01
3.675605792563182983e-02
-2.310121788085481853e-01
2.393615210841435470e-01
1.001706414427108394e+00
1.648200844662751630e+00
1.725444967035330679e+00
6.761533510645314493e-01
-1.622917342489849091e-01
3.805975880239487186e-01
1.032222101488815547e+00
2.877754793304296843e-01
-1.256624814624600406e+00
-5.030061357467592309e-01
2.879106580331178833e-01
-4.618429080616066607e-01
-2.435129956086008907e+00
-5.958864612674776851e-01
9.851450415811848771e-01
1.034147279856049817e+00
1.862112279151997285e-01
-5.382916243852193805e-01
-1.257446584362186703e+00
-2.242603584336335665e+00
-1.902590833229226952e+00
-5.003443932674960237e-01
1.040560028707545381e+00
1.627077009104945349e+00
-4.686353401005394215e-01
-1.099629078305886187e+00
-4.973857869387083852e-01
-6.036782768114274944e-01
1.154872665515713770e-01
2.094334088437623809e+00
2.911520086458195600e+00
2.263610128396581267e+00
9.296904888021757518e-01
3.002379067380926969e-01
-2.408211287386619048e-02
-3.999430358722733114e-01
-6.592099568452678415e-01
1.508280114615703216e-01
6.562965839472729712e-01
1.492959081726682458e+00
2.007912009097133410e+00
1.243783223105339397e+00
-3.161276980307763385e-01
-5.220089123225413186e-02
1.569865119902808859e+00
7.190138778298598154e-01
-6.286324162534367987e-01
-3.223839400985328840e-01
7.979230113635326083e-01
2.229259507635197313e-01
5.081988907645740294e-01
2.187544798227174958e+00
2.561305704669575078e+00
1.922795298634246031e+00
1.350694578487715791e+00
1.468782238935097295e+00
1.315274699696143301e+00
1.121918549353528860e+00
1.518708118023603726e+00
1.562508272280219934e+00
1.494749527037926073e+00
1.821242331514396184e+00
1.321329277404234670e+00
-3.367347125401678465e-01
5.582041709504246274e-01
2.104069566624865217e+00
2.522157320185146379e+00
3.420522505267655777e+00
3.839906660585294951e+00
3.213647090492976588e+00
1.407937495093874558e+00
-9.298631336406182335e-02
-5.230555000102252716e-01
-1.517246656641360270e+00
3.441717202793636687e+00
7.001226725282945651e+00
5.765877011263778051e+00
3.834635474954601886e+00
5.860946354746143783e+00
5.669010529485432492e+00
4.109388648620946327e+00
2.352284131750371543e+00
1.500602751011450020e-01
3.460890963966203770e+00
5.832796502733817334e+00
5.584298560704883840e+00
2.832877936697752119e+00
9.979020377953046195e-01
1.939832208324166363e+00
8.847698856117407473e-01
4.119202284756733334e-01
2.991985131132667064e+00
4.128779285703644497e+00
1.003505065095817272e+00
-3.094552070315339520e-01
3.428993239715548924e+00
2.396558314260231359e+00
-2.438827332259771552e+00
-1.347303781711279846e+00
-2.031304662859704901e+00
-2.792624593185861315e+00
1.156321761271756898e+00
5.598745150112391045e+00
4.764001575956212875e+00
1.016679096848497998e+00
-3.508589263515520251e-01
6.062478791216736607e-01
1.299905147678209527e+00
3.072095964723877692e+00
5.416111066977300936e+00
6.307681438042211042e+00
5.487891495201237646e+00
4.133432312312431023e+00
1.496599872723065605e+00
-1.792523617120215462e+00
-2.993204421195754250e+00
-7.951097224750434123e-01
4.674175704652929753e-01
9.897024707594059834e-02
2.915704354362019801e-02
-4.375042581196016966e-01
-2.043016854660013593e+00
-1.110859392612237873e+00
5.896916080400129712e-01
8.544250119792846654e-01
-7.863807952554995317e-01
-1.343534461952980985e+00
1.937064650250153175e-01
1.065204945655752855e+00
-6.067298120351556356e-01
-8.563602699752879133e-01
2.879327044794778967e+00
0.000000000000000000e+00
0.000000000000000000e+00
0.000000000000000000e+00
0.000000000000000000e+00
0.000000000000000000e+00
0.000000000000000000e+00
0.000000000000000000e+00
0.000000000000000000e+00
0.000000000000000000e+00
0.000000000000000000e+00
0.000000000000000000e+00
0.000000000000000000e+00
0.000000000000000000e+00
0.000000000000000000e+00
0.000000000000000000e+00
0.000000000000000000e+00
0.000000000000000000e+00
0.000000000000000000e+00
0.000000000000000000e+00
0.000000000000000000e+00
0.000000000000000000e+00
0.000000000000000000e+00
0.000000000000000000e+00
0.000000000000000000e+00
0.000000000000000000e+00
0.000000000000000000e+00
0.000000000000000000e+00
0.000000000000000000e+00
0.000000000000000000e+00
0.000000000000000000e+00
0.000000000000000000e+00
0.000000000000000000e+00
0.000000000000000000e+00
0.000000000000000000e+00
0.000000000000000000e+00
0.000000000000000000e+00
0.000000000000000000e+00
0.000000000000000000e+00
0.000000000000000000e+00
0.000000000000000000e+00
0.000000000000000000e+00
0.000000000000000000e+00
0.000000000000000000e+00
0.000000000000000000e+00
0.000000000000000000e+00
0.000000000000000000e+00
0.000000000000000000e+00
0.000000000000000000e+00
0.000000000000000000e+00
0.000000000000000000e+00
0.000000000000000000e+00
0.000000000000000000e+00
0.000000000000000000e+00
0.000000000000000000e+00
0.000000000000000000e+00
0.000000000000000000e+00
0.000000000000000000e+00
0.000000000000000000e+00
