1.790161132812493339e-01
3.479143837815962259e-01
5.165667221757993532e-01
1.527063743688482633e-01
-3.280440411074267981e-01
-3.998954895308046709e-01
-3.625074062630881944e-01
-5.649398386780980497e-01
-7.054644776888641111e-01
-5.197776128352913361e-01
5.993002272502367944e-02
2.611490884305567306e-03
-1.020613351601962204e+00
-1.565283238568116575e+00
-7.926477378780960592e-01
9.950797919031106886e-01
1.762661368004909690e-01
-8.469215401986817104e-01
4.199376055545998021e-01
3.746341887185913322e-01
-9.867383301096839254e-01
-1.997349712868202953e+00
-4.074016179001536120e-01
6.538702750896321358e-01
2.040156359450526757e-01
-5.970797055394543307e-01
-8.186399004048425798e-01
-2.214548319302074297e+00
-2.901469899800490637e+00
-8.298156373790857021e-01
1.361091924195573455e+00
-3.531219946854680103e-01
-2.087192976623054808e+00
-8.723387819392913745e-01
-2.158515308129116406e-02
6.693439549943058786e-01
2.014294928930571160e-03
-1.198663434525149007e-01
1.842579705186540018e-01
-7.849630230829374167e-01
-1.194293218954092017e+00
-1.424850662022542069e-01
-7.250878661578709083e-01
-1.039217897788495382e+00
-1.189278128362020848e+00
1.186990033877055595e-02
5.876374291624679724e-01
-9.894822219505701177e-01
-1.738542624830091032e+00
2.655008574816486444e-01
1.915518133503197440e+00
-4.963757446960670450e-01
-1.065675629986205575e+00
5.242409014788185218e-01
2.429456142376408279e-01
-6.550066591192416077e-02
8.609266630661052133e-01
4.587171407389334377e-02
-2.534507701829418203e-01
2.898158145869873525e-01
-1.003500272237699331e+00
-5.516914156520844603e-01
7.038302183818618829e-01
4.490950760033873834e-02
-9.335936961615211027e-01
-4.059267811962961048e-01
1.499909779690180578e-01
1.325138819969536197e+00
2.181904879969749356e+00
2.042408126302135418e+00
-9.425361347199556761e-01
-3.752627171714284948e+00
-5.043157853274691682e+00
-2.033678030457205743e+00
-5.263926525680249213e-01
-2.140354870855466718e+00
-4.558277053567788784e+00
-4.283404687568622471e+00
-8.616568948118490390e-01
1.309730050894142295e+00
3.116215053089021580e+00
1.952305025891197587e+00
-1.926675751408985171e+00
-4.187469527326873830e+00
-2.192066766689299229e+00
-9.345690986137908940e-01
-2.294920237899335191e+00
-1.108738208582726426e+00
-3.731000372517156993e-02
-1.356333879437395806e-01
-1.398151643950209078e+00
-7.061951936556170040e-01
1.241951737812682310e+00
1.219892095538841481e+00
4.660883090207690316e-02
4.402148478260343722e-01
-7.806526756333118655e-01
-3.075637769898167839e+00
-1.932681423025708778e+00
-2.825534765123443037e-01
-2.948575270830041894e+00
-3.842531836132056622e+00
-1.093482570295475576e+00
2.073301580383459797e+00
-3.567742147934478414e-01
-5.649191225869966138e-01
-4.488651156839615908e-01
-1.891105213684802555e+00
-2.272510246669792178e+00
-1.891069465796540561e+00
-4.539583975915648661e-01
7.065855076520044520e-01
5.992676864984126661e-01
2.575187057028950344e-01
6.763736340109646195e-01
1.074007022673158396e+00
6.384262266424378662e-01
2.684580472396813633e-02
3.260689992101895029e-02
2.440432280054809500e-01
7.124781109036371074e-02
-8.365709643480213620e-01
-4.454926003422238212e-01
1.754431637060314353e+00
3.591717746495191044e+00
4.063456895760602094e+00
8.142601725791440703e-01
-4.007380843918652680e+00
-3.754999515087438677e+00
-3.478655041023502204e+00
7.539226267487459943e-01
1.829917345651048466e+00
1.316895251608436901e+00
1.799249778094432095e+00
4.550842055300381439e-01
-5.092552270375443335e-01
6.637398629357917912e-01
2.808648596043393564e+00
-5.338554614990731473e-01
-1.625606617293701373e+00
-1.858276484046148092e+00
-3.708305855314685928e+00
-3.281389088854433922e+00
-1.383420843860008631e+00
1.652806765742727002e-01
2.994799925938954388e+00
1.104228653012724770e+00
-2.381141608165969537e+00
-3.351282097925802006e+00
-1.521416459216916373e+00
1.678203994851448222e-01
-3.441011396282331325e-01
-2.771121099032145541e-01
4.750294978172366900e-01
5.270962852966211143e-01
-3.464065009486951841e-01
7.919828595913697145e-01
1.673509410255469287e+00
1.196937561216661061e+00
-1.027121901896008715e-01
-3.199825619100380436e-01
9.089943862166478539e-01
2.117404141718310040e+00
1.077861001425535203e+00
-5.593808490915481713e-01
1.377121335640284272e+00
2.265053303348932623e+00
6.577594005937963395e-01
-1.193069710240900694e+00
-1.474090328279609841e+00
-5.208689838614315448e-01
-2.492946680593974840e-01
-5.606956410195953477e-01
-3.844352514426738754e-01
-3.873281797496497258e-01
-1.201627710757792844e+00
-1.482972396030800333e+00
-1.136299197236574576e+00
-3.009945558257904885e-01
9.142692214652647920e-01
1.366187770210108621e+00
-1.621140297982606171e-01
-1.358815783807954869e+00
7.776777180730038985e-01
8.203831194223307754e-01
-9.290256770602320913e-01
-1.509726618721769942e+00
-3.480959428582086623e-01
1.452864973799655735e+00
1.837694244063054594e+00
8.463503980528641613e-02
-8.168536799555573547e-01
8.206837869388722284e-01
-9.683544143591005238e-02
-1.813698935641307131e+00
-2.324789200488981411e+00
1.677650500129559408e-01
1.754439430986300064e+00
1.978336523238320765e+00
2.337385499189662319e+00
2.908129066751720337e+00
2.571742495320388677e+00
1.885435945275041769e+00
2.163720930096919126e+00
9.909169343359125470e-02
-2.727016013829713259e+00
-2.844916683301441651e+00
-2.428360809709765977e+00
-4.672034457298881449e-01
2.750605160018620765e+00
1.207932451454280631e+00
-3.697680099090443484e-01
-1.067865192503475669e+00
-9.339763462161796426e-01
-1.003566692374145308e+00
-1.079768445143435951e+00
-4.623917917190913940e-01
1.509196983136267267e-01
-2.003207735096244502e+00
-4.093338337709381491e+00
-4.289761183257563282e-01
2.487686695343548138e+00
1.940844545024635881e+00
1.045694748360227910e+00
-6.412042684610917975e-01
-3.679717604709893397e+00
-4.338705024475037142e+00
-2.522117633872043019e+00
2.732229019321612551e-01
1.644675067821293801e+00
1.331909839990711220e+00
1.197666554416450646e+00
1.179482823604687258e-01
-3.385442017189732589e-01
8.931468614632691594e-01
3.965362465540778203e-01
-1.194933187622565063e+00
-8.350712186677322624e-01
5.333702058583071892e-01
5.301547449702981307e-01
-2.856879151272152528e-01
2.835571724772998348e-01
7.687373718997841943e-01
1.719393102164557208e+00
1.917642058620735224e+00
-1.143010647537038071e+00
-2.970563290579364413e+00
5.054057375722909029e-02
2.851680927454150360e+00
6.159210984937149025e-01
-4.637805270689701054e-01
2.535945111262873919e+00
-7.953870426579108255e-01
-2.650375830321256121e+00
-1.285396354128815588e+00
-1.884733716460485375e+00
-5.174141505050713796e+00
-4.306217448144629145e+00
-1.443970562742631802e+00
-1.624407798484916121e+00
-2.785937764612298029e+00
-7.816733182228261523e-01
-2.412991015533518802e-01
-2.132253804544212983e-01
2.867145141055397417e+00
5.343237805819152086e+00
4.983110525445483496e+00
2.084887402743482276e+00
-4.103550557898167916e-01
-1.288103112473826917e+00
-2.386943255937170161e+00
-3.941604634122378048e+00
-3.820452570959245175e+00
-2.483471196065520026e+00
-2.577809287331889632e+00
-1.528436844519778015e+00
-1.324927162614099263e+00
-2.655642479821605395e+00
-3.004305368148820765e+00
-2.171269033075274635e+00
-1.581116589284558671e+00
-2.745731370311168540e+00
-4.532361836760106399e+00
-3.743003742132624545e+00
-1.008925318661926251e+00
9.533442986058869861e-01
-6.743395980797958211e-01
2.287921342352006171e-02
1.230276295490253524e-01
5.113018058160001544e-03
-4.204070913567008461e-01
-2.330541215770922658e-01
-2.237676266259576163e-01
-6.226031043436819346e-01
-3.700474559404871577e-01
-1.008438136807765506e-01
4.886119974269318433e-01
1.173243770610478798e+00
1.257740537621409249e+00
5.209304967111945128e-01
1.115032607544600651e+00
2.825399420666496741e-01
-1.736437793039890876e+00
-1.039984303606444005e+00
-7.690007072462068383e-02
-1.668648983962766952e+00
-3.120104708038160979e+00
-1.997000076981194638e+00
-4.126996133282734291e-02
1.236793723677414025e-01
-3.164703008294096342e-01
-6.547276178746486153e-02
2.855750087901092193e-01
2.040544759270466191e-01
-1.485599307341183728e+00
-2.598227789744544936e-01
4.538820399850167497e-01
-1.012044454750526956e-01
-2.086197355556553834e-01
3.595795859872163991e-01
-6.300828211151567881e-01
-1.508856149911766753e+00
-7.566463401419274426e-01
4.859540804773754274e-02
9.137069879020401908e-01
-1.278386367516482824e+00
-1.406341723377832142e+00
-6.714267509436826487e-01
-5.429109757998893393e-01
-3.736851080089055310e-01
1.069614727337330429e+00
1.011315808063635746e+00
-8.061039254925721487e-01
-1.849421926684005291e+00
-2.107145780946701574e+00
-1.799634691489636396e+00
6.589304048156343629e-01
3.425644289767861839e-01
-9.155155680683235708e-01
-5.549763980486804860e-01
3.636919876664324036e-02
-6.557254362934656911e-01
-7.509988721521099198e-01
5.791930123988493495e-01
-5.887884974926805848e-01
-1.969980734698677072e+00
-1.879323494198871458e+00
-1.117832744043655291e+00
-2.075827930412867506e+00
-2.333658318237372242e+00
-1.783196698121197077e+00
-9.760686305444773447e-01
-4.299880960072390845e-01
-2.048685541575564761e-01
0.000000000000000000e+00
0.000000000000000000e+00
0.000000000000000000e+00
0.000000000000000000e+00
0.000000000000000000e+00
0.000000000000000000e+00
0.000000000000000000e+00
0.000000000000000000e+00
0.000000000000000000e+00
0.000000000000000000e+00
0.000000000000000000e+00
0.000000000000000000e+00
0.000000000000000000e+00
0.000000000000000000e+00
0.000000000000000000e+00
0.000000000000000000e+00
0.000000000000000000e+00
0.000000000000000000e+00
0.000000000000000000e+00
0.000000000000000000e+00
0.000000000000000000e+00
0.000000000000000000e+00
0.000000000000000000e+00
0.000000000000000000e+00
0.000000000000000000e+00
0.000000000000000000e+00
0.000000000000000000e+00
0.000000000000000000e+00
0.000000000000000000e+00
0.000000000000000000e+00
0.000000000000000000e+00
0.000000000000000000e+00
0.000000000000000000e+00
0.000000000000000000e+00
0.000000000000000000e+00
0.000000000000000000e+00
0.000000000000000000e+00
0.000000000000000000e+00
0.000000000000000000e+00
0.000000000000000000e+00
0.000000000000000000e+00
0.000000000000000000e+00
0.000000000000000000e+00
0.000000000000000000e+00
0.000000000000000000e+00
0.000000000000000000e+00
0.000000000000000000e+00
0.000000000000000000e+00
0.000000000000000000e+00
0.000000000000000000e+00
0.000000000000000000e+00
0.000000000000000000e+00
0.000000000000000000e+00
0.000000000000000000e+00
0.000000000000000000e+00
0.000000000000000000e+00
0.000000000000000000e+00
0.000000000000000000e+00
0.000000000000000000e+00
0.000000000000000000e+00
0.000000000000000000e+00
0.000000000000000000e+00
0.000000000000000000e+00
0.000000000000000000e+00
0.000000000000000000e+00
0.000000000000000000e+00
0.000000000000000000e+00
0.000000000000000000e+00
0.000000000000000000e+00
0.000000000000000000e+00
0.000000000000000000e+00
0.000000000000000000e+00
0.000000000000000000e+00
0.000000000000000000e+00
0.000000000000000000e+00
0.000000000000000000e+00
0.000000000000000000e+00
0.000000000000000000e+00
0.000000000000000000e+00
0.000000000000000000e+00
0.000000000000000000e+00
0.000000000000000000e+00
0.000000000000000000e+00
0.000000000000000000e+00
0.000000000000000000e+00
0.000000000000000000e+00
0.000000000000000000e+00
0.000000000000000000e+00
0.000000000000000000e+00
0.000000000000000000e+00
0.000000000000000000e+00
0.000000000000000000e+00
0.000000000000000000e+00
0.000000000000000000e+00
0.000000000000000000e+00
0.000000000000000000e+00
0.000000000000000000e+00
0.000000000000000000e+00
0.000000000000000000e+00
0.000000000000000000e+00
0.000000000000000000e+00
0.000000000000000000e+00
0.000000000000000000e+00
0.000000000000000000e+00
0.000000000000000000e+00
0.000000000000000000e+00
0.000000000000000000e+00
0.000000000000000000e+00
0.000000000000000000e+00
0.000000000000000000e+00
0.000000000000000000e+00
0.000000000000000000e+00
0.000000000000000000e+00
0.000000000000000000e+00
0.000000000000000000e+00
0.000000000000000000e+00
0.000000000000000000e+00
0.000000000000000000e+00
0.000000000000000000e+00
0.000000000000000000e+00
0.000000000000000000e+00
0.000000000000000000e+00
0.000000000000000000e+00
0.000000000000000000e+00
0.000000000000000000e+00
0.000000000000000000e+00
0.000000000000000000e+00
0.000000000000000000e+00
0.000000000000000000e+00
0.000000000000000000e+00
0.000000000000000000e+00
0.000000000000000000e+00
0.000000000000000000e+00
0.000000000000000000e+00
0.000000000000000000e+00
0.000000000000000000e+00
0.000000000000000000e+00
0.000000000000000000e+00
0.000000000000000000e+00
0.000000000000000000e+00
0.000000000000000000e+00
0.000000000000000000e+00
0.000000000000000000e+00
0.000000000000000000e+00
0.000000000000000000e+00
0.000000000000000000e+00
