-4.932861328125000000e-01
-3.491285385994482571e-01
-2.437688657988053009e-01
-4.078923312351490083e-02
1.544198656658775093e-01
3.507807796446062998e-01
5.171266413056684330e-01
4.043724753171689112e-01
-1.565000599036807660e-01
-2.883601124168633234e-01
-5.719861195637818696e-01
-7.934379768414490108e-01
-3.255509665260025720e-01
7.673431766722105252e-01
1.599474184735214299e+00
1.814961070406277077e+00
5.634860544678648164e-01
4.479485388769477439e-02
-3.876915640320139911e-01
-1.096323315151207511e+00
-1.906835351145471424e+00
-7.795067322742319504e-01
2.450965614167270878e-01
2.661189048321628281e-01
-9.099351269229249972e-02
-5.318199265915077856e-01
-1.036256060651644439e+00
1.917937161184952721e-01
1.607348879364470129e+00
3.059946822128959187e+00
3.892803407771083357e+00
3.608666372750128026e+00
2.621969609788372235e+00
1.237282481408829460e+00
-1.917559497948295721e-02
-3.718230456007285412e-01
7.132246984696943848e-01
1.807900315483609299e+00
2.418689136500603354e+00
2.374879562376536413e+00
1.964794922263176868e+00
9.991745977755397412e-01
4.162122295821066853e-01
-2.524426888475952424e-01
-1.038266558125550354e+00
-1.034116038175993957e+00
1.868353653516117152e-01
4.101320158639909508e-01
1.255294212386903752e-02
-4.089220809263457435e-01
5.885842692049572111e-01
6.804652285862602401e-01
5.391060208816707000e-01
3.403825789957741765e-01
1.461234940818476602e-01
-1.942830811680895664e-03
-6.801876513031546168e-03
1.476684140941834089e-01
3.797139112400754746e-01
6.146689491240759917e-01
5.026494707168136511e-01
3.939288806220553329e-01
4.794090988040310419e-01
-3.261926487791610985e-02
-3.673568137877077922e-01
-2.401561150889705010e-01
2.249336076109043070e-02
3.221132297308954007e-01
5.558577673394724528e-01
6.512841113601877119e-01
6.281008794760414293e-01
4.832027245037408547e-01
2.482285777075236011e-01
-2.916684068533181851e-03
-1.800110157977509173e-01
-2.314740426023866871e-01
-1.409327258506464231e-01
9.719977768364879145e-02
3.949019846351566332e-01
2.656278488247189040e-01
2.743122113581571986e-01
2.822551465839295837e-01
2.337198208453914461e-01
1.994862604813172346e-01
9.956956961219320945e-02
-5.609860902408891903e-02
-7.970235545854809089e-02
3.390667318506817018e-01
7.828505894810033894e-02
7.016748398665839659e-02
2.649350881801915136e-01
5.296560763858622067e-01
6.721791368315495063e-01
8.574106231498785924e-01
8.970927900846572545e-01
-2.214049111300997463e-02
-1.324648956880276618e+00
-2.610973722312936562e+00
-3.380555813946427790e+00
-3.340518650058158290e+00
-2.768439637318608870e+00
-1.587849703452212990e+00
-2.407005067746565974e-01
-5.060532476506161004e-01
-5.364646649673953105e-01
1.274426876016823362e+00
8.337081021152776827e-01
3.229973608638436744e-01
-5.943291883992785074e-02
-1.896880356469434759e-01
-1.077564776183761452e-01
-8.747425395237873325e-03
-1.030120561539620283e-01
-8.093597398944396559e-02
-1.979321949038204131e-01
-3.359132191317786287e-01
-4.029988158230723982e-01
-3.854693672315105957e-01
-3.055651560474135220e-01
-2.214018376825663825e-01
-1.665884543835324250e-01
-1.282367204450066689e-01
-7.097053537319880645e-02
-1.342757020471083140e-02
2.384528204012048569e-02
6.607250771044453908e-02
1.154949377378909348e-01
-6.475964881873774726e-02
-1.831668479674204431e-01
-1.906687700926471551e-01
-1.787549932696299582e-01
-1.382791987733555938e-01
-5.148745589600112194e-02
6.235789219371068448e-02
-5.032743321830579486e-02
-1.007990173454759164e-01
-1.303814056752129469e-01
-1.864508243433177503e-01
1.937733815303688822e-01
2.894333927675802332e-01
1.555278048457220397e-01
1.347284969054163284e-02
-5.978673781752541494e-02
-7.003833983710228139e-02
-7.970546576553561025e-02
-1.345482321753650456e-01
-2.071604202365633363e-01
-3.155834352127584452e-01
-3.897263087338247445e-01
-4.129157119501849493e-01
-4.168766188053363297e-01
-4.173771556606467037e-01
-4.783018243683012094e-01
-2.251890051782153845e-01
-2.110178808250999793e-01
-3.922815384741791256e-01
-5.577087738855217580e-01
-6.260868113712669825e-01
-5.497018822329211574e-01
-3.491366152694781455e-01
-2.273321338900001765e-01
-4.676720397823528330e-01
-6.825961839448768664e-01
-7.848034938986523379e-01
-7.488291908352979753e-01
-6.474068269626083172e-01
-5.157892266422732241e-01
-3.419298890222381981e-01
-1.434290118331555952e-01
-6.030149848041899130e-02
-2.485921614051491702e-01
-3.892643534395525684e-01
-4.809861529146584047e-01
-5.108562226702164644e-01
-4.370290509625827102e-01
-2.619687932485806892e-01
-8.636474609375000000e-02
-2.619687932485806892e-01
-4.370290509625827102e-01
-5.108562226702164644e-01
-4.809861529146584047e-01
-3.892643534395525684e-01
-2.485921614051491702e-01
-6.030149848041899130e-02
-1.434290118331555952e-01
-3.419298890222381981e-01
-5.157892266422732241e-01
-6.474068269626083172e-01
-7.488291908352979753e-01
-7.848034938986523379e-01
-6.825961839448768664e-01
-4.676720397823528330e-01
-2.273321338900001765e-01
-3.491366152694781455e-01
-5.497018822329211574e-01
-6.260868113712669825e-01
-5.577087738855217580e-01
-3.922815384741791256e-01
-2.110178808250999793e-01
-2.251890051782153845e-01
-4.783018243683012094e-01
-4.173771556606467037e-01
-4.168766188053363297e-01
-4.129157119501849493e-01
-3.897263087338247445e-01
-3.155834352127584452e-01
-2.071604202365633363e-01
-1.345482321753650456e-01
-7.970546576553561025e-02
-7.003833983710228139e-02
-5.978673781752541494e-02
1.347284969054163284e-02
1.555278048457220397e-01
2.894333927675802332e-01
1.937733815303688822e-01
-1.864508243433177503e-01
-1.303814056752129469e-01
-1.007990173454759164e-01
-5.032743321830579486e-02
6.235789219371068448e-02
-5.148745589600112194e-02
-1.382791987733555938e-01
-1.787549932696299582e-01
-1.906687700926471551e-01
-1.831668479674204431e-01
-6.475964881873774726e-02
1.154949377378909348e-01
6.607250771044453908e-02
2.384528204012048569e-02
-1.342757020471083140e-02
-7.097053537319880645e-02
-1.282367204450066689e-01
-1.665884543835324250e-01
-2.214018376825663825e-01
-3.055651560474135220e-01
-3.854693672315105957e-01
-4.029988158230723982e-01
-3.359132191317786287e-01
-1.979321949038204131e-01
-8.093597398944396559e-02
-1.030120561539620283e-01
-8.747425395237873325e-03
-1.077564776183761452e-01
-1.896880356469434759e-01
-5.943291883992785074e-02
3.229973608638436744e-01
8.337081021152776827e-01
1.274426876016823362e+00
-5.364646649673953105e-01
-5.060532476506161004e-01
-2.407005067746565974e-01
-1.587849703452212990e+00
-2.768439637318608870e+00
-3.340518650058158290e+00
-3.380555813946427790e+00
-2.610973722312936562e+00
-1.324648956880276618e+00
-2.214049111300997463e-02
8.970927900846572545e-01
8.574106231498785924e-01
6.721791368315495063e-01
5.296560763858622067e-01
2.649350881801915136e-01
7.016748398665839659e-02
7.828505894810033894e-02
3.390667318506817018e-01
-7.970235545854809089e-02
-5.609860902408891903e-02
9.956956961219320945e-02
1.994862604813172346e-01
2.337198208453914461e-01
2.822551465839295837e-01
2.743122113581571986e-01
2.656278488247189040e-01
3.949019846351566332e-01
9.719977768364879145e-02
-1.409327258506464231e-01
-2.314740426023866871e-01
-1.800110157977509173e-01
-2.916684068533181851e-03
2.482285777075236011e-01
4.832027245037408547e-01
6.281008794760414293e-01
6.512841113601877119e-01
5.558577673394724528e-01
3.221132297308954007e-01
2.249336076109043070e-02
-2.401561150889705010e-01
-3.673568137877077922e-01
-3.261926487791610985e-02
4.794090988040310419e-01
3.939288806220553329e-01
5.026494707168136511e-01
6.146689491240759917e-01
3.797139112400754746e-01
1.476684140941834089e-01
-6.801876513031546168e-03
-1.942830811680895664e-03
1.461234940818476602e-01
3.403825789957741765e-01
5.391060208816707000e-01
6.804652285862602401e-01
5.885842692049572111e-01
-4.089220809263457435e-01
1.255294212386903752e-02
4.101320158639909508e-01
1.868353653516117152e-01
-1.034116038175993957e+00
-1.038266558125550354e+00
-2.524426888475952424e-01
4.162122295821066853e-01
9.991745977755397412e-01
1.964794922263176868e+00
2.374879562376536413e+00
2.418689136500603354e+00
1.807900315483609299e+00
7.132246984696943848e-01
-3.718230456007285412e-01
-1.917559497948295721e-02
1.237282481408829460e+00
2.621969609788372235e+00
3.608666372750128026e+00
3.892803407771083357e+00
3.059946822128959187e+00
1.607348879364470129e+00
1.917937161184952721e-01
-1.036256060651644439e+00
-5.318199265915077856e-01
-9.099351269229249972e-02
2.661189048321628281e-01
2.450965614167270878e-01
-7.795067322742319504e-01
-1.906835351145471424e+00
-1.096323315151207511e+00
-3.876915640320139911e-01
4.479485388769477439e-02
5.634860544678648164e-01
1.814961070406277077e+00
1.599474184735214299e+00
7.673431766722105252e-01
-3.255509665260025720e-01
-7.934379768414490108e-01
-5.719861195637818696e-01
-2.883601124168633234e-01
-1.565000599036807660e-01
4.043724753171689112e-01
5.171266413056684330e-01
3.507807796446062998e-01
1.544198656658775093e-01
-4.078923312351490083e-02
-2.437688657988053009e-01
-3.491285385994482571e-01
0.000000000000000000e+00
0.000000000000000000e+00
0.000000000000000000e+00
0.000000000000000000e+00
0.000000000000000000e+00
0.000000000000000000e+00
0.000000000000000000e+00
0.000000000000000000e+00
0.000000000000000000e+00
0.000000000000000000e+00
0.000000000000000000e+00
0.000000000000000000e+00
0.000000000000000000e+00
0.000000000000000000e+00
0.000000000000000000e+00
0.000000000000000000e+00
0.000000000000000000e+00
0.000000000000000000e+00
0.000000000000000000e+00
0.000000000000000000e+00
0.000000000000000000e+00
0.000000000000000000e+00
0.000000000000000000e+00
0.000000000000000000e+00
0.000000000000000000e+00
0.000000000000000000e+00
0.000000000000000000e+00
0.000000000000000000e+00
0.000000000000000000e+00
0.000000000000000000e+00
0.000000000000000000e+00
0.000000000000000000e+00
0.000000000000000000e+00
0.000000000000000000e+00
0.000000000000000000e+00
0.000000000000000000e+00
0.000000000000000000e+00
0.000000000000000000e+00
0.000000000000000000e+00
0.000000000000000000e+00
0.000000000000000000e+00
0.000000000000000000e+00
0.000000000000000000e+00
0.000000000000000000e+00
0.000000000000000000e+00
0.000000000000000000e+00
0.000000000000000000e+00
0.000000000000000000e+00
0.000000000000000000e+00
0.000000000000000000e+00
0.000000000000000000e+00
0.000000000000000000e+00
0.000000000000000000e+00
0.000000000000000000e+00
0.000000000000000000e+00
0.000000000000000000e+00
0.000000000000000000e+00
0.000000000000000000e+00
0.000000000000000000e+00
0.000000000000000000e+00
0.000000000000000000e+00
0.000000000000000000e+00
0.000000000000000000e+00
0.000000000000000000e+00
0.000000000000000000e+00
0.000000000000000000e+00
0.000000000000000000e+00
0.000000000000000000e+00
0.000000000000000000e+00
0.000000000000000000e+00
0.000000000000000000e+00
0.000000000000000000e+00
0.000000000000000000e+00
0.000000000000000000e+00
0.000000000000000000e+00
0.000000000000000000e+00
0.000000000000000000e+00
0.000000000000000000e+00
0.000000000000000000e+00
0.000000000000000000e+00
0.000000000000000000e+00
0.000000000000000000e+00
0.000000000000000000e+00
0.000000000000000000e+00
0.000000000000000000e+00
0.000000000000000000e+00
0.000000000000000000e+00
0.000000000000000000e+00
0.000000000000000000e+00
0.000000000000000000e+00
0.000000000000000000e+00
0.000000000000000000e+00
0.000000000000000000e+00
0.000000000000000000e+00
0.000000000000000000e+00
0.000000000000000000e+00
0.000000000000000000e+00
0.000000000000000000e+00
0.000000000000000000e+00
0.000000000000000000e+00
0.000000000000000000e+00
0.000000000000000000e+00
0.000000000000000000e+00
0.000000000000000000e+00
0.000000000000000000e+00
0.000000000000000000e+00
0.000000000000000000e+00
0.000000000000000000e+00
0.000000000000000000e+00
0.000000000000000000e+00
0.000000000000000000e+00
0.000000000000000000e+00
0.000000000000000000e+00
0.000000000000000000e+00
0.000000000000000000e+00
0.000000000000000000e+00
0.000000000000000000e+00
0.000000000000000000e+00
0.000000000000000000e+00
0.000000000000000000e+00
0.000000000000000000e+00
0.000000000000000000e+00
0.000000000000000000e+00
0.000000000000000000e+00
0.000000000000000000e+00
0.000000000000000000e+00
0.000000000000000000e+00
0.000000000000000000e+00
0.000000000000000000e+00
0.000000000000000000e+00
0.000000000000000000e+00
0.000000000000000000e+00
0.000000000000000000e+00
0.000000000000000000e+00
0.000000000000000000e+00
0.000000000000000000e+00
0.000000000000000000e+00
0.000000000000000000e+00
0.000000000000000000e+00
0.000000000000000000e+00
0.000000000000000000e+00
0.000000000000000000e+00
0.000000000000000000e+00
0.000000000000000000e+00
0.000000000000000000e+00
0.000000000000000000e+00
0.000000000000000000e+00
0.000000000000000000e+00
