-8.303527832031267764e-01
-9.140857065351390975e-01
-9.313225548787582575e-01
-6.248984075302463914e-01
5.364276359968012109e-02
9.665404518920293064e-01
1.201829889332481471e+00
1.021510696876874347e+00
1.027219864212409961e+00
9.153041298938513481e-01
9.531666886756200441e-01
1.163390824505460941e+00
1.054947293915372342e+00
5.393529499740172817e-01
5.334617851920608889e-01
1.092769344691810085e+00
1.773750523314561178e+00
2.698093691764273494e+00
3.777799687441382837e+00
4.017685852259868184e+00
3.293745974425938527e+00
2.460370014048636644e+00
2.150053835022140536e+00
1.345518458845945897e+00
6.435407893700026971e-01
5.608171803342498762e-01
9.439824094687860878e-01
9.217087345173555768e-01
2.240787069749705651e-01
-6.581465556047230159e-01
-7.577131773242180568e-01
4.590742248848878049e-02
5.263099537216588963e-01
2.251094019844622096e+00
3.374506505267960144e+00
1.197651324140333262e+00
-7.788977306681812429e-01
-2.690960932120777027e+00
-2.808041479762386050e+00
-2.070417873342347725e+00
-1.601901404930476502e+00
-1.057606970927745138e+00
1.816585793439185581e+00
1.313110181447891378e+00
1.141353232905254700e+00
1.145967592737889618e+00
7.245590095275522557e-01
-5.375653857665483315e-01
3.867435227267042031e-01
1.889392672246623661e-01
-9.725659150853012136e-01
-1.203915640586754598e-01
4.385625013076568379e-01
-4.772979261598555567e-01
-1.217345121731147728e+00
-1.527564421235138248e+00
-1.063327524377625677e+00
-6.305445932066495729e-01
9.653899895176718537e-01
1.524585191877431800e+00
1.095192519772528517e+00
6.927114403139471577e-01
2.747958448481968574e-02
-1.261704017368217023e-01
-2.395880056920418610e-02
-2.502049050349630654e-01
-2.350512120211205591e-01
1.435315034902382436e-01
7.172570167510992079e-01
5.730015218068258420e-01
-2.402528862758539496e-01
-4.401759233757625012e-01
-1.381409361699614813e-01
-4.373895369982172543e-01
-1.390542591028685937e+00
-1.887011172433241679e+00
-1.826085963583659932e+00
-7.681002535682843746e-01
4.791890812924806120e-01
-5.562459873125269461e-01
-1.095712816885039409e+00
-1.208697544856951467e+00
-5.758312542148413815e-01
-1.721159265256722026e-01
4.521293770913245580e-01
1.705854247536122692e-01
-2.677967254858484303e-01
-7.119022191545022471e-01
-3.258553084353863483e-01
-4.591150095503975237e-01
-8.440117161964111325e-01
-4.483702051985462567e-01
9.739861189341245673e-01
6.366498486050409245e-01
9.950517953966515616e-01
2.113419149444233369e+00
1.754374303760806830e+00
3.684681419629017851e-01
1.522145945583540660e+00
2.200607070084621419e+00
1.514263849061863398e+00
-2.828586005721390184e-01
1.164355719263819866e+00
1.740740937081205253e+00
9.041388251264038667e-01
-7.021468248463066386e-01
-4.419943031575328529e-01
4.336746430161197985e-01
1.704760346256926073e+00
2.666174203446193047e+00
2.150364396820503288e+00
5.751479969299069239e-01
1.345819277282903847e+00
1.862317205903438300e+00
-6.365200698883837216e-01
-6.120569006667222478e-01
6.429808938248617878e-01
7.858424264940400139e-01
6.001061052427281162e-01
1.555110049416157381e+00
1.828837655067916401e+00
9.242239991758391948e-01
3.253035330258170488e-01
9.122590598519171312e-01
-4.734832973026971148e-01
-1.262846465162525078e+00
3.111987504370155033e-01
1.294429823086871600e+00
-1.663393929035188457e-01
-6.464140865075700404e-01
-6.031643877079544414e-01
-3.940153054957350465e-01
-2.306196831228870536e-01
1.464046517079924392e-01
1.027703441838622167e+00
7.240460244555034786e-01
4.801412450420828870e-01
6.835459217442494406e-01
7.543106925956863940e-01
3.134460743155159657e-01
-2.360831505165276178e-01
-2.993005174192218121e-01
-5.878795935047622656e-01
-5.722492213859746713e-01
-4.168313050231096106e-01
-5.478803874791446926e-01
-6.789128470159040418e-01
6.140515254477274532e-02
4.802622363025814689e-01
4.787586181136618269e-01
1.175406367445459788e+00
1.086578227513725903e+00
2.401109808731458628e-01
-1.454841898003913281e+00
-8.878067974638383930e-01
8.643685773466736055e-01
1.362309361347494585e+00
1.244030352749351032e+00
5.193531349300247735e-01
-1.131057273378557548e+00
-8.733958279947651171e-01
-1.178644733221223539e-01
-1.018027149928970587e-01
3.331145529094898805e-01
1.886820909930172485e+00
-2.222624333983231892e-01
-3.434971088433298902e+00
-1.217945828884657189e+00
5.383784866353522602e-01
3.169931163222452497e-01
-2.440640684093738244e+00
-3.826431412204811977e+00
3.051922883477633519e-01
1.255874732269004035e+00
-1.393115571634914840e+00
-5.795607704475442823e-01
8.556608208738598620e-01
-9.411847077767054870e-01
-2.742367353272886277e+00
-6.446505266590474292e-01
8.045919399014360707e-01
3.932967331711783032e-01
-1.142875646599424089e+00
-1.545372007892790611e+00
-1.028525121398143671e+00
-2.726815405458455910e-01
8.856980741598765583e-01
9.318350971743033506e-01
5.173165357664889497e-01
8.892017621030298136e-01
1.374204119575372918e-01
-8.190313128125441544e-01
-4.242592342172528674e-01
2.233921989718408163e-01
-2.417507264076719231e-01
-1.022028260820477152e+00
-5.420919959104262276e-01
4.658147581885141442e-01
4.847669589053760220e-01
-5.254211425781258882e-01
4.847669589053760220e-01
4.658147581885141442e-01
-5.420919959104262276e-01
-1.022028260820477152e+00
-2.417507264076719231e-01
2.233921989718408163e-01
-4.242592342172528674e-01
-8.190313128125441544e-01
1.374204119575372918e-01
8.892017621030298136e-01
5.173165357664889497e-01
9.318350971743033506e-01
8.856980741598765583e-01
-2.726815405458455910e-01
-1.028525121398143671e+00
-1.545372007892790611e+00
-1.142875646599424089e+00
3.932967331711783032e-01
8.045919399014360707e-01
-6.446505266590474292e-01
-2.742367353272886277e+00
-9.411847077767054870e-01
8.556608208738598620e-01
-5.795607704475442823e-01
-1.393115571634914840e+00
1.255874732269004035e+00
3.051922883477633519e-01
-3.826431412204811977e+00
-2.440640684093738244e+00
3.169931163222452497e-01
5.383784866353522602e-01
-1.217945828884657189e+00
-3.434971088433298902e+00
-2.222624333983231892e-01
1.886820909930172485e+00
3.331145529094898805e-01
-1.018027149928970587e-01
-1.178644733221223539e-01
-8.733958279947651171e-01
-1.131057273378557548e+00
5.193531349300247735e-01
1.244030352749351032e+00
1.362309361347494585e+00
8.643685773466736055e-01
-8.878067974638383930e-01
-1.454841898003913281e+00
2.401109808731458628e-01
1.086578227513725903e+00
1.175406367445459788e+00
4.787586181136618269e-01
4.802622363025814689e-01
6.140515254477274532e-02
-6.789128470159040418e-01
-5.478803874791446926e-01
-4.168313050231096106e-01
-5.722492213859746713e-01
-5.878795935047622656e-01
-2.993005174192218121e-01
-2.360831505165276178e-01
3.134460743155159657e-01
7.543106925956863940e-01
6.835459217442494406e-01
4.801412450420828870e-01
7.240460244555034786e-01
1.027703441838622167e+00
1.464046517079924392e-01
-2.306196831228870536e-01
-3.940153054957350465e-01
-6.031643877079544414e-01
-6.464140865075700404e-01
-1.663393929035188457e-01
1.294429823086871600e+00
3.111987504370155033e-01
-1.262846465162525078e+00
-4.734832973026971148e-01
9.122590598519171312e-01
3.253035330258170488e-01
9.242239991758391948e-01
1.828837655067916401e+00
1.555110049416157381e+00
6.001061052427281162e-01
7.858424264940400139e-01
6.429808938248617878e-01
-6.120569006667222478e-01
-6.365200698883837216e-01
1.862317205903438300e+00
1.345819277282903847e+00
5.751479969299069239e-01
2.150364396820503288e+00
2.666174203446193047e+00
1.704760346256926073e+00
4.336746430161197985e-01
-4.419943031575328529e-01
-7.021468248463066386e-01
9.041388251264038667e-01
1.740740937081205253e+00
1.164355719263819866e+00
-2.828586005721390184e-01
1.514263849061863398e+00
2.200607070084621419e+00
1.522145945583540660e+00
3.684681419629017851e-01
1.754374303760806830e+00
2.113419149444233369e+00
9.950517953966515616e-01
6.366498486050409245e-01
9.739861189341245673e-01
-4.483702051985462567e-01
-8.440117161964111325e-01
-4.591150095503975237e-01
-3.258553084353863483e-01
-7.119022191545022471e-01
-2.677967254858484303e-01
1.705854247536122692e-01
4.521293770913245580e-01
-1.721159265256722026e-01
-5.758312542148413815e-01
-1.208697544856951467e+00
-1.095712816885039409e+00
-5.562459873125269461e-01
4.791890812924806120e-01
-7.681002535682843746e-01
-1.826085963583659932e+00
-1.887011172433241679e+00
-1.390542591028685937e+00
-4.373895369982172543e-01
-1.381409361699614813e-01
-4.401759233757625012e-01
-2.402528862758539496e-01
5.730015218068258420e-01
7.172570167510992079e-01
1.435315034902382436e-01
-2.350512120211205591e-01
-2.502049050349630654e-01
-2.395880056920418610e-02
-1.261704017368217023e-01
2.747958448481968574e-02
6.927114403139471577e-01
1.095192519772528517e+00
1.524585191877431800e+00
9.653899895176718537e-01
-6.305445932066495729e-01
-1.063327524377625677e+00
-1.527564421235138248e+00
-1.217345121731147728e+00
-4.772979261598555567e-01
4.385625013076568379e-01
-1.203915640586754598e-01
-9.725659150853012136e-01
1.889392672246623661e-01
3.867435227267042031e-01
-5.375653857665483315e-01
7.245590095275522557e-01
1.145967592737889618e+00
1.141353232905254700e+00
1.313110181447891378e+00
1.816585793439185581e+00
-1.057606970927745138e+00
-1.601901404930476502e+00
-2.070417873342347725e+00
-2.808041479762386050e+00
-2.690960932120777027e+00
-7.788977306681812429e-01
1.197651324140333262e+00
3.374506505267960144e+00
2.251094019844622096e+00
5.263099537216588963e-01
4.590742248848878049e-02
-7.577131773242180568e-01
-6.581465556047230159e-01
2.240787069749705651e-01
9.217087345173555768e-01
9.439824094687860878e-01
5.608171803342498762e-01
6.435407893700026971e-01
1.345518458845945897e+00
2.150053835022140536e+00
2.460370014048636644e+00
3.293745974425938527e+00
4.017685852259868184e+00
3.777799687441382837e+00
2.698093691764273494e+00
1.773750523314561178e+00
1.092769344691810085e+00
5.334617851920608889e-01
5.393529499740172817e-01
1.054947293915372342e+00
1.163390824505460941e+00
9.531666886756200441e-01
9.153041298938513481e-01
1.027219864212409961e+00
1.021510696876874347e+00
1.201829889332481471e+00
9.665404518920293064e-01
5.364276359968012109e-02
-6.248984075302463914e-01
-9.313225548787582575e-01
-9.140857065351390975e-01
0.000000000000000000e+00
0.000000000000000000e+00
0.000000000000000000e+00
0.000000000000000000e+00
0.000000000000000000e+00
0.000000000000000000e+00
0.000000000000000000e+00
0.000000000000000000e+00
0.000000000000000000e+00
0.000000000000000000e+00
0.000000000000000000e+00
0.000000000000000000e+00
0.000000000000000000e+00
0.000000000000000000e+00
0.000000000000000000e+00
0.000000000000000000e+00
0.000000000000000000e+00
0.000000000000000000e+00
0.000000000000000000e+00
0.000000000000000000e+00
0.000000000000000000e+00
0.000000000000000000e+00
0.000000000000000000e+00
0.000000000000000000e+00
0.000000000000000000e+00
0.000000000000000000e+00
0.000000000000000000e+00
0.000000000000000000e+00
0.000000000000000000e+00
0.000000000000000000e+00
0.000000000000000000e+00
0.000000000000000000e+00
0.000000000000000000e+00
0.000000000000000000e+00
0.000000000000000000e+00
0.000000000000000000e+00
0.000000000000000000e+00
0.000000000000000000e+00
0.000000000000000000e+00
0.000000000000000000e+00
0.000000000000000000e+00
0.000000000000000000e+00
0.000000000000000000e+00
0.000000000000000000e+00
0.000000000000000000e+00
0.000000000000000000e+00
0.000000000000000000e+00
0.000000000000000000e+00
0.000000000000000000e+00
0.000000000000000000e+00
0.000000000000000000e+00
0.000000000000000000e+00
0.000000000000000000e+00
0.000000000000000000e+00
0.000000000000000000e+00
0.000000000000000000e+00
0.000000000000000000e+00
0.000000000000000000e+00
0.000000000000000000e+00
0.000000000000000000e+00
0.000000000000000000e+00
0.000000000000000000e+00
0.000000000000000000e+00
0.000000000000000000e+00
0.000000000000000000e+00
0.000000000000000000e+00
0.000000000000000000e+00
0.000000000000000000e+00
0.000000000000000000e+00
0.000000000000000000e+00
0.000000000000000000e+00
0.000000000000000000e+00
0.000000000000000000e+00
0.000000000000000000e+00
0.000000000000000000e+00
0.000000000000000000e+00
0.000000000000000000e+00
0.000000000000000000e+00
0.000000000000000000e+00
0.000000000000000000e+00
0.000000000000000000e+00
0.000000000000000000e+00
0.000000000000000000e+00
0.000000000000000000e+00
0.000000000000000000e+00
0.000000000000000000e+00
0.000000000000000000e+00
0.000000000000000000e+00
0.000000000000000000e+00
0.000000000000000000e+00
0.000000000000000000e+00
0.000000000000000000e+00
0.000000000000000000e+00
0.000000000000000000e+00
0.000000000000000000e+00
0.000000000000000000e+00
0.000000000000000000e+00
0.000000000000000000e+00
0.000000000000000000e+00
0.000000000000000000e+00
0.000000000000000000e+00
0.000000000000000000e+00
