1.133972167968750000e+00
1.227299988803570718e+00
1.245758302584693888e+00
8.848533047129554241e-01
8.916669437271386167e-01
8.421160390313191524e-01
5.069773468098142111e-01
2.154228473946335209e-01
4.584358431761094144e-01
1.404852396628999411e-01
-2.728921629013414396e-02
-5.626907458643803928e-02
-2.520415703140985175e-01
-3.044486761244567519e-01
-5.144760381137541971e-01
-4.540905204899411962e-01
-2.897100289649945370e-01
-1.014356728048416700e-01
-2.637606369670239537e-01
-2.420175978505244574e-01
4.731648813756090810e-01
7.193230727231944011e-01
-4.642339505918701703e-01
-2.045535999307358521e-01
3.531269114657913377e-01
1.136749262569802799e-01
-1.735236752665473281e-01
2.850648406663676138e-01
-1.275927044329709936e-01
-7.913420045469505837e-01
-5.903137760976584492e-01
3.318644918683122391e-01
-4.982657355934003718e-01
-7.591072437978327869e-01
-2.708689433863731288e-02
-6.924776823649536617e-01
-7.719754403370409079e-01
1.718256642281699165e-01
-3.490269274108481756e-01
-1.366518385107066358e+00
-8.222222799245813007e-01
6.591319581063713740e-01
-2.641240994197389114e-01
-5.754646932093634426e-01
-5.387830687050687573e-02
1.370405079200784915e-01
-7.876535292959327972e-01
3.223358611656590433e-02
6.001017608348182542e-01
3.379786709025722757e-04
-4.354219540912489528e-01
-2.502358860487967629e-01
-3.223263515315981653e-01
-3.984452593311487156e-01
2.178972553132920709e-01
1.004492645605961965e+00
9.291627256506566068e-01
-1.127666038968881068e+00
-1.395143719120373049e-01
5.795637704253340239e-01
9.286640809287893816e-02
3.899964586575599412e-02
3.726626615440762347e-01
2.826147999310739678e-01
-2.449506606675193043e-01
-3.390929048814748104e-01
-7.035036045092439849e-01
-7.384718877968703410e-01
-4.757623578195011582e-01
-6.677086972500267947e-01
-1.190403439961472465e+00
-8.818227058349674685e-01
-5.343605236658532931e-02
6.420498467468538362e-01
7.667809708385202594e-01
4.394911104439171989e-01
5.782044429655908147e-03
-1.228347216878555859e-01
3.046919419935587570e-01
1.023758523963158806e+00
1.175653913466360612e+00
3.815031625173304075e-01
-1.780437684468849646e-01
-9.855436566479374161e-01
-1.002708290426751248e+00
-5.357591077031724769e-01
-2.407213462231938550e-03
2.678423431135740218e-01
-8.543001400877365814e-01
-6.479840840706299065e-01
1.220803595401295238e-01
6.051894425558734802e-01
8.422629532908851857e-01
7.566727677995801482e-01
-4.386342482007354882e-02
-5.305710439684773183e-01
1.707480090038453469e-01
9.690616208502736972e-01
9.154846126083742153e-01
4.212361984558672390e-01
6.337732444102797680e-02
1.720088775768777722e-01
7.768611786799417551e-02
1.943881476094748706e-01
3.629445983535483089e-01
3.719855754046474949e-02
-3.227437473764073195e-01
1.326546238350816420e-01
1.034104902249904923e-01
-1.527326619571680311e-01
5.137004011041700346e-01
5.387039717760270241e-01
1.695184504617087695e-01
-6.725735104161963962e-01
-6.005510459413265778e-02
4.904811440620415741e-01
3.739262911808201029e-01
-3.486806252458017896e-01
-6.445723484366183698e-02
6.625741332628375391e-01
3.147793110571984743e-01
-2.986211595926214768e-01
3.423125047297496115e-01
1.103884246080574227e+00
1.331648760075641924e+00
1.335444335712474340e+00
6.855366389037161889e-01
1.875587713121972255e-01
1.325660491899740556e+00
1.401773569653115281e+00
-1.610619379659850026e-02
-5.158816342563578017e-01
1.014619903695610503e+00
1.350984425436057013e+00
1.123326878838601939e-01
-1.199449733754414327e+00
8.720773822507004169e-01
1.952810526450247997e+00
1.593672215547682791e+00
1.472302807534162650e-01
-1.200012021307500953e+00
-2.320109164768520138e-01
5.419573007687297217e-01
5.954122953364713311e-01
-1.475723528289810682e-01
-5.404127049262934523e-01
6.200826980370031105e-01
-1.134736347633694686e-01
-9.435273380228719198e-01
-4.951082175098677762e-01
2.350881805686699799e-01
4.510530135919825767e-01
1.605987541597455603e-01
-1.823609689793279642e-01
-2.026102783495238313e-01
-1.143020328778323602e-01
-2.767860021335346588e-01
-7.003921571097295740e-01
-1.133032788397179580e+00
-1.344994719259164917e+00
-1.068924656741196078e+00
-2.709014384290342470e-01
3.621818785130703766e-01
2.430585962080842322e-01
-1.882178700734168375e-01
3.272712972002005394e-01
5.530589976333866176e-01
8.294010671740714713e-02
-2.298525252387224604e-01
3.225817111039401830e-01
6.230754163538083645e-01
2.549325428821103134e-01
-3.075575191278989706e-01
-2.040919670599705693e-01
-1.120066162017407940e-02
-3.072894505415346700e-02
7.127302072732499827e-02
1.577742430409623253e-01
-9.666651722776026245e-02
1.422026073431226223e-02
2.208078469813701261e-02
-1.282294855359700225e-01
-1.593720318309686246e-01
3.828906064727126135e-01
2.994726492472032930e-01
3.571833413966014059e-01
3.454402724865677232e-01
2.803108033223568052e-01
1.859909391835833370e-01
5.622956132010692443e-02
-2.179107700806024450e-01
-5.401016074921252130e-01
-5.529800197438804465e-01
-1.665527875463987950e-01
3.347480175778061451e-01
5.504921550909332995e-01
3.966420711528271803e-01
2.473854694114544506e-01
-1.361450007994287614e-01
-5.209350585937486677e-01
-1.361450007994287614e-01
2.473854694114544506e-01
3.966420711528271803e-01
5.504921550909332995e-01
3.347480175778061451e-01
-1.665527875463987950e-01
-5.529800197438804465e-01
-5.401016074921252130e-01
-2.179107700806024450e-01
5.622956132010692443e-02
1.859909391835833370e-01
2.803108033223568052e-01
3.454402724865677232e-01
3.571833413966014059e-01
2.994726492472032930e-01
3.828906064727126135e-01
-1.593720318309686246e-01
-1.282294855359700225e-01
2.208078469813701261e-02
1.422026073431226223e-02
-9.666651722776026245e-02
1.577742430409623253e-01
7.127302072732499827e-02
-3.072894505415346700e-02
-1.120066162017407940e-02
-2.040919670599705693e-01
-3.075575191278989706e-01
2.549325428821103134e-01
6.230754163538083645e-01
3.225817111039401830e-01
-2.298525252387224604e-01
8.294010671740714713e-02
5.530589976333866176e-01
3.272712972002005394e-01
-1.882178700734168375e-01
2.430585962080842322e-01
3.621818785130703766e-01
-2.709014384290342470e-01
-1.068924656741196078e+00
-1.344994719259164917e+00
-1.133032788397179580e+00
-7.003921571097295740e-01
-2.767860021335346588e-01
-1.143020328778323602e-01
-2.026102783495238313e-01
-1.823609689793279642e-01
1.605987541597455603e-01
4.510530135919825767e-01
2.350881805686699799e-01
-4.951082175098677762e-01
-9.435273380228719198e-01
-1.134736347633694686e-01
6.200826980370031105e-01
-5.404127049262934523e-01
-1.475723528289810682e-01
5.954122953364713311e-01
5.419573007687297217e-01
-2.320109164768520138e-01
-1.200012021307500953e+00
1.472302807534162650e-01
1.593672215547682791e+00
1.952810526450247997e+00
8.720773822507004169e-01
-1.199449733754414327e+00
1.123326878838601939e-01
1.350984425436057013e+00
1.014619903695610503e+00
-5.158816342563578017e-01
-1.610619379659850026e-02
1.401773569653115281e+00
1.325660491899740556e+00
1.875587713121972255e-01
6.855366389037161889e-01
1.335444335712474340e+00
1.331648760075641924e+00
1.103884246080574227e+00
3.423125047297496115e-01
-2.986211595926214768e-01
3.147793110571984743e-01
6.625741332628375391e-01
-6.445723484366183698e-02
-3.486806252458017896e-01
3.739262911808201029e-01
4.904811440620415741e-01
-6.005510459413265778e-02
-6.725735104161963962e-01
1.695184504617087695e-01
5.387039717760270241e-01
5.137004011041700346e-01
-1.527326619571680311e-01
1.034104902249904923e-01
1.326546238350816420e-01
-3.227437473764073195e-01
3.719855754046474949e-02
3.629445983535483089e-01
1.943881476094748706e-01
7.768611786799417551e-02
1.720088775768777722e-01
6.337732444102797680e-02
4.212361984558672390e-01
9.154846126083742153e-01
9.690616208502736972e-01
1.707480090038453469e-01
-5.305710439684773183e-01
-4.386342482007354882e-02
7.566727677995801482e-01
8.422629532908851857e-01
6.051894425558734802e-01
1.220803595401295238e-01
-6.479840840706299065e-01
-8.543001400877365814e-01
2.678423431135740218e-01
-2.407213462231938550e-03
-5.357591077031724769e-01
-1.002708290426751248e+00
-9.855436566479374161e-01
-1.780437684468849646e-01
3.815031625173304075e-01
1.175653913466360612e+00
1.023758523963158806e+00
3.046919419935587570e-01
-1.228347216878555859e-01
5.782044429655908147e-03
4.394911104439171989e-01
7.667809708385202594e-01
6.420498467468538362e-01
-5.343605236658532931e-02
-8.818227058349674685e-01
-1.190403439961472465e+00
-6.677086972500267947e-01
-4.757623578195011582e-01
-7.384718877968703410e-01
-7.035036045092439849e-01
-3.390929048814748104e-01
-2.449506606675193043e-01
2.826147999310739678e-01
3.726626615440762347e-01
3.899964586575599412e-02
9.286640809287893816e-02
5.795637704253340239e-01
-1.395143719120373049e-01
-1.127666038968881068e+00
9.291627256506566068e-01
1.004492645605961965e+00
2.178972553132920709e-01
-3.984452593311487156e-01
-3.223263515315981653e-01
-2.502358860487967629e-01
-4.354219540912489528e-01
3.379786709025722757e-04
6.001017608348182542e-01
3.223358611656590433e-02
-7.876535292959327972e-01
1.370405079200784915e-01
-5.387830687050687573e-02
-5.754646932093634426e-01
-2.641240994197389114e-01
6.591319581063713740e-01
-8.222222799245813007e-01
-1.366518385107066358e+00
-3.490269274108481756e-01
1.718256642281699165e-01
-7.719754403370409079e-01
-6.924776823649536617e-01
-2.708689433863731288e-02
-7.591072437978327869e-01
-4.982657355934003718e-01
3.318644918683122391e-01
-5.903137760976584492e-01
-7.913420045469505837e-01
-1.275927044329709936e-01
2.850648406663676138e-01
-1.735236752665473281e-01
1.136749262569802799e-01
3.531269114657913377e-01
-2.045535999307358521e-01
-4.642339505918701703e-01
7.193230727231944011e-01
4.731648813756090810e-01
-2.420175978505244574e-01
-2.637606369670239537e-01
-1.014356728048416700e-01
-2.897100289649945370e-01
-4.540905204899411962e-01
-5.144760381137541971e-01
-3.044486761244567519e-01
-2.520415703140985175e-01
-5.626907458643803928e-02
-2.728921629013414396e-02
1.404852396628999411e-01
4.584358431761094144e-01
2.154228473946335209e-01
5.069773468098142111e-01
8.421160390313191524e-01
8.916669437271386167e-01
8.848533047129554241e-01
1.245758302584693888e+00
1.227299988803570718e+00
0.000000000000000000e+00
0.000000000000000000e+00
0.000000000000000000e+00
0.000000000000000000e+00
0.000000000000000000e+00
0.000000000000000000e+00
0.000000000000000000e+00
0.000000000000000000e+00
0.000000000000000000e+00
0.000000000000000000e+00
0.000000000000000000e+00
0.000000000000000000e+00
0.000000000000000000e+00
0.000000000000000000e+00
0.000000000000000000e+00
0.000000000000000000e+00
0.000000000000000000e+00
0.000000000000000000e+00
0.000000000000000000e+00
0.000000000000000000e+00
0.000000000000000000e+00
0.000000000000000000e+00
0.000000000000000000e+00
0.000000000000000000e+00
0.000000000000000000e+00
0.000000000000000000e+00
0.000000000000000000e+00
0.000000000000000000e+00
0.000000000000000000e+00
0.000000000000000000e+00
0.000000000000000000e+00
0.000000000000000000e+00
0.000000000000000000e+00
0.000000000000000000e+00
0.000000000000000000e+00
0.000000000000000000e+00
0.000000000000000000e+00
0.000000000000000000e+00
0.000000000000000000e+00
0.000000000000000000e+00
0.000000000000000000e+00
0.000000000000000000e+00
0.000000000000000000e+00
0.000000000000000000e+00
0.000000000000000000e+00
0.000000000000000000e+00
0.000000000000000000e+00
0.000000000000000000e+00
0.000000000000000000e+00
0.000000000000000000e+00
0.000000000000000000e+00
0.000000000000000000e+00
0.000000000000000000e+00
0.000000000000000000e+00
0.000000000000000000e+00
0.000000000000000000e+00
0.000000000000000000e+00
0.000000000000000000e+00
0.000000000000000000e+00
0.000000000000000000e+00
0.000000000000000000e+00
0.000000000000000000e+00
0.000000000000000000e+00
0.000000000000000000e+00
0.000000000000000000e+00
0.000000000000000000e+00
0.000000000000000000e+00
0.000000000000000000e+00
0.000000000000000000e+00
0.000000000000000000e+00
0.000000000000000000e+00
0.000000000000000000e+00
0.000000000000000000e+00
0.000000000000000000e+00
0.000000000000000000e+00
0.000000000000000000e+00
0.000000000000000000e+00
0.000000000000000000e+00
0.000000000000000000e+00
0.000000000000000000e+00
0.000000000000000000e+00
0.000000000000000000e+00
0.000000000000000000e+00
0.000000000000000000e+00
0.000000000000000000e+00
0.000000000000000000e+00
0.000000000000000000e+00
0.000000000000000000e+00
0.000000000000000000e+00
0.000000000000000000e+00
0.000000000000000000e+00
0.000000000000000000e+00
0.000000000000000000e+00
0.000000000000000000e+00
0.000000000000000000e+00
0.000000000000000000e+00
0.000000000000000000e+00
0.000000000000000000e+00
0.000000000000000000e+00
0.000000000000000000e+00
0.000000000000000000e+00
0.000000000000000000e+00
