-9.145507812500000000e-01
-1.891320750597627054e-01
5.268076078960846065e-01
3.570484791973314032e-01
4.325787386509823973e-01
3.061332638755633884e-01
2.323687238895781881e-01
5.664298907096818603e-01
-4.872526011721136641e-01
-1.825965803046420088e+00
-1.719015072482110718e-01
1.538835433011256359e+00
1.772677454102837835e+00
2.086270445282154995e+00
1.111282053553423577e+00
1.558121006328944347e+00
1.386046042129768008e+00
3.703000555309161612e-01
-2.323167425974419498e-01
-5.928306526580141567e-01
-2.395591017936837375e+00
-3.639652921507321004e+00
-8.475798176723987609e-01
-8.993623120408379412e-01
-1.125434618875271742e-01
-5.013029758794669277e-01
-5.363101440226136774e+00
-5.380447609471743498e+00
-7.541536027286759314e-01
-1.999432987163652697e+00
5.120442698253899749e-01
1.178050171635196097e+00
9.863846783055540968e-02
-1.429509085643057453e+00
-1.720342574920495471e+00
1.297891035782898328e+00
1.406553342591866151e+00
3.146568464369071005e+00
-9.416343742981569953e-01
2.829067416050676798e-01
2.448227981931748509e+00
3.775564728977776952e+00
1.207907301563424518e+00
-5.562079464527180050e+00
-9.296204076022016594e+00
-1.182991658016792691e+01
-1.346227594768255287e+01
-1.116084310575473815e+01
-6.089578537701788363e+00
-4.129021203614646751e-02
6.759250282233781881e-01
3.104895690778362027e+00
1.687469633550024994e-01
-2.298259909111787236e-01
-8.694066088135032899e-02
4.829515769414864934e-01
2.819206935889870813e-01
-1.396694620717289670e+00
7.014174549635179279e-01
2.076312454066218116e-01
1.903748945281128480e-01
-2.826598699475352916e+00
-2.883019511323863249e+00
-3.374989321733723457e+00
-7.494743250231861609e+00
-5.848277137052939167e+00
-1.194584302190146552e+00
7.751738288958933687e-01
-1.321875075132753707e+00
-2.958943084453609096e-01
-8.362404011438862028e-02
-1.597466267159410869e-01
3.886253009565923122e-01
1.465467993343845254e+00
-6.655884489176584484e-01
-1.142834601755770674e+00
-3.520928253366963911e-01
-1.667384506640772202e-01
-1.055523817723830193e-01
-2.668631716278677235e+00
-2.112713589360293742e+00
1.235797439656559638e-01
-3.846275404568297862e+00
-3.087831510306964677e+00
1.925767401919742383e-01
1.282378723735253079e+00
-1.385105837083143721e-01
-6.157854677531744425e-01
2.608085284850069074e-01
8.587822527519252125e-01
4.442027813825323301e-01
1.367274729303648684e+00
8.261684086260734361e-01
-2.116749166455895725e-01
3.123582864147235183e-01
1.056568186649195829e+00
8.610348155411851057e-02
-1.408184393238527621e+00
-3.891443947359674027e-01
-7.150945097726224553e-01
-1.641904069864497107e+00
-7.858320554855682261e-01
8.570780683371691522e-01
1.312860514018129976e+00
1.431194675579163356e+00
7.729612278765630728e-01
1.965300747078605470e-01
3.384188938423879911e-01
9.546414142983776774e-01
1.618395209578900262e+00
2.056926260466988676e+00
2.700186786005955852e+00
2.802270990335535839e+00
2.123103347136923613e+00
2.549085498434192409e+00
1.850508422404584241e+00
9.501162120674309097e-01
8.603588110909015096e-01
6.176458266443867196e-01
6.586472263048073206e-01
8.719493089336707303e-01
7.784424153333349139e-01
-1.190700971877109993e+00
-2.066726176212700494e+00
-3.589009006007102265e-01
2.582151832228363197e+00
5.617608288260895755e-01
-2.781622636698549478e+00
-2.214660536362796250e+00
2.975113876482402553e-01
2.764420530370141904e+00
-1.520919623672716270e+00
-6.397177230968657646e+00
-4.616410726083936211e+00
2.681482301482384312e+00
6.688781316404881494e-01
-1.183258112036216225e+01
-1.338810571034242791e+01
3.911982916632199547e-01
7.700425325493922557e+00
-2.768446413474983103e-01
-6.724197294238745570e+00
-1.108827109405833511e+00
5.560857472649346711e+00
3.475943033065812759e+00
4.472451859558788101e-01
-1.508895168525493435e+00
2.705152642227487636e+00
3.215035183579360911e+00
7.776003161320959034e-01
-1.538873682561517020e+00
-9.408873818795271404e-01
6.974585786041871405e-01
2.049916344029028004e-01
-8.491530682273416009e-01
-1.052787275086992658e+00
7.710594614689887383e-01
1.162339516386454941e+00
3.021261867016622471e-01
-4.640518820854658832e-01
-4.810235395620358068e-01
2.678476454997402167e-01
4.360453530281678258e-01
9.209287593058970156e-01
6.550050082600762380e-01
-7.081965733772761507e-01
-2.282012380222206982e-01
8.507563138318141593e-02
4.372388947581606899e-02
2.888571469104783684e-02
-2.676470637518524320e-03
-7.809794428786842602e-02
-2.723127342653414162e-01
-3.722920993468657458e-01
1.821005434985669968e-01
3.214375484101260616e-01
3.175647227391547034e-01
-9.136575102446625740e-02
-6.037016278024387450e-02
-6.705545990496664110e-02
-4.013116046285734040e-01
1.592847197238733692e-01
1.752490090037389647e-01
-1.810553110516432973e-01
4.315569209745739876e-04
1.982109453956251710e-01
7.359133945585649705e-02
1.878127058335470334e-01
1.404467455612716797e-01
-3.933210660705376838e-01
-2.163568750622824055e-01
-5.259605296818525844e-02
-5.909949424296678799e-03
2.795084782887403141e-01
1.686850289055814578e-01
-3.842219078403116272e-01
-2.379617843699106672e-01
4.167966477493477706e-01
6.507249219538336904e-01
-2.549457667296979868e-01
-2.396534066844135946e-01
-8.531638585775536132e-02
3.112944217341950814e-02
1.639514032851145386e-01
1.825868230364091627e-02
8.466450252465784754e-02
5.651689992441455423e-02
-1.298909935949280614e-01
7.552514005426136379e-02
2.775811108880351652e-01
-3.037314637804255923e-02
-1.675720502913244925e-01
2.999572613696313561e-01
5.643619748602168862e-03
-4.046540092615223405e-01
2.961255656279637716e-02
1.359263835121314878e-01
-1.614084686016074022e-01
-1.811164073182296441e-01
-9.661150115007316463e-02
-3.272004933208716437e-02
1.763848226831594701e-01
3.925953296617994415e-01
-5.123775935149154082e-01
-2.405800190133080552e-01
-8.394538310088506261e-02
-2.585441699225742296e-01
3.075504386518640443e-01
2.699236362145130963e-01
-5.030024855162394948e-01
-6.644740935213695465e-01
-8.060593316723130286e-02
5.165634877227309740e-01
1.859712217701671721e-01
-4.696935325758366808e-02
5.071691219556915264e-01
3.851791997607882934e-01
-2.996522202423876902e-01
-9.438516956205001973e-01
3.217740164552227444e-01
8.603587646373980213e-01
-3.359959820045237411e-01
-1.333526264125586724e+00
-1.206019271791546998e+00
-2.518775377324066200e-01
-5.513241870460732219e-01
-4.369892043409466797e-01
-3.527396331504277782e-01
-3.264762055588805167e-01
2.957721027973264638e-01
-3.650307581499039333e-01
-1.271410978738296782e+00
-1.299041470852708269e+00
-5.262063934268967902e-02
-2.636206261204993684e+00
-4.429881395074601436e+00
-4.823110767683933098e+00
-2.447028359571548517e+00
-4.107896411194628783e+00
-1.005326928069553993e+01
-8.425328396180546520e+00
-1.812279725288813204e+00
-2.197191289507584688e+00
-1.100865876396124321e-01
2.919587329932323172e+00
3.445837003691972988e+00
1.981162403116031312e+00
5.850610036278771631e-01
2.916113360875401295e+00
2.956349781974590307e+00
1.454187934223454270e+00
5.885391011340350698e-01
1.062049562751923304e-01
1.943841724264938620e-02
4.680590314340928870e-01
9.027577325352169613e-01
-1.529363456729940784e-01
1.130873848791109859e+00
2.012233586221394255e+00
1.356011198559301745e+00
-4.005332444052729368e-01
-2.412494083604883599e-01
5.838660404972706441e-01
6.722740564069058511e-01
1.513123859709473606e+00
9.048105865754547672e-01
3.132089670742947973e-01
1.313457168188089996e+00
2.450532703600049267e+00
2.667816449810115120e+00
2.636607963033223090e+00
2.912688516580120179e+00
3.255271170702690675e+00
3.016259561689874857e+00
1.915273305062795028e+00
-6.274049501362037873e-01
-1.821070523643421257e+00
-1.165854790928812168e+00
-3.117345522971628480e-01
2.504848929375391720e-02
1.097694369402907100e+00
1.554403352248341807e+00
9.590074834715724972e-01
-2.387225056564804548e-01
2.429501060551064739e-03
4.234040351136720837e-01
-3.416590661898902814e-01
8.130565774837328341e-01
3.135972370688292488e-01
-5.025159995583535766e-01
1.706585102428814782e-01
1.530173334146501141e+00
4.569002455717452449e-02
-3.654655753246133454e+00
-3.349033553728066437e+00
6.050670170538443582e-01
-2.507583763167981594e+00
-2.365032282947675313e+00
9.568119402099195536e-01
1.065385877291259442e+00
7.778115316289543335e-01
-1.081411789303026838e+00
-9.463529600339360970e-01
8.923370093346589815e-01
-8.574504904849961084e-01
-6.786787072675090071e-01
-3.092437189155383681e-01
-7.130565185349472257e-01
-1.743127051786392379e+00
-1.778076487096056368e-01
-2.153289562258024148e+00
-6.079477037916628746e+00
-6.458512457669757900e+00
-3.597794705541747629e+00
-3.820188134673123237e+00
-2.902357163710698185e+00
1.216082590639527394e+00
3.394340676749409980e-01
1.700100574336667059e-01
-2.168469379988172907e+00
-1.611782465984046286e-01
-8.965611172446228405e-01
-2.075682798984173072e+00
2.383125666839558399e-01
2.505895029642681848e-01
1.911616249597341888e+00
-1.750599922382888085e+00
-4.602146916397720222e-01
-3.111718697417969803e+00
-1.005117631861782002e+01
-1.568331523408526174e+01
-1.185428796038448773e+01
-6.555705349430931861e+00
-3.754577982193203933e+00
-5.579632563881324891e-01
-1.459447267674824245e+00
-7.323228659653693295e-01
7.665668597293295861e-02
-9.615528795313581512e-01
7.005265621612907223e-01
-4.613955947283601144e-01
2.498350604116074347e+00
1.969117984582208880e+00
2.865724475355131862e+00
1.413561100163714501e+00
7.772503933325034531e-01
9.111622656099420681e-01
-1.250235050409670201e+00
1.725319523511359421e-02
-4.948418158258395039e+00
-7.422428350532197960e+00
-2.012090061492231463e+00
1.080918957207373188e+00
1.205425239422132533e+00
1.569590128367703841e-02
-2.867177697592118157e+00
-1.970137670917647021e+00
1.210423010701455970e+00
1.400263419738880133e+00
-1.793468428405596171e+00
-3.129028272606474204e+00
-8.210383791068700532e-01
6.851147800103204455e-01
-8.104239216056230433e-01
-2.536038085944497311e+00
-1.435839328080132482e+00
1.173995751868241566e+00
1.784553101353578253e+00
1.500526675067487048e+00
2.302366675402771623e-01
2.399138160318250002e+00
4.225274063963778026e+00
3.726997225510783718e+00
1.489120904034455961e+00
1.177569238163226562e+00
1.389541170979633256e+00
2.115618167624683466e+00
1.765643703320560975e+00
1.311807890730382731e+00
1.148117339168994722e+00
1.251115797333684831e+00
1.056808860354959689e+00
6.974303736819014166e-01
0.000000000000000000e+00
0.000000000000000000e+00
0.000000000000000000e+00
0.000000000000000000e+00
0.000000000000000000e+00
0.000000000000000000e+00
0.000000000000000000e+00
0.000000000000000000e+00
0.000000000000000000e+00
0.000000000000000000e+00
0.000000000000000000e+00
0.000000000000000000e+00
0.000000000000000000e+00
0.000000000000000000e+00
0.000000000000000000e+00
0.000000000000000000e+00
0.000000000000000000e+00
0.000000000000000000e+00
0.000000000000000000e+00
0.000000000000000000e+00
0.000000000000000000e+00
0.000000000000000000e+00
0.000000000000000000e+00
0.000000000000000000e+00
0.000000000000000000e+00
0.000000000000000000e+00
0.000000000000000000e+00
0.000000000000000000e+00
0.000000000000000000e+00
0.000000000000000000e+00
0.000000000000000000e+00
0.000000000000000000e+00
0.000000000000000000e+00
0.000000000000000000e+00
0.000000000000000000e+00
0.000000000000000000e+00
0.000000000000000000e+00
0.000000000000000000e+00
0.000000000000000000e+00
0.000000000000000000e+00
0.000000000000000000e+00
0.000000000000000000e+00
0.000000000000000000e+00
0.000000000000000000e+00
0.000000000000000000e+00
0.000000000000000000e+00
0.000000000000000000e+00
0.000000000000000000e+00
0.000000000000000000e+00
0.000000000000000000e+00
0.000000000000000000e+00
0.000000000000000000e+00
0.000000000000000000e+00
0.000000000000000000e+00
0.000000000000000000e+00
0.000000000000000000e+00
0.000000000000000000e+00
0.000000000000000000e+00
0.000000000000000000e+00
0.000000000000000000e+00
0.000000000000000000e+00
0.000000000000000000e+00
0.000000000000000000e+00
0.000000000000000000e+00
0.000000000000000000e+00
0.000000000000000000e+00
0.000000000000000000e+00
0.000000000000000000e+00
0.000000000000000000e+00
0.000000000000000000e+00
0.000000000000000000e+00
0.000000000000000000e+00
0.000000000000000000e+00
0.000000000000000000e+00
0.000000000000000000e+00
0.000000000000000000e+00
0.000000000000000000e+00
0.000000000000000000e+00
0.000000000000000000e+00
0.000000000000000000e+00
0.000000000000000000e+00
0.000000000000000000e+00
0.000000000000000000e+00
0.000000000000000000e+00
0.000000000000000000e+00
0.000000000000000000e+00
0.000000000000000000e+00
0.000000000000000000e+00
0.000000000000000000e+00
0.000000000000000000e+00
0.000000000000000000e+00
0.000000000000000000e+00
0.000000000000000000e+00
0.000000000000000000e+00
0.000000000000000000e+00
0.000000000000000000e+00
0.000000000000000000e+00
