-5.070800781249996669e-01
-1.260375035282129907e+00
-1.294178431492019721e+00
-7.171694959224035326e-01
-1.514162589687320093e-01
-4.336923870538489378e-02
2.624205118585480889e-01
5.827954890517934583e-01
1.584717883439346053e-01
3.377698592991285054e-01
-7.368876362877019304e-01
-1.019836803504603484e-01
7.195722884120826501e-01
-3.545261786976137142e-01
-6.092971029555260820e-01
-1.172970656022305214e-01
7.243834038551248966e-01
-8.942223622135920813e-01
-1.790970365640252915e+00
-9.194080674940312559e-01
2.891157315628048452e-01
-1.355234681092383209e-01
-1.235096634385653314e+00
-1.256709717442632268e+00
-1.053407422898910317e+00
-2.691092383849100766e-01
1.126304735818890013e+00
-1.026949729953794632e+00
-1.105147765329685061e+00
-2.148049205557823083e+00
-1.419559991603868365e+00
9.484273445175745998e-01
1.140599402824234332e+00
-1.036987840556514495e+00
-2.950495192576593873e+00
-2.200501029121334273e+00
-2.146611971341146230e+00
-3.787740837679092198e+00
-4.530448440397876197e+00
7.290580679871485614e-01
2.224999073212537759e+00
-8.504971542808448248e-01
-3.416203881508950158e-01
-6.256451391475450485e-01
1.550203017073606304e+00
4.912391138464599294e+00
-1.475303108112326456e+00
-2.672256219768059715e+00
2.290826252341510383e+00
2.066268241455173182e+00
1.082431123241221149e+00
-8.036219279601153342e-01
-1.349106083023949409e+00
-2.234448350003612749e+00
-2.201952728799824399e+00
-2.884566454436186533e-01
-3.465884935925290788e-01
-1.657233818367734202e+00
5.371239970316197265e-01
2.906829977103779772e-01
-8.378804832662345436e-01
-6.519198237004425467e-01
-7.450944268604802190e-01
-6.049244170613423677e-01
4.486636361142971596e-01
-1.824025151584927062e+00
-1.297420458601345139e+00
1.010440435478686449e+00
2.330560462907866892e-01
6.884961595388854327e-01
-5.057581468405925040e-02
-7.743138736280852363e-01
-8.953186202446317132e-02
-1.820606761965825882e-01
-3.173131800215266973e-01
-9.472212013883199999e-01
-9.005394116685063732e-01
2.505901603593425619e-01
2.911019743134639626e-01
-1.134957090952428693e-01
-5.272360207157329448e-01
5.422126815768099073e-01
5.334837324444232642e-01
7.022237648334804794e-01
-1.310277281531367688e+00
-2.019122090568591377e-01
9.543966336152629459e-01
7.565626795869921928e-01
-1.100430504477644122e+00
-1.730784201890518403e+00
-2.161969856769614395e-01
8.644347789620807632e-01
-5.768243992422825706e-01
-2.400734738583722105e+00
-9.899952828755276268e-01
2.533738029935359570e-01
-6.209102760542251076e-01
-5.231706231475565794e-01
5.265735544577405669e-01
1.166587302829711126e+00
1.348267119035603923e+00
-9.991981031401926394e-01
-2.563628442570697885e+00
-2.125579696782356365e+00
-6.199321290280579433e-02
2.611660102660400273e+00
-7.946728271805496568e-01
-6.128637774455884646e+00
-2.731081564140187101e+00
4.297459087222381235e+00
4.405917967980697014e-01
-2.661227781623947131e+00
-5.351318748317298812e+00
-1.379011268984802641e+00
3.622641721442246165e+00
-1.477090911783579319e+00
-4.043811248895666566e+00
-3.340963984216287486e-01
1.995091391695464011e+00
1.610929986193398555e+00
2.000820318649050300e-01
-1.634319598917002736e+00
-8.720782340490673690e-01
7.434795789243722197e-01
-1.267931051520257091e+00
-2.236678346029827402e+00
-5.830997179576792311e-01
-1.091755032414168713e+00
-7.851994094146328429e-01
7.868680933696374780e-01
4.226846707697262673e-01
-1.740808729693319457e+00
-5.115240279529000844e+00
-5.918677793911117035e+00
3.963560746241441279e-01
3.932848300634137040e+00
1.664287440627284731e+00
8.339189160515498855e-01
2.873145046707349159e+00
2.581740050923894358e+00
7.776346164484060353e-01
4.642783520483328985e-01
-1.813081092344503986e-01
-1.327899254860739564e+00
-9.835181734475404447e-01
-3.202721227438254381e-04
8.805017062159473662e-01
4.150669297785030132e-01
-8.506837284705990321e-01
-1.519634145263549563e+00
-1.940095609261275111e+00
-4.485967608619743530e+00
-7.686641540939386452e+00
-7.572494647244685240e+00
-3.563708107598992925e+00
7.292878480506521655e-01
-2.325659573305760563e-01
1.682406618134645870e-01
-1.796908002745096100e+00
-4.407502877103786076e-01
1.057388370152011925e+00
1.057050405268113336e+00
-1.850243221741025401e+00
-3.366530901335449411e+00
-1.532592857440530976e+00
-1.664016870954305727e-01
-5.664792754889602655e-02
-4.063926504268023265e+00
-6.646240374574135856e+00
-5.070022356139643804e+00
1.508816919934484080e+00
-3.446969390179948523e+00
-6.299978110611835547e+00
1.095764292245331895e+00
7.122648902734963094e+00
5.007336058635126541e+00
-2.092855831724205196e-01
1.913707283712355878e+00
3.376913009250571918e+00
2.015983392080504810e+00
-3.064464953571532368e-01
-2.648555393937508384e-01
-1.821555332442218678e+00
-4.828230064272560629e-01
-5.603562187340827005e-02
-3.884019950681065758e-01
3.241506829611024987e-01
-1.300611416363746997e+00
-2.317319347556998643e+00
-1.553151646738367475e+00
5.109930252853283061e-01
4.676237814802145509e-01
4.744134657663802157e-01
6.211282720501108967e-01
4.238668890354276853e-01
6.795702903648870308e-01
6.934953690965972584e-02
-1.163280175872249966e-01
2.807145279300256591e-01
-2.213832200204968181e-02
-2.613893552833063127e-01
-8.952567930017762965e-02
1.024421361153433629e-01
-2.889365574604484399e-01
-1.976699258302618167e+00
-2.930763875700092225e+00
-2.263154434768066992e+00
2.058483400702415533e-01
2.798119219215323694e-01
-8.304689727594216642e-02
-2.777959298822976208e-01
-1.048005183576661503e+00
-7.767641992798957062e-02
1.083366854869260099e+00
1.290518377837417852e+00
-5.561662310733317405e-02
-1.288279670120680009e+00
4.666225799242040839e-02
2.064005230740866281e-01
-6.910225987147384785e-01
-4.635924660327072289e+00
-8.312524385992078990e+00
-3.020573626099901876e+00
2.353614614602293376e+00
-4.777890455772134892e+00
-8.049345310394066644e+00
1.225150629214734721e+00
7.350598539023344813e+00
5.841579354281074998e+00
2.428895438143885421e-01
-1.528334358130273518e+00
1.104919401966681036e+00
2.627289043538588942e+00
1.011064639647071273e+00
-1.405280959201202329e+00
-1.148571634493600335e+00
4.030781316703996864e-01
-6.641306712291608072e-01
-9.570209837325871494e-02
-3.652915232899726306e+00
-6.300192054807340014e+00
-6.023168873752087649e+00
-3.717557134588006740e+00
-2.178977346413491389e+00
-1.894400565313666185e+00
-1.887809383182148082e+00
-8.003462711498863236e-01
3.647866446834449050e-01
3.988275556764041552e-01
-7.367020441068227177e-01
-1.779303107602161038e+00
-2.238943924958815668e+00
-2.344869561685621662e+00
-2.619537366999558969e+00
-3.057035470307628344e+00
-4.295309066357794414e+00
-6.221065507941058392e+00
-6.101164692850211679e+00
-4.153143875017224929e+00
-3.942864111092087231e+00
-4.898357049739962221e+00
-3.398457552924339709e+00
1.559795918881343724e+00
5.669295471355237481e+00
6.278070297233512065e+00
5.294625876559001298e+00
6.613102233891797965e+00
6.172614314302322214e+00
-3.050284624779924236e-01
1.396046840030619407e+00
3.426929401150885290e+00
2.902047908505913654e-01
-8.618644872585554673e-01
-6.619845693557042665e-01
-1.173475722476338134e+00
-1.041448319961560287e+00
-1.770826438772323375e+00
-4.725785449930048898e+00
-2.365088642814470177e+00
7.245880570780018903e-01
-4.874038094849838743e+00
-3.617410590900082212e+00
-1.552239788573118062e+00
-1.397060577443160589e+00
1.822652951928673160e+00
-4.084459493830619792e+00
-4.030826290862796313e+00
1.764056421927976182e+00
3.987316502023041220e+00
-1.104576691612573880e+00
2.834647250093893511e-01
2.075421088094540956e+00
2.360360354089178436e+00
2.015800281110747605e+00
-3.356421267691691579e-01
1.988700944160805673e+00
9.235160507345905323e-01
-1.411187469906645120e+00
-1.565660974991664567e+00
-1.389106295580707195e+00
-1.878108470262088048e+00
5.015583464862749530e-01
2.030055210409588362e+00
-1.597950197438946507e-01
-3.925540342619191492e-01
1.076120545278416829e+00
1.911336903912733476e+00
5.272372639188034338e-01
-3.624449728131526882e-01
-2.415933427560625901e-01
6.916581840273502424e-01
-6.794084715073722691e-02
-1.283858653097568747e-01
-3.240993654529604751e-01
-1.005100132897247533e-01
-2.330578039586541639e-01
-2.341448490094663049e-01
-1.597036108460167192e+00
-3.888839436916591286e-01
8.882930663167968310e-01
7.126504691107919953e-01
-7.775816971307936143e-02
2.403290680114198441e-01
1.061989539097627500e+00
6.607193958676977896e-01
-7.047970048368521478e-01
1.828278726824575928e-01
-1.571039282382529434e+00
-2.302811835977731647e+00
-3.747685660872946967e-01
-1.974482468091510290e+00
-1.358303466892670119e+00
7.369038761813383465e-01
-2.791751302360401255e-01
-1.896855013194280737e-01
-1.909292446670163290e-02
-1.108405952547925510e+00
2.660718608080638869e-01
9.357962900717003984e-01
-1.453995079127189838e+00
-3.095427398184259715e+00
-4.659485777547724972e-01
-8.121194556245892038e-02
5.120534067861504113e-02
-1.101244783642966851e+00
-3.930255906530288890e-03
-2.810300683666834942e+00
-4.115076144106772915e+00
1.339808824952667399e-01
-3.995112015446561582e+00
-2.551873197837853269e+00
1.501566923801487263e-01
-3.019266574659908553e+00
-6.102315616317555147e-01
-1.990113213984038065e+00
-2.019710620467949802e+00
7.769473447417931666e-01
3.112380711963569802e+00
5.215015436262726567e-02
-1.944863058811964196e+00
3.856923101301362067e+00
5.492880905686078563e+00
2.275099968613967238e+00
-2.289971264850311883e+00
-1.423965174523440957e+00
-1.173075939449913729e+00
-1.642300947879320905e+00
2.209089746577244107e-01
-1.209192519646855146e+00
-2.894948015126579399e-01
-1.021349473269714814e-01
-1.151344067487667822e+00
-9.526301678133293205e-01
2.833963537647299913e-01
2.148091187695277959e-02
-6.577985650568853870e-01
-1.712990956827049605e-01
6.585488468681670593e-01
1.560106338997768738e-01
3.193171627751263397e-01
-1.362621934872636498e-01
9.646425859043050721e-02
-6.620941167013711937e-01
-4.498932505349167998e-01
6.302752529404828108e-01
5.981423633432458864e-02
1.288035888450277944e-01
-8.341379073148330603e-02
5.511174244664940325e-01
1.061551357437969134e+00
1.093796956628837469e-01
-1.248009371641301657e+00
-1.005993614658210467e+00
9.017521108440407218e-01
9.696186441665473055e-01
7.787216990794777471e-01
4.308590847740393914e-01
1.199548450069173877e-01
2.066478727167116725e-01
2.446693995244297593e-01
2.101094425634768836e-01
0.000000000000000000e+00
0.000000000000000000e+00
0.000000000000000000e+00
0.000000000000000000e+00
0.000000000000000000e+00
0.000000000000000000e+00
0.000000000000000000e+00
0.000000000000000000e+00
0.000000000000000000e+00
0.000000000000000000e+00
0.000000000000000000e+00
0.000000000000000000e+00
0.000000000000000000e+00
0.000000000000000000e+00
0.000000000000000000e+00
0.000000000000000000e+00
0.000000000000000000e+00
0.000000000000000000e+00
0.000000000000000000e+00
0.000000000000000000e+00
0.000000000000000000e+00
0.000000000000000000e+00
0.000000000000000000e+00
0.000000000000000000e+00
0.000000000000000000e+00
0.000000000000000000e+00
0.000000000000000000e+00
0.000000000000000000e+00
0.000000000000000000e+00
0.000000000000000000e+00
0.000000000000000000e+00
0.000000000000000000e+00
0.000000000000000000e+00
0.000000000000000000e+00
0.000000000000000000e+00
0.000000000000000000e+00
0.000000000000000000e+00
0.000000000000000000e+00
0.000000000000000000e+00
0.000000000000000000e+00
0.000000000000000000e+00
0.000000000000000000e+00
0.000000000000000000e+00
0.000000000000000000e+00
0.000000000000000000e+00
0.000000000000000000e+00
0.000000000000000000e+00
0.000000000000000000e+00
0.000000000000000000e+00
0.000000000000000000e+00
0.000000000000000000e+00
0.000000000000000000e+00
0.000000000000000000e+00
0.000000000000000000e+00
0.000000000000000000e+00
0.000000000000000000e+00
0.000000000000000000e+00
0.000000000000000000e+00
0.000000000000000000e+00
0.000000000000000000e+00
0.000000000000000000e+00
0.000000000000000000e+00
0.000000000000000000e+00
0.000000000000000000e+00
0.000000000000000000e+00
0.000000000000000000e+00
0.000000000000000000e+00
0.000000000000000000e+00
0.000000000000000000e+00
0.000000000000000000e+00
0.000000000000000000e+00
0.000000000000000000e+00
0.000000000000000000e+00
0.000000000000000000e+00
0.000000000000000000e+00
0.000000000000000000e+00
0.000000000000000000e+00
0.000000000000000000e+00
0.000000000000000000e+00
0.000000000000000000e+00
0.000000000000000000e+00
0.000000000000000000e+00
0.000000000000000000e+00
0.000000000000000000e+00
0.000000000000000000e+00
0.000000000000000000e+00
0.000000000000000000e+00
0.000000000000000000e+00
0.000000000000000000e+00
0.000000000000000000e+00
0.000000000000000000e+00
0.000000000000000000e+00
0.000000000000000000e+00
0.000000000000000000e+00
0.000000000000000000e+00
0.000000000000000000e+00
0.000000000000000000e+00
0.000000000000000000e+00
0.000000000000000000e+00
