1.367156982421875000e+00
9.488692051133379435e-01
5.947455134082214601e-01
3.833026297147603678e-01
4.181454094339323024e-01
5.829129905939691714e-01
5.018121271881392786e-01
7.354704840495562834e-02
-2.653077825301628501e-01
-4.627887198978375416e-01
-6.178511316084849270e-01
-4.517008327287213021e-01
1.855494874120418025e-01
7.856644213262393706e-01
-7.905049539887998300e-02
-3.487311861582480521e-01
2.841779758845501824e-01
-7.945349580842832049e-01
-2.117280328584190574e+00
-1.930863351414598750e+00
-6.331211144166689619e-01
-1.656283413775030411e-01
-1.985777410599254278e-01
-2.655041348693498726e-02
-1.021370338678064815e-01
2.952283482049780083e-01
-1.337616725608855583e-01
-8.940279058103806076e-01
-1.452315609447802913e-01
-4.525073622880881885e-02
-4.992015301129824612e-01
-4.471238653701867793e-01
-2.669448306223802803e-01
-3.940323870702782671e-01
-1.534989080147997731e+00
-2.619354453200868349e+00
-2.206351671686781479e+00
-2.116357635980872232e-01
8.171453563042238022e-01
-1.242688866116660629e+00
-2.349051122392364910e+00
-1.815975009045021515e+00
1.644928697621130809e-01
1.437178161921364383e+00
6.189389745587416947e-01
4.368289711036679179e-01
5.407946622448174256e-01
6.298420466354570646e-02
2.206699534397165152e-01
3.835052101898373533e-01
-2.363664863248673420e-01
-5.417783242835625401e-01
-2.509458385914580258e-01
8.727505932042129988e-01
-2.975383013678476463e-01
-1.182392150807468401e+00
2.078183420803778603e-01
-2.725115972302760703e+00
-5.091801448911159156e+00
-4.816980539452428545e+00
-1.797966745234325314e+00
-1.206564302600315886e+00
-1.201599042717669930e+00
9.156097608651054820e-01
-7.118871012758964945e-02
-7.567952550586782845e-01
1.045939660186290254e+00
-6.209336179746700601e-01
-8.636313584778911867e-01
3.540513840108052701e-01
-1.760419510548699273e+00
-3.823175414090203006e-01
1.889049227256861307e+00
2.116711057550159758e+00
-2.666212352249175410e-03
-2.369585239377951069e+00
-2.013026320309437622e+00
-8.471249943528118553e-01
-2.559098704297140259e-01
-3.204158750015586588e-01
-1.260105199972500589e+00
-1.538780976254404909e+00
-2.207841091444628923e-02
4.075852075929153884e-02
3.934157643825558770e-01
-2.652682287367258418e-01
-8.568816363306435147e-01
6.041007736587369337e-01
5.006977502404625913e-01
-5.713050109765471785e-01
-7.924274823820495195e-01
-1.088170614962226779e+00
-2.932965371189228954e-01
1.542820331277923396e+00
5.015460618461722309e-01
-6.771993400747680081e-01
-1.310238074785322837e+00
-2.401849329225526297e+00
-3.166634424412137161e+00
-2.494139388425840487e+00
-4.919145411392171763e-01
-1.487804849858392675e+00
-2.368167526814577428e+00
-1.437407875702312321e-01
-9.875300574099663553e-01
-8.942785817788472258e-01
1.979114690103985330e+00
-3.949315237097570375e-01
-9.223455051060085452e-01
-1.198720946286876421e+00
-2.884044221522042761e+00
-7.528774721704794004e-01
1.990648152375176894e+00
1.573475656852606708e+00
1.429410080487785173e-01
-1.907430935801208483e+00
-1.809113655502655238e+00
-6.557904453911755915e-02
-3.005863790527865120e-01
-1.152604713717773066e-01
7.042350290187452400e-01
2.421606849658433092e-01
-5.324282202625794103e-01
-9.431955433972211145e-01
2.693073201685944884e-01
2.479721056335246754e-01
-8.871984138744184456e-01
6.605331202427271453e-01
7.758526421814644358e-01
-1.567310260020115864e+00
-2.227456204659584049e+00
-1.777425219962209146e+00
-8.837988466471449200e-01
1.989378968834768058e+00
2.225378335626958304e+00
6.198572342722363793e-02
-3.014026943886341847e+00
-4.334019357193605870e+00
-4.059383401141682057e+00
-1.127123394779482979e+00
2.821952352608226633e+00
3.374254316167304424e-01
-1.528570641184749501e+00
-6.326627780825255787e-01
-2.993481546663353754e+00
-1.379384317841729768e+00
2.348680143801428422e+00
-2.101119065818783049e+00
-2.604870256880232215e+00
-1.415521707161423226e+00
-5.642595086774594648e+00
-4.180718218878842762e+00
3.199280688860661748e-01
1.720372648097373336e+00
-2.740522806297103209e-01
-2.803154201844649585e+00
-2.264779583134877594e+00
-1.330214853639007710e+00
-3.681704057190395840e+00
-2.297592994224107343e+00
7.717934510691830674e-01
1.865461342007334933e+00
2.238211928507429338e+00
2.005389108256719233e+00
2.391072623566707911e+00
7.596299670435937568e-01
-6.079120294642695876e-01
-8.407068186809971699e-01
-2.067027476154053911e+00
-2.433443355095802119e+00
-2.173479772942634280e+00
-1.838506180693305847e+00
-6.554361238186046101e-01
-1.245215495414270013e+00
-2.231877772854732100e+00
-5.446035078413107300e-01
-1.241268058813501440e+00
-1.462398829799717248e+00
1.897875467669408511e+00
3.156915445174819368e+00
4.315462323501004782e-01
-1.881252262288646282e-01
2.736779248344178850e-01
-1.266203459448928648e+00
-1.861936505565223943e+00
-9.855011530948560861e-01
-9.324141433272257196e-01
-1.445172533646191582e+00
-1.396690085585380103e+00
-1.308872426493800756e+00
-1.657023548929407841e+00
-7.295880572099031625e-01
1.304417067244905581e+00
2.420289276025760827e+00
1.530541666170402770e+00
-6.071074029119705173e-02
-6.171306022290583559e-01
-1.711047255446880300e-01
6.530049524264309735e-01
-7.168207981563892162e-01
-3.015156531536241857e+00
-3.429481056825608221e+00
-1.726013237254761634e+00
-5.496240117544979320e-01
9.931429676783620764e-02
6.146893379252936773e-01
2.093331777977642805e-01
1.476693698857873827e-01
1.665360488593361499e-01
-3.153075475875148914e-01
-8.545672296185546912e-02
1.279831752290050417e-01
2.866501581718987612e-01
-8.212142188090842954e-02
-7.372400971736325914e-01
2.602209419473623386e-01
-2.981173902150557886e-01
-1.244849251204776630e+00
-3.522765439022269573e-01
-1.091529047860623880e+00
-2.240328074039006800e+00
-2.334556191714994178e+00
-2.012532154571581966e+00
-1.120798740079747891e+00
-4.226971365129107427e-01
-9.145943942216897549e-01
-2.061703774440836190e-01
-1.264333476697337422e-01
-3.959468627244486783e-01
6.110720869625839713e-01
5.205148475076601944e-01
-1.306954766098291643e-01
-6.325048870961151870e-01
-3.493756210513775384e-01
7.534482551743356682e-01
4.379417437964303605e-01
-6.010054235934947364e-02
-9.567697541392317095e-02
-2.575772797662339020e-01
-2.561653936145006361e-01
-1.933048780465964178e+00
-3.009172710378634985e+00
-2.340275357056468941e+00
-3.590486089638882383e-01
7.010876564094108421e-01
-2.103561054272222730e-01
-1.250158643560816962e-01
1.230122815050156415e+00
2.804828226495734267e+00
2.889075560915042473e+00
7.424203891354794749e-01
-1.585543221345704357e+00
-1.717254525311824320e+00
-1.129719246598636317e+00
-1.659971419318348573e+00
-2.053705260482062922e+00
-1.989179255433040971e+00
-1.965183918176195199e+00
-1.769441351053205658e+00
-1.465832428852493319e+00
9.723180577921783918e-01
1.731854286496974593e+00
1.709346082621959528e+00
3.287848792627538153e+00
1.820050754382049885e+00
-1.218285975264032928e+00
-1.986793018222000384e+00
-2.808641191405834014e+00
-3.064797186576452948e+00
-1.218757998876700555e-01
-8.842789041894452140e-01
-2.344952431383090286e+00
-1.316264211719779365e+00
-1.956059013558716142e+00
-3.091994490007059504e+00
-2.057718719553464304e+00
6.565707148372084134e-01
1.316803695969206212e+00
2.239383796068275867e+00
2.265575471697516274e+00
2.483735712955528641e+00
1.324900706436572539e+00
-4.125873167000135844e-01
-2.992732935594168975e+00
-3.162367523334614017e+00
-1.274881073609933413e+00
-2.133321008183458822e+00
-1.840976345732543873e+00
5.897098110732459375e-01
1.824514662778192964e+00
-5.862986884678385024e-01
-5.538662690343656436e+00
-4.335244086731203872e+00
2.042915101437507985e-01
-2.138906019505996348e+00
-2.702147276966896605e+00
1.182301759464211122e+00
-2.938635583248894179e+00
-2.986739335883417557e+00
1.342445587498879211e+00
-6.118679895711784944e-01
-2.156145175031207728e-01
1.496092335026892206e+00
-1.671883504672366128e+00
-4.058515522118284480e+00
-5.333225181332959863e+00
-2.137639529379986136e+00
1.839991053499289153e+00
2.874867101938067382e+00
1.354347060036503292e+00
-2.434090004588639111e+00
-3.281744165780250189e+00
-8.362022706676432993e-01
-9.272729130708823320e-01
8.347760588811103943e-01
4.808322945161418449e-01
-1.247679037051338868e+00
-1.765429604030168687e-01
-1.580934525743994401e-01
-1.288354082891185692e+00
-2.120415028205422381e-01
8.548251089984753026e-01
1.350513932282012775e+00
6.235205884931716014e-02
-8.829912694038157817e-01
-1.077158740925417968e+00
-1.388983396508017387e+00
-7.127607011864904862e-01
1.028547300149041277e+00
1.673768790028658415e+00
1.077896635796443237e+00
-2.266707143656305767e+00
-2.671858614849821123e+00
-8.385351087583359231e-02
-4.854167270163460834e-01
-6.703583760939264558e-01
1.223505345096570940e+00
-1.418224066474554457e+00
-9.784507569936815585e-01
-3.944120287346843945e-01
-2.618281339789674700e+00
-4.054060958523206804e-01
3.510666203511689787e-01
-2.505184897498836438e+00
-3.980012433129187954e+00
-3.419873648728260385e+00
-8.048148952177085480e-01
2.430708520722804078e-01
1.030448359176424189e+00
1.339102638278782065e+00
-1.258827297113086718e+00
-2.395735755916036602e+00
2.163746857132625712e-01
7.496895531423874992e-02
5.218596676256896938e-01
1.405344320007799741e-01
-1.198925016358665330e+00
-2.318675951423965209e-02
5.231374219692354055e-01
-2.921895033881953818e-01
-6.304252742267530962e-01
-1.136077612128316261e+00
-8.230319411996542822e-01
-1.704786617527229708e-01
-1.727187615062402148e-01
-1.244845687577538440e+00
-2.605033173101681143e+00
-1.272153784053062342e+00
1.089650121604553323e+00
2.339437860186982743e+00
1.057074388978290092e+00
-1.644983598147408133e+00
-1.625704330418795251e+00
8.694415183750213716e-01
-8.462435242173405037e-01
-6.583578123117368452e-01
1.166337603629089781e+00
-4.235505444554357179e-01
1.110038576965775015e-01
3.506522973559913492e-01
-2.507386261117093618e+00
-1.829421880059294292e-01
-8.354473608677528418e-01
-4.625783370818878915e+00
-5.604483306296435430e+00
-3.554593470774268127e+00
-6.119389294286645686e-01
-5.713985655231632599e-01
1.986346693924223583e-01
8.679346954400233294e-01
-6.901095357309205980e-01
-1.073680688754440560e+00
-1.108411808360419970e-01
6.609916866620939579e-01
2.144972058632802492e-01
1.093489926184403327e-01
9.734841462685737135e-01
9.368837337966557932e-01
7.900868277654851113e-01
9.592950000575832803e-01
-8.302856061557901679e-01
-1.645275163447728506e+00
-1.514998022259483212e+00
-8.921953263472304219e-01
6.446901417826932379e-01
-7.325360800998990118e-01
-2.855647645585099870e+00
-2.851405642066576540e+00
-1.495881709025398187e+00
-5.374031973022155295e-01
-1.905776603634545541e-01
-1.804071775145740797e-01
-3.878671758644430811e-01
-1.871158313623852987e-01
-1.218406885317079857e-01
-3.914143725828572729e-01
2.320921179425692316e-01
3.296353409040901905e-01
-2.776836067816632614e-01
-1.830385710844035785e-01
-2.694391591530562735e-01
-2.212468293552168896e-01
-6.779123902065657958e-01
-1.920945835948903557e+00
-2.035694989936424282e+00
-6.536866773755163340e-01
4.051390119567443993e-01
-3.276159338446449354e-01
-6.077227408823726584e-02
1.035070102636279632e+00
5.843720563027052783e-01
-2.135304630061853892e-01
-6.410984399074437512e-01
-6.077262421272728865e-01
-3.854820565072569760e-01
-4.252401954793239014e-02
2.711856892178763356e-01
2.088431022549173122e-01
2.583621215751717992e-01
6.599482580851533386e-01
8.776779493534468957e-01
-5.856694060797947854e-01
0.000000000000000000e+00
0.000000000000000000e+00
0.000000000000000000e+00
0.000000000000000000e+00
0.000000000000000000e+00
0.000000000000000000e+00
0.000000000000000000e+00
0.000000000000000000e+00
0.000000000000000000e+00
0.000000000000000000e+00
0.000000000000000000e+00
0.000000000000000000e+00
0.000000000000000000e+00
0.000000000000000000e+00
0.000000000000000000e+00
0.000000000000000000e+00
0.000000000000000000e+00
0.000000000000000000e+00
0.000000000000000000e+00
0.000000000000000000e+00
0.000000000000000000e+00
0.000000000000000000e+00
0.000000000000000000e+00
0.000000000000000000e+00
0.000000000000000000e+00
0.000000000000000000e+00
0.000000000000000000e+00
0.000000000000000000e+00
0.000000000000000000e+00
0.000000000000000000e+00
0.000000000000000000e+00
0.000000000000000000e+00
0.000000000000000000e+00
0.000000000000000000e+00
0.000000000000000000e+00
0.000000000000000000e+00
0.000000000000000000e+00
0.000000000000000000e+00
0.000000000000000000e+00
0.000000000000000000e+00
0.000000000000000000e+00
0.000000000000000000e+00
0.000000000000000000e+00
0.000000000000000000e+00
0.000000000000000000e+00
0.000000000000000000e+00
0.000000000000000000e+00
0.000000000000000000e+00
0.000000000000000000e+00
0.000000000000000000e+00
0.000000000000000000e+00
0.000000000000000000e+00
0.000000000000000000e+00
0.000000000000000000e+00
0.000000000000000000e+00
0.000000000000000000e+00
0.000000000000000000e+00
0.000000000000000000e+00
