-8.000183105468750000e-01
3.388680954356284580e-01
1.679784103899516490e+00
4.244414697913401202e-01
1.770150885361494231e+00
2.516473430352162755e+00
-2.375803666465448050e-01
-7.961938250556399588e-01
2.255221006852482502e-01
5.858232133710885581e-01
2.014064442328431959e+00
2.343130443646312955e+00
1.513035209342685317e+00
1.453080982549420641e-01
-2.460769749373974413e-01
-9.127451061176068414e-01
-5.380235553795120751e-02
1.888492669657630074e+00
1.611071347024528588e+00
1.460457939469225641e+00
2.639968996244425714e+00
1.474080176667827313e+00
-5.105730898652924843e-01
-1.618212439022354232e+00
-2.074632697010525995e+00
-1.826299122352909698e+00
-8.060956438522650647e-01
3.114218160801462965e-01
8.850720037007289154e-01
1.383429138118506208e+00
-5.237206769541113971e-02
3.205483347187265686e-02
5.893950353406005593e-01
-4.212015401454276553e-01
-3.402484381428591553e-01
8.520938999809024583e-01
1.664001674971320455e+00
1.643123034035786301e+00
1.313169524878701200e+00
8.819837217791246520e-01
1.239114041562008328e+00
1.074666447423037630e+00
3.660747714890679738e-01
1.813039699324763276e-01
4.828791124558033943e-01
1.052754588763181953e+00
1.676667055857059552e+00
1.364673385391779625e+00
9.464098862298477854e-01
1.337662407170593815e+00
8.832037281653035699e-01
5.820020637241185568e-02
-1.183983354712926817e+00
-1.321742297750563511e+00
-9.333052455616448473e-01
4.566908368930975293e-01
1.461417986679426351e+00
5.832255286317712395e-01
2.845149604288516043e-01
4.675381062669199395e-01
5.105024375933904235e-01
9.394492010126076487e-01
1.289553379912244946e+00
9.504605289568195392e-01
6.262264644670829661e-01
4.812364713262864413e-01
4.757386166732056054e-01
7.068782473278585332e-01
6.485338838613134982e-01
4.114185380425898764e-01
2.666636282738754637e-01
4.280327854188179515e-01
-1.707195611720238038e-01
-1.222850183136040769e+00
-5.778626718789108274e-01
-6.000986411592656999e-01
-2.571072053388427925e-01
5.131032692446523269e-01
-8.996622049216962402e-01
-1.358260436634204149e+00
3.796575988738312146e-01
5.710656644455891495e-01
1.246432032788902244e-01
-1.879607525634964249e-01
8.088203900022865600e-01
1.439288981289576608e+00
1.590828738159897782e+00
1.675772022187503207e+00
2.017126175613529693e+00
1.222713585480990961e+00
1.168475320500238501e+00
8.027308397996493206e-01
9.287818444302784471e-01
1.718945122600633812e+00
1.874537529236701250e+00
1.335839634225055361e+00
-2.471840793214292731e-01
-1.881168813636387771e+00
-2.089918846677612407e+00
-3.171454779695979109e-01
-2.769103939319816909e-01
-8.241567426549707420e-01
-1.011840689590150166e+00
-4.170705145757858112e-02
1.384046005125740830e-01
-5.470116324999981794e-01
2.644693733134148017e-01
1.234648485853799604e+00
1.094922140578391545e+00
5.243268110881453836e-01
-1.708354524846980027e-01
4.955530452391405105e-01
7.469982220864277433e-01
5.603535007127584677e-01
4.046785886427826107e-01
6.419152045143876606e-01
-1.358510323559384725e+00
-1.704154751143762248e+00
-1.151199564944950016e+00
7.095144061971803140e-02
6.272033642231691353e-01
-3.112655160156845291e-01
-1.370211088173028280e+00
-1.544943338845340186e+00
7.504872733268408425e-02
1.115905680874016426e-01
-4.011280871961453443e-02
4.213056018352947518e-01
1.071406100164464359e+00
6.372152431444817466e-01
1.047366134366289891e-01
-2.035080050551466568e-01
-1.093462053564240311e-01
-5.010526714366045908e-01
7.668810487500010709e-04
1.158149753009759308e+00
4.943827163574359140e-01
-1.862846799282165122e-01
-3.219207833009418707e-01
5.510358646190427478e-01
1.278897580079560115e+00
9.348425518693935787e-01
-1.694796524235802071e-01
2.558932585747555333e-01
1.163588970544586543e+00
3.096621035606636152e+00
3.034233550951184633e+00
2.257492927695941898e+00
8.758377223144329093e-01
-3.611102812091402381e-01
-1.133230110317745343e+00
-1.448407576129595142e+00
-9.606971621048465693e-01
-1.068292686456757679e-01
6.088490637777463910e-01
2.296913274773565661e+00
2.244256316418555386e+00
1.472074562722587299e+00
1.447113747109587401e+00
1.503401006227827352e+00
1.000654973940656944e+00
6.649952896342625763e-03
-2.588469652464597814e-01
7.793835297677187413e-02
-5.138431590707757124e-01
-8.919263297155641812e-01
-1.109766313306737029e-02
-1.431526830252965121e+00
-2.020184161755733676e+00
-1.675899067639402329e+00
-1.257946829679093437e+00
-1.152509197251474493e+00
-1.453295259081808011e+00
-8.661913257822821954e-01
-3.257020726657500198e-01
-9.171940917448795361e-01
-1.280618205827148026e+00
-1.071963977791272837e+00
-5.759876747453440693e-01
1.414410225365095641e+00
2.948184198718240445e+00
1.530813473734878194e+00
-1.196876095961334929e+00
-1.739612393204899687e+00
2.325533230076145763e+00
4.615954931189412136e-01
-2.134871342369513592e+00
-5.643284389722476035e-01
2.065629353753655195e-01
-2.401492393088656918e+00
-1.452873807805013406e+00
-7.408245791898098176e-01
1.111904847741232771e+00
2.265759375528047403e+00
2.010029047930993240e+00
-3.506584823176339683e-04
1.069170964129972035e+00
-3.138637582251631031e-01
-1.909850837779530242e+00
-7.387080945560207113e-01
4.052985033815545979e-01
3.590661039927223186e-02
-1.627866863832325706e+00
-1.493402152165939967e+00
1.266401791351366768e+00
2.268885278599141131e+00
-1.376691371911956008e+00
-2.026789227941436344e+00
-2.122467068849747562e+00
-2.167345167359726599e+00
-5.898440610223367742e-01
-8.565437068652703712e-01
9.240814365210450188e-01
4.143075103497440015e-01
-2.762734600542724461e-01
-5.054668550465324373e-01
-1.079134083599716298e+00
-4.060996688747928740e-01
1.077074743187407257e-01
1.077074743187407257e-01
-4.060996688747928740e-01
-1.079134083599716298e+00
-5.054668550465324373e-01
-2.762734600542724461e-01
4.143075103497440015e-01
9.240814365210450188e-01
-8.565437068652703712e-01
-5.898440610223367742e-01
-2.167345167359726599e+00
-2.122467068849747562e+00
-2.026789227941436344e+00
-1.376691371911956008e+00
2.268885278599141131e+00
1.266401791351366768e+00
-1.493402152165939967e+00
-1.627866863832325706e+00
3.590661039927223186e-02
4.052985033815545979e-01
-7.387080945560207113e-01
-1.909850837779530242e+00
-3.138637582251631031e-01
1.069170964129972035e+00
-3.506584823176339683e-04
2.010029047930993240e+00
2.265759375528047403e+00
1.111904847741232771e+00
-7.408245791898098176e-01
-1.452873807805013406e+00
-2.401492393088656918e+00
2.065629353753655195e-01
-5.643284389722476035e-01
-2.134871342369513592e+00
4.615954931189412136e-01
2.325533230076145763e+00
-1.739612393204899687e+00
-1.196876095961334929e+00
1.530813473734878194e+00
2.948184198718240445e+00
1.414410225365095641e+00
-5.759876747453440693e-01
-1.071963977791272837e+00
-1.280618205827148026e+00
-9.171940917448795361e-01
-3.257020726657500198e-01
-8.661913257822821954e-01
-1.453295259081808011e+00
-1.152509197251474493e+00
-1.257946829679093437e+00
-1.675899067639402329e+00
-2.020184161755733676e+00
-1.431526830252965121e+00
-1.109766313306737029e-02
-8.919263297155641812e-01
-5.138431590707757124e-01
7.793835297677187413e-02
-2.588469652464597814e-01
6.649952896342625763e-03
1.000654973940656944e+00
1.503401006227827352e+00
1.447113747109587401e+00
1.472074562722587299e+00
2.244256316418555386e+00
2.296913274773565661e+00
6.088490637777463910e-01
-1.068292686456757679e-01
-9.606971621048465693e-01
-1.448407576129595142e+00
-1.133230110317745343e+00
-3.611102812091402381e-01
8.758377223144329093e-01
2.257492927695941898e+00
3.034233550951184633e+00
3.096621035606636152e+00
1.163588970544586543e+00
2.558932585747555333e-01
-1.694796524235802071e-01
9.348425518693935787e-01
1.278897580079560115e+00
5.510358646190427478e-01
-3.219207833009418707e-01
-1.862846799282165122e-01
4.943827163574359140e-01
1.158149753009759308e+00
7.668810487500010709e-04
-5.010526714366045908e-01
-1.093462053564240311e-01
-2.035080050551466568e-01
1.047366134366289891e-01
6.372152431444817466e-01
1.071406100164464359e+00
4.213056018352947518e-01
-4.011280871961453443e-02
1.115905680874016426e-01
7.504872733268408425e-02
-1.544943338845340186e+00
-1.370211088173028280e+00
-3.112655160156845291e-01
6.272033642231691353e-01
7.095144061971803140e-02
-1.151199564944950016e+00
-1.704154751143762248e+00
-1.358510323559384725e+00
6.419152045143876606e-01
4.046785886427826107e-01
5.603535007127584677e-01
7.469982220864277433e-01
4.955530452391405105e-01
-1.708354524846980027e-01
5.243268110881453836e-01
1.094922140578391545e+00
1.234648485853799604e+00
2.644693733134148017e-01
-5.470116324999981794e-01
1.384046005125740830e-01
-4.170705145757858112e-02
-1.011840689590150166e+00
-8.241567426549707420e-01
-2.769103939319816909e-01
-3.171454779695979109e-01
-2.089918846677612407e+00
-1.881168813636387771e+00
-2.471840793214292731e-01
1.335839634225055361e+00
1.874537529236701250e+00
1.718945122600633812e+00
9.287818444302784471e-01
8.027308397996493206e-01
1.168475320500238501e+00
1.222713585480990961e+00
2.017126175613529693e+00
1.675772022187503207e+00
1.590828738159897782e+00
1.439288981289576608e+00
8.088203900022865600e-01
-1.879607525634964249e-01
1.246432032788902244e-01
5.710656644455891495e-01
3.796575988738312146e-01
-1.358260436634204149e+00
-8.996622049216962402e-01
5.131032692446523269e-01
-2.571072053388427925e-01
-6.000986411592656999e-01
-5.778626718789108274e-01
-1.222850183136040769e+00
-1.707195611720238038e-01
4.280327854188179515e-01
2.666636282738754637e-01
4.114185380425898764e-01
6.485338838613134982e-01
7.068782473278585332e-01
4.757386166732056054e-01
4.812364713262864413e-01
6.262264644670829661e-01
9.504605289568195392e-01
1.289553379912244946e+00
9.394492010126076487e-01
5.105024375933904235e-01
4.675381062669199395e-01
2.845149604288516043e-01
5.832255286317712395e-01
1.461417986679426351e+00
4.566908368930975293e-01
-9.333052455616448473e-01
-1.321742297750563511e+00
-1.183983354712926817e+00
5.820020637241185568e-02
8.832037281653035699e-01
1.337662407170593815e+00
9.464098862298477854e-01
1.364673385391779625e+00
1.676667055857059552e+00
1.052754588763181953e+00
4.828791124558033943e-01
1.813039699324763276e-01
3.660747714890679738e-01
1.074666447423037630e+00
1.239114041562008328e+00
8.819837217791246520e-01
1.313169524878701200e+00
1.643123034035786301e+00
1.664001674971320455e+00
8.520938999809024583e-01
-3.402484381428591553e-01
-4.212015401454276553e-01
5.893950353406005593e-01
3.205483347187265686e-02
-5.237206769541113971e-02
1.383429138118506208e+00
8.850720037007289154e-01
3.114218160801462965e-01
-8.060956438522650647e-01
-1.826299122352909698e+00
-2.074632697010525995e+00
-1.618212439022354232e+00
-5.105730898652924843e-01
1.474080176667827313e+00
2.639968996244425714e+00
1.460457939469225641e+00
1.611071347024528588e+00
1.888492669657630074e+00
-5.380235553795120751e-02
-9.127451061176068414e-01
-2.460769749373974413e-01
1.453080982549420641e-01
1.513035209342685317e+00
2.343130443646312955e+00
2.014064442328431959e+00
5.858232133710885581e-01
2.255221006852482502e-01
-7.961938250556399588e-01
-2.375803666465448050e-01
2.516473430352162755e+00
1.770150885361494231e+00
4.244414697913401202e-01
1.679784103899516490e+00
3.388680954356284580e-01
0.000000000000000000e+00
0.000000000000000000e+00
0.000000000000000000e+00
0.000000000000000000e+00
0.000000000000000000e+00
0.000000000000000000e+00
0.000000000000000000e+00
0.000000000000000000e+00
0.000000000000000000e+00
0.000000000000000000e+00
0.000000000000000000e+00
0.000000000000000000e+00
0.000000000000000000e+00
0.000000000000000000e+00
0.000000000000000000e+00
0.000000000000000000e+00
0.000000000000000000e+00
0.000000000000000000e+00
0.000000000000000000e+00
0.000000000000000000e+00
0.000000000000000000e+00
0.000000000000000000e+00
0.000000000000000000e+00
0.000000000000000000e+00
0.000000000000000000e+00
0.000000000000000000e+00
0.000000000000000000e+00
0.000000000000000000e+00
0.000000000000000000e+00
0.000000000000000000e+00
0.000000000000000000e+00
0.000000000000000000e+00
0.000000000000000000e+00
0.000000000000000000e+00
0.000000000000000000e+00
0.000000000000000000e+00
0.000000000000000000e+00
0.000000000000000000e+00
0.000000000000000000e+00
0.000000000000000000e+00
0.000000000000000000e+00
0.000000000000000000e+00
0.000000000000000000e+00
0.000000000000000000e+00
0.000000000000000000e+00
0.000000000000000000e+00
0.000000000000000000e+00
0.000000000000000000e+00
0.000000000000000000e+00
0.000000000000000000e+00
0.000000000000000000e+00
0.000000000000000000e+00
0.000000000000000000e+00
0.000000000000000000e+00
0.000000000000000000e+00
0.000000000000000000e+00
0.000000000000000000e+00
0.000000000000000000e+00
0.000000000000000000e+00
0.000000000000000000e+00
0.000000000000000000e+00
0.000000000000000000e+00
0.000000000000000000e+00
