-1.483612060546874112e+00
-6.041122122023465657e-01
3.020785556454421705e-01
9.798846318000344890e-01
1.085265947451019564e+00
1.923948036006434270e-01
2.787643786254858647e-01
1.331950468810587207e+00
2.070008189616663330e+00
1.252540651628828439e+00
-9.483277931036715458e-01
-1.723542683046290103e+00
1.096164223443549801e-01
8.192366126285159922e-01
-3.532281658734697238e-01
-2.175415409825466551e+00
1.138354947420390229e-01
1.482887583108065677e+00
5.778936479420044847e-01
-2.908465951742398303e-01
-4.709720919263133965e-01
-3.478823293078288081e-01
-1.176090842555554516e+00
-2.062035624812246226e+00
-1.635547879996396725e+00
-8.305482007771260999e-01
-7.176659348819938167e-01
-7.695976707008247431e-01
-3.347118195874039248e-01
8.872746011114807096e-02
-1.068197518035174376e-01
-9.249169752094332786e-01
9.753531447630736650e-01
1.632830047499875148e+00
1.732016050301672383e+00
8.595138372750179556e-01
-1.696105372641181663e+00
-3.900446768209026249e+00
-3.257976912544162218e+00
-7.666610013138268620e-01
-3.754468117915137348e-01
-1.639428612680303710e+00
-1.547994314200157095e+00
-9.077603153580660056e-01
-3.396208886463254473e-01
-5.196809234441396308e-01
-8.437607614733088068e-01
2.371005905577149298e-01
7.026987186090933868e-01
-3.531383371223891787e-01
-1.016311592346230475e+00
-2.423705831199846339e-01
-6.326184023543837132e-01
-5.966839166692787799e-01
-1.561255030523738263e-01
-2.611148450355744721e-01
-8.198531478729684796e-01
-1.413567410576512362e+00
-1.402950210708249212e+00
-2.741951737189056715e-01
1.314774317141405247e+00
6.459224338334197402e-01
-7.734342556042266281e-01
-1.685074370694238377e+00
-1.601659160160208373e+00
-1.967413770594224953e+00
-1.819154721335986213e+00
-7.211488910304360012e-01
5.737990127181873401e-01
-3.818044420514978832e-01
-1.329416428847594478e+00
-1.491114297217377871e+00
-1.476665796073028503e+00
-1.832396357085166017e+00
-2.269927115935053585e+00
-2.587826554303145343e+00
-2.663333663659024797e+00
-2.272866270067916084e+00
-2.004853193655860011e+00
-1.614852585910186988e+00
-8.788558486150429561e-01
-9.558479859901652942e-01
-1.257605271635600763e+00
-1.045683291238070245e+00
-1.267390176823522729e+00
-1.930852629120092478e+00
-1.966836388360685417e+00
-1.031775002878339453e+00
-2.442239896840789903e-01
-6.336385379949585062e-01
-1.128484810168534525e+00
-1.534904673428731048e+00
-1.128351816837435795e+00
3.820524197552173096e-01
1.651467820857090096e+00
1.270449726746518682e+00
-5.392062468236864525e-01
-1.265775874602838691e+00
5.369468412582987238e-01
-1.103897956545809356e+00
-1.846898309770846680e+00
-7.196553864674259948e-01
1.332671849498385797e+00
4.766349286057611767e-01
-9.750089641260231144e-01
8.181120863310433755e-01
2.016290003196796299e+00
1.294821172656624775e+00
-8.637056477632940599e-01
-3.156463556841777152e+00
-4.374707977035301454e+00
-1.660115417565882101e+00
2.851240517796935769e-01
-7.353233720360803360e-01
-4.242081025353376944e+00
-8.370029387344288807e+00
-1.019979393296107517e+01
-9.179873309388254299e+00
-4.000494812755580831e+00
-1.162716519957026851e+00
5.298169165107253775e-01
9.592965864291511657e-01
-1.700071774135632374e+00
-3.258570938707637588e+00
-3.021598020878505597e+00
-3.128721915139470955e+00
-4.910152509234647411e+00
-5.167164307682146962e+00
-3.472049432630870847e+00
-2.881745954479787208e+00
-4.465055817297127305e+00
-3.123752077659791127e+00
-8.904703279399250881e-02
-8.633992435005843902e-02
-1.056684454972306675e+00
-7.560901635991694736e-01
-3.200221316041892416e-01
1.736706126084117674e-01
6.325707568315910301e-01
1.373716725421839646e-01
-5.755946310880458716e-01
-9.277698353685894794e-01
-7.849509287242261157e-01
-5.742115164426075946e-01
-5.917991888211459051e-01
-8.921717496129709657e-01
-9.546073055868335988e-01
-5.978363045384670338e-01
-1.168501209409088304e+00
-1.899323968548851438e+00
-2.276974750286403282e+00
-2.047095955442797877e+00
-1.085103698654319437e+00
-5.340784381013894411e-01
-4.615991587222452175e-01
-7.561348273548982313e-01
-9.113137085241844737e-01
8.069369031009299142e-02
6.604255812000197068e-01
5.947854541019355068e-01
2.568533526670710998e-01
8.651513813313527201e-01
1.737583419895811110e+00
2.067004114647772006e+00
1.862994263221633418e+00
6.721269718589529818e-01
3.372865339101753790e-01
1.295501041873527770e+00
2.519349771674492366e+00
1.709275706315872778e+00
3.531574640875789761e-02
2.553960929900240817e-01
1.854707953012075583e+00
2.182855547375095906e+00
1.339349324675896735e+00
-4.845700083201003316e-01
-1.503070898231929187e+00
5.003628898981915540e-02
5.686868517927567979e-01
4.056085808863132414e-01
-9.150198444156698585e-02
-7.125377592782538017e-01
-4.229676311510144338e-02
-8.610726672311708185e-02
-3.240897618433487004e-01
-2.070270197461407946e-01
-2.842584158078366174e-01
3.434733737361529426e-01
8.655717961813957917e-01
7.983890269259381611e-01
2.028880295344124285e-01
-5.016225409786820855e-01
-8.939561833009825875e-01
1.191767919011088583e-01
1.089762070403537342e+00
1.511053898678542673e+00
1.003375085171765102e+00
9.230021504954160072e-01
1.208189456769230841e+00
6.665934807148745644e-01
-4.035873749859246740e-01
-1.324056595351062793e+00
-5.672564232952701513e-01
4.683529137130955089e-01
1.186264278745791101e+00
1.211151073637544151e+00
1.959909500010519334e-01
-7.603013113462750994e-01
-7.437016863882650597e-04
5.284963552410295584e-01
8.075824302076359817e-01
8.194214282404566063e-02
2.284779866696827755e-01
2.112388602905338253e+00
3.127334980069131909e+00
3.010136022348000040e+00
1.625885714258804571e+00
-5.920947377539975687e-01
6.433432021417480051e-01
2.853893979094152655e+00
3.312894018722399636e+00
2.585830657099134289e+00
1.200550145088947751e+00
6.089528921573876818e-01
1.357716917665975576e+00
1.385052929226108676e+00
5.184450206811646034e-01
-5.338380312893948876e-01
-3.975807805449182997e-01
1.105385619970204347e+00
2.192177458111157495e+00
2.007021627908976313e+00
2.067238468188266065e-01
-7.090631280603003628e-01
3.374946181755609231e-01
1.617007560362366592e+00
5.564519022517089297e-03
-2.643825848574524073e+00
-2.890081039344513769e+00
-2.136499093300928021e+00
-1.433452993994067892e+00
-1.332600080987347724e+00
-1.827458102854297550e+00
-1.495142903241088117e+00
-7.020265463962791497e-01
-2.137080538947795372e-01
-6.208840746186231607e-01
-1.141409063093233200e+00
-3.421051776784194143e-01
5.178908035706233370e-01
-1.649489676343167677e-01
-4.728371911385403914e-01
-1.780869434096323256e-01
1.943202461543742654e-01
1.458856443683129722e-01
4.789009654074960487e-02
-4.404626197764278661e-01
-9.088014964066833956e-01
-6.973592546054394603e-01
-4.477222973754408919e-01
-3.004647317825683839e-01
-5.654885625791361559e-01
-1.435464169779892885e+00
-2.425316665159074958e+00
-1.636915712325712091e+00
-5.441896509472350374e-01
-2.832596830985956160e-02
-3.632241277404260060e-01
-1.303920818171924179e+00
-1.880712595691961697e+00
7.497813039841889626e-01
2.348346372784380520e+00
2.946394483694483313e+00
2.793511521651006912e+00
1.866427295981053058e+00
4.467167933155753445e-01
-1.138284518722233019e+00
1.043583143675538949e+00
3.158744849206170269e+00
4.540424820807107409e+00
4.458600524139465726e+00
3.204904843021876282e+00
5.203618174761548421e-01
-1.554140065461897535e+00
1.582182280149469600e+00
4.338679234152320596e+00
3.035626938054874824e+00
1.673985998646737805e+00
1.221599824120689348e-01
-3.954126568695910393e+00
-6.075381651309980313e+00
-4.948694072727583659e+00
-2.117113261853518225e+00
-1.141776508971097392e+00
-3.698419150849733050e+00
-4.355605041326721327e+00
-2.901549428394397445e+00
-2.386463804167534342e+00
-2.366697156154275117e+00
-3.598644458004138347e+00
-7.788683619018144100e+00
-1.199755745670878504e+01
-1.183868143712667909e+01
-7.887317391560482172e+00
-4.157634609903924527e+00
-2.461816103687113788e+00
-3.105279683931678747e+00
-4.637222721180383367e+00
-5.707860670664419267e+00
-5.952945788633509316e+00
-4.948378830974475839e+00
-3.475669963333651857e+00
-2.219393979016123453e+00
-1.342691310521809900e+00
-1.531714931287335713e-01
-3.371861871850666548e-01
-2.752138486594914557e+00
-3.711982642530389676e+00
-2.144035357627045890e+00
3.783397786482780023e-01
-1.150756219275230752e+00
-1.408045041394167418e+00
-2.944939555078289750e-01
8.258909410416337415e-02
-3.627941512727561602e-01
-5.584954074076717845e-01
-8.838022209908533711e-01
-1.177620836106649360e+00
-1.044653706291947426e+00
-8.185722463964376638e-01
-1.758357456765756277e+00
-1.867758812591187700e+00
-9.940883908119872991e-01
-1.290696887618383304e-01
-3.907613223885739728e-01
-9.058302495317325231e-01
-5.757408404908512800e-01
-5.847811830627867025e-01
-1.447888491841813341e+00
-1.773709937094179567e+00
-1.885616953212254865e+00
-2.417206620497312386e+00
-2.859663033029269830e+00
-2.725409203302423311e+00
-1.590758295309110171e+00
-7.322586632490457603e-01
-1.158581934931080859e+00
-1.673027132932746852e+00
-4.957828384189023607e-01
9.036158311065207727e-01
4.789089012466130058e-02
-1.020710524328603430e+00
-1.569682307385735553e+00
-6.927482714860437873e-01
4.282763911345934815e-01
6.137200763187207198e-01
1.660686133076080706e+00
3.318862082286726523e+00
2.467925359517914252e+00
1.019464544883540658e+00
1.554284631220657076e-01
-4.120671696024478248e-01
-9.142650555101947685e-01
4.493874570283773462e-01
4.670712560864049845e-01
5.166946108710048779e-01
9.665578568564838768e-01
2.854448443423740489e-01
5.645021501160438770e-01
1.175708792860873819e+00
6.073628350983062418e-01
1.565800624930946405e-01
7.891085568529323524e-01
8.167146741009494448e-01
-1.413928925287781802e-01
-7.930133575843365534e-01
-4.864791877128391562e-01
-2.498559220068807818e-01
-2.529721037810241047e+00
-2.561731965906901998e+00
-2.384304689446949510e+00
-2.022161010014919214e+00
-1.519980085944357961e+00
4.165963111339934244e-01
2.466626852906721012e+00
3.135273310735452235e+00
1.502653158303834724e+00
-2.696030270991403022e-01
-9.058469618412117175e-01
-2.919154903827028136e-01
6.878581630066316066e-02
1.191150638676630180e-02
-1.083822024062248257e+00
-3.163081894512385972e+00
-3.186682685458084308e+00
-2.445060648487095367e+00
-2.389142900268328429e+00
-3.038995541298088909e+00
-3.057917691697472407e+00
-2.243110185947489565e+00
-1.201396884763227035e+00
-1.676779896672300429e+00
-2.782262601799452284e+00
-3.313097002417330739e+00
-3.239289864670441332e+00
-3.221652699318429569e+00
-3.435683499581506872e+00
-3.153189082852705827e+00
-2.292750264715848640e+00
-1.678631340346260048e+00
-1.542634747058351685e+00
-1.251492028209914675e+00
-8.504636660442429497e-01
-6.764257200211899468e-01
-1.316259039263945718e+00
-1.923645945865147366e+00
-2.003756753958802594e+00
0.000000000000000000e+00
0.000000000000000000e+00
0.000000000000000000e+00
0.000000000000000000e+00
0.000000000000000000e+00
0.000000000000000000e+00
0.000000000000000000e+00
0.000000000000000000e+00
0.000000000000000000e+00
0.000000000000000000e+00
0.000000000000000000e+00
0.000000000000000000e+00
0.000000000000000000e+00
0.000000000000000000e+00
0.000000000000000000e+00
0.000000000000000000e+00
0.000000000000000000e+00
0.000000000000000000e+00
0.000000000000000000e+00
0.000000000000000000e+00
0.000000000000000000e+00
0.000000000000000000e+00
0.000000000000000000e+00
0.000000000000000000e+00
0.000000000000000000e+00
0.000000000000000000e+00
0.000000000000000000e+00
0.000000000000000000e+00
0.000000000000000000e+00
0.000000000000000000e+00
0.000000000000000000e+00
0.000000000000000000e+00
0.000000000000000000e+00
0.000000000000000000e+00
0.000000000000000000e+00
0.000000000000000000e+00
0.000000000000000000e+00
0.000000000000000000e+00
0.000000000000000000e+00
0.000000000000000000e+00
0.000000000000000000e+00
0.000000000000000000e+00
0.000000000000000000e+00
0.000000000000000000e+00
0.000000000000000000e+00
0.000000000000000000e+00
0.000000000000000000e+00
0.000000000000000000e+00
0.000000000000000000e+00
0.000000000000000000e+00
0.000000000000000000e+00
0.000000000000000000e+00
0.000000000000000000e+00
0.000000000000000000e+00
0.000000000000000000e+00
0.000000000000000000e+00
0.000000000000000000e+00
0.000000000000000000e+00
0.000000000000000000e+00
0.000000000000000000e+00
0.000000000000000000e+00
0.000000000000000000e+00
0.000000000000000000e+00
0.000000000000000000e+00
0.000000000000000000e+00
0.000000000000000000e+00
0.000000000000000000e+00
0.000000000000000000e+00
0.000000000000000000e+00
0.000000000000000000e+00
0.000000000000000000e+00
0.000000000000000000e+00
0.000000000000000000e+00
0.000000000000000000e+00
0.000000000000000000e+00
0.000000000000000000e+00
0.000000000000000000e+00
0.000000000000000000e+00
0.000000000000000000e+00
0.000000000000000000e+00
0.000000000000000000e+00
0.000000000000000000e+00
0.000000000000000000e+00
