-5.932617187500022204e-02
-1.120383232644639460e-01
-2.033915638736869536e-01
-1.806683954723141694e-01
-4.448542330663612931e-02
-9.106303035763158027e-02
-2.962967591787581956e-01
-4.559978477401389618e-01
-5.903674533488338927e-01
-7.182693621798365013e-01
-6.902586715944527551e-01
-4.886672108952896387e-01
-2.136956918361878621e-01
6.321707809986465421e-02
3.285705296927933228e-01
5.400062807110722618e-01
-2.926161747736215624e-01
-5.497000023775278077e-01
-6.581937583332094777e-01
-7.939500980260494334e-01
-7.584374874458230664e-01
-5.850114881676599099e-01
-4.405505379989544945e-01
-3.888820020862181481e-01
-4.308295840890582484e-01
-5.690875113646794992e-01
-6.812034190292730607e-01
-6.523736402145183799e-01
-5.761598760476212000e-01
-7.095361503074000264e-01
-1.113882380294586305e+00
-1.531257897515268418e+00
-1.749692964512719051e+00
-1.696566902704068180e+00
-1.487428990537289497e+00
-1.382751995270212086e+00
-1.371164941946466209e+00
-1.422667084073929722e+00
-1.181385979845537504e+00
-4.524266906818632528e-01
5.255892083797339964e-01
1.073147354468780179e+00
9.132258414827409965e-01
4.400555790775244613e-01
-1.370467153520456005e-01
-1.591365152201608124e-01
6.956348004537449281e-01
1.202564338583985926e+00
1.244922110638939872e+00
1.108814991787959059e+00
8.075779427030567170e-01
3.394455466250602127e-01
-1.550383984843211049e-01
-6.304235832768618764e-01
-8.463296944920246645e-01
-8.435227445187986062e-01
-9.895861136839138039e-01
-1.119112608690705502e+00
-7.923460276708771399e-01
-1.283459541709608964e-01
4.475930405443244720e-01
7.402496173691934800e-01
9.038644834573583697e-01
5.290339801434076339e-01
-1.963524810915815433e-01
4.857240904486553879e-01
2.060983539403093534e+00
1.785572779048580028e+00
1.169865124648712618e+00
9.837449255214876231e-01
1.598437049533603327e+00
2.692128879766801042e+00
3.249764134214710332e+00
2.307063275436774585e+00
1.448338825004628294e+00
1.438916532487928723e+00
1.919542298194607532e+00
1.728721536545350101e+00
7.074094835356175004e-01
-1.477074891676852797e-01
1.312523823067866191e+00
1.832508858194023205e+00
1.301171215629635114e+00
6.002021228745577641e-01
1.447340577668339012e-01
-3.716859242606063152e-03
-2.338991125078127009e-02
-8.136718576264190261e-02
2.354431014676283684e-01
8.079887513932826337e-01
1.237348625063493746e+00
1.638011925539631042e+00
2.057935961952644721e+00
2.164714743644922557e+00
2.196193877532853556e+00
2.788806599563715682e+00
3.973153767453376783e+00
5.104883076852287260e+00
5.263769017669815753e+00
4.488050358915010030e+00
2.952875292510385830e+00
1.253385909162350931e+00
3.038639699675302897e-01
-2.115011082544795418e-01
-3.779452692312506024e-01
3.943464595787098403e-01
6.590098683370497756e-01
6.353549119745052209e-01
4.872157784532791247e-01
5.733641402175704282e-01
1.030268128972857467e+00
8.648336665081051144e-01
-1.195638546977810801e-01
-5.235757087021859491e-01
-1.321574998634478249e-01
2.190764782252263565e-01
-1.771447329636282042e-01
-8.672702268935859049e-01
-1.520262920318919520e+00
-1.441028828474103518e+00
-8.916483891183257793e-01
-1.605342536648279861e+00
-3.111997161624201258e+00
-4.226222697268387840e+00
-4.191088692810154726e+00
-2.737433669873157616e+00
-2.257081365771774095e+00
-3.573284273147882661e+00
-5.083916724051816161e+00
-4.961807070915231321e+00
-2.286219359577605470e+00
-3.871114241441517834e-01
-2.851856258555158785e+00
-4.455076288901725690e+00
-3.163933119898290514e+00
-2.649277065623545369e-02
1.387714304024165290e+00
1.683417797736694865e-01
-3.495956023260946566e-01
9.616223989215608725e-01
8.140199549691078396e-01
-8.491422726376858243e-01
-6.601276393085431238e-01
3.887077540444288104e-01
2.278325526115043687e-02
-1.993397682563611273e+00
-3.135522141082599745e+00
-2.083144470187971109e+00
-7.746084880516406201e-01
-1.009182944000246884e+00
-2.707804071794997380e+00
-3.740812909053560897e+00
-2.445625628191554934e+00
-6.569294590906293863e-01
-1.904909188690249167e-01
1.500309240145787371e-01
2.250737741976807982e+00
4.042248764360449442e+00
5.165298894631049187e+00
5.123524886031732173e+00
3.099373566505288835e+00
1.490794319565301507e+00
9.052705000170969685e-01
1.272183180080499021e+00
5.774744861997839207e-01
3.911433931579719747e-01
1.371916258496699514e+00
2.670754467194695003e+00
2.448416004121544809e+00
5.329329461220315700e-01
-1.977244219087130439e+00
-4.067453410409680892e+00
-4.821617601481253956e+00
-3.923516608596598232e+00
-3.706117243338965306e+00
-4.136096399245099420e+00
-4.383171927756897901e+00
-4.053286174660994057e+00
-3.579398626332130018e+00
-3.948849471663673505e+00
-4.368432441056711468e+00
-3.332458125479379696e+00
-9.545205989128104918e-01
-1.064780120198353774e+00
-3.073929160194064369e+00
-3.232962660221134321e+00
-2.047658443603872502e+00
-1.493293825214387471e+00
-2.687810495809665134e+00
-2.850421287958371686e+00
-7.652684919977472688e-01
1.565855729371234517e+00
-7.990466347920834878e-01
-4.070832372274294286e+00
-5.063384331834205554e+00
-4.133787312187387819e+00
-2.632062136347598003e+00
-1.689628427365151175e+00
-1.214212528561620541e+00
-3.670891065788142171e-01
8.010679027231084603e-01
1.629204220709764339e+00
1.084309615448494579e+00
-9.765045026395304806e-01
-6.732149517621666135e-01
3.977917061287792322e-01
3.791493958315768076e-01
2.403906537419746581e-01
8.856835414948494023e-01
1.952927936710691981e+00
2.778819735042118655e+00
2.740657391782442165e+00
1.585440161213686361e+00
1.267346029916434302e+00
2.015310789635135880e+00
2.454667591658400205e+00
2.438421017537344859e+00
2.433511542615138801e+00
2.795261797844494467e+00
2.875914223867930275e+00
2.920592685725927673e+00
3.085709096666493068e+00
3.119132491237980531e+00
2.344679035034530123e+00
1.550552338415656983e+00
1.594534231853714346e+00
1.918408212742654051e+00
1.712707951362224090e+00
7.794157520379535464e-01
2.301203962834871275e-01
7.959497268131657810e-01
1.577226620849324190e+00
1.808802668468779240e+00
1.062908885214862265e+00
2.352726539911974557e-01
6.548809003476196988e-01
1.486450798417215502e+00
1.861698079957511798e+00
8.881570045905418098e-01
-2.646926024469842265e-01
-1.187050034536984988e-01
1.024419556873534365e+00
1.650616973116801001e+00
1.127630414458650421e+00
5.963756545495597639e-01
5.561331122817816386e-01
9.268319298793658012e-01
1.193525062957718763e+00
1.278946443774918507e+00
1.498330812182999683e+00
2.085562468466394925e+00
1.706263714722021430e+00
5.607739814763845754e-01
-6.778392347942918672e-01
-1.568237726385921516e+00
-7.291915014773353576e-02
1.874179606007598586e+00
2.154885364927874303e+00
3.204231123580919771e+00
4.879080516181513616e+00
6.074327494525883608e+00
5.853734959383836589e+00
4.350075418021233986e+00
2.458865447129154003e+00
1.516809934506216706e+00
1.240929569268085064e+00
1.053833410984086560e+00
6.550294750073801797e-01
1.674707986393990655e-01
5.311209820983098240e-03
2.913053395366982379e-02
1.971654440328096669e-01
3.431642863045233915e-01
8.211216901847168126e-02
4.643390565962450811e-01
1.148618456468284865e+00
1.581275077465099876e+00
1.275926838962419874e+00
1.340745211301332951e-01
-1.022701345185076605e+00
1.849978054126841798e-01
1.338290560301213183e+00
1.076432257192989628e+00
-1.993839568491218017e-02
-2.965666097583823380e-01
3.394768804265675399e-01
8.578483546600059739e-01
6.988827929059051591e-01
1.812771033714581925e-01
-5.208727589864712293e-01
-8.932525221490865697e-01
-9.137516177015729824e-01
-1.041472105928320513e+00
-1.426523647795175931e+00
-1.536711855980270602e+00
-7.782012767251532681e-01
-4.132198690665052077e-01
-3.821584095378268708e-01
-5.511743852443122815e-01
-6.939867331320244137e-01
-8.437546640194864001e-01
-8.746217598458643216e-01
-8.134352593103683082e-01
-7.952556544355523505e-01
-6.844532845686852607e-01
-3.191676466624024378e-01
2.131320149759252103e-01
7.910574809025070486e-01
3.858355808875691961e-01
1.798447704048089513e-01
1.844252296763797538e-01
1.439027546829554360e-01
-1.693954165365390008e-01
-5.256585006310906527e-01
1.283329764040663790e-01
1.112268583902821684e+00
1.702112723311336895e+00
1.966062209284285656e+00
1.871273458231899722e+00
1.501741412574144841e+00
1.128381808559852928e+00
9.390211321723270776e-01
1.493912585026050399e+00
1.596943917033495586e+00
1.782487972169128021e+00
2.012083753908750605e+00
2.173828912475817443e+00
2.178648887322211181e+00
2.037370616941138302e+00
1.798435551114635489e+00
1.441209132386187530e+00
1.053896267364008210e+00
8.027718992127386155e-01
6.815505622875758229e-01
6.913941924427581265e-01
7.856712317674779955e-01
8.277803332283217852e-01
7.889153319409244469e-01
6.987910403081760702e-01
5.830062490383753904e-01
4.528499975642500397e-01
2.462707885633701743e-01
1.643444648182104950e-01
6.061534999774531585e-01
1.017826189809480031e+00
1.276946394609870472e+00
1.346029433295213185e+00
1.245669180179989732e+00
1.032791776077844448e+00
8.017619094279887504e-01
6.515340508948543885e-01
5.924217032855232379e-01
5.489500791195753848e-01
4.697780735881085801e-01
3.746057193132124041e-01
3.062976212116786945e-01
3.421104101411264198e-01
4.434786132203084597e-01
0.000000000000000000e+00
0.000000000000000000e+00
0.000000000000000000e+00
0.000000000000000000e+00
0.000000000000000000e+00
0.000000000000000000e+00
0.000000000000000000e+00
0.000000000000000000e+00
0.000000000000000000e+00
0.000000000000000000e+00
0.000000000000000000e+00
0.000000000000000000e+00
0.000000000000000000e+00
0.000000000000000000e+00
0.000000000000000000e+00
0.000000000000000000e+00
0.000000000000000000e+00
0.000000000000000000e+00
0.000000000000000000e+00
0.000000000000000000e+00
0.000000000000000000e+00
0.000000000000000000e+00
0.000000000000000000e+00
0.000000000000000000e+00
0.000000000000000000e+00
0.000000000000000000e+00
0.000000000000000000e+00
0.000000000000000000e+00
0.000000000000000000e+00
0.000000000000000000e+00
0.000000000000000000e+00
0.000000000000000000e+00
0.000000000000000000e+00
0.000000000000000000e+00
0.000000000000000000e+00
0.000000000000000000e+00
0.000000000000000000e+00
0.000000000000000000e+00
0.000000000000000000e+00
0.000000000000000000e+00
0.000000000000000000e+00
0.000000000000000000e+00
0.000000000000000000e+00
0.000000000000000000e+00
0.000000000000000000e+00
0.000000000000000000e+00
0.000000000000000000e+00
0.000000000000000000e+00
0.000000000000000000e+00
0.000000000000000000e+00
0.000000000000000000e+00
0.000000000000000000e+00
0.000000000000000000e+00
0.000000000000000000e+00
0.000000000000000000e+00
0.000000000000000000e+00
0.000000000000000000e+00
0.000000000000000000e+00
0.000000000000000000e+00
0.000000000000000000e+00
0.000000000000000000e+00
0.000000000000000000e+00
0.000000000000000000e+00
0.000000000000000000e+00
0.000000000000000000e+00
0.000000000000000000e+00
0.000000000000000000e+00
0.000000000000000000e+00
0.000000000000000000e+00
0.000000000000000000e+00
0.000000000000000000e+00
0.000000000000000000e+00
0.000000000000000000e+00
0.000000000000000000e+00
0.000000000000000000e+00
0.000000000000000000e+00
0.000000000000000000e+00
0.000000000000000000e+00
0.000000000000000000e+00
0.000000000000000000e+00
0.000000000000000000e+00
0.000000000000000000e+00
0.000000000000000000e+00
0.000000000000000000e+00
0.000000000000000000e+00
0.000000000000000000e+00
0.000000000000000000e+00
0.000000000000000000e+00
0.000000000000000000e+00
0.000000000000000000e+00
0.000000000000000000e+00
0.000000000000000000e+00
0.000000000000000000e+00
0.000000000000000000e+00
0.000000000000000000e+00
0.000000000000000000e+00
0.000000000000000000e+00
0.000000000000000000e+00
0.000000000000000000e+00
0.000000000000000000e+00
0.000000000000000000e+00
0.000000000000000000e+00
0.000000000000000000e+00
0.000000000000000000e+00
0.000000000000000000e+00
0.000000000000000000e+00
0.000000000000000000e+00
0.000000000000000000e+00
0.000000000000000000e+00
0.000000000000000000e+00
0.000000000000000000e+00
0.000000000000000000e+00
0.000000000000000000e+00
0.000000000000000000e+00
0.000000000000000000e+00
0.000000000000000000e+00
0.000000000000000000e+00
0.000000000000000000e+00
0.000000000000000000e+00
0.000000000000000000e+00
0.000000000000000000e+00
0.000000000000000000e+00
0.000000000000000000e+00
0.000000000000000000e+00
0.000000000000000000e+00
0.000000000000000000e+00
0.000000000000000000e+00
0.000000000000000000e+00
0.000000000000000000e+00
0.000000000000000000e+00
0.000000000000000000e+00
0.000000000000000000e+00
0.000000000000000000e+00
0.000000000000000000e+00
0.000000000000000000e+00
0.000000000000000000e+00
0.000000000000000000e+00
0.000000000000000000e+00
0.000000000000000000e+00
0.000000000000000000e+00
0.000000000000000000e+00
0.000000000000000000e+00
