-9.582519531250000000e-02
1.678778477353126686e-02
2.634610227266405147e-01
5.814839295022963261e-01
8.142305417010493596e-01
6.244037855417483573e-01
-1.733774022648174595e-01
-2.534516745907826607e-01
-1.737720270152023350e-01
6.297443026435156632e-02
4.542627758162895990e-01
3.542898797777460640e-02
-6.725520155341635498e-01
-2.810571508787269579e-01
4.055459437495405606e-01
6.712181931783396394e-01
4.044798459354819187e-01
-4.317010966305778741e-02
1.256063287851918453e-01
2.799906891369383644e-01
4.043148169227162025e-01
1.137123126616573776e-01
-2.834862071828512242e-01
-4.890319769369466663e-02
1.085984410863460869e-01
-3.263782344899771037e-01
-2.699535738706932975e-01
-3.831342811600932929e-01
-4.954704836898060627e-01
-3.261288618648704452e-01
-3.347205781435524941e-02
1.071753929990735266e-01
2.767518094925163208e-01
-1.869983319045765424e-01
-4.615328517085089954e-01
-9.553589175625352148e-01
-2.435672246824098774e-01
5.287960364237676014e-01
4.520268978567674178e-01
1.110874829449228773e-01
5.141861104585989661e-01
1.002222957290878291e+00
3.598570433384680189e-01
-5.035963513343921782e-02
3.064037096652205694e-01
1.592632093604116061e-01
4.175813775911567660e-01
9.280797498803512457e-01
1.347529195395011925e-01
-6.372606484381606595e-01
-2.399106528574753705e-01
1.940803241483960440e-01
-5.752114811291285656e-01
-1.332752103421532608e+00
-6.089067437429744878e-01
3.054165795956572671e-01
6.566242797612629190e-01
3.062322266441119822e-02
-9.647900974217746839e-01
-3.533907698633598216e-02
4.779733518445028473e-01
2.948116190670839742e-01
3.772471059355648748e-01
9.405315257189572620e-01
1.557128168219476194e+00
1.467343156659063119e+00
1.282249866172850084e+00
2.078957339549488026e+00
2.708995873977755764e+00
2.214458814908927486e+00
8.019566586702902011e-01
-1.044359148476736721e-02
8.602516174837928631e-01
2.195492938945765804e+00
1.873724165627045357e+00
9.739597188537532091e-01
1.256918026536860689e+00
5.731872508715274428e-01
-3.635693479924639870e-01
3.762928708096628938e-01
6.749705111241666167e-02
-9.173821125813499400e-01
9.402394043035691151e-01
1.090205560656012151e+00
-7.592407591533958389e-01
-2.922712764458232026e+00
-4.355269005935673121e+00
-4.811600599611643325e+00
-4.558223888703425430e+00
-3.654015974499038588e+00
-2.501119318409489978e+00
2.009569532328454589e-01
1.399573643662178402e+00
5.224651054348838919e-01
-1.534369181121669978e+00
-3.630943913258706246e+00
-1.925431940433651956e+00
-1.914973531329489331e+00
5.698489987236907695e-01
3.191129054437016332e+00
4.797152297980881386e+00
5.324847085891573073e+00
4.173923194440143369e+00
2.078352901068137193e+00
3.275500932960390799e+00
3.810194918891957272e+00
2.052239519618924923e+00
6.780185864407115570e-01
1.488008653526868175e+00
1.462990444935369450e+00
2.657582673497150827e-01
-7.677668416336567159e-01
-2.977536655318480108e-01
-5.238494825178983128e-01
-6.865126460822368326e-01
-1.760165471170450857e+00
-2.310041431450323035e+00
-8.885469266234669039e-01
-3.280479519859245130e-01
-8.305276054090114934e-01
6.277413290631316256e-01
5.551845598483664546e-01
-9.977319963273395542e-01
-3.901936157927405890e-01
1.355503416716530296e-01
-7.557090733677835903e-01
-1.903796313463044232e+00
-1.023487580885026116e+00
-1.631022815796087988e+00
-9.317247912489332595e-01
6.296242497924402493e-01
1.018922406655327961e+00
3.464055304593705031e-01
5.611022657937678737e-01
8.523799181184625873e-01
-2.369711837070465066e-02
-3.401537769519384913e-01
1.615569655559169870e+00
2.765916853047463597e+00
3.044584560013418262e+00
4.642624903559110727e+00
5.510141747746613028e+00
4.526458962851426016e+00
3.163507138878468794e+00
2.123055763324615430e+00
8.960918047703696487e-01
4.601649584578171304e-02
1.117493909838350952e+00
1.821201373789824052e+00
1.932949469309995116e+00
1.025555117501656177e+00
-2.043576635811028552e-01
-7.966490288530927444e-01
-2.612067442994381317e-02
-3.603754692568822415e-01
-1.279822523640497201e+00
-1.027655417164590412e+00
-3.971002027718122385e-01
-2.896405071496452877e-01
-9.895001573685253682e-01
-1.374623381791864718e+00
-2.005425888131316725e+00
-2.594373459495124656e+00
-1.134418248010881536e+00
1.441445615493641697e-02
-4.051576565917769379e-02
-1.298482808043993852e+00
-7.544245221940011348e-01
-7.983446180281108528e-01
-1.664163606487778724e+00
-2.327820411264133416e+00
-2.237883022975604597e+00
-1.582161758129578377e+00
-4.804055348372247014e-01
-8.683763270349653673e-02
-7.460219636794633846e-01
-1.816464235887141232e+00
-1.842948282376472680e+00
-7.142011624268969072e-01
6.480731683236791163e-01
6.181539300766978329e-01
-1.810202257160213879e-01
-9.949049395913079907e-01
-1.316621248828871993e+00
-1.255707830852732521e+00
-3.066474513482011499e-01
7.497829070640750215e-01
3.427968390741489291e-01
-6.133508856378999674e-01
5.321133041797085905e-01
8.925840375988398634e-01
3.875620694777230923e-01
-8.898602090135324660e-01
-3.818154770237393025e-01
4.022280929414202566e-01
-2.555627958597753713e-01
-6.241231468515864300e-01
-1.073892078110652903e+00
-1.722090240009353623e+00
-2.332024153464463900e+00
-1.990042326426271657e+00
-1.756810705382905180e+00
-1.948286902167177592e+00
-9.453248477555138418e-01
6.550653260849346182e-01
1.823645619871572698e+00
1.336140236142505433e+00
-1.779312329167836992e-01
-1.758463706767040780e+00
-4.629728166565934000e-01
1.525635016657901133e+00
3.330621697674029491e+00
4.981566026891274035e+00
5.524902765623264322e+00
4.148543633975785738e+00
1.686102374224262235e+00
1.934903869451316538e-01
-2.538566004884175165e-01
-5.245324079156434838e-01
1.081976261758801350e+00
2.602900803841204258e+00
2.482740942683527408e+00
2.194568595174311909e+00
2.529011671764465063e+00
1.898163193428683337e+00
2.799147104411363607e-01
-4.938985811887974253e-01
-1.385247905829306569e-01
-5.455212024948097316e-01
9.592042437351638862e-01
1.380973501246653967e-01
-2.292260639790610455e+00
-3.947852281725416912e+00
-2.306839374896118233e+00
-1.427764067286886984e+00
-2.711500933536911351e+00
-2.926013057814835783e+00
-3.548231967008693033e+00
-4.354863289575756191e+00
-2.863270239807515605e+00
-9.293331607973323027e-01
-7.333605456816412183e-01
-2.229778060768628833e+00
-4.972463803887386291e+00
-5.413051986096190760e+00
-4.221777419532369180e+00
-3.098873870954586884e+00
-2.217325549234228976e+00
7.084345484455338848e-01
3.995942691481756626e+00
3.653962336578422399e+00
1.700251253747973257e+00
4.835798413904836224e+00
7.350625365587962534e+00
7.653629291459197681e+00
5.910083456640110811e+00
2.329201620334241163e+00
-2.797173519862983238e-01
1.140187462577522792e+00
5.499256280484466908e-01
2.090656459835265490e+00
2.589905646660289662e+00
2.111640555548716769e+00
7.909916816031883346e-01
-4.216085468778485446e-02
1.215353234785805370e+00
1.701017354749716493e+00
1.270033855682154655e+00
3.973414652683223691e-01
-1.802967224451607064e-01
1.104418672507847532e-01
8.776002259323629762e-01
8.367805694219923041e-01
-5.280951757447638339e-01
7.149089761085567485e-01
1.074999180062797821e+00
2.163431032593330361e-01
8.179095655455620451e-01
1.179953116340164421e+00
7.984766154951048467e-01
1.682014389072195470e+00
2.253090593525191032e+00
1.414088428481268700e+00
7.190778311460168659e-01
1.477819080467136947e+00
2.923631782629299458e+00
2.814709693565812909e+00
1.150849303053096628e+00
3.724402121893843898e-02
5.466424826465141606e-01
1.539890137041495910e+00
1.460421172905467468e+00
5.551457582220371556e-01
-5.278794056731639373e-02
-2.268641593078957186e-01
-4.608006879287273039e-01
-1.010060168465302333e+00
4.248802125172823629e-02
5.512351146495138021e-01
5.970751723820710843e-01
3.183776144448500212e-01
-5.759540906868548804e-01
-2.455069355912875562e-02
1.202849381563532161e-01
-7.379239605283967052e-01
-9.589222788455471491e-01
6.550869100257017408e-02
9.047049494051848662e-01
2.113815506031699876e-01
1.778550750025813532e-01
6.547105045372070276e-01
4.349160004616664521e-01
1.107693145142383262e-01
3.415166583891804386e-01
4.802741232020302231e-01
6.658431669038845646e-01
7.880456418665511276e-01
1.937659770985586949e-01
-1.019925253306632529e+00
-1.747673890925581119e+00
-9.109283317972708405e-01
-3.498324121521276253e-01
-1.331543625540552167e-01
-3.430929582715692705e-01
-4.989677494028879057e-01
-4.243395378939889273e-01
2.780173445027178669e-01
9.265226697516324439e-01
6.777323201409104492e-01
-6.107607549520294166e-02
6.612518751876179657e-01
1.070858146328351301e+00
9.434168915838059277e-01
1.004071651274873300e+00
1.422793132413747497e+00
1.528323961685836618e+00
1.244826462083780338e+00
7.586048948498587130e-01
1.388954577666310142e+00
2.218749925546495305e+00
2.330833717619179346e+00
1.727757852077818956e+00
9.454898434230569748e-01
8.541471976454801940e-01
1.135866778722546711e+00
1.216133366682785599e+00
1.090671462534634317e+00
7.536382883246386388e-01
3.556581900417700171e-01
8.026863181658245860e-01
1.049314463237447370e+00
8.462736904462012655e-01
4.596677843601585378e-01
1.630805744946478009e-01
0.000000000000000000e+00
0.000000000000000000e+00
0.000000000000000000e+00
0.000000000000000000e+00
0.000000000000000000e+00
0.000000000000000000e+00
0.000000000000000000e+00
0.000000000000000000e+00
0.000000000000000000e+00
0.000000000000000000e+00
0.000000000000000000e+00
0.000000000000000000e+00
0.000000000000000000e+00
0.000000000000000000e+00
0.000000000000000000e+00
0.000000000000000000e+00
0.000000000000000000e+00
0.000000000000000000e+00
0.000000000000000000e+00
0.000000000000000000e+00
0.000000000000000000e+00
0.000000000000000000e+00
0.000000000000000000e+00
0.000000000000000000e+00
0.000000000000000000e+00
0.000000000000000000e+00
0.000000000000000000e+00
0.000000000000000000e+00
0.000000000000000000e+00
0.000000000000000000e+00
0.000000000000000000e+00
0.000000000000000000e+00
0.000000000000000000e+00
0.000000000000000000e+00
0.000000000000000000e+00
0.000000000000000000e+00
0.000000000000000000e+00
0.000000000000000000e+00
0.000000000000000000e+00
0.000000000000000000e+00
0.000000000000000000e+00
0.000000000000000000e+00
0.000000000000000000e+00
0.000000000000000000e+00
0.000000000000000000e+00
0.000000000000000000e+00
0.000000000000000000e+00
0.000000000000000000e+00
0.000000000000000000e+00
0.000000000000000000e+00
0.000000000000000000e+00
0.000000000000000000e+00
0.000000000000000000e+00
0.000000000000000000e+00
0.000000000000000000e+00
0.000000000000000000e+00
0.000000000000000000e+00
0.000000000000000000e+00
0.000000000000000000e+00
0.000000000000000000e+00
0.000000000000000000e+00
0.000000000000000000e+00
0.000000000000000000e+00
0.000000000000000000e+00
0.000000000000000000e+00
0.000000000000000000e+00
0.000000000000000000e+00
0.000000000000000000e+00
0.000000000000000000e+00
0.000000000000000000e+00
0.000000000000000000e+00
0.000000000000000000e+00
0.000000000000000000e+00
0.000000000000000000e+00
0.000000000000000000e+00
0.000000000000000000e+00
0.000000000000000000e+00
0.000000000000000000e+00
0.000000000000000000e+00
0.000000000000000000e+00
0.000000000000000000e+00
0.000000000000000000e+00
0.000000000000000000e+00
0.000000000000000000e+00
0.000000000000000000e+00
0.000000000000000000e+00
0.000000000000000000e+00
0.000000000000000000e+00
0.000000000000000000e+00
0.000000000000000000e+00
0.000000000000000000e+00
0.000000000000000000e+00
0.000000000000000000e+00
0.000000000000000000e+00
0.000000000000000000e+00
0.000000000000000000e+00
0.000000000000000000e+00
0.000000000000000000e+00
0.000000000000000000e+00
0.000000000000000000e+00
0.000000000000000000e+00
0.000000000000000000e+00
0.000000000000000000e+00
0.000000000000000000e+00
0.000000000000000000e+00
0.000000000000000000e+00
0.000000000000000000e+00
0.000000000000000000e+00
0.000000000000000000e+00
0.000000000000000000e+00
0.000000000000000000e+00
0.000000000000000000e+00
0.000000000000000000e+00
0.000000000000000000e+00
0.000000000000000000e+00
0.000000000000000000e+00
0.000000000000000000e+00
0.000000000000000000e+00
0.000000000000000000e+00
0.000000000000000000e+00
0.000000000000000000e+00
0.000000000000000000e+00
0.000000000000000000e+00
0.000000000000000000e+00
0.000000000000000000e+00
0.000000000000000000e+00
0.000000000000000000e+00
0.000000000000000000e+00
0.000000000000000000e+00
0.000000000000000000e+00
0.000000000000000000e+00
0.000000000000000000e+00
0.000000000000000000e+00
0.000000000000000000e+00
0.000000000000000000e+00
0.000000000000000000e+00
0.000000000000000000e+00
0.000000000000000000e+00
0.000000000000000000e+00
0.000000000000000000e+00
0.000000000000000000e+00
0.000000000000000000e+00
0.000000000000000000e+00
0.000000000000000000e+00
0.000000000000000000e+00
0.000000000000000000e+00
