-2.913818359375005551e-01
-2.401512636995056571e+00
-3.244681666105686535e+00
-2.682008113929766679e+00
-1.352494898866410056e+00
7.583115886063707123e-02
4.287484513567820787e-01
-1.953915717702740640e+00
-4.211128529203060467e+00
-4.105284958038333265e+00
-1.970801431506064016e+00
5.233270378742083118e-01
-1.173856424382022867e+00
-2.902182039979307682e+00
-2.934679175265936468e+00
-3.619359759638721474e+00
-3.353318109290444493e+00
-1.488497867921923401e+00
-1.154939789457132271e-02
7.208182122071415954e-02
-2.424492399238196150e-01
-7.046642119206472099e-01
2.737645950178568821e-02
1.900773493730077757e+00
2.862037852423129802e+00
3.397520650669330067e+00
3.060074646621010253e+00
1.524374013362652880e+00
2.194394286536222261e+00
3.042813348550212904e+00
2.814544241601915520e+00
2.480570724958707451e+00
2.483566684072448183e+00
1.984188042233868909e+00
1.418994162506170831e-01
-2.115936444081546686e+00
-2.992173707904540514e+00
-2.147946938252837334e+00
-5.727328950623413739e-01
1.028298537061230977e+00
1.307763958518046721e+00
-8.185915785815289780e-02
-1.154267738119884923e+00
-1.301966856665480288e+00
-2.886949565979257670e-01
3.772418184252626094e-01
-4.150711036272539678e-01
-7.461742457949638307e-02
5.929129016988972101e-01
6.583920482963725451e-01
5.183165549835722086e-01
1.229586256980406134e+00
1.967228663412723622e+00
1.921183224038507165e+00
1.102515888023711810e+00
7.456915608228550374e-01
4.438280144836425078e-01
-1.219346497482048708e+00
-2.726899869613293781e+00
-2.711855527885370432e+00
-1.941035293558134533e+00
-1.178293945384662589e+00
-9.182925205499035126e-01
-8.720500991818527226e-01
-7.881123251887500736e-01
-2.286351820188488038e-01
1.515092828843839889e+00
2.092276073937997083e+00
1.163821676023257812e+00
-2.313901892587035825e-01
-1.094417880801243914e+00
-7.220200222052566286e-01
1.976584621305388367e-01
8.131734309683726902e-01
5.854966270179786658e-01
8.268511690021821403e-01
1.677900081596525261e+00
1.409127000620624015e+00
1.713571041070292011e-01
-7.903219125337698214e-01
-2.080426963347982161e-01
1.136773910629347739e+00
1.933191229801390243e+00
1.821783066898201131e+00
8.849589082834540266e-01
7.076861908114668864e-01
1.442840748857308730e+00
1.232555606201657161e+00
1.011039642287191453e+00
1.025864121342022983e+00
8.341695916425193591e-01
1.328729285303424046e+00
2.742637467117621242e+00
3.636788629822396146e+00
3.327440229125396165e+00
1.562910426852397672e+00
2.706006620744760838e-01
-1.589942612090304852e-01
9.953016885770715749e-01
2.349222557634722541e+00
1.683782559714728011e+00
6.717270752829508362e-01
1.210763446633651652e+00
9.753063327922417702e-01
-6.771430328421748079e-01
-6.579352964861676645e-01
4.632877991021713271e-01
7.352076838180098273e-01
-8.071724490434094568e-01
-1.215207710760990656e+00
-5.269857044476635721e-01
-1.770658688408747183e-01
-9.442561045086677041e-01
-8.535118066855963415e-01
-3.267306913578787997e-01
-2.686906817719406648e-01
-1.267003836999743616e+00
-1.193107869415886313e+00
-2.366631732138830824e-01
-1.461806177066546919e+00
-3.467894526359974972e+00
-4.845864896686087775e+00
-3.036488327810548782e+00
-2.591031773144312211e-01
-3.182648455543972688e+00
-4.974879822284942854e+00
-5.465702103362350073e+00
-4.723771756111394993e+00
-1.430263753190434972e+00
-1.545988879095326674e+00
-2.316457700125084340e+00
-1.433321453803783063e+00
-1.389932197705446626e+00
-2.743438578385420268e+00
-2.164952603634222150e+00
4.582974581048979701e-01
1.264293079092128513e+00
-1.489303961528756437e+00
2.218522478396664166e+00
4.719523244994005218e+00
3.036834489723757358e+00
2.227959586739569176e+00
2.580753401806992642e+00
2.095965562675765170e+00
2.462268586118535385e+00
3.738825575122696865e+00
4.000757340712914001e+00
2.101030976590847477e+00
2.272053963716635039e+00
3.977207656180273165e+00
2.103155937013027277e+00
1.008637598642119215e+00
1.938781942573481576e+00
7.915817959560453865e-01
2.157336820499279995e+00
2.790433880478913053e+00
-8.082918580100868500e-01
3.233026302926178097e+00
2.730048627828673968e+00
-1.066285519125584891e-01
3.721920206898120309e+00
-2.691946156811306778e-01
-4.688696315804674164e+00
-2.477346589949483313e+00
-7.601235484085924199e-01
-2.011557479425652772e+00
-2.619332453803878469e+00
-1.977246432189986081e+00
-2.951064649503942761e+00
-3.041955109029590876e+00
-4.455157260677784947e+00
-6.193198961554071680e+00
-2.189544896907959171e+00
5.743278468441381790e-01
-3.357335448244254561e+00
-4.563950048812533744e+00
-2.598167526045581877e+00
-1.961079863769251475e+00
1.695890342016844077e+00
2.463002131954679097e+00
1.002115650727433804e+00
4.406682943335604286e+00
3.302057958067697641e+00
-7.243397253537136038e-01
2.880662497464227645e+00
2.098177224655822126e+00
8.497730388029124393e-01
2.431006763331459375e+00
1.842350304027914110e+00
2.866216401472766684e+00
3.704519142190370928e+00
2.194059572510518308e+00
1.526823270738012717e+00
4.735396683884716573e+00
5.830304580273002024e+00
4.004374536134935880e+00
2.488526595052698021e+00
2.876969207555546415e+00
2.529365234267421769e+00
2.564750487137792856e+00
3.818093279206395962e+00
3.439003463359306956e+00
1.104103873552425563e+00
1.419885268863807948e+00
2.945296251567155910e+00
2.913478425509093750e+00
1.030057656719481685e+00
-5.781334238561909311e-01
2.504802758819870689e-01
1.756730840622686030e+00
2.470134497524852701e+00
1.509628983579871742e+00
2.006135761333138756e-02
5.916731053980099908e-01
8.777740169179885088e-01
8.506582958834928432e-01
6.090392764743430831e-01
-1.675177112385073386e-01
-6.095419184769730325e-01
-2.799730293768021294e-01
-1.314387276234634250e-01
-1.055823201306648196e-01
-1.284863215133992265e-01
-5.215216230599936109e-01
-9.809792720592784843e-01
-1.443136497683369157e+00
-1.841297526908848958e+00
-1.750238577055097888e+00
-1.269985490840270792e+00
-5.853517870465265727e-01
-7.874852391641884441e-02
-8.524030062000057528e-01
-8.739522646594171107e-01
-5.543065701361740150e-01
-8.900554565007902097e-01
-1.495729826088044945e+00
-1.259306560093775618e+00
-1.775710380830129331e+00
-1.766079495398148680e+00
1.835727862399525456e-01
1.737467727561967212e+00
1.528389948622775663e+00
1.344918845393753504e+00
1.901419987698419911e+00
2.278224137526230209e+00
2.991898594933411371e+00
3.632823849526413351e+00
2.861201277955076172e+00
1.001688189723974665e+00
9.523392668779653292e-01
1.588585296162889460e+00
1.950180327404761993e+00
1.396429664208781229e+00
1.838049467137472526e-01
-1.223944375680275476e+00
-5.789519845762047812e-01
9.640154177766468990e-01
3.542020733445965242e-01
-1.637759504519025189e+00
-3.270701431174253937e+00
-3.252749973618200841e+00
-1.213825896969902063e+00
9.767161674981843511e-01
1.830409599006681987e+00
4.548947758525299090e-01
-5.582415507937685817e-01
-2.939630409796070154e-01
-8.092366493047076226e-02
-1.395787307366802565e-01
4.021549252905203264e-01
1.868836861298962759e+00
2.491964955133908255e+00
2.306033887986201680e+00
1.559288840252106123e+00
5.452291734999441530e-01
-1.928642816073204980e-01
-7.379139570431421102e-01
-8.942732445172525413e-01
-8.506128959600326445e-01
-1.863843056051559088e+00
-3.546828921087588515e+00
-4.661792148086048471e+00
-4.309889238965537217e+00
-2.892339546061944766e+00
-9.496940815663865720e-01
-4.603158209369566656e-01
-2.137849596392791263e+00
-2.954132651120307429e+00
-3.087518366551835314e+00
-1.923069922873237303e+00
3.633712171457457174e-01
-1.568971420554898799e-01
-1.943197809112873875e+00
-3.136864721543755508e+00
-3.090981102586515039e+00
-2.199318751337258071e+00
2.648365824767622279e-01
1.035304955232884572e+00
2.044671866058970000e+00
2.927811795309624099e+00
3.194603029996555765e+00
2.704683246995399859e+00
1.780472103463135669e+00
8.192523066654925357e-01
8.580004318717054934e-01
2.058187398082802488e+00
3.037735101998217502e+00
3.774091527600263785e+00
4.427139783926222982e+00
4.958049756762257232e+00
4.958176974973185658e+00
3.920468887698473015e+00
2.598674224268856747e+00
3.300586888967084409e+00
3.878873185837508508e+00
3.606099206018340109e+00
2.506729755185699293e+00
8.965065855569304132e-01
7.685322066193789325e-01
1.626522435558813706e+00
1.918937594455677464e+00
1.766388986172599873e+00
1.156628422389484268e+00
8.081267360283860279e-01
1.490069419965169839e+00
2.221156635206814389e+00
1.406941141326455869e+00
1.312020747776287743e+00
2.721369072249145926e+00
2.619983770535756040e+00
1.481408885439777778e+00
7.387053532320885241e-01
9.443777047931863899e-01
1.132940939367052424e+00
1.338291747704168477e+00
1.175397284923439534e+00
6.865159079981071333e-01
4.727894413417924047e-01
1.996116203026895852e-01
0.000000000000000000e+00
0.000000000000000000e+00
0.000000000000000000e+00
0.000000000000000000e+00
0.000000000000000000e+00
0.000000000000000000e+00
0.000000000000000000e+00
0.000000000000000000e+00
0.000000000000000000e+00
0.000000000000000000e+00
0.000000000000000000e+00
0.000000000000000000e+00
0.000000000000000000e+00
0.000000000000000000e+00
0.000000000000000000e+00
0.000000000000000000e+00
0.000000000000000000e+00
0.000000000000000000e+00
0.000000000000000000e+00
0.000000000000000000e+00
0.000000000000000000e+00
0.000000000000000000e+00
0.000000000000000000e+00
0.000000000000000000e+00
0.000000000000000000e+00
0.000000000000000000e+00
0.000000000000000000e+00
0.000000000000000000e+00
0.000000000000000000e+00
0.000000000000000000e+00
0.000000000000000000e+00
0.000000000000000000e+00
0.000000000000000000e+00
0.000000000000000000e+00
0.000000000000000000e+00
0.000000000000000000e+00
0.000000000000000000e+00
0.000000000000000000e+00
0.000000000000000000e+00
0.000000000000000000e+00
0.000000000000000000e+00
0.000000000000000000e+00
0.000000000000000000e+00
0.000000000000000000e+00
0.000000000000000000e+00
0.000000000000000000e+00
0.000000000000000000e+00
0.000000000000000000e+00
0.000000000000000000e+00
0.000000000000000000e+00
0.000000000000000000e+00
0.000000000000000000e+00
0.000000000000000000e+00
0.000000000000000000e+00
0.000000000000000000e+00
0.000000000000000000e+00
0.000000000000000000e+00
0.000000000000000000e+00
0.000000000000000000e+00
0.000000000000000000e+00
0.000000000000000000e+00
0.000000000000000000e+00
0.000000000000000000e+00
0.000000000000000000e+00
0.000000000000000000e+00
0.000000000000000000e+00
0.000000000000000000e+00
0.000000000000000000e+00
0.000000000000000000e+00
0.000000000000000000e+00
0.000000000000000000e+00
0.000000000000000000e+00
0.000000000000000000e+00
0.000000000000000000e+00
0.000000000000000000e+00
0.000000000000000000e+00
0.000000000000000000e+00
0.000000000000000000e+00
0.000000000000000000e+00
0.000000000000000000e+00
0.000000000000000000e+00
0.000000000000000000e+00
0.000000000000000000e+00
0.000000000000000000e+00
0.000000000000000000e+00
0.000000000000000000e+00
0.000000000000000000e+00
0.000000000000000000e+00
0.000000000000000000e+00
0.000000000000000000e+00
0.000000000000000000e+00
0.000000000000000000e+00
0.000000000000000000e+00
0.000000000000000000e+00
0.000000000000000000e+00
0.000000000000000000e+00
0.000000000000000000e+00
0.000000000000000000e+00
0.000000000000000000e+00
0.000000000000000000e+00
0.000000000000000000e+00
0.000000000000000000e+00
0.000000000000000000e+00
0.000000000000000000e+00
0.000000000000000000e+00
0.000000000000000000e+00
0.000000000000000000e+00
0.000000000000000000e+00
0.000000000000000000e+00
0.000000000000000000e+00
0.000000000000000000e+00
0.000000000000000000e+00
0.000000000000000000e+00
0.000000000000000000e+00
0.000000000000000000e+00
0.000000000000000000e+00
0.000000000000000000e+00
0.000000000000000000e+00
0.000000000000000000e+00
0.000000000000000000e+00
0.000000000000000000e+00
0.000000000000000000e+00
0.000000000000000000e+00
0.000000000000000000e+00
0.000000000000000000e+00
0.000000000000000000e+00
0.000000000000000000e+00
0.000000000000000000e+00
0.000000000000000000e+00
0.000000000000000000e+00
0.000000000000000000e+00
0.000000000000000000e+00
0.000000000000000000e+00
0.000000000000000000e+00
0.000000000000000000e+00
0.000000000000000000e+00
0.000000000000000000e+00
0.000000000000000000e+00
0.000000000000000000e+00
0.000000000000000000e+00
0.000000000000000000e+00
0.000000000000000000e+00
0.000000000000000000e+00
0.000000000000000000e+00
0.000000000000000000e+00
0.000000000000000000e+00
0.000000000000000000e+00
0.000000000000000000e+00
0.000000000000000000e+00
0.000000000000000000e+00
0.000000000000000000e+00
0.000000000000000000e+00
0.000000000000000000e+00
0.000000000000000000e+00
0.000000000000000000e+00
0.000000000000000000e+00
0.000000000000000000e+00
0.000000000000000000e+00
0.000000000000000000e+00
0.000000000000000000e+00
0.000000000000000000e+00
