1.173950195312500222e+00
-1.725975714999860244e+00
-4.966910061718903258e+00
-8.793916047240530887e+00
-9.353957658311255585e+00
-4.892202922745448213e+00
8.906587379018646722e-01
-7.154738166286554346e+00
-4.658449580579420157e+00
7.303157092647527548e-01
8.465197445550107780e-01
-2.214407710164363330e-01
-1.222015436190582172e+00
-3.375420797685008356e+00
-3.665340915180826720e+00
2.795541665408029175e+00
1.326330785327979545e+00
-2.974707845516011417e+00
9.012014692074410860e+00
3.513988004967160350e+00
-5.942359628291292495e+00
3.391682403901480125e+00
4.332327009699428189e+00
-6.828996723688884884e-02
-9.647575184686729699e-01
1.055264014765953107e+00
-3.931335854801218943e-01
7.551840142650023679e-02
2.105832098064745139e+00
4.302096987572419096e-01
1.654774304410809194e+00
-1.846192907994709476e+00
-4.437299252156950757e+00
1.225931465723899549e-01
-1.636997589481623550e-01
-9.263287248891887149e-01
-6.861393921412661800e-01
-7.398324906278128665e-01
-6.811921936257967491e-01
-6.060427017735170452e-02
1.876030987336334555e+00
-9.480505070087801300e-01
-3.179355230412269417e+00
-7.847710314130060816e-01
1.221048922655886049e+00
3.266583639895426217e-02
-1.316372674684446409e+00
-8.506280809616955096e-01
-1.823825811228868332e+00
-4.602696016732028994e+00
-2.745645086181280448e+00
6.680157177116139433e-01
-2.400732246639596390e+00
2.858778223783103201e+00
-1.638846769677687831e+00
-5.815210763097586444e+00
8.244444502346142123e-01
2.125739349447227866e+00
9.772006972086622056e-01
-1.033754344642567657e+00
2.228588539983481720e+00
-3.510778509332366237e+00
-6.214723617205451411e+00
-2.814175726477262884e+00
2.303644138126856866e-01
-2.341889490137673668e+00
-1.930009189537040815e+00
-6.252234042583346696e-01
-1.316445505002241667e+00
-1.759381087890324435e+00
-7.280658549239849009e-02
7.590685488817376925e-01
-5.202488961681374091e-01
-1.610698487680434221e-01
2.566574312153047099e-01
-3.211362012448658376e+00
-4.098753219589233332e+00
1.051275813168959683e+00
-3.742397806628252610e-01
-1.186688364461246703e+00
-3.431987045411358239e-01
-3.304214481581381202e-01
2.980268501837443074e-01
-2.753862964381730283e-01
1.747270237674473092e-01
-3.154075549234937048e-01
-2.463056886384553668e+00
-3.123992237590584864e+00
-7.833990331415806585e-01
3.180230689022598978e-01
-3.760317138818098925e-01
9.029830653296264664e-01
-4.643810277864929281e-01
3.242023981534816190e-01
-1.614055321845615287e+00
-2.533928787403703087e+00
-6.831848830507690762e-01
-1.019732210968316011e-01
5.595968601987730828e-01
6.215562598824428964e-01
-1.446149673918943668e+00
-1.492580624943516066e+00
-8.068045116933604266e-01
2.075664613532721692e-01
-4.857926637201950726e+00
-6.665823185119512218e+00
-3.553820442571093530e+00
-2.021803495035780496e-01
-2.533038369058870032e+00
-1.938136343080585355e+00
1.100169503212194977e+00
-4.903420103085013304e-01
-2.498831151294504949e-01
-1.319564825939121278e+00
-7.936291109313322600e-01
1.078556350546293841e+00
7.701818026045567089e-01
6.523277194561598602e-01
1.021073596428900832e-01
1.392007435804855309e+00
1.374046579534948354e+00
9.434993445811818980e-01
7.390479372331604235e-01
4.494539284675909130e-01
-1.361060647399752632e+00
-2.648038108353363285e-01
9.540654788054899749e-01
-1.563523804988581567e+00
-9.159567065488289916e-01
4.826666375520567431e-01
9.272708121777721857e-01
-2.234456099354344083e+00
-2.952499048934703385e+00
1.159285245885051996e+00
1.555534249039197237e+00
-1.214399274262697892e+00
-2.032728067057176791e+00
5.736405906570753999e-01
-1.715146723481815849e+00
-5.020254445135430288e-01
1.545558556572654840e+00
-1.305498068818848001e+00
-3.470487870897250193e+00
-2.172672910765128140e+00
2.656441278168800046e+00
-2.676706880606958272e-01
1.578336631129600987e-02
6.581601858921322101e-01
3.227281971251299897e+00
1.213083524795308454e+00
2.440314002151389161e-01
2.030508590757406306e+00
6.711734077934993214e-01
-1.840096733040304855e+00
1.152940403271994985e+00
1.026962434319357964e+00
-1.137792784648512967e+00
4.210053776831657046e-02
-2.035254447438811454e+00
-1.124817843007220430e+00
2.117137002133816504e-01
1.564700207039551483e+00
6.411295259338056773e-01
3.325730923508822823e+00
4.028348287777674841e+00
1.953650905491870482e-01
-1.648912082232132370e-01
1.335567762748242959e+00
8.392019571823465807e-01
1.121489688511125848e-01
-4.611019755736367465e-02
1.792256943239110223e+00
-6.771527461789152991e-01
2.278460512278582595e+00
-6.416923560140304073e-01
-2.141853089057887516e+00
-3.307792731924573459e+00
-4.331361540918327258e+00
-2.104449557073309940e+00
-1.881942864686143135e+00
-8.057095361748364937e+00
-7.917013539661169830e+00
-1.578546245963674988e+00
-2.049128332907834693e+00
-1.942356029780359705e+00
-1.866304675853448281e+00
-2.386704461896690166e+00
-2.738826272066639866e+00
-1.615952672503788712e+00
-6.496566637190530624e-01
-2.768472981950709233e-02
3.024228122403647134e-01
-4.229157323704162419e-01
-1.144070846605767411e+00
4.367435051977157645e-01
-1.006860237542206438e-01
7.967321049210424055e-01
8.272318879186306706e-01
-7.841931379551492221e-02
1.856562244836040598e+00
1.530809928725503255e+00
3.190369155680409241e-01
2.617608796288646289e-01
-3.007956525005570647e-01
-2.844636774720526451e-01
3.771056087002431223e-01
8.444824663022876265e-02
-6.527140299248570532e-01
2.905903459693934821e-01
-9.314173787451341946e-01
-2.591136391839295783e+00
-5.761411083726264426e-01
-5.096056752827485825e-01
-3.381117506869368849e-01
-1.715406163184800770e+00
-2.090921052411794268e+00
5.292815019507363106e-01
-3.149731548657706437e+00
-4.508043974255170561e+00
-2.199889524417942610e+00
9.900252289692443863e-01
-1.761183375139417695e+00
-1.765673339211086823e+00
-5.783684273960889577e-01
-5.513953489834515498e-01
1.596273228452119719e-01
2.688339898981084719e-01
1.368162208228252741e+00
9.011658704542697684e-01
3.193853604720282569e-01
-5.506934137354828618e-01
-8.102968893779076698e-01
-3.309402104674783462e-01
-1.002525165043450572e+00
-1.669925217243260374e+00
-1.892553563854251664e+00
-2.027402680320535389e+00
1.956939565555881888e-02
-4.469737478607649361e-01
-5.278637624955788699e-01
8.744371517574058839e-01
9.988017931913550917e-02
4.456510042466106380e-01
5.052658367853599675e-01
-1.164982147971352022e+00
-4.800122670312376716e-01
8.113148938119053577e-01
-6.469001700927957677e-01
8.481003596375703557e-01
6.221339529357128306e-01
-8.402136970935925042e-02
2.508259374358634552e-01
-2.956375744888417589e-01
-6.747916969805267673e-01
-4.852405752304035369e-01
-2.328840177519505006e-01
-9.687013291601891396e-01
1.393441871194296411e-01
-9.637055874936006905e-01
-1.912200860630839161e+00
-2.960245148511456703e-01
-1.078362010382446279e+00
-9.607881144492379510e-01
8.991227873040905649e-01
-2.470770382991680503e-01
-1.249899575933971052e+00
2.132807134121325054e-01
-8.026150225188433129e-01
-2.126280074947096033e+00
-6.200738468414019877e-01
1.127877091699992063e+00
-6.964367475567339039e-01
-5.235213672332315049e-01
-1.750324502050679687e-01
3.180380162840759084e-01
6.429351053316938458e-01
-6.199716426575985206e-01
-2.846280027853105299e-01
1.929616081058498356e-01
-1.036941918425783538e+00
-3.023140553787382334e-01
-1.443268579021366183e+00
-2.655447129160466435e+00
-3.050384792115588550e-01
-2.995717105842690131e+00
-5.064084704973914164e+00
-3.274566156998226063e+00
6.309561121145075280e-01
-2.425001205156070760e+00
-1.261022247189894419e+00
3.119854325308952792e-01
-1.233515041615151908e-02
-7.099349439204072354e-02
-1.628914089151880074e+00
-1.095455156122214335e+00
1.075087168244187596e+00
2.057462052173329781e+00
3.550250615005345889e-01
1.890118260134161510e+00
8.992652497421639302e-01
6.632206843816754738e-01
8.644908663962482809e-01
4.353872821052231501e+00
3.322477597354063228e+00
2.928156314403289606e+00
4.774806854610218920e+00
4.219585732974024950e+00
2.139196775024719610e+00
8.322126956022353195e-01
1.763052511969023239e-01
-8.927674208097577946e-01
-3.778078376647269199e-01
8.346895864841675783e-01
2.035259213254451138e-01
1.095274097918036205e+00
2.267574251780986039e-01
-2.569366626740139825e+00
-1.501358213533676267e+00
5.336023970765779723e-02
-1.112933344717650375e+00
-1.800301081617097232e-01
1.465647348978697195e+00
-6.436108055909968151e+00
-8.304171752978106724e+00
-1.102499004222453394e+00
4.492563928377362181e-01
-2.550276218996114341e+00
-3.339517814047459066e+00
-1.054085187489262498e+00
6.323177337781651364e-01
1.026529758597620301e+00
-5.527278836037077259e-01
1.247386627224023270e+00
-7.428438920320205030e-01
-1.188893290265351732e+00
1.363971588681000879e+00
-2.141925290941086857e-01
-3.571544855293459886e+00
-2.545391158873394843e+00
1.108186071467393674e+00
2.194873934257191017e-01
-1.220954397344195863e+00
-3.186622771384378661e-02
1.265883704457420933e+00
-9.379559211297605614e-02
-2.631708859886358276e+00
-2.396302229299924758e-01
-3.735595506852633640e-01
-9.961708309701553521e-01
3.446784054147458143e-01
-2.697189471911589642e-01
3.547915007201896120e-02
5.897525930728988453e-01
7.115023119610721647e-01
4.934381809823380483e-01
1.871919846189996628e-01
-4.781029027196481707e-02
4.775708192504121707e-01
-1.447666870500973424e+00
2.351335769548399401e-01
-4.285636886151249492e+00
-3.350467250793915497e+00
-2.761980596570981383e+00
7.820556904764346395e-01
-9.240508990898679276e-01
-2.390247163447626111e+00
-2.345516146073598485e-01
-1.221063696675351418e+00
-4.290120178210250490e-01
-7.756374960414639252e-01
3.643743670489136832e-01
-8.027134024695969927e-01
-1.841023341236995847e+00
-8.847905912503689629e-01
-6.773995446191156677e-01
-8.267783817141232117e-01
-8.739199409668638729e-01
-6.640501376741947404e-02
-4.263591948668388198e-01
-1.023964762586688559e+00
1.437990702998677151e-01
6.632549126229403402e-02
-1.434072338744875053e-01
-1.772785566004141389e-01
2.252339093340931520e-01
-8.365044794427756170e-02
1.870209411888623108e-01
9.049506727595113542e-02
5.104533027888299435e-01
-1.315362641284769651e+00
-1.595388421243143506e+00
8.271409599119243783e-01
7.547024578464593958e-01
1.736168850540252273e-01
-1.118446952975235442e+00
-1.514874497619041804e+00
5.485348761829987874e-01
-4.444497925985455566e+00
-6.719274679386399995e+00
-4.546757295024998591e+00
-6.968970801210576660e-01
-1.438727059332698843e+00
-1.782214627008789520e+00
-6.890250361246706978e-01
-8.320066084400474793e-01
-1.392426415869865153e-01
3.169405743168178802e-01
4.968815658620084896e-02
-5.426183724675586184e-01
1.846886462342505197e-01
8.743592903529124882e-01
1.963930073275989452e+00
5.220990265884685400e+00
2.374804377424403867e+00
9.910959284267171210e-01
2.705935649067312987e+00
3.890636832571305881e-01
-1.412819917180889062e+00
6.814839823465843605e-01
3.153772970132122211e+00
1.917249902884705204e+00
2.005226438866110072e-01
1.980418425139688354e+00
2.697186941441843455e+00
3.729890099178228002e-01
1.318568440613603343e-01
1.163863147159340361e+00
-3.395295751200717138e+00
-2.622506809799550975e+00
8.620058830820436224e-01
4.720235623899053934e-01
-1.255736524334571946e-02
6.938696853453638624e-01
3.030168021903700826e-02
-5.297934828799995000e-01
3.144114631086987188e-01
4.696295724110057801e-01
-2.499439265174909330e+00
-4.464655227203722099e-01
8.727840018965280500e-01
-1.132714595835984106e+00
-4.386663156283765908e+00
-3.422340770103704521e+00
1.604430502843474216e+00
7.095335324010383360e-01
-1.659187380105868748e-01
4.986628874940035594e-01
4.627773931233902793e+00
-3.306418117727121242e-01
-4.788844911552798678e+00
9.029496786645506035e+00
6.159542550864051336e+00
1.723450761414917931e+00
-1.788791869759667641e+00
-1.829470051228558880e+00
-7.895989193432364495e-01
-1.594690171635275266e+00
-2.014612802400194802e+00
-1.667990868649695813e-01
1.515450276333198509e+00
8.003063805194079450e-01
-4.813704328778065644e-01
-1.809173967231960223e+00
2.049385789038542960e+00
2.707593285216637558e+00
6.439023254130127327e-02
-3.007361978380611589e-01
1.660012718355194039e+00
5.634160191592707534e-02
-2.742441052055391015e+00
-2.251154102296965220e+00
-4.807977850422424204e+00
-4.569466480566599209e+00
-6.984310700767740743e-01
-2.686706567425144243e+00
-1.137063036373239688e+00
-2.501122505271548224e+00
-2.398169213898292185e+00
-2.184441556489443936e+00
-3.156951462245632278e+00
-3.918070133429983226e+00
-3.028433654314222956e+00
-3.552895783326981860e+00
-7.231959752723344792e+00
-6.455223969023140995e+00
-1.232110933911791051e+00
-6.020762860426713381e+00
-3.106081052926996211e+00
-2.730600871658567463e+00
-5.686717312012228298e+00
-5.875737873701330827e+00
-3.899941129362745507e+00
-2.366992154099397005e+00
-1.934041192456106284e+00
-2.968223342386747010e+00
-8.465529495586361364e+00
-8.504823653275412454e+00
-2.018228450856010436e+00
-9.284474077107230272e+00
-1.151375814914885609e+01
