-1.289489746093750888e+00
-3.586424657731539511e-01
2.576445645468345980e+00
2.958761931889311914e+00
3.135416631230274032e+00
3.743144475343480604e+00
3.230416646106107681e+00
2.638393780067819883e+00
1.224369777693161687e+00
-1.786043638815790757e-01
7.509528821560307321e-02
-8.047362650742233559e-01
8.449702336281994519e-02
1.253163650270317175e+00
2.594343153463412932e+00
4.100400077865676174e+00
5.027840566417734358e+00
3.233024923091103453e-01
-2.610667471591615829e+00
-2.441741478575512048e-01
1.722028026334934125e-01
1.002138296740286982e+00
1.378971659747533218e+00
-8.817879238249405338e-01
-1.170416546427616611e+00
2.997190230273298894e-01
1.782686842165408514e+00
2.641353803623689434e-01
-1.443480802509730099e+00
-1.275219860055791132e+00
-1.675940136827392513e+00
6.667589466935037734e-01
3.446665876947059726e+00
3.388339707573465809e+00
3.362634807415933125e+00
3.223593693370046864e+00
-1.218997438484289209e+00
-3.115027359328657486e+00
-2.776425871893917208e-01
-2.727132588000049651e-01
-1.065716498268072021e+00
4.848242359612287000e-01
2.484324536024993701e+00
4.620669802980725827e-01
-2.577016336540590480e+00
-3.797849690907004749e-01
-3.476798576711495059e-01
-1.702900222306527045e-01
6.159322125726447439e-01
2.971574074417031586e-01
3.900558852514712793e-02
-1.409463111628394216e+00
-1.704960786239295700e+00
-1.711834909834586194e+00
7.870389776166475393e-01
1.184304882151641980e+00
-4.530994972519026831e-01
1.439274475668319342e+00
2.873486236763583834e-01
1.498347729445039800e-01
8.395083475033130460e-01
1.522483839774375625e+00
1.588538943296311956e+00
3.910879440308823174e-03
1.485892314374718692e+00
1.053505433936935187e+00
9.281691013504114185e-01
1.965499207798661496e+00
1.224009026974380188e+00
-7.566641022762545798e-01
-1.585080772978525454e+00
-1.191274493532334500e+00
-6.484532754945411259e-01
-1.107093857298610207e+00
-1.237017790891573599e+00
-1.669701031395025126e+00
-1.487586291651281423e+00
-1.543329543295628881e+00
-2.566171181345042296e+00
-2.172636160213439194e+00
-1.519135010213065184e-01
-1.300634779075991565e+00
-1.313225094087875577e+00
-1.024475291670686961e+00
-1.459217482149397060e+00
2.453073174448094917e-01
-6.953156183072373153e-02
-1.802543017077420595e+00
1.526865685243140813e+00
3.495558737954200801e-01
-8.767531307662381757e-01
1.350354943536706376e+00
1.478218854685325656e+00
3.917118900251385094e-01
1.176166905120590300e-01
7.446901566000745376e-01
1.364604817432644612e+00
-1.986441731047907666e-01
-2.326707635471496616e-01
3.233670339226498491e+00
2.776539446949999324e+00
1.763223647546433126e+00
1.566724106868087940e+00
1.535833106483809107e+00
5.746238386254380881e-01
-1.422075892991500057e+00
-1.960763736145804348e+00
5.141974973891498824e-01
8.526310917750130614e-01
1.336177907496507222e+00
2.792095813880908217e+00
3.077833030074838216e+00
2.537475701601639599e+00
3.049967755793437263e+00
3.096976147967505089e+00
1.928891861639979055e+00
1.669888097799241411e-01
-1.549263385777800872e+00
1.152761243436004612e-01
1.362591869532210342e-01
-3.480735257195481935e-01
-3.243619700698063824e-02
6.472675404290477719e-01
3.123962632295262054e+00
3.992450702998151968e+00
2.618311196560427767e+00
4.479126491874652061e-03
-1.535551478188958541e+00
-2.395760719214983681e+00
-3.002884690752363639e+00
-1.069546969762798172e+00
1.366644001070867809e+00
8.244400693189165574e-01
1.451387692803220553e+00
4.244999838578575435e+00
5.064093212586335824e+00
4.024129738064779360e+00
1.256065966071899798e+00
-4.004988032890488547e-01
2.410230344080225962e+00
3.488710155119231437e+00
1.423834652421209324e+00
5.484236218252291906e-02
-3.642335791042612403e-01
1.423350913393950146e+00
1.821243216232666384e-01
-2.654830073408573909e+00
-2.579699427919982746e+00
-6.801264893933733902e-03
1.609171469190077808e+00
-1.542125571971311615e+00
-1.372364413537211281e+00
1.652165533223818539e+00
2.645688483515323597e+00
1.560855302006896927e+00
2.171581886407318862e-01
-1.568848134546555695e+00
-5.765504378541157493e-01
7.627365429273620379e-01
2.392780688521019883e+00
2.573796637973229551e+00
1.441154409384253210e+00
3.060318278790417068e-01
2.146084909493537474e+00
5.413037858625009413e-01
-3.510841197118434120e+00
-1.332230103274793187e+00
-4.626743977842391331e-01
-7.441183387669478844e-01
1.383988270860018854e+00
1.351734437215891482e+00
-8.443869826116001676e-02
3.116669252900750031e-01
5.535628620111032738e-01
-1.373910335301784080e+00
-2.452352476097057643e+00
-5.855466911690467846e-01
6.586206069453726109e-02
1.075204798813165885e+00
3.077278416318113052e+00
9.640993535417874405e-01
3.606510422808670846e-01
2.144109191885333665e+00
-1.040153736218121239e-01
-1.678785811438074704e+00
1.486874622418406844e+00
1.065475820401965867e+00
1.020404001289214380e+00
1.661151937794506761e+00
-1.002339594702120529e+00
-1.387361617571098993e-01
2.283378858292615554e+00
7.446502010193629673e-01
3.815247565720412126e-01
1.748188483994575160e+00
6.728959757328500935e-01
3.830862285175087312e-01
-1.362359548224035377e+00
-2.503049602765891279e+00
-1.993699630769953934e+00
-1.217790371741807265e+00
-9.558217401661095458e-01
1.614745774457251315e-01
1.654061888404543712e+00
1.839216957945944309e+00
2.138554144734776674e-01
-1.406565549370156987e+00
-1.651497802092522171e+00
-1.225325128639602301e+00
5.516650491951828883e-01
5.730841902577312741e-01
-1.178728424189893653e+00
8.835005722840945097e-01
1.771411028737446269e+00
1.339150932859793253e+00
2.943428960871226074e-01
-6.071764000463941713e-02
-6.381732549172824953e-01
1.320619566207659190e-02
1.112153851844970731e+00
2.374978513728653873e-01
-1.300007677450221166e-01
-9.509602105921288739e-02
3.782024740147305053e-02
1.390741803934353094e+00
4.119153253094638423e-01
-1.726163827096299119e+00
-3.182208571243811512e+00
-3.481157059896733408e-01
1.394679600500162264e+00
-8.374123392419106082e-01
-1.442497411295486920e-01
5.740800681901840896e-01
8.825176858931331747e-01
1.131317095000990980e+00
4.258153705161396019e-01
2.650153957470946509e-01
9.990191197288287306e-01
1.328684137756061645e+00
7.255445001135391037e-01
8.906707180132494850e-01
1.816354470108946906e+00
2.466338610737901949e+00
8.727035837240393334e-01
-1.396075897949160094e+00
-1.251439635288086549e+00
3.063910716600926065e-02
3.410663172181540581e-01
-8.963578561371754461e-05
-1.957818397846438074e-01
1.367411669054211965e+00
9.532138616332057612e-01
-1.145276248261294372e+00
9.886636208906249834e-01
2.551675073992513809e+00
3.127300686245078509e+00
2.238103803274393400e+00
8.541311491700549485e-01
2.616780761818196410e+00
4.127414243656605919e+00
4.363745394523604659e+00
3.392131578740795739e+00
3.487592541533073298e-01
-1.973560058380230409e-01
1.358226576203341862e+00
-2.004801630141161972e-02
-1.028739293583462944e+00
-1.757350905776905003e+00
-1.834839723062963390e+00
7.865240195921860966e-01
2.264455737894198517e+00
3.670918226722804878e+00
4.071766931064176198e+00
1.050931852617028817e+00
1.252097252868919597e+00
-6.470881369399643646e-01
-4.945302018228079355e-01
6.161025201838443710e-01
-1.668679147531876961e+00
4.894249510055899144e-01
3.091158320079464339e+00
4.471586779390339217e+00
4.712544027184988771e+00
1.875346323325626230e+00
2.367879454406011774e+00
3.750568743050285647e+00
6.356117304069808238e-01
7.420224883393542470e-01
3.807046023879578911e-02
-2.535520421445546013e+00
-1.624118159648093584e-01
-5.886161472007620521e-01
1.455515924091317803e+00
2.866019210859758637e+00
-1.194047691230598396e+00
-1.483009837574522649e-02
1.702231290960870336e+00
7.357591978153554813e-02
1.273723095058270083e-01
9.144969696079632282e-01
6.184235841271572554e-01
3.306131033166521682e-01
-4.971515108677311279e-01
4.443609652026445644e-01
4.256150750094185309e-01
7.149492245857258510e-01
2.348779042818584184e+00
1.947784679812555542e+00
-2.472090875917690445e-01
1.591133704537450511e+00
2.045794418476692300e+00
5.763512144464916220e-01
-2.489780794047899426e-01
2.638812056058569278e-01
-6.967725037025656043e-01
-3.536159713386292092e-01
-2.635061274615224658e-01
-6.809527347522488228e-01
1.625612628184327502e-01
-1.718744446695337214e+00
-2.788748197854741040e+00
-2.648206761920289587e+00
-1.398663462778936051e+00
-2.288663049914818615e-03
-1.327141412666187792e+00
-2.412916005915669349e+00
-1.305419088440965769e+00
-8.849703354229272456e-01
-1.917294269931335116e+00
-2.818073765585441315e+00
-8.821607005936360490e-01
1.080005555983146959e+00
-5.107455070474640202e-01
8.973561222344850208e-02
5.466426635879451101e-01
2.222060266164518350e-01
-2.058133291784645991e+00
-1.294111437883475269e+00
1.647412112709631726e+00
-2.485988895210426985e+00
-1.832455853369209686e+00
2.188577827838396050e+00
-4.304489501996859868e-01
-1.487005699297726746e+00
-2.215044492251226682e+00
-1.985502205177603230e+00
1.234099580316974976e+00
1.892801156656615635e+00
-1.155797517104649952e+00
-4.602808318583462288e-01
2.051399765026687749e+00
1.189085895398220849e-01
1.285328251908302466e+00
8.404543109481577012e-01
-2.258703796340315151e+00
-2.480131725609526328e+00
-9.539850491500205809e-01
9.037326656542032932e-01
-7.115698943617995154e-01
5.287589435121856640e-01
3.085042897195885203e+00
4.898313508923389570e+00
4.514870607469513963e+00
1.797134633854920338e+00
4.582381125397412269e-01
3.344702389373389595e-01
-1.965001698519373008e-01
-1.359427604458228300e+00
-1.094450009516107825e+00
5.461803419133062221e-01
2.623996719865457905e-01
-2.583622664595912610e-01
-6.343933057517853191e-01
2.711446547344216640e+00
2.491334938420547207e+00
2.689677137713349264e+00
3.372633285556542404e+00
1.092671984820196007e+00
2.634530926502640202e+00
5.270909685225547925e+00
5.441077152087622437e+00
3.395966415224087154e+00
2.777924139439177598e+00
2.663835565749819168e+00
1.554052816584371888e+00
2.386758316061310392e+00
2.054069406673277864e+00
2.030971368949180178e+00
4.514484636451276067e+00
5.986475456034084708e+00
6.136315575705857839e+00
5.978912526577563114e+00
5.927788417245505315e+00
4.322324164635291233e+00
1.193008567496687711e+00
0.000000000000000000e+00
0.000000000000000000e+00
0.000000000000000000e+00
0.000000000000000000e+00
0.000000000000000000e+00
0.000000000000000000e+00
0.000000000000000000e+00
0.000000000000000000e+00
0.000000000000000000e+00
0.000000000000000000e+00
0.000000000000000000e+00
0.000000000000000000e+00
0.000000000000000000e+00
0.000000000000000000e+00
0.000000000000000000e+00
0.000000000000000000e+00
0.000000000000000000e+00
0.000000000000000000e+00
0.000000000000000000e+00
0.000000000000000000e+00
0.000000000000000000e+00
0.000000000000000000e+00
0.000000000000000000e+00
0.000000000000000000e+00
0.000000000000000000e+00
0.000000000000000000e+00
0.000000000000000000e+00
0.000000000000000000e+00
0.000000000000000000e+00
0.000000000000000000e+00
0.000000000000000000e+00
0.000000000000000000e+00
0.000000000000000000e+00
0.000000000000000000e+00
0.000000000000000000e+00
0.000000000000000000e+00
0.000000000000000000e+00
0.000000000000000000e+00
0.000000000000000000e+00
0.000000000000000000e+00
0.000000000000000000e+00
0.000000000000000000e+00
0.000000000000000000e+00
0.000000000000000000e+00
0.000000000000000000e+00
0.000000000000000000e+00
0.000000000000000000e+00
0.000000000000000000e+00
0.000000000000000000e+00
0.000000000000000000e+00
0.000000000000000000e+00
0.000000000000000000e+00
0.000000000000000000e+00
0.000000000000000000e+00
0.000000000000000000e+00
0.000000000000000000e+00
0.000000000000000000e+00
0.000000000000000000e+00
0.000000000000000000e+00
0.000000000000000000e+00
0.000000000000000000e+00
0.000000000000000000e+00
0.000000000000000000e+00
0.000000000000000000e+00
0.000000000000000000e+00
0.000000000000000000e+00
0.000000000000000000e+00
0.000000000000000000e+00
0.000000000000000000e+00
0.000000000000000000e+00
0.000000000000000000e+00
0.000000000000000000e+00
0.000000000000000000e+00
0.000000000000000000e+00
0.000000000000000000e+00
0.000000000000000000e+00
0.000000000000000000e+00
0.000000000000000000e+00
0.000000000000000000e+00
0.000000000000000000e+00
0.000000000000000000e+00
0.000000000000000000e+00
0.000000000000000000e+00
0.000000000000000000e+00
0.000000000000000000e+00
0.000000000000000000e+00
0.000000000000000000e+00
0.000000000000000000e+00
0.000000000000000000e+00
0.000000000000000000e+00
0.000000000000000000e+00
0.000000000000000000e+00
0.000000000000000000e+00
0.000000000000000000e+00
0.000000000000000000e+00
0.000000000000000000e+00
0.000000000000000000e+00
0.000000000000000000e+00
0.000000000000000000e+00
0.000000000000000000e+00
0.000000000000000000e+00
0.000000000000000000e+00
0.000000000000000000e+00
0.000000000000000000e+00
0.000000000000000000e+00
