-3.411865234375000000e-02
-6.638170084414776184e-01
-4.816796440127767420e-01
-8.981805442073809154e-02
-1.036770805247809513e+00
-2.383412570478857795e-01
1.487802238791622322e-01
-1.048797498904852965e+00
-2.367423035785123808e+00
-1.650433363411183851e+00
1.340429450494568853e+00
1.872229964377805755e+00
1.343346204909389385e+00
1.344826202714885621e+00
6.394610553671893349e-01
-1.224166584791840595e+00
-1.414276086535603216e+00
-3.540002479696329196e-01
-3.881292153757293084e-01
-3.702001516596511443e-01
-1.191727987195368543e+00
-3.329935034073841393e+00
-9.690025954312888601e-01
2.892074616064244985e+00
2.487361366330087975e+00
4.132432323598478341e-01
-1.800666355919506856e-01
-9.911224052118263739e-01
-2.887652404872211420e+00
-2.893044081792060851e+00
4.326261714221235621e-01
2.109410466216125712e+00
1.391412362025607141e+00
-6.720725268595777457e-01
-1.381472584652873259e+00
-2.990399051226428906e+00
-2.714723070238982405e+00
-6.408535033511175705e-01
3.260047643137728990e-01
-5.443939726987201411e-01
9.502586362780820473e-01
3.167608116786544858e+00
1.398336458770022883e+00
-5.869308939819761761e-01
-6.582817831569596212e-01
-8.051885771160294247e-02
-3.901672534169469131e-01
2.031266179386190807e-01
1.661648420696177464e+00
1.517845842491872377e+00
6.753552441572999721e-01
-2.701077440795175422e-01
-1.688309668307304667e+00
-2.358335331047140215e+00
-2.257102047573053660e+00
-5.567260855694901034e-01
2.335756895290922452e-01
3.400816363863853331e-01
1.045724076914920309e+00
3.669605583299695439e-01
3.031173054031746084e-01
4.813019706224341832e-02
-5.592165135059620207e-01
-3.330260393925636997e-01
2.845973636629068881e-01
-2.622349959116604401e-01
-7.795857755785700061e-01
-8.544177225655467112e-01
-7.387821522651233375e-01
-4.213918042086377547e-01
-1.064036366673314360e-01
1.489465168022741093e-02
-2.499740754310468827e-01
-9.470510102850802081e-01
-1.514067904933330766e+00
-1.187677645910650170e+00
-6.377803099639917095e-01
1.457984759044828049e-01
1.050899924921808726e+00
1.064764596580053402e+00
1.195136056532132507e+00
2.834944268698694758e-01
-7.234614639695318150e-01
-9.280726062535953336e-01
-6.673001154544264679e-01
-5.603553230527844597e-01
-9.981204471009221812e-01
-6.693962574501750584e-01
-5.321786233046352788e-01
-9.379412439432037729e-01
-6.125339062827583891e-01
-1.001006759648080946e+00
-2.600760055254624170e+00
-3.162261847218311051e+00
-2.338925594665138163e+00
-8.973244106251820895e-02
-5.918192899489715941e-02
-6.110596124376606930e+00
-6.582612475317070277e+00
-5.641502939899678104e+00
-5.781032865384367447e+00
-6.319477013597960990e+00
-5.017300529561193656e+00
-1.547770643456916728e+00
1.774021087506360450e+00
1.669335744862902704e+00
-2.009634672077812656e+00
-4.883494203820244906e+00
-3.897496042081210810e+00
-2.676826900530704378e-01
-1.237991320102116433e+00
1.726643716255578553e+00
6.743672300355326499e+00
3.577870471784535322e+00
8.663604705845338039e-01
2.402173848467721307e-01
9.523414366932660968e-01
1.276796177701847945e+00
2.261666990322869442e+00
2.224170302073099847e+00
-2.757394322059489866e-01
1.611072478577009193e-01
1.398782631713284985e+00
1.093515282459696092e+00
-1.647287089186736608e+00
-2.052717961189649110e+00
-1.375157632063132018e+00
-1.083824364990012556e+00
-9.493848373680711106e-01
-2.928717196297787595e-01
-1.566524794223980721e-01
2.114019330850948619e-01
6.559573737718054076e-01
8.620939929093200949e-01
8.237173120117737835e-01
6.425951940138072693e-01
-1.323710462521198172e-01
-9.466210711398553856e-02
-5.374699684306367964e-02
2.179901569182220444e-01
-1.445263929218185694e-01
-1.135696556858476480e-01
1.780023353116000351e-03
-1.493023112738058877e+00
-2.053833049374175435e+00
-1.058171248456130087e+00
-2.639545236569926345e+00
-2.932986150354091492e+00
-6.692147294473625996e-01
3.163697639793205951e-02
-2.488830688765288901e-01
4.896971785612663775e-01
-1.771198687942000305e+00
-2.396060097493873720e+00
1.318840994947682033e-01
-1.421971010364513122e+00
-1.643870540409818837e+00
-4.413644947171599942e-01
-2.527535476124387781e+00
-9.554477836077599484e-01
-5.179102141415219407e-01
-3.717778134121397571e+00
-2.946829041660163462e+00
-6.072901140539843645e-02
-1.163712053527075740e+00
-2.217188920487696002e+00
-2.609116885885578441e+00
-2.773689138735759840e+00
-5.806293521834482441e-01
1.232243024345091920e+00
-1.637723362100063085e+00
-1.029852364991026281e+00
7.186737861096901270e-01
-6.415748873496907034e-01
1.566220010629761905e-01
2.020873168465850078e+00
1.114150000072293922e+00
1.741630014997746834e+00
2.500058575160894581e+00
5.458550903030152668e-01
-1.255270420841169354e+00
7.611413036252119291e-01
2.312369442615089810e-01
-7.884459698543400119e-01
-2.292211689003036401e-01
-1.472110236777422143e+00
-2.539795957029695295e+00
-4.781509089790031419e-01
-2.242871390227494821e+00
-4.186319044898877628e+00
-2.431569563625563646e+00
-1.799365637369998883e+00
-2.375193229690240937e+00
-7.856394610826511471e-01
-2.768639741363014828e+00
-3.632023921472084638e+00
-4.414798293071133806e-01
-1.213035493657005359e+00
-2.930224808730878649e+00
3.693374614276543344e-01
3.274060673520828857e-02
7.060769602962597702e-01
1.951115196433385490e+00
-8.292979001823499452e-01
-1.274315479283155028e+00
1.565029048623493013e-01
2.964647531752808707e-01
2.403858411033428233e-01
-4.182372509291345519e-01
-9.214548910367468260e-01
-6.955617645758951362e-01
-4.737160056441802602e-02
-1.380577892922059347e+00
-1.528737126701985360e+00
6.950174413379922589e-01
1.104355950565699462e+00
3.276490243693909177e-01
6.519823816871787026e-01
1.348619083449291267e+00
1.058055954854002501e+00
5.572776644246959510e-01
6.867325307351883623e-01
1.859925289626127576e-01
-3.220601181827342785e-01
-1.863496584658974609e-02
4.593982954317567535e-01
4.340147903273902097e-01
2.528889908006939358e-01
3.164734942044633570e-02
-3.896679955106070459e-01
-1.888339355996171864e+00
-2.490800205117571942e+00
-1.233050343028440965e+00
-8.695499866354161611e-02
-8.128198423880932388e-01
-1.640321293949122072e+00
-1.965720817922748331e+00
-1.104975604908604359e+00
-2.473056162466928498e+00
-3.171545911946135998e+00
-2.667868591331164385e+00
-2.800621077138857551e+00
-3.516031235175482106e+00
-1.516063800584101173e+00
1.672489941207332187e+00
-2.056756069298542489e+00
-2.851410096119799231e+00
1.018329331206654365e-01
-5.040523433429355826e+00
-6.287969510809980456e+00
-4.155168254062355793e+00
-7.283192103106401749e-01
7.679453022633597747e-01
-1.168420086953643855e+00
-6.565815069504058243e+00
-8.298150179042186991e+00
-8.401499522814846799e+00
-8.237955789463669021e+00
-7.573415308273801827e+00
-3.400563829951236183e+00
3.078003042086067786e+00
1.501861693266403286e+00
-2.098927857315062706e+00
-2.672764698740671463e+00
1.370821871995886454e-02
4.787995265356963515e+00
6.062272907352862283e+00
3.709512942360770005e+00
1.135246906622265239e+00
-1.225604905875614214e+00
2.730398614676146085e-01
7.830733596508459016e-01
7.477334693285040412e-01
6.644830192206296893e-01
3.658553039337264501e-01
-1.736100617535020207e-01
1.728250388780817826e+00
3.235762527949167744e+00
4.634593163239408398e+00
3.994869383663053775e+00
1.819602484236983342e+00
-6.899088363616159292e-01
4.360668977559412074e-01
2.064076341080468779e+00
2.566867797208055801e+00
2.181701614589581339e+00
1.087127324142858287e+00
-4.684641126137569778e-01
-5.630378189435112368e-01
2.423122968889594997e-01
4.752267643686964860e-01
1.377132700706835688e-01
-9.695955395636518537e-02
2.417256243379980463e-01
5.694515820080714441e-02
-3.467055883278944428e-01
-5.934514228323661822e-01
-1.965452479599141267e-01
1.015543957971861477e+00
5.640703991878298629e-01
6.883712783713465955e-01
1.288680755389772781e-01
-1.519223258416695366e+00
-2.242223869295962402e+00
-2.133549840905492267e+00
-8.161193086092763949e-01
-1.438000759478681445e-01
1.055483451257895888e-01
5.061626264843277490e-02
-9.021214035013473964e-01
-1.133194756317827068e+00
-1.053270650568088884e+00
-1.875246333712333957e+00
-2.722949601883987381e+00
-2.132561478066855365e+00
-1.018586862063849630e+00
-1.821957324473964412e+00
-1.551298606619475828e+00
-1.257978029381783269e+00
-2.509443230352291110e+00
-3.489876604191793241e+00
-2.465501031644705687e+00
-1.043071010372369489e+00
-7.759217501590019994e-01
-1.456554011476436927e-01
-7.009484629357763952e-01
-2.369335091008817784e+00
-3.397297048453486124e+00
-2.632675334771981568e+00
-7.532000879353151213e-01
-6.513349782612611882e-01
-1.690773490462619710e+00
-6.802814028370496313e-01
2.187328379890565166e-01
-1.935246417690708709e+00
-1.067362746067380463e+00
1.839304803803863297e+00
3.452979781750398658e+00
2.313160341965344813e+00
3.925028316476399937e-01
2.418955669831492905e-01
-2.083792388855720823e-01
-1.185630587235250832e+00
-1.822296663577180897e+00
-1.461376858543040225e+00
-1.010032438002739674e+00
3.968673709996104471e-01
8.217660688956280879e-01
-1.780548832950437088e-01
-2.116605838479424850e+00
-1.374484208637413163e+00
-1.698713956266979519e-01
1.317616502123450717e+00
3.105824978119154256e+00
3.320562875424224902e+00
3.024600942273655058e+00
2.505425737599621616e+00
3.390954877793833644e-01
1.147046185584717160e+00
7.773498929593869455e-01
7.802889522500152664e-01
2.004369172622600281e+00
2.091405013148576852e+00
2.625999794799447340e+00
3.937299963746223153e+00
3.845107609331777976e+00
3.396551955493813058e+00
3.462211436389861063e+00
2.670385523214740875e+00
8.550575471549990425e-01
1.228381221144785096e+00
2.437682278491404286e+00
2.727939096385358919e+00
1.829240320780298301e+00
4.216012812987833813e-01
6.498144144029277536e-01
6.315702872149316915e-01
3.877997049160663567e-01
0.000000000000000000e+00
0.000000000000000000e+00
0.000000000000000000e+00
0.000000000000000000e+00
0.000000000000000000e+00
0.000000000000000000e+00
0.000000000000000000e+00
0.000000000000000000e+00
0.000000000000000000e+00
0.000000000000000000e+00
0.000000000000000000e+00
0.000000000000000000e+00
0.000000000000000000e+00
0.000000000000000000e+00
0.000000000000000000e+00
0.000000000000000000e+00
0.000000000000000000e+00
0.000000000000000000e+00
0.000000000000000000e+00
0.000000000000000000e+00
0.000000000000000000e+00
0.000000000000000000e+00
0.000000000000000000e+00
0.000000000000000000e+00
0.000000000000000000e+00
0.000000000000000000e+00
0.000000000000000000e+00
0.000000000000000000e+00
0.000000000000000000e+00
0.000000000000000000e+00
0.000000000000000000e+00
0.000000000000000000e+00
0.000000000000000000e+00
0.000000000000000000e+00
0.000000000000000000e+00
0.000000000000000000e+00
0.000000000000000000e+00
0.000000000000000000e+00
0.000000000000000000e+00
0.000000000000000000e+00
0.000000000000000000e+00
0.000000000000000000e+00
0.000000000000000000e+00
0.000000000000000000e+00
0.000000000000000000e+00
0.000000000000000000e+00
0.000000000000000000e+00
0.000000000000000000e+00
0.000000000000000000e+00
0.000000000000000000e+00
0.000000000000000000e+00
0.000000000000000000e+00
0.000000000000000000e+00
0.000000000000000000e+00
0.000000000000000000e+00
0.000000000000000000e+00
0.000000000000000000e+00
0.000000000000000000e+00
0.000000000000000000e+00
0.000000000000000000e+00
0.000000000000000000e+00
0.000000000000000000e+00
0.000000000000000000e+00
0.000000000000000000e+00
0.000000000000000000e+00
0.000000000000000000e+00
0.000000000000000000e+00
0.000000000000000000e+00
0.000000000000000000e+00
0.000000000000000000e+00
0.000000000000000000e+00
0.000000000000000000e+00
0.000000000000000000e+00
0.000000000000000000e+00
0.000000000000000000e+00
0.000000000000000000e+00
0.000000000000000000e+00
0.000000000000000000e+00
0.000000000000000000e+00
0.000000000000000000e+00
0.000000000000000000e+00
0.000000000000000000e+00
0.000000000000000000e+00
0.000000000000000000e+00
0.000000000000000000e+00
0.000000000000000000e+00
0.000000000000000000e+00
0.000000000000000000e+00
0.000000000000000000e+00
0.000000000000000000e+00
0.000000000000000000e+00
0.000000000000000000e+00
0.000000000000000000e+00
0.000000000000000000e+00
0.000000000000000000e+00
0.000000000000000000e+00
0.000000000000000000e+00
0.000000000000000000e+00
0.000000000000000000e+00
0.000000000000000000e+00
0.000000000000000000e+00
0.000000000000000000e+00
0.000000000000000000e+00
0.000000000000000000e+00
0.000000000000000000e+00
0.000000000000000000e+00
0.000000000000000000e+00
0.000000000000000000e+00
0.000000000000000000e+00
0.000000000000000000e+00
0.000000000000000000e+00
0.000000000000000000e+00
0.000000000000000000e+00
0.000000000000000000e+00
0.000000000000000000e+00
0.000000000000000000e+00
0.000000000000000000e+00
0.000000000000000000e+00
0.000000000000000000e+00
0.000000000000000000e+00
0.000000000000000000e+00
0.000000000000000000e+00
