3.258972167968737788e-01
-1.260066294735713299e-01
-2.428996421831350894e-01
-1.229843231001458426e-01
-2.131330711148907708e-01
-3.607452330548439612e-01
-2.182161807411753252e-01
-6.449440713390508506e-02
-4.076677323253175000e-01
-7.949996665053757905e-01
-5.657548013765647532e-01
-9.766926734155401135e-02
-2.006065345495180452e-01
-2.161662253677567591e-01
2.672368419448390986e-01
-7.959444346964782424e-01
-7.182252838526690386e-01
2.967704370720603002e-02
1.940991642518209437e-01
-3.746763564916245626e-01
2.889762225027348030e-02
1.862576529235540068e-01
-7.945629107210041564e-01
-8.363498437048499934e-01
-3.961072311784921141e-01
1.442241515005027175e-02
-1.418709311781740645e-01
-2.262761505602501888e-01
-7.302561288714759513e-03
-9.463968896086161209e-02
-7.218354086025264849e-01
-3.145516814243590753e-01
-1.652615858478314881e-01
-6.112018029335024583e-01
-8.401543421406254541e-01
-7.665613757432310216e-01
-6.115128148052977330e-01
-3.302041749011790372e-01
7.790841751084620626e-02
-2.210440629553913072e-01
-1.092298399770545769e+00
-1.428187243628471936e+00
-1.388463514297816559e+00
-1.044009960024069539e+00
-7.359261221894495275e-01
9.048740506153363228e-02
4.702433074512235578e-03
-2.572620419173037298e-01
-5.350056213496174884e-01
-6.014914883008986024e-01
-5.159810951922241262e-01
-4.410319349943213618e-01
-6.571039434273961977e-01
-7.554424479592045660e-01
-1.967436889901315045e-01
4.050349113045756955e-01
5.292879215518253577e-02
-9.057314049743069306e-01
-1.270111195317335628e+00
-1.007995221829449228e+00
-7.320696298739246544e-01
-6.697752774097782691e-01
-1.049339274598176663e+00
-9.027116542742310568e-01
-1.151623137479433900e-01
2.349890209233240768e-02
-2.853309865163162762e-01
-6.593979398385489965e-01
-6.632077170497019392e-01
-3.818760598488466496e-01
-2.091953966761073147e-02
1.963164632031972889e-01
4.102169518028975226e-02
-3.198764217728443660e-01
-1.252647496825834317e+00
-5.952997898887935069e-01
-2.783753842820857471e-02
5.805041436911513308e-01
1.175257684068137021e+00
1.514101516105661904e+00
1.747115532022065931e+00
1.063040287708574727e+00
1.283765681784969859e+00
1.543452807139761074e+00
1.551779561806890584e+00
1.189538871241313966e+00
9.244383533113532669e-01
1.356708150715860706e+00
2.081169287623854114e+00
2.420724504037963243e+00
2.014631465104807173e+00
1.252986444605455496e+00
5.175452218721687814e-01
-8.656939236884019229e-01
-1.504414437079726108e+00
-1.298654499400280660e+00
-7.309679547752483408e-01
-1.719599064840608982e-01
1.752182949032705661e-01
3.835612290739784935e-01
3.530933938322482479e-01
1.935501480109590444e-01
1.147226800276160974e-01
3.102830367733845907e-01
4.778151722201349205e-01
4.352760496914517274e-01
5.961742241473095838e-01
1.010449445783354827e+00
1.037942260346921941e+00
4.257969397807520595e-01
-6.587399287233891565e-01
-1.388981083961055907e+00
-1.735503567401926794e+00
-1.617400079092104370e+00
-1.119112891087569173e+00
-5.591763325454424116e-01
-3.398033488402134594e-01
-5.445541956044994691e-01
-6.019341517492120541e-01
-3.964794003184390903e-02
2.311184578223879349e-01
4.443095173270262821e-01
6.464255220059509366e-01
5.327398781389796056e-01
3.998177155595520338e-01
4.688822503106601092e-01
6.316938947822627881e-01
8.310861722745986890e-01
-1.726301252567233879e-01
-1.551904956868201957e+00
-1.910014017115893914e+00
-1.975845573025697632e+00
-1.717548111432757096e+00
-1.498987028600759608e+00
-1.654123716102942954e+00
-2.041271942865136246e+00
-1.478304207209343524e+00
6.856641896164104022e-01
-5.190187551500692331e-01
-1.179063932578438667e+00
-6.786286019143568105e-01
-2.869329453891722448e-01
-8.532114097877607772e-01
2.099205539408706134e-01
9.503186527547520246e-01
1.166310134629177320e+00
1.094033506590751603e+00
8.910856866478442662e-01
1.221343290491950118e+00
1.064756914709035662e+00
3.297416807316171372e-01
-5.086630193730465876e-01
-1.123249521928917360e-01
8.034060588053094643e-01
1.507435288448412125e+00
7.516151889780366968e-01
-6.237613832177268947e-02
9.851720355819315600e-02
1.502685860378316640e+00
1.634920615206481687e+00
9.381100477503374613e-01
5.594398422587965047e-01
3.562198151140823499e-01
7.160088342847110709e-01
1.650814763626030635e+00
2.065783905369197093e+00
3.658942537546803209e-01
-1.345639225292434960e+00
-1.306634822072575641e+00
5.927789155290588141e-01
2.720492678184233348e+00
1.874637407683000578e+00
7.147222792014984449e-02
-1.308057541344106234e+00
-6.110469157423751296e-01
1.079294811426775524e+00
1.226689595731744298e+00
1.464337844996646876e+00
1.190486916649685867e+00
-8.304623856803639015e-03
1.347583160311950579e+00
2.169419610449828895e+00
1.793523844924734822e+00
1.565542158500438319e+00
2.176148190746325373e+00
1.833916331070395200e+00
1.327879994236210726e+00
1.089467373863273192e+00
7.007727652120867567e-01
-1.179620554480416139e-01
-1.665468920351546700e+00
-2.647531175857502195e+00
-1.431137563129429191e+00
-4.193467848392238295e-01
-5.402437632119285738e-01
-1.128662619481256346e+00
-1.984648151446652076e+00
-5.859095844846218260e-01
9.809423207489720298e-01
9.809423207489720298e-01
-5.859095844846218260e-01
-1.984648151446652076e+00
-1.128662619481256346e+00
-5.402437632119285738e-01
-4.193467848392238295e-01
-1.431137563129429191e+00
-2.647531175857502195e+00
-1.665468920351546700e+00
-1.179620554480416139e-01
7.007727652120867567e-01
1.089467373863273192e+00
1.327879994236210726e+00
1.833916331070395200e+00
2.176148190746325373e+00
1.565542158500438319e+00
1.793523844924734822e+00
2.169419610449828895e+00
1.347583160311950579e+00
-8.304623856803639015e-03
1.190486916649685867e+00
1.464337844996646876e+00
1.226689595731744298e+00
1.079294811426775524e+00
-6.110469157423751296e-01
-1.308057541344106234e+00
7.147222792014984449e-02
1.874637407683000578e+00
2.720492678184233348e+00
5.927789155290588141e-01
-1.306634822072575641e+00
-1.345639225292434960e+00
3.658942537546803209e-01
2.065783905369197093e+00
1.650814763626030635e+00
7.160088342847110709e-01
3.562198151140823499e-01
5.594398422587965047e-01
9.381100477503374613e-01
1.634920615206481687e+00
1.502685860378316640e+00
9.851720355819315600e-02
-6.237613832177268947e-02
7.516151889780366968e-01
1.507435288448412125e+00
8.034060588053094643e-01
-1.123249521928917360e-01
-5.086630193730465876e-01
3.297416807316171372e-01
1.064756914709035662e+00
1.221343290491950118e+00
8.910856866478442662e-01
1.094033506590751603e+00
1.166310134629177320e+00
9.503186527547520246e-01
2.099205539408706134e-01
-8.532114097877607772e-01
-2.869329453891722448e-01
-6.786286019143568105e-01
-1.179063932578438667e+00
-5.190187551500692331e-01
6.856641896164104022e-01
-1.478304207209343524e+00
-2.041271942865136246e+00
-1.654123716102942954e+00
-1.498987028600759608e+00
-1.717548111432757096e+00
-1.975845573025697632e+00
-1.910014017115893914e+00
-1.551904956868201957e+00
-1.726301252567233879e-01
8.310861722745986890e-01
6.316938947822627881e-01
4.688822503106601092e-01
3.998177155595520338e-01
5.327398781389796056e-01
6.464255220059509366e-01
4.443095173270262821e-01
2.311184578223879349e-01
-3.964794003184390903e-02
-6.019341517492120541e-01
-5.445541956044994691e-01
-3.398033488402134594e-01
-5.591763325454424116e-01
-1.119112891087569173e+00
-1.617400079092104370e+00
-1.735503567401926794e+00
-1.388981083961055907e+00
-6.587399287233891565e-01
4.257969397807520595e-01
1.037942260346921941e+00
1.010449445783354827e+00
5.961742241473095838e-01
4.352760496914517274e-01
4.778151722201349205e-01
3.102830367733845907e-01
1.147226800276160974e-01
1.935501480109590444e-01
3.530933938322482479e-01
3.835612290739784935e-01
1.752182949032705661e-01
-1.719599064840608982e-01
-7.309679547752483408e-01
-1.298654499400280660e+00
-1.504414437079726108e+00
-8.656939236884019229e-01
5.175452218721687814e-01
1.252986444605455496e+00
2.014631465104807173e+00
2.420724504037963243e+00
2.081169287623854114e+00
1.356708150715860706e+00
9.244383533113532669e-01
1.189538871241313966e+00
1.551779561806890584e+00
1.543452807139761074e+00
1.283765681784969859e+00
1.063040287708574727e+00
1.747115532022065931e+00
1.514101516105661904e+00
1.175257684068137021e+00
5.805041436911513308e-01
-2.783753842820857471e-02
-5.952997898887935069e-01
-1.252647496825834317e+00
-3.198764217728443660e-01
4.102169518028975226e-02
1.963164632031972889e-01
-2.091953966761073147e-02
-3.818760598488466496e-01
-6.632077170497019392e-01
-6.593979398385489965e-01
-2.853309865163162762e-01
2.349890209233240768e-02
-1.151623137479433900e-01
-9.027116542742310568e-01
-1.049339274598176663e+00
-6.697752774097782691e-01
-7.320696298739246544e-01
-1.007995221829449228e+00
-1.270111195317335628e+00
-9.057314049743069306e-01
5.292879215518253577e-02
4.050349113045756955e-01
-1.967436889901315045e-01
-7.554424479592045660e-01
-6.571039434273961977e-01
-4.410319349943213618e-01
-5.159810951922241262e-01
-6.014914883008986024e-01
-5.350056213496174884e-01
-2.572620419173037298e-01
4.702433074512235578e-03
9.048740506153363228e-02
-7.359261221894495275e-01
-1.044009960024069539e+00
-1.388463514297816559e+00
-1.428187243628471936e+00
-1.092298399770545769e+00
-2.210440629553913072e-01
7.790841751084620626e-02
-3.302041749011790372e-01
-6.115128148052977330e-01
-7.665613757432310216e-01
-8.401543421406254541e-01
-6.112018029335024583e-01
-1.652615858478314881e-01
-3.145516814243590753e-01
-7.218354086025264849e-01
-9.463968896086161209e-02
-7.302561288714759513e-03
-2.262761505602501888e-01
-1.418709311781740645e-01
1.442241515005027175e-02
-3.961072311784921141e-01
-8.363498437048499934e-01
-7.945629107210041564e-01
1.862576529235540068e-01
2.889762225027348030e-02
-3.746763564916245626e-01
1.940991642518209437e-01
2.967704370720603002e-02
-7.182252838526690386e-01
-7.959444346964782424e-01
2.672368419448390986e-01
-2.161662253677567591e-01
-2.006065345495180452e-01
-9.766926734155401135e-02
-5.657548013765647532e-01
-7.949996665053757905e-01
-4.076677323253175000e-01
-6.449440713390508506e-02
-2.182161807411753252e-01
-3.607452330548439612e-01
-2.131330711148907708e-01
-1.229843231001458426e-01
-2.428996421831350894e-01
-1.260066294735713299e-01
0.000000000000000000e+00
0.000000000000000000e+00
0.000000000000000000e+00
0.000000000000000000e+00
0.000000000000000000e+00
0.000000000000000000e+00
0.000000000000000000e+00
0.000000000000000000e+00
0.000000000000000000e+00
0.000000000000000000e+00
0.000000000000000000e+00
0.000000000000000000e+00
0.000000000000000000e+00
0.000000000000000000e+00
0.000000000000000000e+00
0.000000000000000000e+00
0.000000000000000000e+00
0.000000000000000000e+00
0.000000000000000000e+00
0.000000000000000000e+00
0.000000000000000000e+00
0.000000000000000000e+00
0.000000000000000000e+00
0.000000000000000000e+00
0.000000000000000000e+00
0.000000000000000000e+00
0.000000000000000000e+00
0.000000000000000000e+00
0.000000000000000000e+00
0.000000000000000000e+00
0.000000000000000000e+00
0.000000000000000000e+00
0.000000000000000000e+00
0.000000000000000000e+00
0.000000000000000000e+00
0.000000000000000000e+00
0.000000000000000000e+00
0.000000000000000000e+00
0.000000000000000000e+00
0.000000000000000000e+00
0.000000000000000000e+00
0.000000000000000000e+00
0.000000000000000000e+00
0.000000000000000000e+00
0.000000000000000000e+00
0.000000000000000000e+00
0.000000000000000000e+00
0.000000000000000000e+00
0.000000000000000000e+00
0.000000000000000000e+00
0.000000000000000000e+00
0.000000000000000000e+00
0.000000000000000000e+00
0.000000000000000000e+00
0.000000000000000000e+00
0.000000000000000000e+00
0.000000000000000000e+00
0.000000000000000000e+00
0.000000000000000000e+00
0.000000000000000000e+00
0.000000000000000000e+00
0.000000000000000000e+00
0.000000000000000000e+00
0.000000000000000000e+00
0.000000000000000000e+00
0.000000000000000000e+00
0.000000000000000000e+00
0.000000000000000000e+00
0.000000000000000000e+00
0.000000000000000000e+00
0.000000000000000000e+00
0.000000000000000000e+00
0.000000000000000000e+00
0.000000000000000000e+00
0.000000000000000000e+00
0.000000000000000000e+00
0.000000000000000000e+00
0.000000000000000000e+00
0.000000000000000000e+00
0.000000000000000000e+00
0.000000000000000000e+00
0.000000000000000000e+00
0.000000000000000000e+00
0.000000000000000000e+00
0.000000000000000000e+00
0.000000000000000000e+00
0.000000000000000000e+00
0.000000000000000000e+00
0.000000000000000000e+00
0.000000000000000000e+00
0.000000000000000000e+00
0.000000000000000000e+00
0.000000000000000000e+00
0.000000000000000000e+00
0.000000000000000000e+00
0.000000000000000000e+00
0.000000000000000000e+00
0.000000000000000000e+00
0.000000000000000000e+00
0.000000000000000000e+00
0.000000000000000000e+00
0.000000000000000000e+00
0.000000000000000000e+00
