1.149566650390625444e+00
1.271294039325318703e+00
3.409408280499621746e-01
1.141049270374256963e-01
3.092872066250051954e-01
3.263079926733563063e-01
-2.049367230219396596e-01
4.543148216777428416e-01
5.631175295638191081e-01
-1.008532402748338885e-01
8.903979000513428943e-03
1.376401848553820972e-01
-6.912767305490570280e-01
-1.163969471469549211e+00
3.763053641032819696e-01
9.757409807576826744e-01
1.260543054957928177e+00
8.496728805159144970e-01
5.892763983343562995e-02
2.559063020643741471e-01
5.715057565545347273e-01
-6.047578514257079263e-03
-9.628467052084634936e-01
-1.953021689208261691e+00
-2.234562937861704235e+00
-1.731126171171120776e+00
-5.669138841049017330e-01
1.354692992432934728e+00
1.606937444243551116e+00
-2.481992785049973449e-01
-2.202044496732615819e+00
1.027024059845838000e+00
3.264980182254701546e+00
1.589783552670273048e+00
-2.319902993076143893e-01
-1.498741442169642113e+00
-2.030661165786090461e+00
-3.487575360946474579e+00
-2.916236855955805396e+00
-1.780002043482689089e-01
-4.219123508003201906e-01
-3.316257087413006843e+00
-3.905566178947043277e+00
-3.874691345472997206e+00
-4.391617014944923625e+00
-4.938360105315216408e+00
-6.030467378226758157e+00
-5.777988211382494299e+00
-4.754547491453916308e+00
-2.849399310962119625e+00
-3.617879770015388630e-01
6.422930328444633741e-01
-4.062628818723479363e-01
-1.978073543218703989e+00
-3.324666940154084926e+00
-1.894550881932303366e+00
-9.237744650258954415e-01
-9.712650304287082648e-01
-6.050965833606394284e-01
-1.177093302753819959e-01
-3.756228046686359567e-01
-1.109948085634697712e-01
5.982806986957101003e-02
-4.161990119722025483e-01
2.386367899622032773e-01
1.451604651079811070e+00
1.449361988536396639e+00
-1.384219614997015402e-01
-2.943382897695172584e-01
-2.593742394733364875e-01
-4.937491494385031210e-01
-3.806893779064053351e-01
1.014093741055668296e-01
8.084208291148755610e-01
-1.401402033711601769e-01
-1.568018901304278900e+00
-1.523830951917066523e+00
-1.673057488298739237e-01
4.334844873981990032e-01
-2.589365263105108950e-01
2.840927333098600682e-01
6.103623061024625596e-01
-4.200749073336051964e-02
-1.220653643050089165e-01
1.201333476623338337e+00
1.620407047124653666e+00
4.741981314856924534e-01
-6.647548032107570837e-01
-1.653955886842528589e-02
-3.398433605226004461e-01
-5.807770494166256681e-01
2.238440379377570899e-01
7.161137741755808639e-01
-4.268024815419879658e-03
-3.196433898513986183e-01
-6.649791599557208777e-02
6.628250876456021068e-01
7.050278007387619228e-01
1.747929557131859823e-01
-5.732511728433221654e-01
2.205489517356693518e-01
1.013050771005703066e+00
9.584979883571291825e-01
-4.575176059057197708e-01
-1.216302935450661593e-01
3.632729046540463802e-01
4.752517925755761485e-01
1.010809045115889093e-01
-7.640300431891722255e-02
-5.323863264237648218e-01
-7.187893773288486221e-01
-1.198155148567144002e+00
-9.641051644783601438e-01
2.293438989900224989e-01
4.537655256444723673e-01
-3.674997222127512342e-01
4.455188187571178515e-01
1.217896036444344743e+00
9.500885902777059799e-01
1.316141450276581137e-01
6.796422808012219097e-01
1.303930727009644519e+00
6.902496378184833636e-01
5.496615930889716672e-01
1.592796254495621344e+00
1.160945225818039050e+00
2.042269940121373972e-01
3.280066403299757294e-01
8.665675905540741741e-01
7.745838331560248591e-01
9.655213556508801531e-02
-8.304296623421081325e-01
-4.717633410060761978e-01
7.363206360439096265e-01
5.401759827613922260e-01
-8.709555707386771317e-01
1.494711276127964616e-01
1.345395512534065974e+00
1.446533933385976578e+00
2.738546759352159521e-01
3.841014946970628952e-01
9.639936900812935416e-01
8.507998594038987950e-01
-1.550412061898859273e-01
-1.602104330292253298e-01
7.576747327165489487e-02
8.448713400303109466e-02
-3.316630631415289909e-01
-6.589856360874163377e-01
-5.516792371621930258e-01
-3.577267058764850849e-01
-2.272686762251655557e-01
6.651530467477317909e-02
-7.344956962788595778e-02
-2.961707982596093469e-01
2.194215435555629812e-02
6.029919866276572948e-01
2.290331803459647597e-01
-1.776589681443235813e-01
-9.928334970563815198e-02
6.594476642627317142e-02
-2.446967818947147211e-01
-3.096681701485737293e-01
1.128658800725897970e-01
4.769042164972183140e-01
2.383461864191883661e-01
-6.264840947893548506e-01
-1.028906312735324846e+00
-7.098823482706639876e-01
-3.834723772341320780e-01
-7.110232994805465445e-01
-9.804628587484076618e-01
-6.771321709762311292e-01
-4.048177841318629788e-01
-1.059122735374875113e+00
-1.759475220899586301e+00
-1.410357524191132583e+00
-7.416845093054663662e-01
-7.808965534646259421e-01
-1.107370532452081502e+00
-9.559199547467731595e-01
-6.661804171928548124e-01
-4.172800109383006939e-01
-2.802853969876440976e-01
-1.306293628759727987e+00
-2.935525339580482118e+00
-4.277332730731949084e+00
-4.661120515515193574e+00
-4.508286827292616650e+00
-4.240927116276939302e+00
-3.705538766108069648e+00
-2.573945995545675824e+00
-1.471912616408056707e+00
-1.412348733485853991e+00
-1.586355634607871767e+00
-1.383029423258118618e+00
-1.181015012925731078e+00
-1.337790885487572412e+00
-1.704560550800664931e+00
-1.940215792556836183e+00
-1.778228692594393756e+00
-1.377139834707948429e+00
-1.240976854919638939e+00
-1.530696151199272936e+00
-1.723792229811338839e+00
-1.429949159809332571e+00
-1.348565273540441201e+00
-2.372461316533825748e+00
-3.526947137188925385e+00
-4.238429995994165367e+00
-4.575357316583369638e+00
-4.637506712453782320e+00
-4.143973598042264506e+00
-3.002993508505375164e+00
-1.397029738254851550e+00
-3.125545283612854996e-01
-4.999230014582609627e-01
-7.668684060088145626e-01
-9.240871297239322546e-01
-9.944201013033899805e-01
-9.366023170249871965e-01
-9.133708526587880350e-01
-1.295827001776273413e+00
-1.600279548658430473e+00
-1.295154399093176867e+00
-5.959779097431291417e-01
-5.869596254199813679e-01
-6.715284043552197657e-01
-7.381696450474173332e-01
-6.486128770523988951e-01
-6.934070693479167380e-01
-7.955239519355066236e-01
-6.176665183222566080e-01
-5.109452483389670396e-02
3.864531231219250906e-01
3.041070381099877373e-01
-6.976016384023608907e-02
-3.682084681152653083e-01
7.959037355791270807e-02
2.274374978460518837e-01
-5.661932615737345076e-01
-1.104362306680473083e-01
6.891564941089264318e-01
4.387387093046873354e-01
-2.403870112934523018e-01
-3.121187250988387563e-01
2.195756285678962527e-01
1.151821847434652546e-01
-7.004441371531895388e-01
-6.175188987281081676e-01
-5.659024320614189918e-01
-4.694110086638523249e-01
-2.449306900794637198e-01
-2.636164310982366255e-01
-1.107873832935541980e-01
1.762767787504629924e-01
4.731595433641664905e-01
5.492707253300712633e-01
7.974851980913137961e-01
6.517967516709211040e-01
2.256422606202059811e-01
8.688590221335903419e-01
9.620425034794457542e-01
2.600653456211559078e-01
-4.587917916326084145e-01
3.812026381554225463e-01
1.390897079323283325e-01
-7.039754768060566548e-01
-5.933425858151681886e-01
5.201878721722283938e-01
1.046943506841478078e+00
9.186435935371206618e-01
4.445327791888452618e-01
5.478292404170730379e-01
1.520303202021391353e+00
1.421574462914942272e+00
6.037858830605297156e-01
5.477358783408667886e-01
8.904730496189063871e-01
5.784303223930963300e-01
2.076533220452506656e-01
9.205330834059886058e-01
1.233755719243405657e+00
5.691729763544306486e-01
-2.823055707426665450e-01
1.843605383619089100e-01
-2.279868620165532711e-01
-1.086318800725025291e+00
-8.917577513912304799e-01
-4.856595413976196873e-01
-6.422060220065095582e-01
3.924820301419773561e-02
8.198440479611637244e-01
-2.382053039906946168e-01
-4.050863100096575575e-01
1.678698198215224924e-01
7.333795804787996975e-01
2.005369901085973794e-01
4.917210751856089246e-01
4.958959011427890307e-01
-8.174502978150177679e-02
4.631609645675655029e-01
9.801644103677963349e-01
-1.491379597565828385e-01
-6.294623417760929485e-01
-8.894767885553211961e-02
8.410391367105979343e-01
5.194736195346182361e-01
-1.991926858240872233e-01
-4.511987107287679377e-01
-1.627472152698420382e-01
-3.147708155429951304e-02
-5.510240181765687639e-01
4.502480814938979448e-01
1.329021934725859166e+00
9.131952388489674721e-01
-2.162189264794212029e-01
3.314218007345366424e-01
1.071976931221149343e+00
1.798345762467773445e-01
-2.298866117035961443e-01
-7.208718384555523606e-02
-8.842277913046456828e-01
-1.469703998839666736e+00
-5.982177222564004637e-01
1.830267367616640328e-01
-2.551716036323430359e-01
-2.282355868161125567e-01
-1.460066087213158781e-01
-2.723356394467808528e-01
-6.611535933819170374e-01
-4.865296494354476309e-02
7.033601418477566369e-01
5.590211606970711955e-01
8.771433525706302525e-01
2.536344373017054288e-01
-8.690629486610657040e-01
2.272890767749560226e-01
1.183252317235387707e+00
-5.986453173091247359e-01
-1.822225488692648554e+00
-1.151387377351293928e+00
-4.054902927422734393e-01
-9.000843408913286048e-01
-2.202307611262596332e+00
-2.838178495200320395e+00
-1.041893978307165458e+00
-2.320142092759243102e-01
-7.460935951886678019e-01
-2.683484860567423080e+00
-4.558218743038016996e+00
-4.908141047215890396e+00
-5.218211027217103393e+00
-6.128974203895467099e+00
-5.084985547333881861e+00
-3.765296096192737085e+00
-3.233831052921673610e+00
-2.868211014879079812e+00
-9.716460016821675261e-01
-1.715683990103848977e-01
-1.876903445121494762e+00
-3.214407742497811249e+00
-2.467092293645015477e+00
-8.825519537371055989e-01
-1.523252049699275634e+00
-7.899624898973889309e-02
2.915753500059884651e+00
2.428682281004076682e+00
-4.327361537206186881e-02
-2.095834410961402217e+00
7.302569470448969646e-01
1.497210261898373362e+00
-1.655373437069562748e-01
-1.168001227259205521e+00
-1.199376378430860202e+00
-1.742258541778465952e+00
-1.938494435957740514e+00
-4.296642447726486402e-01
7.887792221222957867e-01
8.251045940664401002e-01
3.109582819691102396e-01
5.499817391073832384e-01
1.036919394237001413e+00
1.113427039968670540e+00
9.746275826607605497e-01
-6.118121064946135945e-01
-1.519271310385121421e+00
-3.009826840644291845e-01
6.487535668893529284e-02
-2.123431669685600376e-01
1.565473963870862573e-01
5.155963494850115403e-01
4.947880998363420879e-01
4.115141054268476317e-01
-4.758219674745762795e-01
-2.078384711523064698e-01
3.907808597820907615e-01
1.253778340738286534e+00
2.197105945206080158e+00
0.000000000000000000e+00
0.000000000000000000e+00
0.000000000000000000e+00
0.000000000000000000e+00
0.000000000000000000e+00
0.000000000000000000e+00
0.000000000000000000e+00
0.000000000000000000e+00
0.000000000000000000e+00
0.000000000000000000e+00
0.000000000000000000e+00
0.000000000000000000e+00
0.000000000000000000e+00
0.000000000000000000e+00
0.000000000000000000e+00
0.000000000000000000e+00
0.000000000000000000e+00
0.000000000000000000e+00
0.000000000000000000e+00
0.000000000000000000e+00
0.000000000000000000e+00
0.000000000000000000e+00
0.000000000000000000e+00
0.000000000000000000e+00
0.000000000000000000e+00
0.000000000000000000e+00
0.000000000000000000e+00
0.000000000000000000e+00
0.000000000000000000e+00
0.000000000000000000e+00
0.000000000000000000e+00
0.000000000000000000e+00
0.000000000000000000e+00
0.000000000000000000e+00
0.000000000000000000e+00
0.000000000000000000e+00
0.000000000000000000e+00
0.000000000000000000e+00
0.000000000000000000e+00
0.000000000000000000e+00
0.000000000000000000e+00
0.000000000000000000e+00
0.000000000000000000e+00
0.000000000000000000e+00
0.000000000000000000e+00
0.000000000000000000e+00
0.000000000000000000e+00
0.000000000000000000e+00
0.000000000000000000e+00
0.000000000000000000e+00
0.000000000000000000e+00
0.000000000000000000e+00
0.000000000000000000e+00
0.000000000000000000e+00
0.000000000000000000e+00
0.000000000000000000e+00
0.000000000000000000e+00
0.000000000000000000e+00
0.000000000000000000e+00
0.000000000000000000e+00
0.000000000000000000e+00
0.000000000000000000e+00
0.000000000000000000e+00
0.000000000000000000e+00
0.000000000000000000e+00
0.000000000000000000e+00
0.000000000000000000e+00
0.000000000000000000e+00
0.000000000000000000e+00
0.000000000000000000e+00
0.000000000000000000e+00
0.000000000000000000e+00
0.000000000000000000e+00
0.000000000000000000e+00
0.000000000000000000e+00
0.000000000000000000e+00
0.000000000000000000e+00
0.000000000000000000e+00
0.000000000000000000e+00
0.000000000000000000e+00
0.000000000000000000e+00
0.000000000000000000e+00
0.000000000000000000e+00
0.000000000000000000e+00
0.000000000000000000e+00
0.000000000000000000e+00
0.000000000000000000e+00
0.000000000000000000e+00
0.000000000000000000e+00
0.000000000000000000e+00
0.000000000000000000e+00
0.000000000000000000e+00
0.000000000000000000e+00
0.000000000000000000e+00
0.000000000000000000e+00
0.000000000000000000e+00
0.000000000000000000e+00
0.000000000000000000e+00
0.000000000000000000e+00
0.000000000000000000e+00
0.000000000000000000e+00
