2.497863769531250000e+00
1.050752161812640972e+00
-1.357665742854636148e+00
-2.148003153593438519e+00
-6.068284898619895618e-01
-2.957742911121575835e-01
-1.442130161798234944e+00
-5.021418590547668259e-01
1.405381101219570272e+00
-3.884544817990631671e-02
-2.527603179525294230e+00
-3.484714840268904990e+00
-1.789561218526667163e+00
4.659737051557044651e-02
-1.103209464622438851e-01
5.839344612678498692e-02
2.708197716001039534e-01
-1.012163496475981805e-01
-6.158416995880244826e-01
-1.516932932317818894e+00
-1.870308102567209252e+00
-1.710673318928437325e+00
-8.074189934692119763e-01
-3.426973658124059519e-01
-6.899925291454223064e-01
2.023229043724272813e-01
6.854363527790398036e-01
-1.819923203090801689e+00
-1.693537088171448657e+00
-1.131944424502049351e+00
-2.212044980031232289e+00
-6.010370521725572068e-01
3.283741576822828634e+00
3.936998853868556747e+00
2.400405798500572452e+00
2.387028849601108060e+00
2.899390980164793241e+00
1.995263193137534197e+00
9.869898057017190141e-01
1.732984594606431283e+00
2.721853064850598969e-02
-3.138686895432206470e+00
-2.629025729958671231e+00
1.380698394054899136e+00
4.503834112732555184e+00
4.231438723527368495e+00
-1.508371995590853665e-01
7.336416564103123150e-01
1.882828827293026475e+00
-8.917194743558010117e-01
-7.066453231737206409e-01
1.376027346740665180e+00
3.416038369335283598e+00
4.091989041157836127e+00
9.336013340486393197e-01
-8.762837808424748243e-01
3.066063549583786241e-01
2.860513541370628410e-01
2.189421763012332711e+00
2.197895113621776808e+00
1.259777013829272985e+00
3.764859773494677597e-01
-1.400319284030106193e+00
1.328321934482432409e+00
3.137444161428550871e+00
2.789673111199456379e+00
-1.367735078011254490e+00
4.717550866796542675e-01
1.973321302336093153e+00
-8.461064861800693393e-02
-1.976307658677906920e+00
-1.934267354700456076e+00
-2.195828974215424001e+00
-1.565970239768106786e+00
-4.310515359979243399e-01
-3.185137256403789863e+00
-2.401713410816159744e+00
5.042284852426872632e-01
-1.407106361287606466e+00
3.807027520118633213e-02
7.815089678477051827e-01
-8.279052172956522515e-01
2.073877901881190589e+00
4.516003410178432986e+00
2.897540237523737794e+00
-2.898847188921194196e-01
2.288610372724798836e+00
2.644485155854168212e+00
8.115958906242659587e-01
-2.193093181817431514e-01
-2.642696255535075256e-01
-2.480931563143261798e+00
-2.945892588920904220e+00
-1.343420586359421298e+00
1.485125266001830369e+00
9.509844531780691224e-01
9.414484921553802899e-01
2.107080711519797589e+00
2.921650784650822175e-01
-1.485929984459516850e+00
-1.986070540130761675e+00
-4.511698790007701021e+00
-3.555683786542316760e+00
-3.078295998354827923e+00
-5.058770382387187681e+00
-4.684666925283724304e+00
-2.924341219074920062e+00
-2.646864592180932174e+00
-1.356294846117657826e+00
1.768254520101013583e-01
1.739696276380946260e+00
3.781769946210162825e-01
-1.089861892068152649e+00
-5.666497187409746950e-01
-9.182956399884800724e-02
1.472080880885253684e-01
-4.868496095916734490e-01
-2.580900868462128628e+00
-1.022572468393764478e+00
1.151866579406085833e+00
2.007584477343234752e+00
1.828007015039442074e+00
3.109856402178849955e+00
3.804029173733706859e+00
2.887250751527413062e+00
2.757814398436992054e+00
1.418037350193650958e+00
-4.468965994288751631e-01
4.659510470853951425e-01
2.662998915440395464e+00
1.052659485940961259e+00
-1.025519356903879409e+00
7.608870346766858361e-01
1.806658297902948629e+00
1.384438315443195622e+00
1.408137142370600392e+00
-1.800972968249254791e-01
-2.924756963853774039e-01
-3.075095942743586441e-01
-2.187222494282144325e+00
-2.194237997334314905e+00
-3.346725693004041213e-01
-2.207259352836108413e+00
-2.003924140158463985e+00
4.187323952079873290e-01
1.226002773687137282e+00
2.514485645348027987e-01
-1.306979803140513319e-01
2.939467713121334036e+00
-4.568593927813711097e-01
-2.109145437967031800e+00
9.761030874885272546e-01
-1.547119844406508626e+00
-3.106909872369706616e+00
-3.304668971180162451e-01
-2.045223674424170301e+00
-7.447933979654433045e-01
2.686209155807751436e+00
3.785436256091516238e+00
1.372237958622078979e+00
1.987387991664800735e-01
7.526949858558307227e-02
-1.995879550755796483e+00
-2.364131979677362327e+00
-1.403888882105560842e+00
-1.317747638083760275e+00
-2.080479745360399590e+00
-9.435185522580626927e-01
1.517511735448797472e+00
2.580706317165972763e-01
-4.739760709259011051e-01
-7.880276803829726617e-01
1.666093783769779124e+00
2.596489093308201213e+00
-1.580707928842965959e-01
1.033917114220004763e+00
4.682121233036955488e+00
7.140379904528105115e+00
5.844464959129983761e+00
4.174790185611720439e+00
1.913860135903725723e+00
1.013623478580052861e+00
4.535783936903736269e+00
5.477241275094823614e+00
2.449427196423601405e+00
1.094300803343024153e+00
-1.083027104769418436e-01
1.878537833774643007e+00
2.650503032900527245e+00
2.363865600224578589e+00
2.589238202321488380e+00
2.111155088993831086e+00
2.324163454271166884e+00
1.341236183427603201e+00
-1.167285206279182308e+00
1.943501155067024477e-01
2.031272266006045157e+00
2.830578249647136779e+00
1.626577094754435349e+00
-1.523117993527575376e+00
-2.604290190718305809e+00
-1.766083342513520726e+00
1.471773211024509420e+00
5.148087918993575762e-01
-2.329793562037933530e+00
-7.699373382428380541e-01
1.102902227854976047e-01
-1.305834440445455602e+00
-1.353027088451590476e+00
1.237386831469924786e+00
1.497092651940139074e+00
7.685506082731612398e-01
9.095865022325587690e-01
-1.403324151643803752e+00
-4.089178928571786997e+00
-2.635786230467983327e+00
-1.598840773426894346e+00
-5.798443903217719964e+00
-4.184873756838194403e+00
-1.827307869155289310e+00
-4.701504702466593244e+00
-2.828293195329232290e+00
3.864304644303195868e-02
-3.347573613532242476e+00
-2.829187643555628906e+00
-1.930413855020314706e+00
-1.092176929906799376e+00
-1.674900713507524674e+00
-2.285988275408948667e+00
1.925584140758903606e-01
-2.642858048459829856e+00
-4.014353241247450299e+00
-1.695978656627141312e+00
-1.555031816198062522e+00
-2.197798740381736948e+00
1.247334487816711190e+00
2.699465255729270208e+00
1.325331091603467293e+00
-5.124322172627464589e-01
3.257892854143240591e-01
1.129847987227804884e+00
7.345866136429959337e-01
-2.021205783719474347e+00
-3.802138514107212153e+00
-1.656382619686126656e+00
9.349554176788026361e-01
1.392455453984627667e+00
4.083695052577893669e-01
-1.237250391770119862e+00
-3.985448476678374874e-01
7.268890505733769380e-01
-1.651929154251501330e-01
-1.107575985513288064e+00
4.948233837596220930e-01
1.624733292359856751e+00
2.223904735890327444e-01
-6.384088942590837590e-01
1.143109485941715464e+00
2.059280832926812188e+00
4.400188298684421184e+00
5.271091731329517138e+00
2.348777080219832669e-01
-7.913245437765552559e-01
2.605302150325707888e+00
3.573741067126313453e+00
2.409849978878348509e+00
4.687108934429113916e-01
-2.262561285422064028e+00
-3.979974681250924018e+00
-1.865285138200091897e+00
-8.920900366629682665e-01
-9.093139969842680692e-01
1.424803462163038770e+00
2.724364105331030128e+00
7.307980580327755327e-01
3.409284482560615004e-03
5.759152096072528426e-01
-2.014936985554184101e+00
-2.245716547615751679e+00
-1.482511379837081478e+00
-1.012333878501887385e+00
-1.121942431090596770e+00
-9.828374128228467566e-01
3.657653853605475902e-01
3.160403770836427206e+00
3.784499571596968259e+00
2.202485452210948935e+00
4.525251961273912826e-01
5.490544607962579704e-01
1.759982525163479306e+00
2.404564536986481649e+00
2.053877973458822837e+00
7.471793045454604432e-01
1.999756650132302305e+00
2.724858441827571198e-01
-5.256721780815403200e-01
1.797146380742934646e+00
3.536354413638984617e-01
-1.094194106269168465e+00
-1.938373669980671954e+00
-2.579935514025359922e+00
-1.936653124628876732e+00
7.386534493310565885e-01
1.681467692856935425e+00
1.226348868508985390e+00
2.948182288190709599e+00
2.470610995159230328e+00
1.390194801054111862e+00
-1.376484972382826966e+00
-8.316493984452604238e-01
-3.922880203322569592e-01
-2.831046527020775194e-02
2.154235426069274428e+00
1.847138469124248061e+00
2.269263921850064758e+00
3.496812893699368985e+00
3.586781083027435368e+00
4.777766569258866447e+00
3.503516280788875115e+00
2.896932921144129480e+00
2.090024833997000897e+00
2.740532581920668065e+00
2.822452754383221407e+00
1.863930389291177825e+00
1.654978408028880077e+00
-6.896350508878679175e-02
-1.490015975076892651e-01
-1.461285580354433122e+00
-3.441385067488070604e+00
-3.556189922922924573e+00
-1.522264547339963858e+00
1.257313129058446943e+00
1.498068501668244679e+00
1.114722587232868767e+00
-1.847896458633191408e-01
-1.625766217334768893e+00
-1.511347009248299678e+00
-1.215640388905658398e+00
-3.242588612021006789e-01
-3.362746186463878573e-01
-1.858650593252653804e+00
-2.425118867335921635e+00
-1.051014329867808073e+00
-7.790865091923364627e-01
1.986919695148491982e+00
2.273917427191213925e+00
3.383563925350872026e-01
6.572644495586921209e-03
-8.134826197310207618e-03
-1.099576255116184731e+00
-2.204273814987390168e+00
-2.501952952878733427e+00
-5.874039735435372389e-01
1.011633966685903108e+00
2.233170790885717238e+00
2.910823212045812625e+00
1.441037984487556711e+00
-7.798320484743481718e-01
1.271230419365180442e+00
7.560214595894212408e-01
-1.091144407296826824e+00
-1.746517705579881730e+00
1.234393929739913354e+00
-7.001276780165164304e-01
-8.998466518479506515e-01
1.279895958223852936e+00
-6.545132162126749975e-01
-1.934428591281426524e+00
-1.159211077371753440e+00
8.702344728762634318e-03
1.009275535006556535e+00
6.608151511707036629e-01
1.122420596809396320e+00
2.423211062761247980e+00
3.107200708420263968e+00
1.819603806953538738e+00
9.893630736808926018e-01
3.343987223903583050e+00
3.905515226036918364e+00
2.755015120285255747e+00
1.972377069439835484e+00
3.361302659636871137e+00
4.135442571466172446e+00
3.840630618022436771e+00
2.817773802736310618e+00
2.738133263149398200e+00
2.293406121994293390e+00
4.330887773514897066e-01
3.478248996649478286e+00
5.157569114032146906e+00
5.124944825435611584e+00
4.426798741730325837e+00
2.776690435883056196e+00
6.415586174756962023e-01
3.929917926958738761e+00
4.030098367519050484e+00
1.442560124630981155e+00
5.222089781882356618e+00
6.909317251720678676e+00
5.252623944859808880e+00
2.541092368169518334e+00
1.342694040213552320e+00
2.140223960273931247e+00
2.538185958755744487e+00
2.210871196520076687e+00
3.469658033736209735e+00
5.007204472368670167e+00
4.667591026615806271e+00
4.522818453685530926e+00
5.904524870757530408e+00
5.156179400615775954e+00
2.311114499912241715e+00
1.599180888386105170e+00
2.433159296062315402e+00
1.360022202992406504e+00
5.685811689858851770e-01
1.465099251806106562e+00
1.706084133939282710e+00
2.087816003946479260e+00
2.105711495678750822e+00
1.569297991165420125e+00
1.184449113084249827e+00
1.430848887597159225e+00
1.584387630325873042e+00
1.297754680810472960e+00
8.676057447731617689e-01
7.287063892361902440e-01
1.232163021089024868e+00
1.876610229087240844e+00
1.939978006079058570e+00
1.418712496916387567e+00
1.399036732777955816e+00
1.956739623003368678e+00
2.137122806705756606e+00
1.970490350231926868e+00
1.490232789071817221e+00
6.297832768497385603e-01
4.441562867597357300e-01
1.008303326163598523e+00
8.484797043078169398e-01
1.438788461326050649e+00
2.604665025576224036e+00
0.000000000000000000e+00
0.000000000000000000e+00
0.000000000000000000e+00
0.000000000000000000e+00
0.000000000000000000e+00
0.000000000000000000e+00
0.000000000000000000e+00
0.000000000000000000e+00
0.000000000000000000e+00
0.000000000000000000e+00
0.000000000000000000e+00
0.000000000000000000e+00
0.000000000000000000e+00
0.000000000000000000e+00
0.000000000000000000e+00
0.000000000000000000e+00
0.000000000000000000e+00
0.000000000000000000e+00
0.000000000000000000e+00
0.000000000000000000e+00
0.000000000000000000e+00
0.000000000000000000e+00
0.000000000000000000e+00
0.000000000000000000e+00
0.000000000000000000e+00
0.000000000000000000e+00
0.000000000000000000e+00
0.000000000000000000e+00
0.000000000000000000e+00
0.000000000000000000e+00
0.000000000000000000e+00
0.000000000000000000e+00
0.000000000000000000e+00
0.000000000000000000e+00
0.000000000000000000e+00
0.000000000000000000e+00
0.000000000000000000e+00
0.000000000000000000e+00
0.000000000000000000e+00
0.000000000000000000e+00
0.000000000000000000e+00
0.000000000000000000e+00
0.000000000000000000e+00
0.000000000000000000e+00
0.000000000000000000e+00
0.000000000000000000e+00
0.000000000000000000e+00
0.000000000000000000e+00
0.000000000000000000e+00
0.000000000000000000e+00
0.000000000000000000e+00
0.000000000000000000e+00
0.000000000000000000e+00
0.000000000000000000e+00
0.000000000000000000e+00
0.000000000000000000e+00
0.000000000000000000e+00
0.000000000000000000e+00
