6.317443847656241118e-01
1.587277941064751952e+00
-2.219329795311896891e+00
-2.721464850524828449e+00
6.456272402831073620e-01
1.971778722021431118e+00
1.367317758699526653e+00
2.734873821808399441e+00
5.756980507534978919e-01
-1.000575640704415292e+00
-4.712229327251962196e-01
-9.657552273339481408e-01
-1.764220272517975641e+00
-5.161117657484037835e-02
5.970079714438780716e-02
-1.151201589519447843e+00
-4.729722046539508451e-01
9.913165805359849259e-01
5.339019781129383801e-03
-9.629785528030534447e-01
3.796971880969377544e-01
4.367878472531541156e-01
-6.106809647325737167e-01
-1.322420583017310802e+00
-4.873620965525650162e-01
-1.987422718068378558e+00
-3.669149023197057602e+00
-1.618148602981625883e+00
-1.198005022313396450e+00
-2.215219650315454203e+00
-7.494947726329030946e-01
8.308729700531888307e-01
4.535141083897689107e-01
1.470669531551335396e+00
1.372785365040002592e+00
1.662615574211366187e+00
1.179449829425683660e+00
1.438121026791332469e+00
-1.234411380923722712e+00
-2.545386071481195778e+00
-1.508927970019002807e+00
1.185707171058741238e+00
-1.078840507572464080e+00
-1.044891399761200157e+00
-3.839088060700900362e-01
-2.532474910351559583e+00
-3.677649264951462271e+00
-3.230453712373514197e+00
-4.337796505569613714e+00
-1.019539133064767356e+01
-6.907640372519302296e+00
-2.743537945190332561e+00
-7.921524330184685603e+00
-3.413193341134758363e+00
-1.268449696067403210e+00
-3.476105679086639366e+00
-1.335218269859167028e+00
-1.188436365574419895e+00
-4.665795203740764840e+00
-3.881469595440066644e+00
2.116053547492084519e+00
-3.975029103992180790e+00
-6.314530366577447040e+00
-3.849116251404362643e+00
-1.366133881501638836e+00
-3.880825356931563164e-01
1.408207508553084519e+00
3.001769740417715049e+00
-2.159052090677011204e+00
-2.921088229112331902e+00
-1.518643750818433613e-01
-1.568355941087127281e+00
-3.041336554586995256e-01
2.808565678540144273e+00
1.811232733807337736e+00
-8.212323795490898970e-01
-1.714854076379890291e-01
2.132688361430541857e+00
1.631546914194506481e+00
1.931434494798334178e-02
4.661070506150117865e-01
1.141809205690605733e+00
1.520708215848668443e+00
1.521819218603480461e+00
1.716910784403735679e-01
-3.280448698513936945e-01
-5.194546220724456376e-01
-7.819142464665878034e-01
-1.171236509135598958e+00
-8.048154141977239551e-01
1.698204987626694917e+00
3.597298660374028678e-01
-1.779120512711638291e-01
4.541960373073322677e-01
-1.158354842354379688e+00
1.077764891243162992e+00
2.227090057380962662e-01
7.725749745560221982e-01
-2.184890568251001142e-01
1.014687223905879065e-01
1.160667879396524604e+00
-3.802360896894518838e+00
-4.267340443872694067e+00
-1.363717420784893442e-02
-2.324193228166715031e+00
-3.435508842262282592e+00
-1.180284762355264139e+00
1.014638970379499350e+00
-1.519685257742146245e+00
-4.235294361893198190e-01
-9.885418877003349092e-01
-2.748105441901714130e+00
-6.165392994505218827e-01
1.471438461617073923e-01
2.610509619748002663e-02
1.567042480518798353e+00
2.162978617811793125e+00
2.771301370585232959e-02
1.825927622672827155e-01
2.518126676084091464e-01
-8.286741940049204835e-01
-6.030741374952968137e-01
-1.959895991613382904e-01
-6.425498693515938609e-01
-8.911709075164737648e-01
-1.145784495934365710e+00
-9.854250889555593584e-01
-9.896455832915025397e-01
-5.788549081403162599e-01
-2.181331237600492301e-01
-9.515810394857828758e-01
-2.927011844586246969e-02
-3.385975679307264841e-01
-5.337067453441175502e-01
4.271249693711141049e-01
1.595996071162211871e+00
2.630565466672852182e+00
3.708041378282921574e+00
1.806309501435588105e+00
1.715994359165246008e+00
9.186969041184379625e-01
-1.512125185942144956e+00
-1.842558328552141189e+00
-4.439988988247129953e-01
1.108326644038124087e+00
1.641687914755727951e+00
1.152384602154623572e+00
-1.037108696447727185e-01
8.300693300434547339e-02
-7.097649479646825910e-01
-2.371627186415660837e+00
-9.767696692020966243e-01
1.064655599074107339e+00
2.235738164548137785e+00
2.678181830934490470e+00
1.387062912570623086e+00
1.442983128415056271e+00
1.082210581111683778e+00
6.992185036769262840e-01
-5.890245342756872393e-01
-4.726189615738205507e-01
1.961580409929787105e+00
3.567794962446090956e+00
1.869998260305718141e+00
4.625471018797111533e-01
-6.082861572377022963e-01
-1.924094846198250996e+00
-9.287929744638439011e-01
1.831341066129069883e+00
3.365866428775350805e+00
2.684248308030724228e+00
4.243842978966574364e-01
-2.735166169810803627e+00
-3.040683483354472028e+00
-4.280254434800756513e-02
1.053448800523097972e+00
-3.475717458431004658e-02
6.097740612367119617e-03
-7.485372476591130031e-01
-1.415815512574309265e+00
-9.451210238932954422e-01
-6.174017527550450524e-01
-2.117734361137867616e+00
-1.133001922027564001e+00
-1.593192732372412213e+00
-2.450026150115488299e+00
2.797002581823093692e-01
-1.444306068484670469e+00
-2.997659221099043148e+00
-2.131535946150239447e+00
-3.386720666852408579e-01
-5.174823120177503455e+00
-5.342749977119932048e+00
-7.945585172174243205e-01
-2.096403607360757704e+00
-2.387965305233231472e+00
-7.228632232048068929e-01
-4.129079011548208999e-01
1.240216626642532516e+00
3.359739777886172618e-01
1.425242436189854356e+00
-9.302419412977855906e-01
-1.550717241733425400e+00
-5.197611722775485887e-02
-1.209294069500124191e+00
-2.342571921186293871e-01
-1.144844812993291550e+00
-1.681676516154435364e+00
-6.148260557823252981e-01
-1.189561986570214946e+00
-9.534585327655711318e-01
-9.004895050604783124e-01
-1.513887069997735590e+00
-1.224436071461441511e+00
-7.805037996299368785e-02
1.017452942623036760e+00
1.389730100228553145e+00
1.216139622000311782e-01
-9.964097646486034243e-01
-6.592025966390091529e-01
-8.989117995097385405e-01
-2.592730294511000011e+00
-2.127970947960799109e+00
-8.805371207895764663e-01
-3.120899337860709277e+00
-2.177407589580156788e+00
1.526578385170837215e+00
-6.950317405261516868e-01
-1.736692503687998101e+00
-6.337771812713670627e-01
-1.206441377858918695e+00
-4.501342733248044681e+00
-5.114962123291125984e+00
-5.572463319687416261e-01
-4.179001509464312036e+00
-5.362910552203583592e+00
-2.084192096682075945e+00
-2.819247523994520055e+00
-4.205771767366539571e+00
-2.157826261771634613e+00
-4.799164097718216837e+00
-8.879677847146171032e+00
-3.108282889190460363e+00
-7.918762779896121984e+00
-1.145922127472807617e+01
-5.397684619197711697e+00
-4.137743677158932876e+00
-4.609997724655438667e+00
-3.370844678747359158e+00
-1.188288908794221888e+00
-2.059448431892799913e+00
-2.501694159364999948e+00
-5.476864707588214864e-01
-3.255219888704278031e+00
-4.207515546463302059e+00
-2.965399651742342879e+00
-5.206020773895994047e-01
-8.804862708633410806e-01
-3.759879484423874763e-01
-5.330226272745148819e-01
-1.293589526151484592e-01
-8.590852278530680675e-01
-5.224659116232438505e-01
-2.188196154829309403e+00
-3.356388543134654512e+00
-1.728167128165912114e+00
-2.061877011800885562e+00
-4.241241741307745450e+00
-2.654533031861606940e+00
-1.179477004854680544e+00
-1.995516956809751052e+00
-1.658458926534090772e+00
-1.116557345061409912e+00
-1.389119926339332567e+00
-2.701322772522263715e+00
-1.826556958767102223e+00
-6.064565971637390085e-01
-1.466119512941309155e+00
-1.780480370049019267e+00
-9.427222072169919587e-01
-1.496585815098433692e+00
-3.004884933990448204e+00
-1.772958155428984384e+00
-2.043907788496986289e+00
-3.605123398809687352e+00
-2.333699712278702876e+00
-1.335534065878314913e-01
-1.807343796923643886e+00
-1.464753982115648334e+00
-2.166886562982310860e+00
-4.140912844931711412e+00
-2.788793532441259160e+00
-4.246275349552137701e-01
0.000000000000000000e+00
0.000000000000000000e+00
0.000000000000000000e+00
0.000000000000000000e+00
0.000000000000000000e+00
0.000000000000000000e+00
0.000000000000000000e+00
0.000000000000000000e+00
0.000000000000000000e+00
0.000000000000000000e+00
0.000000000000000000e+00
0.000000000000000000e+00
0.000000000000000000e+00
0.000000000000000000e+00
0.000000000000000000e+00
0.000000000000000000e+00
0.000000000000000000e+00
0.000000000000000000e+00
0.000000000000000000e+00
0.000000000000000000e+00
0.000000000000000000e+00
0.000000000000000000e+00
0.000000000000000000e+00
0.000000000000000000e+00
0.000000000000000000e+00
0.000000000000000000e+00
0.000000000000000000e+00
0.000000000000000000e+00
0.000000000000000000e+00
0.000000000000000000e+00
0.000000000000000000e+00
0.000000000000000000e+00
0.000000000000000000e+00
0.000000000000000000e+00
0.000000000000000000e+00
0.000000000000000000e+00
0.000000000000000000e+00
0.000000000000000000e+00
0.000000000000000000e+00
0.000000000000000000e+00
0.000000000000000000e+00
0.000000000000000000e+00
0.000000000000000000e+00
0.000000000000000000e+00
0.000000000000000000e+00
0.000000000000000000e+00
0.000000000000000000e+00
0.000000000000000000e+00
0.000000000000000000e+00
0.000000000000000000e+00
0.000000000000000000e+00
0.000000000000000000e+00
0.000000000000000000e+00
0.000000000000000000e+00
0.000000000000000000e+00
0.000000000000000000e+00
0.000000000000000000e+00
0.000000000000000000e+00
0.000000000000000000e+00
0.000000000000000000e+00
0.000000000000000000e+00
0.000000000000000000e+00
0.000000000000000000e+00
0.000000000000000000e+00
0.000000000000000000e+00
0.000000000000000000e+00
0.000000000000000000e+00
0.000000000000000000e+00
0.000000000000000000e+00
0.000000000000000000e+00
0.000000000000000000e+00
0.000000000000000000e+00
0.000000000000000000e+00
0.000000000000000000e+00
0.000000000000000000e+00
0.000000000000000000e+00
0.000000000000000000e+00
0.000000000000000000e+00
0.000000000000000000e+00
0.000000000000000000e+00
0.000000000000000000e+00
0.000000000000000000e+00
0.000000000000000000e+00
0.000000000000000000e+00
0.000000000000000000e+00
0.000000000000000000e+00
0.000000000000000000e+00
0.000000000000000000e+00
0.000000000000000000e+00
0.000000000000000000e+00
0.000000000000000000e+00
0.000000000000000000e+00
0.000000000000000000e+00
0.000000000000000000e+00
0.000000000000000000e+00
0.000000000000000000e+00
0.000000000000000000e+00
0.000000000000000000e+00
0.000000000000000000e+00
0.000000000000000000e+00
0.000000000000000000e+00
0.000000000000000000e+00
0.000000000000000000e+00
0.000000000000000000e+00
0.000000000000000000e+00
0.000000000000000000e+00
0.000000000000000000e+00
0.000000000000000000e+00
0.000000000000000000e+00
0.000000000000000000e+00
0.000000000000000000e+00
0.000000000000000000e+00
0.000000000000000000e+00
0.000000000000000000e+00
0.000000000000000000e+00
0.000000000000000000e+00
0.000000000000000000e+00
0.000000000000000000e+00
0.000000000000000000e+00
0.000000000000000000e+00
0.000000000000000000e+00
0.000000000000000000e+00
0.000000000000000000e+00
0.000000000000000000e+00
0.000000000000000000e+00
0.000000000000000000e+00
0.000000000000000000e+00
0.000000000000000000e+00
0.000000000000000000e+00
0.000000000000000000e+00
0.000000000000000000e+00
0.000000000000000000e+00
0.000000000000000000e+00
0.000000000000000000e+00
0.000000000000000000e+00
0.000000000000000000e+00
0.000000000000000000e+00
0.000000000000000000e+00
0.000000000000000000e+00
0.000000000000000000e+00
0.000000000000000000e+00
0.000000000000000000e+00
0.000000000000000000e+00
0.000000000000000000e+00
0.000000000000000000e+00
0.000000000000000000e+00
0.000000000000000000e+00
0.000000000000000000e+00
0.000000000000000000e+00
0.000000000000000000e+00
0.000000000000000000e+00
0.000000000000000000e+00
0.000000000000000000e+00
0.000000000000000000e+00
0.000000000000000000e+00
0.000000000000000000e+00
0.000000000000000000e+00
0.000000000000000000e+00
0.000000000000000000e+00
0.000000000000000000e+00
0.000000000000000000e+00
0.000000000000000000e+00
0.000000000000000000e+00
0.000000000000000000e+00
0.000000000000000000e+00
0.000000000000000000e+00
0.000000000000000000e+00
0.000000000000000000e+00
0.000000000000000000e+00
0.000000000000000000e+00
0.000000000000000000e+00
0.000000000000000000e+00
0.000000000000000000e+00
0.000000000000000000e+00
0.000000000000000000e+00
0.000000000000000000e+00
0.000000000000000000e+00
0.000000000000000000e+00
0.000000000000000000e+00
0.000000000000000000e+00
0.000000000000000000e+00
0.000000000000000000e+00
0.000000000000000000e+00
0.000000000000000000e+00
0.000000000000000000e+00
0.000000000000000000e+00
0.000000000000000000e+00
0.000000000000000000e+00
0.000000000000000000e+00
0.000000000000000000e+00
0.000000000000000000e+00
0.000000000000000000e+00
0.000000000000000000e+00
0.000000000000000000e+00
0.000000000000000000e+00
0.000000000000000000e+00
0.000000000000000000e+00
0.000000000000000000e+00
0.000000000000000000e+00
0.000000000000000000e+00
0.000000000000000000e+00
0.000000000000000000e+00
0.000000000000000000e+00
0.000000000000000000e+00
0.000000000000000000e+00
0.000000000000000000e+00
0.000000000000000000e+00
