-9.117736816406254441e-01
-9.820253112236836390e-01
-1.167966152433747018e+00
-6.694556672035472111e-01
2.217052320696615286e-01
4.549649202097634237e-01
-4.135476615004092249e-01
-5.711085772498913915e-01
4.596201875638378231e-01
1.119457526994199204e-01
-2.764876659181988439e-01
-2.565028731182341648e-01
-9.026792181069187571e-01
-1.766278899230082633e+00
-1.315558386915615108e+00
-2.651755746317072671e-01
4.515279609161839680e-01
1.420494896394466355e-01
1.004143461587037933e+00
1.328619378853861388e+00
6.778917920436973166e-01
-1.805700362966069505e-01
5.965762880047246197e-01
4.308858598093947556e-01
-2.519472171295988883e-01
-1.029442338624661835e+00
-7.067571393292793047e-01
-6.844599116940219830e-01
-4.304569487971798836e-02
1.052947851634137511e+00
1.333359994024510220e+00
4.285016678257260736e-01
5.379635138194580612e-01
1.275069860505204655e+00
2.097272021886125160e-01
-1.850393145507136516e+00
-2.255834035542922056e+00
-9.153632753423579516e-01
6.285621758496504619e-01
2.284749002230372028e+00
8.925203630486320261e-01
-6.764663145265084054e-01
-1.052580920213157301e+00
-2.820382975619524224e-01
-1.655252726087743653e-01
-1.137672348356579377e+00
-1.661029934919689310e+00
-3.296609862131867352e-01
6.423617315859890819e-01
2.443423357909146887e-03
-1.910172883106771025e-01
8.055542330535176987e-01
8.111268250403417257e-01
7.923949068370192972e-01
6.189986168528620603e-01
-1.861236043028808851e-01
-9.224603560420820969e-01
-1.242265522981943260e+00
-5.995300002177044174e-01
1.871601665564144312e-01
-7.704959371269026747e-02
-5.335231082636409106e-01
-7.098152567527815648e-01
-3.249441363862395349e-01
4.006146538331145646e-01
8.030174430236931560e-01
5.613468729816930569e-01
5.570334470085258616e-03
-2.991099626342851314e-01
-5.533270358212805107e-02
-4.422294228540109007e-01
-8.146053986854064899e-01
-9.872399599342407406e-01
-7.230116402587910551e-01
-7.005831965689848229e-01
-1.275421411484199297e+00
-1.138009152905474775e+00
-1.122886979792885320e-01
4.671288543750322653e-01
3.638526582825001299e-01
5.673150637858537237e-02
-3.816034782790622693e-01
-9.249765675253303066e-01
-1.542931049694270973e+00
-2.128232025649624770e+00
-2.157409251527096394e+00
-1.552687917012100849e+00
-8.921046801010960037e-01
-3.954881072169904588e-01
1.249324528728301686e-02
3.914418837345456925e-01
3.685032614347312219e-01
-5.692382513215359374e-01
-1.251065875900458924e+00
-9.683287731414287336e-01
-2.195893098470271809e-01
5.570056498575071124e-01
9.216648864613357084e-01
7.453015274359864328e-01
1.890643533577738289e-01
-4.342214986549066680e-01
-7.894030753653249466e-01
-6.572018005709984179e-01
1.478347739172223285e-01
2.880737959953426630e-01
7.409084827577848698e-01
5.025888303987046113e-01
1.092163921755667788e-01
-1.684327712405209732e-01
6.483746162714965067e-01
1.085745344609252649e+00
8.701871277833799212e-01
-5.596775506782958320e-01
-2.127277302151391325e-01
4.184505952345984880e-02
1.016560725395221354e-01
1.297176224019835900e-02
-1.504079379683960216e-01
-3.370972312195528175e-01
-4.845238152059656023e-01
-4.526083409500669674e-04
3.241854029420313532e-01
2.957374624885887315e-01
-3.073912841045429722e-01
-3.445377825390649740e-02
3.485278750255780267e-01
1.286885685826888448e-01
-1.998758465378942306e+00
-2.434877821438892198e+00
-2.006523567787025897e+00
-1.200970789188710253e+00
-4.489635957923159282e-01
-2.279221276013663200e-01
-3.980097584236079733e-01
1.059464000418266938e+00
7.169512247597551458e-01
-1.980209006034092667e-01
-1.257153219645905651e+00
-1.873500648736363683e+00
-1.159523358443343977e+00
-8.172428321816260777e-02
-3.099393882817293999e-01
-1.294212557015732790e+00
-1.413295699535087158e+00
-6.614696078955915048e-01
2.418418224507437042e-01
5.082272267874721194e-02
2.650585793493058784e-01
5.896498153522938823e-01
-4.132346408511594626e-01
-2.764243562218973160e-01
-2.616183918320751367e-01
-5.744464634705495065e-01
-1.119104485256900539e+00
-1.059339138852957607e+00
-7.696564026035774830e-01
-7.894258386140751149e-01
-1.231064736538447058e+00
-1.314592149894688866e+00
-6.037096298167012876e-01
-6.303233357321924579e-02
-3.975001432109914745e-01
-2.150241239418402284e-01
-2.527696990419997514e-01
-1.077816114314881890e+00
-8.979475219525949736e-01
-6.086833140869627456e-01
-1.033705530761871660e+00
-1.563639566861017682e+00
-9.840975843749848462e-01
-7.229261556269683808e-03
-1.201653820474324341e-01
-3.401006363473588756e-01
-2.916799159571692446e-01
-1.433830269220963682e-01
-2.277571801937074980e-01
-2.337663372469696021e-01
-2.295528055946540746e-01
-2.735373135085850116e-01
-3.999180811137803548e-01
-1.094122624768688157e+00
-1.580528866992694459e+00
-1.199373109859128039e+00
-1.086500501046358202e+00
-1.530683064029098039e+00
-1.361960093710826269e+00
-5.746392690620445443e-01
-1.193626184783780353e-01
3.114553137383289094e-01
5.242515417597440885e-01
-2.548341661707829164e-01
-4.344522549120481969e-01
-3.623823799619585451e-01
-3.936797786926191645e-01
-3.985652802117702898e-01
-2.943573475711196430e-01
-5.853553254121401928e-03
-3.411441427151414296e-01
-1.240745854893138045e+00
-1.240745854893138045e+00
-3.411441427151414296e-01
-5.853553254121401928e-03
-2.943573475711196430e-01
-3.985652802117702898e-01
-3.936797786926191645e-01
-3.623823799619585451e-01
-4.344522549120481969e-01
-2.548341661707829164e-01
5.242515417597440885e-01
3.114553137383289094e-01
-1.193626184783780353e-01
-5.746392690620445443e-01
-1.361960093710826269e+00
-1.530683064029098039e+00
-1.086500501046358202e+00
-1.199373109859128039e+00
-1.580528866992694459e+00
-1.094122624768688157e+00
-3.999180811137803548e-01
-2.735373135085850116e-01
-2.295528055946540746e-01
-2.337663372469696021e-01
-2.277571801937074980e-01
-1.433830269220963682e-01
-2.916799159571692446e-01
-3.401006363473588756e-01
-1.201653820474324341e-01
-7.229261556269683808e-03
-9.840975843749848462e-01
-1.563639566861017682e+00
-1.033705530761871660e+00
-6.086833140869627456e-01
-8.979475219525949736e-01
-1.077816114314881890e+00
-2.527696990419997514e-01
-2.150241239418402284e-01
-3.975001432109914745e-01
-6.303233357321924579e-02
-6.037096298167012876e-01
-1.314592149894688866e+00
-1.231064736538447058e+00
-7.894258386140751149e-01
-7.696564026035774830e-01
-1.059339138852957607e+00
-1.119104485256900539e+00
-5.744464634705495065e-01
-2.616183918320751367e-01
-2.764243562218973160e-01
-4.132346408511594626e-01
5.896498153522938823e-01
2.650585793493058784e-01
5.082272267874721194e-02
2.418418224507437042e-01
-6.614696078955915048e-01
-1.413295699535087158e+00
-1.294212557015732790e+00
-3.099393882817293999e-01
-8.172428321816260777e-02
-1.159523358443343977e+00
-1.873500648736363683e+00
-1.257153219645905651e+00
-1.980209006034092667e-01
7.169512247597551458e-01
1.059464000418266938e+00
-3.980097584236079733e-01
-2.279221276013663200e-01
-4.489635957923159282e-01
-1.200970789188710253e+00
-2.006523567787025897e+00
-2.434877821438892198e+00
-1.998758465378942306e+00
1.286885685826888448e-01
3.485278750255780267e-01
-3.445377825390649740e-02
-3.073912841045429722e-01
2.957374624885887315e-01
3.241854029420313532e-01
-4.526083409500669674e-04
-4.845238152059656023e-01
-3.370972312195528175e-01
-1.504079379683960216e-01
1.297176224019835900e-02
1.016560725395221354e-01
4.184505952345984880e-02
-2.127277302151391325e-01
-5.596775506782958320e-01
8.701871277833799212e-01
1.085745344609252649e+00
6.483746162714965067e-01
-1.684327712405209732e-01
1.092163921755667788e-01
5.025888303987046113e-01
7.409084827577848698e-01
2.880737959953426630e-01
1.478347739172223285e-01
-6.572018005709984179e-01
-7.894030753653249466e-01
-4.342214986549066680e-01
1.890643533577738289e-01
7.453015274359864328e-01
9.216648864613357084e-01
5.570056498575071124e-01
-2.195893098470271809e-01
-9.683287731414287336e-01
-1.251065875900458924e+00
-5.692382513215359374e-01
3.685032614347312219e-01
3.914418837345456925e-01
1.249324528728301686e-02
-3.954881072169904588e-01
-8.921046801010960037e-01
-1.552687917012100849e+00
-2.157409251527096394e+00
-2.128232025649624770e+00
-1.542931049694270973e+00
-9.249765675253303066e-01
-3.816034782790622693e-01
5.673150637858537237e-02
3.638526582825001299e-01
4.671288543750322653e-01
-1.122886979792885320e-01
-1.138009152905474775e+00
-1.275421411484199297e+00
-7.005831965689848229e-01
-7.230116402587910551e-01
-9.872399599342407406e-01
-8.146053986854064899e-01
-4.422294228540109007e-01
-5.533270358212805107e-02
-2.991099626342851314e-01
5.570334470085258616e-03
5.613468729816930569e-01
8.030174430236931560e-01
4.006146538331145646e-01
-3.249441363862395349e-01
-7.098152567527815648e-01
-5.335231082636409106e-01
-7.704959371269026747e-02
1.871601665564144312e-01
-5.995300002177044174e-01
-1.242265522981943260e+00
-9.224603560420820969e-01
-1.861236043028808851e-01
6.189986168528620603e-01
7.923949068370192972e-01
8.111268250403417257e-01
8.055542330535176987e-01
-1.910172883106771025e-01
2.443423357909146887e-03
6.423617315859890819e-01
-3.296609862131867352e-01
-1.661029934919689310e+00
-1.137672348356579377e+00
-1.655252726087743653e-01
-2.820382975619524224e-01
-1.052580920213157301e+00
-6.764663145265084054e-01
8.925203630486320261e-01
2.284749002230372028e+00
6.285621758496504619e-01
-9.153632753423579516e-01
-2.255834035542922056e+00
-1.850393145507136516e+00
2.097272021886125160e-01
1.275069860505204655e+00
5.379635138194580612e-01
4.285016678257260736e-01
1.333359994024510220e+00
1.052947851634137511e+00
-4.304569487971798836e-02
-6.844599116940219830e-01
-7.067571393292793047e-01
-1.029442338624661835e+00
-2.519472171295988883e-01
4.308858598093947556e-01
5.965762880047246197e-01
-1.805700362966069505e-01
6.778917920436973166e-01
1.328619378853861388e+00
1.004143461587037933e+00
1.420494896394466355e-01
4.515279609161839680e-01
-2.651755746317072671e-01
-1.315558386915615108e+00
-1.766278899230082633e+00
-9.026792181069187571e-01
-2.565028731182341648e-01
-2.764876659181988439e-01
1.119457526994199204e-01
4.596201875638378231e-01
-5.711085772498913915e-01
-4.135476615004092249e-01
4.549649202097634237e-01
2.217052320696615286e-01
-6.694556672035472111e-01
-1.167966152433747018e+00
-9.820253112236836390e-01
0.000000000000000000e+00
0.000000000000000000e+00
0.000000000000000000e+00
0.000000000000000000e+00
0.000000000000000000e+00
0.000000000000000000e+00
0.000000000000000000e+00
0.000000000000000000e+00
0.000000000000000000e+00
0.000000000000000000e+00
0.000000000000000000e+00
0.000000000000000000e+00
0.000000000000000000e+00
0.000000000000000000e+00
0.000000000000000000e+00
0.000000000000000000e+00
0.000000000000000000e+00
0.000000000000000000e+00
0.000000000000000000e+00
0.000000000000000000e+00
0.000000000000000000e+00
0.000000000000000000e+00
0.000000000000000000e+00
0.000000000000000000e+00
0.000000000000000000e+00
0.000000000000000000e+00
0.000000000000000000e+00
0.000000000000000000e+00
0.000000000000000000e+00
0.000000000000000000e+00
0.000000000000000000e+00
0.000000000000000000e+00
0.000000000000000000e+00
0.000000000000000000e+00
0.000000000000000000e+00
0.000000000000000000e+00
0.000000000000000000e+00
0.000000000000000000e+00
0.000000000000000000e+00
0.000000000000000000e+00
0.000000000000000000e+00
0.000000000000000000e+00
0.000000000000000000e+00
0.000000000000000000e+00
0.000000000000000000e+00
0.000000000000000000e+00
0.000000000000000000e+00
0.000000000000000000e+00
0.000000000000000000e+00
0.000000000000000000e+00
0.000000000000000000e+00
0.000000000000000000e+00
0.000000000000000000e+00
0.000000000000000000e+00
0.000000000000000000e+00
0.000000000000000000e+00
0.000000000000000000e+00
0.000000000000000000e+00
0.000000000000000000e+00
0.000000000000000000e+00
0.000000000000000000e+00
0.000000000000000000e+00
0.000000000000000000e+00
0.000000000000000000e+00
0.000000000000000000e+00
0.000000000000000000e+00
0.000000000000000000e+00
0.000000000000000000e+00
0.000000000000000000e+00
0.000000000000000000e+00
0.000000000000000000e+00
0.000000000000000000e+00
0.000000000000000000e+00
0.000000000000000000e+00
0.000000000000000000e+00
0.000000000000000000e+00
0.000000000000000000e+00
0.000000000000000000e+00
0.000000000000000000e+00
0.000000000000000000e+00
0.000000000000000000e+00
0.000000000000000000e+00
0.000000000000000000e+00
0.000000000000000000e+00
0.000000000000000000e+00
0.000000000000000000e+00
0.000000000000000000e+00
0.000000000000000000e+00
0.000000000000000000e+00
0.000000000000000000e+00
0.000000000000000000e+00
0.000000000000000000e+00
0.000000000000000000e+00
0.000000000000000000e+00
0.000000000000000000e+00
0.000000000000000000e+00
0.000000000000000000e+00
0.000000000000000000e+00
0.000000000000000000e+00
0.000000000000000000e+00
0.000000000000000000e+00
0.000000000000000000e+00
0.000000000000000000e+00
