2.448730468750004441e-01
-8.787286162243254095e-01
-1.073765509172690535e-01
4.191438362756190195e-01
1.300090289820656775e-01
4.868465164227220310e-01
8.010279510396500768e-01
5.420525717887660910e-01
3.309556724196329736e-01
-4.125168314838947303e-01
-1.011449234628800431e+00
-3.284445683165677643e-01
-1.587020389856845792e-01
-3.970309102687863412e-01
1.197193061944603398e+00
1.274168811073017160e+00
1.530200746563761705e+00
5.875975725116684423e-01
-7.967276740765452114e-01
-2.416237012247841598e-01
6.715748485776589227e-01
1.068148680840308451e-01
1.524521921047607531e+00
2.477453126450026577e+00
1.756437457918534006e+00
2.456264895601192322e-01
-1.790462815196861346e+00
-3.233753266043098762e+00
-2.984079576604996564e+00
-3.357072541979100322e-02
2.781009668791067924e+00
4.513351966486477629e+00
4.435590380663633425e+00
1.871859123215807053e+00
-4.390724451566910824e-01
-3.264816168947095587e-01
-1.355979132391654574e+00
-1.795604484982819438e+00
3.151525718000844911e-01
3.095329752967071357e+00
3.734242492928152135e+00
2.036587460151570550e+00
3.992153357759933296e-01
1.237394091483356995e-01
2.465073919896456633e-01
-6.141538399061881037e-01
-1.269570134088875424e+00
-4.778769688292938689e-01
5.954926212353188753e-01
4.422624835879119809e-01
3.553960121708379383e-01
7.495205036732148773e-01
8.290658617736221814e-01
4.934666896033375050e-01
5.712754862219269203e-01
3.423184270785178951e-01
1.901330933302911030e-02
5.657338274589974736e-01
-1.463826430829377467e-01
-1.401106823698288206e-01
4.138181671745592149e-01
1.662071310077775088e-01
-2.353229720585319207e-01
2.671642511842355905e-01
7.698202063101217130e-01
-4.179460171405225966e-01
-1.204740471454556205e+00
-9.403677127224732146e-01
-8.134919631875894286e-01
-4.591640676483356165e-01
-4.205556626562604317e-01
-4.410257223101915480e-01
1.784543771118100586e-01
-1.384458380045572312e-02
-6.202279796054348537e-01
-8.940907091656780104e-01
-3.265349580260472617e-01
-3.499335442430182574e-01
-1.164688247930128151e+00
-1.224813956698365569e+00
3.864500296727625406e-01
3.455469568438187533e-01
3.929712785271477493e-02
2.690733738362467431e-01
-7.469811810096943505e-01
-8.721946855588731395e-01
-8.752554148446189952e-01
-4.838469025463619233e-01
-2.610996233865259253e-01
-8.264412053783698475e-01
-1.291965725417939970e+00
5.318243172298875443e-02
-1.856545506654083688e-01
-6.768100154416671899e-01
-1.512525260297351570e+00
-3.901826249049062056e+00
-5.517465122639974240e+00
-3.867180371144367523e+00
-2.227094995967586311e+00
-4.302135819777825887e+00
-4.827191573996701734e+00
-3.141721620614532196e+00
-5.450447513125150634e-01
-2.621193478754837436e+00
-2.260027868720724697e+00
5.769493761765165374e-02
-3.680559739303044253e-01
-8.672348596542001076e-02
1.181852372313252797e+00
1.116504512742078958e+00
-5.010221215110821635e-02
6.325605539309309133e-01
3.668404005037995130e-01
-1.132343865771437308e+00
-9.698697963909712616e-01
-1.494420332387413897e-01
6.924561658391285013e-01
2.108351760667468433e-01
-4.521164048722470241e-02
-1.826177113276250541e-01
-9.038624701297814923e-02
1.809202280717305822e-01
6.730438559541017662e-01
-4.798827278611742519e-01
-1.016907285695934249e+00
-1.422188344748653854e-01
8.858979859638179688e-01
-8.729897569447961914e-01
-4.323777208997858779e-01
-5.164482364903744127e-03
-1.937840796616521200e-01
2.752264081270701657e-01
-4.966925068072480798e-02
-4.881345378399390977e-01
-4.072498189810028757e-01
4.465574181148636024e-01
7.576934125751274562e-01
1.167552811094745513e+00
-1.588972452988578477e-01
-7.007926874856285071e-01
1.707966516868333340e-01
-1.029027776926566107e+00
-2.068594748086089563e+00
-6.756813533902561453e-01
8.180743297881009068e-01
7.045028895909116740e-01
3.547660304130494380e-01
1.179328928571100610e-01
-5.682016521127781772e-01
-1.212971059556143816e+00
-1.281642931439780586e+00
-4.333745110912889942e-02
2.062445806011408145e-01
6.564074668747164054e-01
9.096248852897463877e-01
-9.312781998211114853e-01
-2.812534875487485042e+00
-3.962530879738451084e+00
-2.775010169651322300e+00
-8.878449698594277351e-01
1.034590182757705978e+00
2.294390942204748818e+00
3.108736972910218554e+00
1.504691777451743206e-01
-2.441157262927230676e+00
-2.473398039738736731e+00
6.302069504072800310e-01
7.852742405438242201e-01
2.013612989745250381e-01
1.972267791112325419e-02
8.563709727548185491e-01
3.415814030867696527e-01
8.559292116357550828e-01
-2.079031139285725693e+00
-2.425789504396720808e+00
-2.236373609490311054e+00
2.110579156130854006e-01
1.887246810335523106e+00
2.343667109347025601e+00
1.406258376176901859e+00
-2.764771196638579731e+00
-3.346884876928907460e+00
-1.896617446378036753e+00
1.873170373277018186e+00
1.667171786865006888e+00
2.079965515391414499e+00
2.061841676471206641e-01
-1.176259042069159433e+00
-5.693780363648159870e-01
-8.983207953113612199e-01
-1.574158840099151080e+00
-1.570551691362646274e+00
-6.644242934728017413e-01
4.937231236924532474e-01
9.149551368637374171e-01
6.591704746518471936e-01
-1.443357678370868591e+00
-4.029785019645434119e+00
-3.205794404052259683e+00
-8.017472046004980868e-01
1.358094041657247342e+00
3.091065455967975772e+00
1.953207021735504201e+00
5.034489327010986948e-01
1.499698751796325613e-01
-1.088890253494638083e+00
-1.567903378447156104e+00
-6.186026323770505986e-01
8.480336989468210129e-01
1.443598002421712767e+00
1.306023802447403792e+00
7.201743626325761705e-01
-1.263305014240210244e+00
-1.216580879039840246e+00
-4.393188863040127234e-01
4.564896509577454076e-01
2.079034135773905057e-02
4.970278229597139275e-01
1.461062855479680067e+00
2.232276630358974723e-01
-6.386462073400215322e-01
-1.108359762374470092e-01
-9.099758674209978970e-01
-1.249246846060707350e+00
4.245991162814917730e-01
4.648187203476358276e-01
-9.846017401492823673e-02
-5.636724007762647926e-01
-7.192866359977641011e-01
6.850390601419801273e-01
-2.893058566318555958e-01
-1.328117538162730593e+00
-5.157166460357881510e-01
1.020953423610267752e+00
-4.960809606932459204e-03
-6.963098762335195868e-01
3.038604254218971734e-01
-4.708755130975739167e-01
-6.736799948892293610e-01
2.942660730653612333e-01
-6.498097758485239517e-01
-1.142975252265575170e+00
-7.483837499103485058e-01
-4.347100770318964580e-01
2.654786800857782403e-01
9.154007517749018774e-01
4.038080267311162652e-01
-7.791315337465951618e-01
-1.539481699181871166e+00
-1.292679592301162028e+00
-2.529890089993156010e+00
-5.458461946957045896e+00
-5.574736033115816447e+00
6.617600751834362693e-01
-3.306606361254044391e+00
-7.359052184071902758e+00
-6.924198078056206462e+00
7.770217716469529634e-01
-2.098150280914845567e+00
-5.393328440360344089e+00
-5.343756667488139378e+00
1.134583550478979852e+00
2.554078256616090670e+00
1.290034634400936131e+00
-1.647669709693360129e-01
2.064403726871345324e+00
1.561210903839489017e+00
3.399854501208268154e-01
3.085322397710555942e-01
9.001017402332087691e-01
7.941152694808777390e-01
3.618233158290581342e-01
-3.694802273138108051e-01
-1.410393464542498698e-01
2.722111926267927196e-01
-1.299574527094803922e-01
-8.678571508817425340e-01
-8.849023981456647370e-01
-8.698961269594887025e-01
2.093435573409736516e-01
2.066302523082517162e-01
1.842271525801593146e-01
1.589839895176810014e-01
-1.276443089925916596e-01
-1.495491389952248174e-01
-3.106843931637750522e-01
-7.363058758387529545e-01
-8.581109613010857728e-01
-7.643386860032550523e-01
-6.327444018199847031e-01
-3.147594585320019345e-01
-7.750587292560195962e-02
-4.204176211648075201e-01
-7.078088730942598827e-01
-7.521907784043933010e-01
-3.523832878013249958e-01
-4.634763437229600935e-01
8.265502122231221938e-02
1.064557580889698096e+00
1.159964155323299773e+00
6.783151196746213252e-01
5.803931735251779411e-01
7.978222120182389965e-01
-1.360518653344879869e-01
-1.376961604802298567e+00
-1.106620102742981171e+00
-7.727103275162046092e-01
-1.808960216472453864e-01
-4.614052648490722941e-01
-1.157757137217696464e+00
-8.436643284928679876e-02
2.047464089854965419e+00
1.203996417948955289e+00
2.890960392256127776e-01
1.093451069075977333e+00
9.525860920288891087e-01
-3.936956439697045784e-01
-1.583549522871092963e+00
-2.626416461577104400e+00
-1.578660276371376847e+00
1.761891352715327930e-01
1.816144194093973541e+00
3.238674763402345391e+00
3.536422167685504103e+00
1.318715774916460859e+00
-1.026293522066078490e+00
-2.781980535930714371e+00
-4.616561182073423808e+00
-4.227693451827056137e+00
3.843100603141191840e-02
2.866439581042266926e+00
4.188238804465449938e+00
3.797779548789413706e+00
2.634891927134497713e+00
1.712351475066028916e+00
-2.187871984521352342e-01
-1.780076082387099135e+00
-4.494475639919048859e-02
2.034264666322798565e+00
3.030557229059507307e+00
1.931319906582335655e+00
2.958156921407750772e-01
8.557694028519438056e-01
3.720792664407568395e-01
-5.299338086276847992e-01
-1.433450608517432556e-01
7.744285984327337058e-01
1.899501732305794999e+00
7.962921315074842354e-01
-7.853606652107332220e-01
6.345198466263521908e-01
6.926742717680847150e-01
-1.025895112717274182e+00
-1.131530759506153005e+00
-7.214819371627730904e-01
1.665619596104769951e+00
2.558479394764081594e+00
1.826355629334321939e+00
1.503621543881676681e+00
2.759805362030796072e+00
2.307134771314763189e+00
5.527612500770721082e-01
0.000000000000000000e+00
0.000000000000000000e+00
0.000000000000000000e+00
0.000000000000000000e+00
0.000000000000000000e+00
0.000000000000000000e+00
0.000000000000000000e+00
0.000000000000000000e+00
0.000000000000000000e+00
0.000000000000000000e+00
0.000000000000000000e+00
0.000000000000000000e+00
0.000000000000000000e+00
0.000000000000000000e+00
0.000000000000000000e+00
0.000000000000000000e+00
0.000000000000000000e+00
0.000000000000000000e+00
0.000000000000000000e+00
0.000000000000000000e+00
0.000000000000000000e+00
0.000000000000000000e+00
0.000000000000000000e+00
0.000000000000000000e+00
0.000000000000000000e+00
0.000000000000000000e+00
0.000000000000000000e+00
0.000000000000000000e+00
0.000000000000000000e+00
0.000000000000000000e+00
0.000000000000000000e+00
0.000000000000000000e+00
0.000000000000000000e+00
0.000000000000000000e+00
0.000000000000000000e+00
0.000000000000000000e+00
0.000000000000000000e+00
0.000000000000000000e+00
0.000000000000000000e+00
0.000000000000000000e+00
0.000000000000000000e+00
0.000000000000000000e+00
0.000000000000000000e+00
0.000000000000000000e+00
0.000000000000000000e+00
0.000000000000000000e+00
0.000000000000000000e+00
0.000000000000000000e+00
0.000000000000000000e+00
0.000000000000000000e+00
0.000000000000000000e+00
0.000000000000000000e+00
0.000000000000000000e+00
0.000000000000000000e+00
0.000000000000000000e+00
0.000000000000000000e+00
0.000000000000000000e+00
0.000000000000000000e+00
0.000000000000000000e+00
0.000000000000000000e+00
0.000000000000000000e+00
0.000000000000000000e+00
0.000000000000000000e+00
0.000000000000000000e+00
0.000000000000000000e+00
0.000000000000000000e+00
0.000000000000000000e+00
0.000000000000000000e+00
0.000000000000000000e+00
0.000000000000000000e+00
0.000000000000000000e+00
0.000000000000000000e+00
0.000000000000000000e+00
0.000000000000000000e+00
0.000000000000000000e+00
0.000000000000000000e+00
0.000000000000000000e+00
0.000000000000000000e+00
0.000000000000000000e+00
0.000000000000000000e+00
0.000000000000000000e+00
0.000000000000000000e+00
0.000000000000000000e+00
0.000000000000000000e+00
0.000000000000000000e+00
0.000000000000000000e+00
0.000000000000000000e+00
0.000000000000000000e+00
0.000000000000000000e+00
0.000000000000000000e+00
0.000000000000000000e+00
0.000000000000000000e+00
0.000000000000000000e+00
0.000000000000000000e+00
0.000000000000000000e+00
0.000000000000000000e+00
0.000000000000000000e+00
0.000000000000000000e+00
0.000000000000000000e+00
0.000000000000000000e+00
0.000000000000000000e+00
0.000000000000000000e+00
0.000000000000000000e+00
0.000000000000000000e+00
0.000000000000000000e+00
0.000000000000000000e+00
0.000000000000000000e+00
0.000000000000000000e+00
0.000000000000000000e+00
0.000000000000000000e+00
0.000000000000000000e+00
0.000000000000000000e+00
0.000000000000000000e+00
0.000000000000000000e+00
0.000000000000000000e+00
0.000000000000000000e+00
0.000000000000000000e+00
0.000000000000000000e+00
0.000000000000000000e+00
0.000000000000000000e+00
0.000000000000000000e+00
0.000000000000000000e+00
0.000000000000000000e+00
0.000000000000000000e+00
0.000000000000000000e+00
0.000000000000000000e+00
0.000000000000000000e+00
0.000000000000000000e+00
0.000000000000000000e+00
0.000000000000000000e+00
0.000000000000000000e+00
0.000000000000000000e+00
0.000000000000000000e+00
0.000000000000000000e+00
0.000000000000000000e+00
0.000000000000000000e+00
0.000000000000000000e+00
0.000000000000000000e+00
