9.968566894531250000e-01
8.990162130942145335e-01
8.273423514049969008e-01
7.107418049724987252e-01
5.136577646647791928e-01
9.866113550923886200e-01
1.314876339338169497e+00
7.900592296089439248e-01
-1.617769183252908416e-01
-1.092016158201831733e-01
-6.989733561006222784e-02
-3.828005222433060184e-01
-4.532928132002112531e-01
-6.996682806682280598e-01
-1.473051617458327467e-01
-1.288264475382017160e-02
-4.944720155459130795e-01
-1.815981229166466759e-01
4.886665417404856271e-02
-1.735151652756481422e-01
6.121146416392930778e-02
1.000294325845462629e+00
3.991097254675516903e-01
6.416798248012416384e-01
1.347143034824484831e+00
9.042508568816709502e-01
-3.533550094422986954e-01
3.452564228183166994e-01
6.888610114348063806e-01
7.954337172045766735e-01
1.246851423879439036e+00
1.046326755212148241e+00
2.871144199162601884e-01
1.810379073175177322e-01
7.055969892309891245e-01
5.109693534828143591e-01
1.113196790207356957e-01
-2.445227299172225699e-01
-6.534805347139338583e-01
-1.215915503158483402e-01
-6.001732983853170778e-01
-7.636769186803161746e-01
1.154033122100686093e-01
6.264054286666587146e-02
-2.322057251647204890e-01
-7.580220720872821172e-02
2.106087351111368133e-01
-4.143967882211411213e-01
-8.073356076326427821e-01
-6.105833475421169609e-01
6.780874052680241348e-03
1.215537799522213636e+00
1.382541070555336038e+00
2.821909318539514988e-01
-5.420316340228978902e-01
-2.263144274729820271e-01
8.033770275873269862e-01
1.308425590229779001e+00
1.707709904216212493e+00
2.431834114104121980e+00
2.319189982048182941e+00
7.320317513664160725e-01
9.058706686743714931e-01
2.457686329229415101e+00
2.737072015765178890e+00
1.567397776499011464e+00
-2.533999133852550267e-01
8.734421721148560858e-01
2.689679627699651299e+00
3.174806824573947139e+00
1.028161107388343432e+00
9.297142442947980978e-01
4.188390341799361316e+00
4.053186894054057632e+00
1.622706210724879972e+00
2.877930180821189232e+00
5.227654924979437290e+00
4.755128036586742546e+00
1.659595264367156320e+00
1.475983096193291377e+00
2.573947008361154865e+00
2.208998325551719599e+00
9.404610239392807713e-01
-5.788304375183492834e-01
-4.569654980739739081e-01
-5.934672158249645335e-01
-1.433415673005485225e+00
-2.402559484944022827e+00
-2.494049031612282086e+00
-2.407384751850893068e+00
-2.008804990554821313e+00
-1.192320423219667802e+00
-7.188672033236525039e-01
-8.893191516675182928e-01
-1.117295141120157931e+00
-9.208992711201773318e-01
1.188491235191113660e-02
8.875313761769374477e-01
7.718196536444170697e-01
-3.314490960524403285e-01
-1.217882627601498013e+00
4.012659360110697460e-01
2.526149507684310791e+00
3.858478440990554592e+00
4.260135619561161491e+00
4.731337035730297735e+00
5.921711260758339535e+00
6.947710898126969070e+00
6.849602360418140634e+00
5.595481946852449262e+00
4.247540756598522371e+00
3.379884238478473968e+00
2.404912282232887222e+00
6.613707465090171711e-01
4.826951490772374287e-01
2.417591917434682713e-01
-7.292258885830793513e-01
1.905336625559426178e-01
1.246781862941378716e+00
7.153033837122697580e-01
-1.998863333017100175e-01
7.848375455790468358e-02
7.905758583885535984e-01
6.098515731068143708e-01
-6.811434803523441772e-02
-1.004107264867023286e+00
-2.135349774224680530e+00
-2.431556295290909553e+00
-4.598555996528653211e-01
-4.561183466136802256e-01
-1.065275430685735492e+00
-7.954012690817102715e-01
-8.799711214854973873e-01
8.587584774521341835e-01
1.369196569238907868e+00
1.126473205252923826e+00
9.157597782350588300e-01
-1.684411876660152352e-02
1.313390764294139146e+00
4.833755005530699922e-01
-9.197660467643368198e-01
1.540780562174978163e+00
2.766362552426750554e+00
1.069128867617439305e+00
1.179817473791388016e+00
2.083335748594800307e+00
1.999597520073806978e+00
2.185830769282707919e+00
2.213710066853593617e+00
1.575916205109933133e+00
1.364714944135917873e+00
1.102740714756149432e+00
1.543245742088658057e+00
2.695527236980552743e+00
2.312556650632557442e+00
2.261785667293171542e+00
2.705926722735773282e+00
2.173691213200044547e+00
7.104190222277495526e-01
8.066484910724304180e-01
1.312113285397005003e+00
7.137302538287368936e-01
2.577899670128653842e-01
-2.537540101499731193e-01
-1.311097838409402971e-01
6.959047599359849956e-01
7.815426632719058020e-02
-2.304127005120218952e-01
3.058669343576265742e-01
3.913678632114340195e-01
1.827639804465590823e+00
1.804323174743452496e+00
8.821384709318260686e-01
-4.691504820602223624e-01
2.072321003531597539e-01
7.237848867648767337e-01
-9.419676946752791880e-01
-1.978755063923610003e+00
3.833013217543794759e-01
1.637447380413837417e+00
6.942396400572687920e-01
-6.820924564654495814e-01
-1.828315765596209452e+00
-9.225564468984215338e-02
8.747045853003646565e-01
-2.260690851119550260e+00
-2.729005520767416648e+00
-1.347153131814187832e+00
-9.048590182710247731e-01
-1.096351301035598080e+00
-4.946917193811795066e-02
9.062270848780076271e-01
9.140559333577276124e-01
3.523005573427120396e-01
-4.467045687580410429e-01
1.812347078713375526e-01
3.284931820641878719e-01
-2.353944129687539633e-01
1.351726355244843303e-01
2.004642987686721778e+00
2.748773396678547698e+00
1.219786369725588404e+00
-1.327563383493632898e-01
9.673075997982327756e-02
2.296209296849116566e-01
5.534931322908676066e-01
4.105328730610866561e-01
-4.013601233401551394e-01
1.363662852378688672e-01
1.189688462425748217e+00
1.202579527090572808e+00
5.164439626361201352e-01
-1.125220806458568479e+00
-8.843447125068946146e-01
1.495759168636185521e+00
2.083296686755217841e+00
9.556790623349238345e-01
2.235272611854353109e-01
3.999012486702668845e-01
-2.142220836597026334e-01
-6.479137841591637859e-01
-1.044965211321114307e+00
-1.474852542271975597e+00
-1.034985199284867541e+00
-6.812425901979035636e-01
-3.349201930081244782e-01
-2.997913396687232890e-01
-1.258496018597819788e+00
-8.512786001092480515e-01
1.138229412194567969e+00
1.076161536819501219e+00
-7.750876266879097587e-01
7.902778427149892426e-01
1.382687356635647902e+00
4.923626887355668780e-01
2.720052942911368010e+00
3.033935657425371524e+00
1.672687983780506205e+00
5.181664845028470801e-01
-3.008003051113293802e-01
1.400558962653137840e-01
4.612438940544847377e-01
8.332127082871809698e-02
-8.200809854463646520e-01
-3.841189705317942238e-01
4.473057587712675476e-01
9.539854667646294750e-01
1.415738685343657099e+00
1.642459059807370725e+00
1.597412741481658793e+00
1.241565454534774959e+00
8.742923101498842886e-01
1.275274548766280880e+00
1.214218795411617702e+00
2.304427281716169285e-01
-3.496749950248650984e-02
9.250452809577621727e-01
3.626495151924578053e-01
-1.097589701904411186e-01
1.357943801316496835e+00
3.577382552922737879e+00
4.999705244642945523e+00
5.641259429319056551e+00
6.109446138251565017e+00
6.276921363899170103e+00
6.432214657246841050e+00
5.845651137409953790e+00
4.661533610025088592e+00
2.865326768697014526e+00
1.533070565958304599e+00
6.135100971195133202e-01
-4.376458702929284517e-01
4.976438700764889145e-01
1.586547884068610026e+00
1.861046850476331116e+00
1.267543240988670217e+00
6.766383847226230541e-01
1.005354668156920539e+00
1.781887123657098559e+00
2.203539394715352095e+00
2.602141071600093447e+00
2.346926583150442447e+00
1.733807814157642291e+00
1.038081690545548552e+00
8.227406617920913767e-01
1.564744175841801921e+00
2.312906076973645586e+00
2.027701868952215492e+00
8.764782626949929600e-01
1.924504219098637225e+00
3.353471998453737335e+00
3.660237416010618361e+00
1.264779557324883452e+00
5.598547181226647407e-01
3.492255448058759981e+00
4.570092121614565350e+00
2.810845658298285699e+00
1.629708675635817450e+00
4.019350771458549687e+00
4.197910330631888343e+00
1.163114147928140163e+00
1.620440829291186713e+00
3.903866230897046208e+00
3.164643875130636275e+00
1.324074573893028850e+00
5.259140019073407224e-01
2.505938346566370267e+00
3.393387366510681957e+00
2.642186028350677507e+00
1.021954331956553830e+00
1.001188485777689152e+00
2.607027742715023688e+00
3.149930842181970725e+00
2.468475800455153468e+00
1.774669780256876939e+00
1.286199253300897238e+00
8.614983861994038872e-01
8.675413333194428311e-01
1.483527524754603588e+00
1.936844488804566833e+00
1.753257832869043131e+00
1.207080506123233921e+00
8.677287407797638075e-01
5.011611191739981930e-01
1.635014738565739867e-01
4.311473593990842734e-01
7.134802801464685817e-01
1.654551462045514176e+00
2.203664243787733845e+00
1.737093841329510058e+00
7.326083597307108120e-01
6.191703886965295167e-01
6.185338661904714597e-01
2.572435899847774765e-02
6.828471487709196763e-01
1.056484331101189111e+00
1.028598270704619511e+00
8.301239071217331178e-01
6.460798406507241021e-01
7.278370908831083286e-01
1.322164702095759647e+00
1.418956510477754618e+00
9.334061262186753583e-01
9.111246363231435552e-01
9.284131585867917424e-01
2.155261303076562163e-01
1.105751277412624356e+00
1.663915772796817238e+00
1.221073988916719033e+00
8.709053998868849789e-01
1.179191873406393087e+00
9.266002122967791355e-01
1.182229447873677008e+00
1.431323442426954751e+00
7.860863839894338678e-01
3.383934709382174222e-01
1.045250786784559738e+00
8.954163961749086464e-01
1.748886358847409894e-01
3.202352640569580688e-01
2.501445616370428504e-01
4.464709566599465718e-01
4.308987842560819681e-01
3.357517888148202623e-01
1.159712612598857051e+00
1.469750532698691936e+00
1.099171358716449554e+00
7.092319686555997871e-01
8.076452485921098434e-01
9.319423240982697143e-01
1.151480430287855183e+00
0.000000000000000000e+00
0.000000000000000000e+00
0.000000000000000000e+00
0.000000000000000000e+00
0.000000000000000000e+00
0.000000000000000000e+00
0.000000000000000000e+00
0.000000000000000000e+00
0.000000000000000000e+00
0.000000000000000000e+00
0.000000000000000000e+00
0.000000000000000000e+00
0.000000000000000000e+00
0.000000000000000000e+00
0.000000000000000000e+00
0.000000000000000000e+00
0.000000000000000000e+00
0.000000000000000000e+00
0.000000000000000000e+00
0.000000000000000000e+00
0.000000000000000000e+00
0.000000000000000000e+00
0.000000000000000000e+00
0.000000000000000000e+00
0.000000000000000000e+00
0.000000000000000000e+00
0.000000000000000000e+00
0.000000000000000000e+00
0.000000000000000000e+00
0.000000000000000000e+00
0.000000000000000000e+00
0.000000000000000000e+00
0.000000000000000000e+00
0.000000000000000000e+00
0.000000000000000000e+00
0.000000000000000000e+00
0.000000000000000000e+00
0.000000000000000000e+00
0.000000000000000000e+00
0.000000000000000000e+00
0.000000000000000000e+00
0.000000000000000000e+00
0.000000000000000000e+00
0.000000000000000000e+00
0.000000000000000000e+00
0.000000000000000000e+00
0.000000000000000000e+00
0.000000000000000000e+00
0.000000000000000000e+00
0.000000000000000000e+00
0.000000000000000000e+00
0.000000000000000000e+00
0.000000000000000000e+00
0.000000000000000000e+00
0.000000000000000000e+00
0.000000000000000000e+00
0.000000000000000000e+00
0.000000000000000000e+00
0.000000000000000000e+00
0.000000000000000000e+00
0.000000000000000000e+00
0.000000000000000000e+00
0.000000000000000000e+00
0.000000000000000000e+00
0.000000000000000000e+00
0.000000000000000000e+00
0.000000000000000000e+00
0.000000000000000000e+00
0.000000000000000000e+00
0.000000000000000000e+00
0.000000000000000000e+00
0.000000000000000000e+00
0.000000000000000000e+00
0.000000000000000000e+00
0.000000000000000000e+00
0.000000000000000000e+00
0.000000000000000000e+00
0.000000000000000000e+00
0.000000000000000000e+00
0.000000000000000000e+00
0.000000000000000000e+00
0.000000000000000000e+00
0.000000000000000000e+00
0.000000000000000000e+00
0.000000000000000000e+00
0.000000000000000000e+00
0.000000000000000000e+00
0.000000000000000000e+00
0.000000000000000000e+00
0.000000000000000000e+00
0.000000000000000000e+00
0.000000000000000000e+00
0.000000000000000000e+00
0.000000000000000000e+00
0.000000000000000000e+00
0.000000000000000000e+00
0.000000000000000000e+00
0.000000000000000000e+00
0.000000000000000000e+00
0.000000000000000000e+00
0.000000000000000000e+00
0.000000000000000000e+00
0.000000000000000000e+00
0.000000000000000000e+00
0.000000000000000000e+00
0.000000000000000000e+00
0.000000000000000000e+00
0.000000000000000000e+00
0.000000000000000000e+00
0.000000000000000000e+00
0.000000000000000000e+00
0.000000000000000000e+00
0.000000000000000000e+00
0.000000000000000000e+00
0.000000000000000000e+00
0.000000000000000000e+00
0.000000000000000000e+00
0.000000000000000000e+00
0.000000000000000000e+00
0.000000000000000000e+00
0.000000000000000000e+00
0.000000000000000000e+00
0.000000000000000000e+00
0.000000000000000000e+00
0.000000000000000000e+00
0.000000000000000000e+00
0.000000000000000000e+00
0.000000000000000000e+00
0.000000000000000000e+00
