1.007110595703125888e+00
7.033481104564585085e-01
1.936855408640524856e-01
2.926627938223062553e-01
2.077453168806366879e-01
-4.612827331148613430e-01
-1.192416340777351369e+00
-8.293698450609592321e-01
1.247574219520819483e-03
-5.564367621754984228e-01
-1.378553766630324695e+00
-3.521907845951726124e-01
6.940930808216708714e-01
7.272796656070414922e-01
6.778166173161173091e-01
6.812022596051291456e-01
8.131947848473128904e-01
6.875413586653258413e-01
5.355583918170336855e-01
3.830156392207760829e-01
9.261857535022954835e-03
-8.106203695570144419e-01
4.584882600215081094e-01
9.001120134292142083e-01
1.644154745183035171e-01
-3.538790097475974505e-02
5.744668238047581088e-01
2.923923984836110379e-01
-1.085217779332398935e+00
-5.646335452900228535e-01
-1.565104448697800521e-01
-4.351459191685154160e-01
-5.059758026721943303e-01
2.638854578494960190e-01
8.190378812131957620e-01
7.464119045905877048e-01
8.270299920046890740e-01
1.344907927313254259e+00
1.232866771523221106e+00
3.117639576770833143e-01
-6.660176333729611597e-01
-9.761472285576339170e-01
-2.749969328539147995e-01
7.327955026264487692e-01
9.075729559290403037e-01
4.230393883497810537e-01
7.755226319290258186e-01
8.281282916815080331e-01
-4.098577883785055054e-01
-4.730272467390082003e-01
1.665473825349401915e+00
1.037689224532117205e+00
-5.606433952011702360e-02
-7.725639678973791336e-01
1.078825682305590838e-01
3.453543818895319362e-01
7.149070393823383496e-01
7.192012462991381749e-02
1.847288061228298250e-01
1.750957571697987047e+00
1.976981146672260437e+00
1.920015023123140541e+00
1.920484851163768658e+00
7.018138538797993320e-01
2.079043917627947380e-01
4.086057757347019148e-01
1.001968603551179449e+00
1.970184862207022158e+00
1.807502015468353429e+00
8.517473157999559952e-01
-1.312131326503225281e-01
-2.305294941677522580e+00
-3.095114792420159411e+00
-3.086935233295411418e+00
-2.941159432658395190e+00
-2.544055045051328179e+00
-1.998347128650024729e+00
-2.653886300186888647e+00
-2.947942033158374553e+00
-2.989853908019185713e+00
-3.258125385679254471e+00
-3.654715053677564551e+00
-1.115562359931097092e-01
3.203261169755455384e+00
4.540594166151610267e+00
2.342776376247554193e+00
-1.057639661890394045e+00
2.403318927572072106e+00
3.498464194385582982e+00
1.798049738269508424e+00
7.215022212264909918e-01
1.818617583123938175e-02
-3.017383511343350033e+00
-4.673156561784328034e+00
-2.580674407848102980e+00
-2.654343175787543530e+00
-6.843554924098945058e+00
-5.811408711633541557e+00
-2.597659157504858651e+00
-4.296481263215501833e+00
-5.736513295181829619e+00
-4.614577942100083874e+00
-2.351618406035445474e+00
-1.594176426009660252e+00
-2.371416822398259683e+00
-3.438885037582368298e+00
-4.328066957392358916e+00
-3.865529431202232580e+00
-2.245602626910436328e+00
-1.764637734911024936e+00
-1.660673233722983699e+00
-6.109701626441035316e-01
-7.208839454901745381e-01
-8.454036668782523023e-01
-5.996210268552815137e-01
-2.180932293147864520e+00
-5.122727644744480280e-01
1.949432066314789713e+00
1.397667641917268222e+00
-7.873554065292691639e-01
6.896991197449169331e-01
1.604616716618106231e+00
5.595911597673230986e-02
-2.479965640087533618e-01
1.205047273355500437e+00
-3.488858216189179018e-01
-2.092329981435930186e+00
4.174381325528168318e+00
2.575915779714705867e+00
-2.867995480509398121e+00
2.314224534640616504e-01
1.940115942651063019e+00
-1.065527994889466257e+00
-1.193134733887967869e+00
-2.894259562710231215e+00
-5.196119711779351391e+00
-3.119626259222568976e+00
-3.145697305422510581e+00
-3.495107272757951300e+00
1.051231246851912271e+00
5.171860517347656838e+00
1.884355005202296152e+00
3.650045700023718531e-01
1.656922103992189310e+00
1.838922636713598902e+00
1.884954444678948793e+00
2.771202351625001725e+00
1.958611587172465196e+00
-1.364249763652098935e+00
-1.800695666601023204e+00
7.501064024344397119e-01
6.084005550671491847e-01
-1.622161549705671835e+00
-2.604361616892473918e+00
-2.858108623241442547e+00
-2.726637416828853411e+00
-2.404605535235246894e+00
-2.788133072991743511e+00
-4.267264841247541796e+00
-5.215906679879384278e+00
-4.816983688585348311e+00
-3.652272046783085813e+00
-3.055523601964256208e+00
-2.812022332108861988e+00
-2.543087475945813303e+00
-2.179137137936168589e+00
-6.842514042248781791e-01
2.307176503769199361e+00
2.976544045718970466e+00
1.548542784558315288e+00
1.972788009836019985e+00
1.300375139244420941e+00
-6.968160341532481095e-01
-1.586234058375945999e-01
3.499776506761417494e+00
4.109428429145683737e+00
2.878888089857082999e+00
2.630734374416860977e+00
3.092786715733010006e+00
3.511367311919701528e+00
3.642316449552213786e+00
3.895846166416394585e+00
3.514177169893898167e+00
7.400969843246923974e-01
-3.507094047066674491e-01
5.301836103688120083e-01
-2.621811034263203943e-01
7.133465477122173937e-01
2.330486381113088257e-01
-2.594285977721136227e+00
-2.409691487967617896e-01
-3.190310398875082498e-01
-4.255827342216234932e+00
-1.785808353526395109e+00
-1.831803342600982987e+00
-4.528200373444139615e+00
-7.551838281096836525e-01
-4.617680080122141817e-01
-3.890819906573095288e+00
-4.306281108480505715e+00
-3.051674704843955421e+00
-2.551578791518978484e+00
-9.969703333632762288e-01
1.316165511027968638e+00
2.754680622795193656e-01
-7.669253879747328639e-01
-1.728579432247562497e+00
-1.651066771038711467e+00
-1.966571369841490391e+00
-1.704440767958504965e+00
-1.613450686947083268e+00
-3.116079497351303740e+00
-3.022186233602984551e+00
1.858144830010358683e-01
-2.221666118425345893e+00
-3.828239860058366251e+00
-3.448622141109647821e+00
-3.420045803562656861e+00
-4.691367199657029197e+00
-4.962722935404001667e+00
-3.070067641014162074e+00
4.870412528047949330e-01
1.285330114504558363e+00
-1.222768214059605896e+00
-1.515528581457104451e+00
7.159847226657265473e-01
2.694722142407262933e+00
4.375883784185345959e-01
-2.882720225142754167e-01
8.447293838592684345e-01
1.352836585759508381e+00
1.288774843450557483e+00
2.894287614490989480e+00
3.888131724933133526e+00
2.252845145789189374e+00
-7.499625912381988613e-01
1.924319023005993445e+00
2.744907239043160363e+00
2.519406021988471522e+00
1.232431880811727387e+00
-1.513041021955628285e+00
-1.021918787025377640e-02
4.751883117380264476e-01
-9.955455162214024156e-01
-1.290467749464333069e+00
-4.819919446390246165e-01
-1.340871711888356188e+00
-1.870787102837684124e+00
-1.768477188493527752e+00
-1.745785359853259111e+00
-1.914883794920005045e+00
-2.903040234126315511e+00
-4.894153677511398293e+00
-5.682978537441416123e+00
-4.030345792959700191e+00
-2.070041211075910770e+00
-5.397602413761134699e+00
-7.398524600267906592e+00
-3.889384388626824673e+00
-3.388195790142772612e+00
-5.129187856975455873e+00
-3.664318217233273778e+00
-1.153174323328723938e+00
-1.501513633611803344e+00
-2.094602813713338119e+00
-9.587013733251412706e-01
-3.844678241753229919e-02
-1.852235760130627185e-01
-7.663967910933439098e-01
4.425768039766664330e-01
1.842269269881615656e-01
-1.309613371465834453e+00
-3.776257859503681313e+00
-4.524837754861045447e+00
-3.922182501280165212e+00
-2.965239495028134442e+00
-2.174968289530756937e+00
-2.871377260876133874e+00
-4.507834753563527919e+00
-5.625287164884472446e+00
-5.696426633943981521e+00
-4.759683291406349603e+00
-2.728854976245458808e+00
2.397093487137575973e-01
1.149903134867164445e+00
1.102057474474530396e+00
2.961263374763019041e-01
-5.283963636694282151e-01
-3.866706339309740059e-01
-1.172466306106230149e-01
8.679551337753861340e-01
1.643593542613376313e+00
3.906043070382528848e-01
-6.077645375507615411e-01
5.446081764239466549e-01
-3.130752006328818560e-02
2.179953278892732271e-02
6.669131140503313793e-01
3.538674742686209740e-02
-4.803385730396270148e-01
-8.615260406057512199e-01
-1.710851135761224384e-01
1.726567152328158938e-01
5.825204534073554763e-01
4.576052680840645426e-01
7.242430558519856731e-01
1.005338650731229633e+00
7.513177906950450069e-01
5.197259179851935196e-01
4.873600323613996865e-01
-2.918769220388350849e-01
-1.085116505278896026e+00
-2.802071656567828306e-01
1.857526825967131812e-01
5.831498182229388760e-05
-1.118609327789589214e-01
-7.346373879167145127e-02
-2.042569387624197930e-01
-5.251202952062383744e-02
-2.036565818371109948e-01
-6.260866583592483714e-01
-2.450261960353916635e+00
-2.596304314013700321e+00
-2.243223530328978033e+00
-1.744279378247870049e+00
-1.158747515172359410e+00
-4.987975361980069855e-01
-4.603037094594024659e-01
-9.279595136062767091e-01
-1.084339758411993593e+00
-6.610906098347379967e-01
-5.432117920334498251e-01
-1.028476271482057447e+00
-1.115844539812206548e+00
-7.858516219573467021e-01
-8.180332901168665960e-02
-7.493348110088375869e-01
-1.120290957984004576e+00
-8.514119194539920832e-01
-5.161022524147409474e-01
-7.005336310989267457e-01
-7.478311682815800276e-01
-1.128377268113534893e+00
-1.653869007550392567e+00
-1.596015611162618475e+00
-1.057792672152666036e+00
-1.397971175868030658e+00
-1.728573038083308422e+00
-1.319434507813218138e+00
-6.819535152649425225e-01
-3.189005214035516844e-01
-3.887890434784442850e-01
-4.272838433748007980e-01
0.000000000000000000e+00
0.000000000000000000e+00
0.000000000000000000e+00
0.000000000000000000e+00
0.000000000000000000e+00
0.000000000000000000e+00
0.000000000000000000e+00
0.000000000000000000e+00
0.000000000000000000e+00
0.000000000000000000e+00
0.000000000000000000e+00
0.000000000000000000e+00
0.000000000000000000e+00
0.000000000000000000e+00
0.000000000000000000e+00
0.000000000000000000e+00
0.000000000000000000e+00
0.000000000000000000e+00
0.000000000000000000e+00
0.000000000000000000e+00
0.000000000000000000e+00
0.000000000000000000e+00
0.000000000000000000e+00
0.000000000000000000e+00
0.000000000000000000e+00
0.000000000000000000e+00
0.000000000000000000e+00
0.000000000000000000e+00
0.000000000000000000e+00
0.000000000000000000e+00
0.000000000000000000e+00
0.000000000000000000e+00
0.000000000000000000e+00
0.000000000000000000e+00
0.000000000000000000e+00
0.000000000000000000e+00
0.000000000000000000e+00
0.000000000000000000e+00
0.000000000000000000e+00
0.000000000000000000e+00
0.000000000000000000e+00
0.000000000000000000e+00
0.000000000000000000e+00
0.000000000000000000e+00
0.000000000000000000e+00
0.000000000000000000e+00
0.000000000000000000e+00
0.000000000000000000e+00
0.000000000000000000e+00
0.000000000000000000e+00
0.000000000000000000e+00
0.000000000000000000e+00
0.000000000000000000e+00
0.000000000000000000e+00
0.000000000000000000e+00
0.000000000000000000e+00
0.000000000000000000e+00
0.000000000000000000e+00
0.000000000000000000e+00
0.000000000000000000e+00
0.000000000000000000e+00
0.000000000000000000e+00
0.000000000000000000e+00
0.000000000000000000e+00
0.000000000000000000e+00
0.000000000000000000e+00
0.000000000000000000e+00
0.000000000000000000e+00
0.000000000000000000e+00
0.000000000000000000e+00
0.000000000000000000e+00
0.000000000000000000e+00
0.000000000000000000e+00
0.000000000000000000e+00
0.000000000000000000e+00
0.000000000000000000e+00
0.000000000000000000e+00
0.000000000000000000e+00
0.000000000000000000e+00
0.000000000000000000e+00
0.000000000000000000e+00
0.000000000000000000e+00
0.000000000000000000e+00
0.000000000000000000e+00
0.000000000000000000e+00
0.000000000000000000e+00
0.000000000000000000e+00
0.000000000000000000e+00
0.000000000000000000e+00
0.000000000000000000e+00
0.000000000000000000e+00
0.000000000000000000e+00
0.000000000000000000e+00
0.000000000000000000e+00
0.000000000000000000e+00
0.000000000000000000e+00
0.000000000000000000e+00
0.000000000000000000e+00
0.000000000000000000e+00
0.000000000000000000e+00
0.000000000000000000e+00
0.000000000000000000e+00
0.000000000000000000e+00
0.000000000000000000e+00
0.000000000000000000e+00
0.000000000000000000e+00
0.000000000000000000e+00
0.000000000000000000e+00
0.000000000000000000e+00
0.000000000000000000e+00
0.000000000000000000e+00
0.000000000000000000e+00
0.000000000000000000e+00
0.000000000000000000e+00
0.000000000000000000e+00
0.000000000000000000e+00
0.000000000000000000e+00
0.000000000000000000e+00
0.000000000000000000e+00
0.000000000000000000e+00
0.000000000000000000e+00
0.000000000000000000e+00
0.000000000000000000e+00
0.000000000000000000e+00
0.000000000000000000e+00
0.000000000000000000e+00
0.000000000000000000e+00
0.000000000000000000e+00
0.000000000000000000e+00
0.000000000000000000e+00
0.000000000000000000e+00
0.000000000000000000e+00
0.000000000000000000e+00
0.000000000000000000e+00
0.000000000000000000e+00
0.000000000000000000e+00
0.000000000000000000e+00
0.000000000000000000e+00
0.000000000000000000e+00
0.000000000000000000e+00
0.000000000000000000e+00
0.000000000000000000e+00
0.000000000000000000e+00
0.000000000000000000e+00
0.000000000000000000e+00
0.000000000000000000e+00
0.000000000000000000e+00
