-8.634948730468750000e-01
-1.381345262580048416e+00
3.733001889675381380e-01
1.173574441030882376e-01
-1.503326411739978052e+00
6.200903696160070533e-01
-8.899188195616090091e-01
-3.248876609249144121e+00
-4.353316045833754977e-02
-1.382319676149075693e+00
-3.452781823896013069e+00
-6.176893435585053549e-01
2.773519897327325623e-03
-1.693611729561079748e-01
1.026284640427400419e+00
1.059830820734590784e-01
2.760884573919102358e-01
-6.846662961308327411e-01
-5.575527068413816956e-01
7.496498693179265427e-01
-2.919959704446513094e-01
8.893987800816827161e-02
6.912957960949901448e-01
5.975112627607956917e-01
-7.323917776937838298e-02
1.158845194026254077e+00
2.732106625862895655e-01
7.080830265522752853e-01
1.416272192251406992e+00
-8.119386553141474394e-01
-1.523009045385050442e+00
-8.837382575995045286e-01
4.254150430256444793e-01
1.779239724496095576e-02
3.730990029571934485e-02
6.133106465355186998e-02
-1.036472961372467916e+00
-1.683722438533212129e+00
-9.078068810172048586e-01
-1.289576176850256051e+00
-2.451745380871371616e+00
9.124718360323380573e-02
-2.770815479530799319e-01
-1.174471259540400547e+00
-3.263662191361963449e-01
-1.593179185394633102e-01
3.930721985426284260e-01
1.300210173041758122e-01
-6.811661923670220276e-02
-1.405225774938290151e-03
7.831657572219730135e-02
-1.124553204599307854e-01
-7.370609759674089378e-01
-2.447868631257132943e+00
-7.912677221263570981e-01
8.475776701626975829e-01
-1.569360547288810803e+00
-2.991716670555481628e+00
-2.885484484764046620e+00
-1.451308679490586506e+00
7.543270558278485360e-01
1.210695167266498506e+00
4.028152199760528518e-01
-1.237868215156283647e-01
-3.435556395129838458e-01
-1.064751327941278136e+00
-1.303796185881763270e+00
-7.121169146766810343e-01
-5.321744469685325551e-01
-1.621069522624949411e-01
2.565901197775467546e-01
2.190518847706379724e-01
-1.051722463903827842e+00
-1.639938369840868049e+00
-1.371766249210914390e+00
-1.029610473226038714e+00
-1.028199265967975951e+00
-1.552687498237498742e+00
-1.799096666192565586e-01
-2.696541232987046954e-01
-1.168769442366948130e-01
2.574971823512697822e-01
-1.026309182737939807e+00
-3.188461982111261417e-01
-1.443062809209741504e+00
-2.172491993723945747e+00
-3.248168483123939909e-01
-2.376115773897889971e-01
-5.119029565282904315e-01
-4.174255766095023024e-01
-6.125574504125299580e-01
5.566853165343166321e-03
9.123778643998825544e-03
-2.897053171434931795e-01
-7.635196006293993864e-01
3.301754508189863602e-02
-5.541969428156968691e-01
-1.096933033230406584e+00
-2.390075035012599880e-01
-2.689071770594906319e-01
-7.660872337949422572e-01
-8.800875801838092816e-02
-2.710618228001195895e-01
-1.039250161813468853e+00
3.120438634656907961e-01
2.676873017167789026e-01
1.259231341899902601e+00
-4.722119918551224149e-01
7.604663924449535095e-01
-2.236961313262267326e-01
1.184977344423760570e+00
1.756508793172011362e-01
4.032931916041817555e-01
2.455696282926881358e-01
-1.502074325793678611e-01
-4.853224261258060057e-02
3.046721527437973309e-01
1.445757467481363800e+00
-2.492182198002654836e-01
2.628029878226381122e-01
-2.316365699717271021e-01
3.394253714868453731e-01
1.648300193209299547e+00
1.239041526674351079e+00
-5.744757941077633934e-01
3.523157200953461743e-01
6.532142642253524478e-01
4.784511562306819066e-01
2.243795081498735300e+00
4.812910059929085271e+00
2.283599775131422760e+00
2.265411432846642370e+00
3.725130771755746473e+00
3.797442838560844081e+00
2.242392126227421123e+00
-3.189091752154268988e+00
-1.227757670700697634e+00
4.411721721088243342e+00
9.467741567681611237e-01
-5.324779126977694510e-01
-1.984950152479931784e+00
-7.675464879715677924e+00
-9.507674151590773448e+00
-9.854731119672212714e+00
-1.021272967825925981e+01
-1.244681732012507780e+01
-1.160720073174573130e+01
-3.837035860111198904e+00
-4.041823266252499991e+00
-1.415295273819906718e+00
2.577290934252025156e+00
-2.158996947631081298e+00
-3.899637124466844629e+00
1.631006721990728714e-01
-1.497372591156716171e+00
-8.410610504576359059e-01
-1.207616467149532635e+00
-1.318314900060400419e+00
2.025818273264422764e+00
-3.102405884179467499e+00
-2.183214029199029405e+00
1.031118765176449958e+00
-9.493527949228346419e-01
1.655836689069190015e-02
1.307979356843702590e+00
2.434176643134911000e+00
-1.029204043971404081e+00
3.105814907267161473e-01
7.169164373221856845e-01
2.520946541611029268e+00
-6.570032476959175582e-02
-1.157290489248251841e+00
-3.175481991331716713e+00
-8.634278774909116549e-01
-4.043465345485597329e-02
-2.662935691046850462e-01
-2.799529382906168262e+00
-2.380889923724066826e+00
-2.334208744410270597e+00
-2.622599554906598573e+00
-3.142561444287832906e+00
-2.480177954137070540e+00
-3.011479572488753753e+00
-1.631730999384552350e+00
1.974623453414849905e-01
-1.202124424551872073e+00
3.304978474865416516e-02
-1.717230273484540382e+00
-1.737771389360327934e+00
-2.228298482300327121e-01
1.523453257587408238e-01
1.805505774885299841e-01
-1.018979146587426943e+00
-1.427054670155581073e+00
7.874549493626581409e-02
-6.850917853372235911e-01
-1.345039055716628074e+00
6.513675234381792745e-01
1.020681699153030753e+00
-1.882474113229206658e-01
-1.391155085559976357e+00
-1.784846122882842501e+00
2.742573233154157908e+00
4.638127583242820151e+00
3.764328164904362062e+00
5.095359272611101886e-01
-1.710013347567481024e+00
1.772568127047032371e+00
3.034803097876538569e+00
2.220787750999695387e+00
1.377420794252068204e+00
-1.642687898387531265e+00
-1.460823352217237359e+00
6.036765813428186522e-01
-7.256793383758781690e-01
1.926227928947301660e-01
-2.077215499469594828e+00
-2.296256643398822739e+00
-4.499045865354842633e-01
-1.053873045899276217e+00
3.184355986237430436e-02
-7.188359660179359789e-01
-7.133429622418189453e+00
-9.538885701309489207e+00
-9.856702357169391249e+00
-1.019046832004594449e+01
-1.124369151005528167e+01
-9.625902967442502955e+00
-7.082586351212913911e+00
-2.745168283251753660e+00
-1.422978338592362668e+00
-1.519727992167822617e+00
-2.460001388715602033e+00
-5.531550249692521959e+00
-4.965859038317951502e+00
-4.248891016692061484e+00
-4.433408079336381036e+00
-3.413280206696054364e+00
-4.161848063308059231e+00
-1.891392846726094312e+00
-1.999008556845421891e-01
-1.074382828585374039e+00
-4.410629927246235704e-01
-4.000421311023496518e-01
-4.119349744623619358e-01
-1.432996030881188876e+00
4.377287442242534521e-01
3.098721707830885963e-01
-9.867287878471714402e-01
1.414098341487624033e-02
2.432018119459108396e-01
-4.088057197829995104e-01
4.009510113943730580e-01
-1.025494049327988488e+00
3.168105750048051394e-01
2.497074678095973610e+00
2.260409199262047863e+00
2.011238868073524699e+00
-3.903557424466119752e-01
1.498854274382321217e+00
4.839153086627180578e+00
5.527514602644918895e+00
2.446089791062514340e+00
-1.530964608595161813e+00
-5.417389604976445838e-01
2.399899363225179716e-01
-7.077495935221294054e-01
7.390831113957170295e-01
-2.555621403079019860e+00
-2.846432122253681474e+00
-2.495373420050873481e+00
-3.642647522301099450e+00
-4.633158980577331221e+00
-6.017607107873146788e+00
-5.471528219580573449e+00
-3.534611729245423994e+00
-1.164592743882502113e+00
-1.376131151657278506e+00
-3.990605413054935102e+00
-6.479471248458865240e+00
-9.795775860931723145e+00
-1.136950540127843290e+01
-1.078830943550751620e+01
-9.424679856026262570e+00
-1.028836512192756203e+01
-6.645120270081244840e+00
-8.653544046955217173e-01
-1.479695054124318343e+00
-3.713191671118525328e-01
-1.018539882063200563e+00
-2.353421392663868961e+00
-1.192178432508322672e+00
7.245460250373103595e-02
2.148846304683380559e-01
1.284306369135773895e+00
1.015569762805097476e-01
3.038538810300750459e-01
1.246502145359938751e+00
-8.500456644067460044e-01
2.572806882875586343e+00
2.543696548490421705e+00
9.208303131529151919e-01
-6.866877726803803927e-01
2.316921870551584384e+00
1.199134138460492549e+00
4.924823580184194416e-01
6.026412679409052231e-01
-3.356498394032501054e-01
8.305909245879585789e-01
3.808278663628406058e-01
1.942997479822845541e-01
9.769975406489304071e-01
-1.043732242693000245e+00
-3.974402349227479370e-01
4.437264227921127180e-01
-1.299407729250498189e+00
3.221621372852632170e-01
7.225586820026630441e-02
1.085158991453402333e+00
-1.620321911917749214e+00
-2.672964594107306802e+00
1.339322037077654848e+00
-1.246744875313776646e-01
6.755013622341814461e-01
-2.001117225374942965e+00
-6.964522956098426754e-01
-5.221278942708096338e-02
1.831479429294522454e+00
-5.999129399064573320e-01
-5.779919786184839481e-02
3.799449761063224962e+00
7.956985204453403959e-01
4.201214125035065194e+00
2.577379869836088133e+00
1.585371256772785564e+00
1.556557905126994878e+00
2.761803178517814317e-01
9.478469208744311203e-01
3.101712144764331658e+00
7.460117843973190777e-01
-1.832549160444763015e-01
1.136291572421828100e+00
1.339115883723935418e+00
-6.230026111620237117e-01
-1.673024281147484027e+00
-1.506933654786956289e+00
-1.207446685883271309e+00
-2.824198576792936510e+00
-3.765748062129001816e+00
-2.366157734243697908e-01
-2.810038461213045569e+00
-2.522559030483765063e+00
-1.325665923272061342e-01
-1.160788846332431401e+00
-2.245377675682496132e-01
-5.342076596862887605e+00
-2.069206853985929406e+00
-2.093201233483981127e-01
-7.917669299289298301e-01
-3.596787302957516808e+00
-2.990932057776324982e+00
-1.290466872440905099e+01
-1.233482664498062498e+01
-1.006310531405632958e+01
-1.040047560363431245e+01
-9.841083851501052138e+00
-7.690393153405746141e+00
-1.331236999626394413e+00
-2.546267281536073401e+00
-2.219817057201460386e+00
-9.760409562637151204e-01
-4.157384388454284263e+00
-6.398143524561288764e+00
-3.822939646025913518e+00
-3.538899271009710579e-01
-7.101165744069950492e-01
-3.927998318346976880e-01
-5.721133768956336851e-01
3.732183179270287532e-02
-9.765632659302472263e-01
-2.192001389309152337e+00
-2.307583264807901102e+00
-1.606209976673786954e+00
-8.163271902541923142e-01
-5.681735493395561054e-01
-1.738932325062158557e-01
-5.593749036122670493e-01
-1.004455877547814069e+00
9.786052404556999651e-02
-1.234180047195550411e+00
-2.797823003243900541e-01
-4.190972019074900023e-01
-5.179119672992231749e-01
-3.861971104850698833e-01
-7.858741236017197096e-02
-7.146470874949676366e-01
-1.096780991960618401e+00
-6.928406935640993858e-01
-6.874607133354504462e-02
-8.714399710088378548e-01
-4.511683040650505960e-01
-1.537837378442336589e-01
-1.844979384952233348e-01
7.775662050631784172e-01
3.274819234079417996e-01
-1.371365994964690582e-01
-4.760631866217699404e-01
-7.073246254306067016e-01
6.417188018150739026e-01
8.718291698756375219e-01
-9.524840213088743290e-01
-5.211867876800364563e-01
1.161598318120954820e+00
6.221927928312096512e-01
5.939166817040781865e-01
2.855105149901235873e-01
3.350000361059390919e-02
-5.291717049571129650e-01
5.511704674703954421e-01
5.220172858562510676e-02
-8.537244436928214109e-01
-4.063785981486996990e-01
-9.481612197884898841e-01
-3.169718149526878914e-01
6.446710235237879116e-01
9.669273304895347199e-01
1.094799178787495553e+00
9.073397861688452526e-01
1.260557447527477892e+00
1.630108534859546765e+00
-1.841349194641086484e-01
3.329468432789870480e-01
8.687960419648301791e-01
4.536268585411042942e-01
4.018669290161498431e-01
9.529233539056343183e-01
2.086351569812790352e+00
1.511245985867256225e+00
1.560346746087437175e+00
1.786088700742634927e+00
6.880309737760466060e-01
4.508301593555357201e-01
8.257900904681303444e-02
4.834254685907288795e-01
1.009869768466962636e+00
6.393869404228703646e-01
9.808807722589119038e-01
2.583395933730492366e-01
-1.183644058111238184e+00
-1.631988719901870999e+00
-3.192862156606814494e+00
-2.854096427508941325e+00
-9.561400457708627565e-01
-8.630295334680042618e-01
-3.109701479245784661e+00
-7.712288019094386549e-01
-2.687040518124452770e-01
-3.604440255670859905e-01
1.779985103785009182e+00
8.420791726567316005e-01
9.583740840237937597e-01
1.155933391540280519e+00
-4.078285726155308488e-01
3.599369590713231148e-01
-1.677661140737679135e+00
-1.769320900117274720e+00
-1.192728692009224822e+00
-3.659012097166916444e+00
-3.543020433338949449e+00
-2.463903363514085676e+00
-3.152911052556071514e+00
-2.990809444574515918e+00
-2.572302521004887765e+00
-1.843655810824570196e+00
-2.179411176312487708e+00
-2.142498928668940650e+00
-3.084468909147454418e+00
-4.027511906216590276e+00
-3.171974880647535411e+00
-1.169883595407517074e+00
-1.353357469591164097e+00
-2.183548945114375250e+00
-1.397671365676544042e+00
-1.866882852147522032e+00
-1.728240359347306576e+00
-7.236867416947752041e-01
-1.115252075952578581e+00
-1.738458457284225656e+00
-2.972968395754310156e-01
-2.276717761793283668e+00
-2.228137831637736710e+00
-1.367497521637092817e+00
-1.727856259822598162e+00
-1.134122997078071543e-01
-1.623643177159215911e+00
-9.656307010835648574e-01
-1.750728785353948824e+00
-3.528500147290023481e+00
-2.862314421950401755e+00
-1.526767926225154115e+00
