-5.861206054687495559e-01
-1.245552292858525867e+00
-1.738055861776762967e+00
-1.639835357661899806e+00
-1.004460491848721437e+00
1.355656568014798946e+00
6.274664553069739803e-01
-7.297176486970258225e-03
4.395476992153701801e-02
-4.201019011051227992e-01
-1.363587232520432124e+00
-2.039305689754786322e+00
-2.081133845556945694e+00
-2.180214466564830422e-01
-2.256992435756617343e-01
-8.963638254543297990e-01
-7.509958735051665002e-01
6.250170393900500443e-02
6.489054680751595860e-01
6.065667558654390668e-01
1.951321253016402579e-01
-2.603373743929748851e-01
-1.091392847720121795e+00
-2.058743408377146977e+00
-2.166831963263430971e+00
-1.010388823077942977e+00
6.419216536224654490e-01
-9.618535614840245662e-01
-3.339984391485114834e+00
-3.717530788577354528e+00
-2.983166345127533869e+00
-1.313621182707929158e+00
2.771968742069170766e-01
1.919386638654476673e-01
-1.842685038569967126e+00
-1.332683615883854866e+00
1.016612075889433697e-03
1.336964407493665519e+00
-2.026955412061415274e-02
-1.439531747884060575e+00
-1.229712186428066678e+00
-8.723989353975667438e-01
-3.708572846157189851e-01
-9.232632124128992146e-02
-4.059607679885708365e-01
-5.276340336098854777e-01
-4.873868346869905110e-01
-3.668588252026658836e-01
-8.248324786448790746e-02
8.042447411167965576e-01
8.724705906462930649e-01
7.002120471557562453e-01
9.405273223519294845e-01
4.344496672333544307e-01
-1.652038091342333814e+00
-1.344711367751984632e+00
-4.115843111956956069e-01
-2.276219930912760869e+00
-3.882012462160467692e+00
-4.224349603055987501e+00
-3.200053117376475242e+00
3.637015226789763744e-01
-4.621199470100934015e-01
-1.175158540140766039e+00
-1.419983210461713607e+00
1.568576163425139391e-01
3.198286878137168721e-01
5.360573668080454990e-01
-1.575912513259124736e+00
-1.876616195485560912e+00
-1.820007309818090224e+00
-1.519159347070159427e+00
-1.233008288830014232e+00
-1.043634790694401904e+00
-9.120071681755788084e-01
-3.481831793614604820e-01
6.895915460781762985e-01
2.468541358805682595e-01
1.798560408593055104e-01
3.344291898060917090e-01
5.465897365723826340e-02
-3.714636035022911287e-01
-8.846439021689227467e-01
-9.730368461299052640e-01
-4.040493643194698059e-01
2.193992547037413310e-01
2.517214276711032817e-01
-1.508861691476943712e-01
-2.677848375621119104e-01
-9.776448610005594730e-03
2.737922998203856650e-01
-1.025560839505795241e-01
-3.723090852420885000e-02
-1.120531405818759652e+00
-1.665027751330207861e+00
-1.596290646194587826e+00
-1.001943758024938180e+00
9.400631615225574222e-02
-1.570666036678090016e-01
-1.630149292310723030e-02
-2.742850708578986052e-01
-6.175083797461156099e-01
-4.630941340276431006e-01
9.471555500539818873e-02
-8.191008831181524341e-01
-1.076527134638232130e+00
-8.717591927428580689e-01
-4.739348124026402376e-01
-6.531636140645130650e-02
-1.336300585754472969e-01
-1.026099466129224425e-01
-3.327688109598297972e-02
2.039876202599100186e-03
3.200476312332323769e-01
8.636268863147344987e-02
-2.458437032699762881e-01
-3.636626088105363586e-01
-3.221621323392118708e-01
-3.510200555616975748e-01
-6.013959078484237830e-01
-5.204198327902374022e-01
-3.108756704635022849e-01
-1.169588755400667868e-01
-2.012283134709087484e-01
-3.223167719095283434e-01
-1.974744839383959505e-01
3.778742173407889648e-02
-4.000441936714136393e-01
-3.892757732598777221e-01
-2.403886378922253098e-01
-2.914859468208752524e-01
-3.807735433450064599e-01
-3.004122994307981687e-01
-2.840605464383699763e-01
-1.821485107242044044e-01
-4.353829014287941002e-01
-8.169355617808020664e-01
-9.869450861359352345e-01
-8.582431061753128532e-01
-4.367918524832208327e-01
-4.174380231628882498e-01
-6.895724768451293452e-01
-6.827941531069773307e-01
-3.873575734936753889e-01
-6.912858367807918347e-02
-1.280671904652024296e-01
-2.760807908294943269e-02
-8.366732469913445991e-02
-3.350737257047547990e-01
-4.678817785317883615e-01
-5.006748496627155820e-01
-5.498573837029443467e-01
-7.071062491593109733e-01
-6.771375617418979864e-01
-4.764282060732900614e-01
-3.026520380384324360e-01
-2.251334256631950526e-01
-6.084810382241279125e-02
9.865692238702739036e-02
-2.528247835493957485e-02
-2.090154910086006179e-01
-2.952732058374236690e-01
-2.442722722844887784e-01
1.252255604321909355e-01
-1.239158924574934595e-01
-1.872584289678480562e-01
-8.518105403148079624e-02
1.324890269334799697e-03
-8.513490415390878585e-02
-1.357284261370111933e-01
-4.844098396888596447e-03
-1.626518281862763815e-01
-3.530475498066056872e-01
-3.702179697215532972e-01
-1.606419282098117129e-01
2.717110721708342336e-01
-7.372568876634294499e-01
-1.009892853395399914e+00
-9.462347548840009948e-01
-5.869063260062657994e-01
-1.471412099774364046e-01
-8.972719367125314704e-02
-7.022152135754211599e-02
-6.370902827297633131e-01
-7.331256459887064425e-01
-4.778883512359674013e-01
2.982893168058811662e-01
-1.803402307996546661e-01
-4.457544342151076311e-01
-4.889048295184803550e-01
-4.641818275533443616e-01
-3.787923596060897014e-01
-1.552121739340611706e-01
-1.427910347176819528e-02
1.829424915660262663e-01
2.469693971609627781e-01
7.673798203794413020e-02
-6.765260055991972887e-02
-8.004035145135984797e-02
-8.004035145135984797e-02
-6.765260055991972887e-02
7.673798203794413020e-02
2.469693971609627781e-01
1.829424915660262663e-01
-1.427910347176819528e-02
-1.552121739340611706e-01
-3.787923596060897014e-01
-4.641818275533443616e-01
-4.889048295184803550e-01
-4.457544342151076311e-01
-1.803402307996546661e-01
2.982893168058811662e-01
-4.778883512359674013e-01
-7.331256459887064425e-01
-6.370902827297633131e-01
-7.022152135754211599e-02
-8.972719367125314704e-02
-1.471412099774364046e-01
-5.869063260062657994e-01
-9.462347548840009948e-01
-1.009892853395399914e+00
-7.372568876634294499e-01
2.717110721708342336e-01
-1.606419282098117129e-01
-3.702179697215532972e-01
-3.530475498066056872e-01
-1.626518281862763815e-01
-4.844098396888596447e-03
-1.357284261370111933e-01
-8.513490415390878585e-02
1.324890269334799697e-03
-8.518105403148079624e-02
-1.872584289678480562e-01
-1.239158924574934595e-01
1.252255604321909355e-01
-2.442722722844887784e-01
-2.952732058374236690e-01
-2.090154910086006179e-01
-2.528247835493957485e-02
9.865692238702739036e-02
-6.084810382241279125e-02
-2.251334256631950526e-01
-3.026520380384324360e-01
-4.764282060732900614e-01
-6.771375617418979864e-01
-7.071062491593109733e-01
-5.498573837029443467e-01
-5.006748496627155820e-01
-4.678817785317883615e-01
-3.350737257047547990e-01
-8.366732469913445991e-02
-2.760807908294943269e-02
-1.280671904652024296e-01
-6.912858367807918347e-02
-3.873575734936753889e-01
-6.827941531069773307e-01
-6.895724768451293452e-01
-4.174380231628882498e-01
-4.367918524832208327e-01
-8.582431061753128532e-01
-9.869450861359352345e-01
-8.169355617808020664e-01
-4.353829014287941002e-01
-1.821485107242044044e-01
-2.840605464383699763e-01
-3.004122994307981687e-01
-3.807735433450064599e-01
-2.914859468208752524e-01
-2.403886378922253098e-01
-3.892757732598777221e-01
-4.000441936714136393e-01
3.778742173407889648e-02
-1.974744839383959505e-01
-3.223167719095283434e-01
-2.012283134709087484e-01
-1.169588755400667868e-01
-3.108756704635022849e-01
-5.204198327902374022e-01
-6.013959078484237830e-01
-3.510200555616975748e-01
-3.221621323392118708e-01
-3.636626088105363586e-01
-2.458437032699762881e-01
8.636268863147344987e-02
3.200476312332323769e-01
2.039876202599100186e-03
-3.327688109598297972e-02
-1.026099466129224425e-01
-1.336300585754472969e-01
-6.531636140645130650e-02
-4.739348124026402376e-01
-8.717591927428580689e-01
-1.076527134638232130e+00
-8.191008831181524341e-01
9.471555500539818873e-02
-4.630941340276431006e-01
-6.175083797461156099e-01
-2.742850708578986052e-01
-1.630149292310723030e-02
-1.570666036678090016e-01
9.400631615225574222e-02
-1.001943758024938180e+00
-1.596290646194587826e+00
-1.665027751330207861e+00
-1.120531405818759652e+00
-3.723090852420885000e-02
-1.025560839505795241e-01
2.737922998203856650e-01
-9.776448610005594730e-03
-2.677848375621119104e-01
-1.508861691476943712e-01
2.517214276711032817e-01
2.193992547037413310e-01
-4.040493643194698059e-01
-9.730368461299052640e-01
-8.846439021689227467e-01
-3.714636035022911287e-01
5.465897365723826340e-02
3.344291898060917090e-01
1.798560408593055104e-01
2.468541358805682595e-01
6.895915460781762985e-01
-3.481831793614604820e-01
-9.120071681755788084e-01
-1.043634790694401904e+00
-1.233008288830014232e+00
-1.519159347070159427e+00
-1.820007309818090224e+00
-1.876616195485560912e+00
-1.575912513259124736e+00
5.360573668080454990e-01
3.198286878137168721e-01
1.568576163425139391e-01
-1.419983210461713607e+00
-1.175158540140766039e+00
-4.621199470100934015e-01
3.637015226789763744e-01
-3.200053117376475242e+00
-4.224349603055987501e+00
-3.882012462160467692e+00
-2.276219930912760869e+00
-4.115843111956956069e-01
-1.344711367751984632e+00
-1.652038091342333814e+00
4.344496672333544307e-01
9.405273223519294845e-01
7.002120471557562453e-01
8.724705906462930649e-01
8.042447411167965576e-01
-8.248324786448790746e-02
-3.668588252026658836e-01
-4.873868346869905110e-01
-5.276340336098854777e-01
-4.059607679885708365e-01
-9.232632124128992146e-02
-3.708572846157189851e-01
-8.723989353975667438e-01
-1.229712186428066678e+00
-1.439531747884060575e+00
-2.026955412061415274e-02
1.336964407493665519e+00
1.016612075889433697e-03
-1.332683615883854866e+00
-1.842685038569967126e+00
1.919386638654476673e-01
2.771968742069170766e-01
-1.313621182707929158e+00
-2.983166345127533869e+00
-3.717530788577354528e+00
-3.339984391485114834e+00
-9.618535614840245662e-01
6.419216536224654490e-01
-1.010388823077942977e+00
-2.166831963263430971e+00
-2.058743408377146977e+00
-1.091392847720121795e+00
-2.603373743929748851e-01
1.951321253016402579e-01
6.065667558654390668e-01
6.489054680751595860e-01
6.250170393900500443e-02
-7.509958735051665002e-01
-8.963638254543297990e-01
-2.256992435756617343e-01
-2.180214466564830422e-01
-2.081133845556945694e+00
-2.039305689754786322e+00
-1.363587232520432124e+00
-4.201019011051227992e-01
4.395476992153701801e-02
-7.297176486970258225e-03
6.274664553069739803e-01
1.355656568014798946e+00
-1.004460491848721437e+00
-1.639835357661899806e+00
-1.738055861776762967e+00
-1.245552292858525867e+00
0.000000000000000000e+00
0.000000000000000000e+00
0.000000000000000000e+00
0.000000000000000000e+00
0.000000000000000000e+00
0.000000000000000000e+00
0.000000000000000000e+00
0.000000000000000000e+00
0.000000000000000000e+00
0.000000000000000000e+00
0.000000000000000000e+00
0.000000000000000000e+00
0.000000000000000000e+00
0.000000000000000000e+00
0.000000000000000000e+00
0.000000000000000000e+00
0.000000000000000000e+00
0.000000000000000000e+00
0.000000000000000000e+00
0.000000000000000000e+00
0.000000000000000000e+00
0.000000000000000000e+00
0.000000000000000000e+00
0.000000000000000000e+00
0.000000000000000000e+00
0.000000000000000000e+00
0.000000000000000000e+00
0.000000000000000000e+00
0.000000000000000000e+00
0.000000000000000000e+00
0.000000000000000000e+00
0.000000000000000000e+00
0.000000000000000000e+00
0.000000000000000000e+00
0.000000000000000000e+00
0.000000000000000000e+00
0.000000000000000000e+00
0.000000000000000000e+00
0.000000000000000000e+00
0.000000000000000000e+00
0.000000000000000000e+00
0.000000000000000000e+00
0.000000000000000000e+00
0.000000000000000000e+00
0.000000000000000000e+00
0.000000000000000000e+00
0.000000000000000000e+00
0.000000000000000000e+00
0.000000000000000000e+00
0.000000000000000000e+00
0.000000000000000000e+00
0.000000000000000000e+00
0.000000000000000000e+00
0.000000000000000000e+00
0.000000000000000000e+00
0.000000000000000000e+00
0.000000000000000000e+00
0.000000000000000000e+00
0.000000000000000000e+00
0.000000000000000000e+00
0.000000000000000000e+00
0.000000000000000000e+00
0.000000000000000000e+00
0.000000000000000000e+00
0.000000000000000000e+00
0.000000000000000000e+00
0.000000000000000000e+00
0.000000000000000000e+00
0.000000000000000000e+00
0.000000000000000000e+00
0.000000000000000000e+00
0.000000000000000000e+00
0.000000000000000000e+00
0.000000000000000000e+00
0.000000000000000000e+00
0.000000000000000000e+00
0.000000000000000000e+00
0.000000000000000000e+00
0.000000000000000000e+00
0.000000000000000000e+00
0.000000000000000000e+00
0.000000000000000000e+00
0.000000000000000000e+00
0.000000000000000000e+00
0.000000000000000000e+00
0.000000000000000000e+00
0.000000000000000000e+00
0.000000000000000000e+00
0.000000000000000000e+00
0.000000000000000000e+00
0.000000000000000000e+00
0.000000000000000000e+00
0.000000000000000000e+00
0.000000000000000000e+00
0.000000000000000000e+00
0.000000000000000000e+00
0.000000000000000000e+00
0.000000000000000000e+00
0.000000000000000000e+00
0.000000000000000000e+00
0.000000000000000000e+00
0.000000000000000000e+00
0.000000000000000000e+00
