2.893310546875000888e+00
2.312215807921107036e+00
4.938517409925038404e-01
-2.522031285606356477e-01
1.327502721279881115e+00
1.801890126359467992e+00
1.000206492223319144e+00
-2.548234839076854996e-01
9.182533850108147711e-01
2.021816270141092886e+00
2.157867477472834139e+00
1.507644692278100607e+00
4.440137230482452679e-01
6.531600037939000458e-02
-4.156665297096608924e-01
-1.248064554101747881e+00
-1.572917788770952452e+00
-1.587601406543515115e+00
-2.405466039512707432e+00
-6.688430228282409296e-01
5.613674317908907696e-01
3.973855250183429000e-01
1.818705008316310323e-01
1.616763387568940891e+00
1.878872872296287078e+00
1.378673648209635338e+00
9.548242249683172034e-01
7.970129238353447221e-01
-1.277220928740518957e-01
-2.186712454253541882e+00
-1.568552514630259243e+00
-1.397789727704175533e+00
-8.680226538102568945e-01
3.732174002492740783e-01
1.951328876666037715e+00
3.036757134728069296e+00
3.370122849497124928e+00
3.410934030968028274e+00
2.279501644445290687e+00
1.904148527102655031e+00
2.218730116140299913e+00
2.026082311882141163e+00
1.732512547215187437e+00
1.538403041413589190e+00
1.997165554363317774e+00
1.930746408359183874e+00
8.084049041686558468e-01
-8.180686126250087398e-01
-9.206812622941811242e-01
2.962448416134897400e-01
9.056002434506127408e-01
4.470258641382574005e-01
-3.638534396255890258e-01
-1.585955684454543047e-01
9.822133330749682756e-01
5.119600619898190264e-01
-5.102161004168781488e-02
-4.814645947941529336e-01
-7.439734582634884852e-01
-7.039430959148571532e-01
-2.807043500733974462e-01
4.165499594340844602e-01
9.329671237116472504e-01
1.027370807875061853e+00
7.343944492862279905e-01
1.008503335598863737e-01
2.705562238425152088e-01
4.084176209477718977e-01
5.511576190497333716e-01
2.823086905450633566e-03
8.545173513471793214e-02
5.602860261106612505e-01
8.817122446477381192e-01
8.204416864156396372e-01
4.228220405645264357e-01
-3.184920654769269888e-01
1.686768271580385559e-01
5.946268886218319949e-01
4.509059440598235380e-01
-7.416460639881505834e-02
1.826931695534983469e-01
5.701896020311343349e-01
6.410563406804277164e-01
3.157634212179956101e-01
-2.180125150696008429e-01
-2.017524122588836288e-01
9.295718345278934924e-01
7.256914586453870886e-01
1.404346473264710127e-01
-6.065235113527506217e-02
5.012843645351711119e-02
-3.340382779638312316e-02
2.582156368649138889e-01
4.045255696762287134e-01
-9.392600105300807911e-02
2.302664565385718065e-01
4.518852362831674574e-01
-1.596443537162206550e-01
1.524247617789469267e-01
4.721943708086413505e-01
5.639327048519667818e-01
-3.093536771057847634e-01
-2.959685981296322765e-02
2.567450097355159500e-01
4.462611581573482367e-01
-4.033913816180451084e-02
-5.132189668784408187e-01
2.245814567517008253e-01
4.742013031247653831e-01
4.181370583112615780e-01
1.092154843123178676e-01
-3.457069321662520345e-01
-9.876813910532011853e-02
5.603800881338805162e-02
-1.830637507199117664e-02
-3.132399770204087330e-01
7.245896533232776271e-02
2.546421817270181354e-01
2.735775836837617270e-01
1.089568321360330216e-01
-1.807271084897619229e-01
3.412686997236508701e-01
5.041470435933894656e-01
4.460948414646228044e-01
8.168740970202886809e-02
-2.775162541150938411e-02
1.916082546074196480e-01
2.766141885095867448e-01
3.268464236282879742e-01
4.040218682233147063e-01
2.761889370982214542e-01
1.417962377089551085e-01
-1.225305091871814467e-02
1.319898699555076549e-01
3.592590259195065361e-01
5.373841333563531553e-01
6.236691806945819927e-01
6.348253293356175275e-01
5.699071596711893228e-01
5.448587105461260016e-01
5.780577958624336654e-01
2.668177874827593055e-02
-4.047212108857592416e-01
3.480927973583023971e-01
5.920482576005032804e-01
5.953559560078105495e-01
3.122173187654746496e-01
-3.976994974932780424e-01
-4.697024904420672442e-01
-1.455506611690204899e-01
-9.217235320389638442e-02
-7.712583237568926275e-02
2.761570114979317037e-01
4.346550442314978113e-01
5.324382577924033910e-01
5.464457600920507030e-01
5.669077443743734124e-01
3.890494233395336288e-01
3.289107789490263167e-01
3.020265511037625306e-01
2.305388770488606132e-01
2.334068784501238114e-01
4.111127996191393796e-01
5.730490808541348624e-01
4.826013423220159027e-01
3.007550499094622243e-01
2.597170863797275686e-01
3.214856598704469715e-01
4.377748799532611423e-01
4.980351183797239734e-01
-5.183706615407637219e-01
-6.681257015708849112e-01
-2.690725129046436237e-01
4.293149542401248908e-01
9.011736905936471587e-01
1.149490002368560582e+00
1.286006826545857962e+00
1.338232364324060120e+00
7.370412689305978482e-01
1.167445186650537536e-01
1.117284837264387765e+00
2.486489740158562611e+00
1.766011617023375058e+00
-1.181293303838749420e+00
-3.402247448124792850e+00
-3.129783553698591625e+00
-2.336732454202578246e+00
-7.197251189397038118e-01
2.007743492794674900e+00
3.368956031631512804e+00
2.835656832151848938e+00
1.969792689548969911e+00
7.780848060336589267e-01
5.745058306932360193e-01
1.281466690640609363e+00
2.051759741195708475e+00
1.170561146345268311e+00
3.958887390144276708e-01
-4.871361752126155409e-01
-1.449218750000001332e+00
-4.871361752126155409e-01
3.958887390144276708e-01
1.170561146345268311e+00
2.051759741195708475e+00
1.281466690640609363e+00
5.745058306932360193e-01
7.780848060336589267e-01
1.969792689548969911e+00
2.835656832151848938e+00
3.368956031631512804e+00
2.007743492794674900e+00
-7.197251189397038118e-01
-2.336732454202578246e+00
-3.129783553698591625e+00
-3.402247448124792850e+00
-1.181293303838749420e+00
1.766011617023375058e+00
2.486489740158562611e+00
1.117284837264387765e+00
1.167445186650537536e-01
7.370412689305978482e-01
1.338232364324060120e+00
1.286006826545857962e+00
1.149490002368560582e+00
9.011736905936471587e-01
4.293149542401248908e-01
-2.690725129046436237e-01
-6.681257015708849112e-01
-5.183706615407637219e-01
4.980351183797239734e-01
4.377748799532611423e-01
3.214856598704469715e-01
2.597170863797275686e-01
3.007550499094622243e-01
4.826013423220159027e-01
5.730490808541348624e-01
4.111127996191393796e-01
2.334068784501238114e-01
2.305388770488606132e-01
3.020265511037625306e-01
3.289107789490263167e-01
3.890494233395336288e-01
5.669077443743734124e-01
5.464457600920507030e-01
5.324382577924033910e-01
4.346550442314978113e-01
2.761570114979317037e-01
-7.712583237568926275e-02
-9.217235320389638442e-02
-1.455506611690204899e-01
-4.697024904420672442e-01
-3.976994974932780424e-01
3.122173187654746496e-01
5.953559560078105495e-01
5.920482576005032804e-01
3.480927973583023971e-01
-4.047212108857592416e-01
2.668177874827593055e-02
5.780577958624336654e-01
5.448587105461260016e-01
5.699071596711893228e-01
6.348253293356175275e-01
6.236691806945819927e-01
5.373841333563531553e-01
3.592590259195065361e-01
1.319898699555076549e-01
-1.225305091871814467e-02
1.417962377089551085e-01
2.761889370982214542e-01
4.040218682233147063e-01
3.268464236282879742e-01
2.766141885095867448e-01
1.916082546074196480e-01
-2.775162541150938411e-02
8.168740970202886809e-02
4.460948414646228044e-01
5.041470435933894656e-01
3.412686997236508701e-01
-1.807271084897619229e-01
1.089568321360330216e-01
2.735775836837617270e-01
2.546421817270181354e-01
7.245896533232776271e-02
-3.132399770204087330e-01
-1.830637507199117664e-02
5.603800881338805162e-02
-9.876813910532011853e-02
-3.457069321662520345e-01
1.092154843123178676e-01
4.181370583112615780e-01
4.742013031247653831e-01
2.245814567517008253e-01
-5.132189668784408187e-01
-4.033913816180451084e-02
4.462611581573482367e-01
2.567450097355159500e-01
-2.959685981296322765e-02
-3.093536771057847634e-01
5.639327048519667818e-01
4.721943708086413505e-01
1.524247617789469267e-01
-1.596443537162206550e-01
4.518852362831674574e-01
2.302664565385718065e-01
-9.392600105300807911e-02
4.045255696762287134e-01
2.582156368649138889e-01
-3.340382779638312316e-02
5.012843645351711119e-02
-6.065235113527506217e-02
1.404346473264710127e-01
7.256914586453870886e-01
9.295718345278934924e-01
-2.017524122588836288e-01
-2.180125150696008429e-01
3.157634212179956101e-01
6.410563406804277164e-01
5.701896020311343349e-01
1.826931695534983469e-01
-7.416460639881505834e-02
4.509059440598235380e-01
5.946268886218319949e-01
1.686768271580385559e-01
-3.184920654769269888e-01
4.228220405645264357e-01
8.204416864156396372e-01
8.817122446477381192e-01
5.602860261106612505e-01
8.545173513471793214e-02
2.823086905450633566e-03
5.511576190497333716e-01
4.084176209477718977e-01
2.705562238425152088e-01
1.008503335598863737e-01
7.343944492862279905e-01
1.027370807875061853e+00
9.329671237116472504e-01
4.165499594340844602e-01
-2.807043500733974462e-01
-7.039430959148571532e-01
-7.439734582634884852e-01
-4.814645947941529336e-01
-5.102161004168781488e-02
5.119600619898190264e-01
9.822133330749682756e-01
-1.585955684454543047e-01
-3.638534396255890258e-01
4.470258641382574005e-01
9.056002434506127408e-01
2.962448416134897400e-01
-9.206812622941811242e-01
-8.180686126250087398e-01
8.084049041686558468e-01
1.930746408359183874e+00
1.997165554363317774e+00
1.538403041413589190e+00
1.732512547215187437e+00
2.026082311882141163e+00
2.218730116140299913e+00
1.904148527102655031e+00
2.279501644445290687e+00
3.410934030968028274e+00
3.370122849497124928e+00
3.036757134728069296e+00
1.951328876666037715e+00
3.732174002492740783e-01
-8.680226538102568945e-01
-1.397789727704175533e+00
-1.568552514630259243e+00
-2.186712454253541882e+00
-1.277220928740518957e-01
7.970129238353447221e-01
9.548242249683172034e-01
1.378673648209635338e+00
1.878872872296287078e+00
1.616763387568940891e+00
1.818705008316310323e-01
3.973855250183429000e-01
5.613674317908907696e-01
-6.688430228282409296e-01
-2.405466039512707432e+00
-1.587601406543515115e+00
-1.572917788770952452e+00
-1.248064554101747881e+00
-4.156665297096608924e-01
6.531600037939000458e-02
4.440137230482452679e-01
1.507644692278100607e+00
2.157867477472834139e+00
2.021816270141092886e+00
9.182533850108147711e-01
-2.548234839076854996e-01
1.000206492223319144e+00
1.801890126359467992e+00
1.327502721279881115e+00
-2.522031285606356477e-01
4.938517409925038404e-01
2.312215807921107036e+00
0.000000000000000000e+00
0.000000000000000000e+00
0.000000000000000000e+00
0.000000000000000000e+00
0.000000000000000000e+00
0.000000000000000000e+00
0.000000000000000000e+00
0.000000000000000000e+00
0.000000000000000000e+00
0.000000000000000000e+00
0.000000000000000000e+00
0.000000000000000000e+00
0.000000000000000000e+00
0.000000000000000000e+00
0.000000000000000000e+00
0.000000000000000000e+00
0.000000000000000000e+00
0.000000000000000000e+00
0.000000000000000000e+00
0.000000000000000000e+00
0.000000000000000000e+00
0.000000000000000000e+00
0.000000000000000000e+00
0.000000000000000000e+00
0.000000000000000000e+00
0.000000000000000000e+00
0.000000000000000000e+00
0.000000000000000000e+00
0.000000000000000000e+00
0.000000000000000000e+00
0.000000000000000000e+00
0.000000000000000000e+00
0.000000000000000000e+00
0.000000000000000000e+00
0.000000000000000000e+00
0.000000000000000000e+00
0.000000000000000000e+00
0.000000000000000000e+00
0.000000000000000000e+00
0.000000000000000000e+00
0.000000000000000000e+00
0.000000000000000000e+00
0.000000000000000000e+00
0.000000000000000000e+00
0.000000000000000000e+00
0.000000000000000000e+00
0.000000000000000000e+00
0.000000000000000000e+00
0.000000000000000000e+00
0.000000000000000000e+00
0.000000000000000000e+00
0.000000000000000000e+00
0.000000000000000000e+00
0.000000000000000000e+00
0.000000000000000000e+00
0.000000000000000000e+00
0.000000000000000000e+00
0.000000000000000000e+00
0.000000000000000000e+00
0.000000000000000000e+00
0.000000000000000000e+00
0.000000000000000000e+00
0.000000000000000000e+00
0.000000000000000000e+00
0.000000000000000000e+00
0.000000000000000000e+00
0.000000000000000000e+00
0.000000000000000000e+00
0.000000000000000000e+00
0.000000000000000000e+00
0.000000000000000000e+00
0.000000000000000000e+00
0.000000000000000000e+00
0.000000000000000000e+00
0.000000000000000000e+00
0.000000000000000000e+00
0.000000000000000000e+00
0.000000000000000000e+00
0.000000000000000000e+00
0.000000000000000000e+00
0.000000000000000000e+00
0.000000000000000000e+00
0.000000000000000000e+00
0.000000000000000000e+00
0.000000000000000000e+00
0.000000000000000000e+00
0.000000000000000000e+00
0.000000000000000000e+00
0.000000000000000000e+00
0.000000000000000000e+00
0.000000000000000000e+00
0.000000000000000000e+00
0.000000000000000000e+00
0.000000000000000000e+00
0.000000000000000000e+00
0.000000000000000000e+00
0.000000000000000000e+00
0.000000000000000000e+00
0.000000000000000000e+00
0.000000000000000000e+00
0.000000000000000000e+00
0.000000000000000000e+00
