1.924224853515625000e+00
1.391192956167271344e+00
7.770753841438644560e-01
4.145033926068539820e-01
4.762348885945474897e-01
-2.584219803712459185e-01
-1.009750157785132441e+00
-9.446046865546680049e-01
1.731772874427113251e-01
2.071264857815656502e+00
3.762182804732352892e+00
4.049629863260410190e+00
2.255293480850219190e+00
-2.428925824266934264e-01
-1.701233579513801608e+00
-1.476816288928209486e+00
9.858572370052576250e-01
2.607952649330347317e+00
2.541391570664575106e+00
1.581236962486572750e+00
-2.441058138049996273e-01
-1.014723627337885459e+00
-2.233584816039017262e+00
-2.604759700118006727e+00
1.302059723887125653e+00
3.982328516839349852e+00
3.123188201196096969e+00
4.669054628068800561e-01
8.118935024310824922e-01
1.476019657835915488e+00
-1.164838587139339854e+00
-3.460343097548458147e+00
-3.874446368790190220e+00
-2.429531644537493484e+00
-1.607027020733060585e-01
1.141176596102592367e+00
-1.217090433073715339e-01
-4.316596558448435594e-01
3.031655351226043571e-01
1.031107905325189922e+00
1.551837061887081592e+00
-3.392906355695872733e-01
-2.538833430339958674e+00
-2.467766105076227845e+00
-1.778977138025849891e+00
-1.584569813641828251e+00
-1.861913282385201152e+00
-1.604474604571431984e+00
-2.919951228247583686e-01
1.242454076192655688e+00
1.883061875277660668e-01
-9.566619805293301582e-01
8.161929290626024347e-02
2.929572236923587703e-01
-3.194090424093429803e-01
6.654129367603336398e-01
2.366016547540743531e+00
2.830168400629333281e+00
1.339220695375726411e+00
2.306992281435764625e-01
2.917429609547033120e-01
-7.132854891905167083e-01
-5.015826353178922670e-01
6.978166482493981526e-01
5.646547617812807118e-01
-2.607633186055979824e+00
-3.382142636315645046e+00
-1.076050493610662961e-01
3.361089844872947818e+00
2.048865231566080247e+00
1.878453662661794255e-02
-1.993531637161618963e+00
-1.627386838294592852e+00
2.047377072992411673e+00
-2.885112144740684670e+00
-6.342574725004842762e+00
-4.618122970782216896e+00
-1.869963621358087913e+00
-2.959760533996583121e+00
-3.427294181897503123e+00
-3.067730572208279050e+00
-3.169222522894302507e+00
-1.613147603704577993e+00
2.132763868101976268e+00
2.491682058538421174e+00
8.993756755303068395e-01
7.003689608374474851e-01
1.229774644034557829e+00
-3.425267508915320613e-01
2.082031539839148682e+00
4.726776308530829418e+00
4.484152581177851538e+00
4.015959645954041868e+00
4.167809146965398170e+00
4.250037984928649593e+00
3.523980557278022729e+00
1.593270574820630836e+00
5.633969403216105842e-01
4.760394775638312481e-01
-4.870366332509994400e-01
-2.776256690639129054e+00
-4.269192064067787840e+00
-4.314371842466862006e+00
-4.144744720759392820e+00
-4.020975089903423338e+00
-3.663387461489602703e+00
-3.228907300884985787e+00
-3.428631803240605791e+00
-3.773796877541153449e+00
-3.584905877736461743e+00
-3.006105849333469138e+00
-1.913327847707645413e+00
-2.534008857178755569e-01
9.938649839373306927e-01
1.543486735952781963e+00
1.215652144290446435e+00
4.197750489454686873e-01
2.313354843249748605e-01
3.271768214230480476e-01
-1.248268283090139263e-01
-7.041360365018711764e-01
-8.689145128462795187e-01
4.726608615885877773e-01
2.028931828275540195e+00
2.536297809497422229e+00
2.170617942553015212e+00
1.618969488924672628e+00
1.400339830047842682e+00
1.411679818192582037e+00
1.156670787800885503e+00
3.547325438611839132e-01
-3.548401666834216650e-01
-9.558472932387076515e-01
-1.176464130686918796e+00
-7.931865371946087429e-01
-1.911888281894091879e-01
-4.792563723090068617e-01
-2.224466401511854929e+00
-2.795840657939161034e+00
-5.238460525096539921e-01
1.392589173692367677e+00
-4.498526351935998591e-01
-4.632440734918081837e-01
4.330925097418882874e-01
-9.945514523083873737e-01
-1.913480421252127250e+00
-1.544167558760972003e+00
-4.099737736216807482e-01
-6.848532063034102890e-01
-1.050185859934634536e+00
-1.197799200203578440e+00
-1.601826716629705327e+00
-1.882480619225930463e+00
-1.296910987465710985e+00
-1.113289632269303109e-01
-1.337094390827785251e+00
-1.884301617271030516e+00
-1.575220998216755985e+00
-1.379775435014574114e+00
-1.342966183620385223e+00
-9.799622995852875773e-01
-3.465872204654117383e-01
-4.963043924434784038e-01
-1.162287329379322331e+00
-1.371108222880392136e+00
-1.066394923496533531e+00
-4.367346434330161564e-01
1.766007521985362150e-01
1.611040121393166324e-01
2.747548208898745736e-01
1.968519695788646939e-01
-6.803671707823488735e-02
-9.958434334348692518e-02
2.062999466119146419e-01
4.021432664912302779e-01
2.162949091855867478e-01
-6.074547466214769154e-02
-2.459775503126575558e-01
-3.887787361817941489e-01
-3.176726230404626761e-01
3.281281910903660060e-01
9.264128372504600861e-01
1.200649623037558289e+00
1.409636591315416743e+00
1.837693051163969304e+00
1.891316103376456281e+00
1.071098371169437069e+00
1.326306727044158640e-01
2.725102685022557925e-01
7.434405081225736733e-01
7.777380459822796910e-01
4.044442813965762884e-01
-6.170918545512932285e-02
1.435012436438195815e-01
6.026564253415366279e-01
9.343591366416328370e-01
1.541084710640344468e+00
2.142242957840489126e+00
2.346662678138455860e+00
2.274588109227497768e+00
2.216113254655570408e+00
2.091226281386179942e+00
1.593714722230686887e+00
8.038713155607120076e-01
4.208407724906763625e-01
8.505992064486427306e-01
9.532764947269969369e-01
7.636000789162711300e-01
4.032336478516815315e-01
5.201145207760139444e-01
1.274213958173870953e+00
1.950813593312225702e+00
1.286138629921130150e+00
-3.832790254123130680e-02
-1.030172598952292740e+00
-8.208432465650188359e-01
-1.168242500035318043e-01
-2.058792017715410649e-01
-7.052352191526010117e-01
-4.409901981160522233e-01
2.416937110732295668e-01
8.731654563588278073e-01
8.397893775405793626e-01
6.116304044611808877e-01
5.500514123026043478e-01
-8.987390494635227878e-01
-9.244042121127100664e-01
-5.427094048075893351e-01
7.644544578871426133e-02
1.139960347587505085e+00
3.127525947162651754e+00
4.921576274967200959e+00
4.408892780622814200e+00
3.424972001509684727e+00
3.445350898593228628e+00
3.761684746629094356e+00
6.393851962775438658e-01
-2.227379084269375475e+00
1.944641647991022015e+00
1.945575596743752467e+00
1.025651314811396375e+00
1.191559333859813830e+00
1.503170941777375091e+00
8.740866869353951518e-01
6.412009567190881665e-01
1.452012757631057083e+00
1.649641649733130322e+00
7.711285776610308229e-01
2.729626743218640517e-01
6.396026997356262234e-01
3.080726346961879525e-01
7.804109656923992056e-01
1.599626731456288198e+00
2.420370616627865346e+00
3.582636777927395322e+00
4.572455654296597949e+00
4.292870748258901692e+00
2.763829632965107752e+00
8.687351673290033549e-01
-5.468791065851029698e-01
-1.829810324234757424e-01
1.147224849795815294e+00
1.487515003287416704e+00
8.814970431000790363e-01
-3.759328696732807673e-01
7.102150386785045511e-01
1.299871729149745470e+00
1.335633202215885884e+00
8.913324164237677039e-01
1.726073973539898887e-02
-7.800822894945338426e-01
-1.408787489991369046e+00
-2.336006689635167888e+00
-4.097331651655275131e+00
-5.510375047588416564e+00
-5.423784179180644927e+00
-4.428303960841503795e+00
-3.222191711668415337e+00
-2.025209783142384090e+00
-6.587680402701849847e-01
-1.081676015716426242e-02
-6.501036689962294002e-01
-7.974312327395139954e-01
-5.184542349607363931e-01
-1.629281800162418747e-01
4.058711324933250708e-01
1.065331316173446119e+00
1.421921694757000365e+00
1.162720873131306343e+00
1.841284143461732192e-01
9.440961728724427404e-01
1.146277812491178771e-01
-2.206917540833501334e+00
-2.442329543243694889e+00
4.031878210490056347e-01
2.163668116502489358e+00
-6.303929139267450132e-01
-3.931971561937301907e+00
-2.874713121535488192e+00
-3.143776053263289683e-01
1.121080673643956693e+00
5.568582876572554241e-01
-5.162890426391653520e+00
-6.192569261152261362e+00
-3.113310004822121613e+00
4.227530605347421533e-01
-2.234071535727632618e+00
-1.509857024944171400e+00
-1.442905794844868694e-01
2.467885301538830234e-02
1.346357896861826164e-01
-1.651314959245267389e+00
-2.009238297654503569e+00
6.653878134805144562e-01
3.763069358606387915e+00
3.400997205389522549e+00
1.826465505319416538e+00
1.569722084130848350e+00
1.991281340157708968e-01
-1.710946539430014735e+00
-1.843359647755200559e+00
-6.540237791398567646e-01
-3.556812950764050019e-01
-8.386528532714059292e-01
-7.668597032585029449e-01
-1.580276186916266701e+00
-1.386024776511588730e+00
-2.442655227034639331e+00
-1.880989197985294403e+00
-1.118145387299897209e+00
-2.340296263907047702e+00
-3.027568839245724508e+00
-3.082949031203376489e+00
-2.725220584795450041e+00
-2.382648862637048115e+00
-2.685786087356791807e+00
-2.652539202577166133e+00
-1.512798414602511743e+00
-8.948117558924605364e-01
-2.112252628157807788e+00
-2.376121180586332926e+00
-1.836874810872373809e+00
-1.158848750138151029e+00
-4.590926396752600946e-01
-1.670597737770901592e+00
-3.529799378085695327e+00
-5.132956147236832578e+00
-5.751706909052215266e+00
-4.630076233920683570e+00
-2.041070638168249740e+00
-9.102815856018617868e-01
-2.759913905525064326e+00
-2.920391882798659466e+00
-2.080617570412862882e+00
-2.400128423469516825e+00
-3.524037597585943704e+00
-3.797428468213405850e+00
-2.940667830450876430e+00
-1.447926269014734091e+00
-9.216469003815358496e-01
-1.669587252691587809e+00
-1.845531839791008988e+00
-1.940670365426235167e+00
-2.470193582604779170e+00
-2.809384882021343621e+00
-2.520480870057589140e+00
-1.679126873987639490e+00
-7.968625638865828309e-01
-8.783412557585614788e-01
-1.562744877280558331e+00
-2.244742634861998543e+00
-2.369570001565529882e+00
-1.722183949220028820e+00
-7.211835677764667496e-01
-3.005735586687551808e-01
-8.675638031487573620e-01
-9.087266892494034742e-01
-5.286676998510564385e-01
0.000000000000000000e+00
0.000000000000000000e+00
0.000000000000000000e+00
0.000000000000000000e+00
0.000000000000000000e+00
0.000000000000000000e+00
0.000000000000000000e+00
0.000000000000000000e+00
0.000000000000000000e+00
0.000000000000000000e+00
0.000000000000000000e+00
0.000000000000000000e+00
0.000000000000000000e+00
0.000000000000000000e+00
0.000000000000000000e+00
0.000000000000000000e+00
0.000000000000000000e+00
0.000000000000000000e+00
0.000000000000000000e+00
0.000000000000000000e+00
0.000000000000000000e+00
0.000000000000000000e+00
0.000000000000000000e+00
0.000000000000000000e+00
0.000000000000000000e+00
0.000000000000000000e+00
0.000000000000000000e+00
0.000000000000000000e+00
0.000000000000000000e+00
0.000000000000000000e+00
0.000000000000000000e+00
0.000000000000000000e+00
0.000000000000000000e+00
0.000000000000000000e+00
0.000000000000000000e+00
0.000000000000000000e+00
0.000000000000000000e+00
0.000000000000000000e+00
0.000000000000000000e+00
0.000000000000000000e+00
0.000000000000000000e+00
0.000000000000000000e+00
0.000000000000000000e+00
0.000000000000000000e+00
0.000000000000000000e+00
0.000000000000000000e+00
0.000000000000000000e+00
0.000000000000000000e+00
0.000000000000000000e+00
0.000000000000000000e+00
0.000000000000000000e+00
0.000000000000000000e+00
0.000000000000000000e+00
0.000000000000000000e+00
0.000000000000000000e+00
0.000000000000000000e+00
0.000000000000000000e+00
0.000000000000000000e+00
0.000000000000000000e+00
0.000000000000000000e+00
0.000000000000000000e+00
0.000000000000000000e+00
0.000000000000000000e+00
0.000000000000000000e+00
0.000000000000000000e+00
0.000000000000000000e+00
0.000000000000000000e+00
0.000000000000000000e+00
0.000000000000000000e+00
0.000000000000000000e+00
0.000000000000000000e+00
0.000000000000000000e+00
0.000000000000000000e+00
0.000000000000000000e+00
0.000000000000000000e+00
0.000000000000000000e+00
0.000000000000000000e+00
0.000000000000000000e+00
0.000000000000000000e+00
0.000000000000000000e+00
0.000000000000000000e+00
0.000000000000000000e+00
0.000000000000000000e+00
0.000000000000000000e+00
0.000000000000000000e+00
0.000000000000000000e+00
0.000000000000000000e+00
0.000000000000000000e+00
0.000000000000000000e+00
0.000000000000000000e+00
0.000000000000000000e+00
0.000000000000000000e+00
0.000000000000000000e+00
0.000000000000000000e+00
0.000000000000000000e+00
0.000000000000000000e+00
0.000000000000000000e+00
0.000000000000000000e+00
0.000000000000000000e+00
0.000000000000000000e+00
0.000000000000000000e+00
0.000000000000000000e+00
0.000000000000000000e+00
0.000000000000000000e+00
0.000000000000000000e+00
0.000000000000000000e+00
0.000000000000000000e+00
0.000000000000000000e+00
0.000000000000000000e+00
0.000000000000000000e+00
0.000000000000000000e+00
0.000000000000000000e+00
0.000000000000000000e+00
0.000000000000000000e+00
0.000000000000000000e+00
0.000000000000000000e+00
0.000000000000000000e+00
0.000000000000000000e+00
0.000000000000000000e+00
0.000000000000000000e+00
0.000000000000000000e+00
0.000000000000000000e+00
