-8.426513671874993339e-01
9.184613679530273522e-02
8.626632653315788879e-01
6.022581679357605910e-01
-3.091676965382594844e-03
-9.475706794904462105e-02
3.356688203213842314e-01
2.726687042038398179e-01
1.529989261786957044e-02
3.806066341859540847e-01
9.324015289675842144e-01
9.263205206632714184e-01
5.527233629382710678e-01
1.849014261338961518e-01
-4.325253758533944559e-01
-8.681577367118740174e-01
-7.462703557217953421e-01
-3.589855811327156143e-01
1.225789055585386755e-01
-3.645926689160683409e-02
-5.056449381336927118e-01
-1.035129745348927210e+00
-1.156753478317434469e+00
-3.998806095887603718e-01
3.259117815230745396e-01
1.173893233180096862e+00
1.755943022077776972e+00
1.482479036723327148e+00
4.024184526933320960e-01
7.223939988944871882e-02
6.721241911640771782e-01
-2.546577906621325660e-01
-1.617637874539898046e+00
5.138381732915300315e-01
1.034242346577208593e+00
-8.690691704053143951e-01
-2.338955213921680265e+00
-1.379222675979948187e+00
1.205643158439820395e+00
-8.515558287201310250e-01
-1.013721557307372567e+00
-3.258942590945452800e-01
-2.170847639154798170e+00
7.030039478993708180e-01
2.761547193622514218e+00
2.175618239076147375e+00
1.228194606525875088e+00
1.759224698756442162e+00
2.151797632867524790e+00
1.858500232613290670e+00
1.258634669352423074e+00
-1.287604532127078150e+00
-1.822507895751926954e+00
-1.972239654528906705e-01
1.972762064962128026e+00
3.019272562472693266e+00
2.287338267040780693e+00
1.575018817624822542e+00
2.200929221590100404e+00
1.043556753778290602e+00
-1.888360122686056908e+00
1.490486554931402807e-01
3.424039745458810735e+00
4.728356375016081969e+00
1.521823576492692176e+00
1.992120170954057023e-01
-6.620789357247995888e-01
-3.914665872278547454e+00
-4.836703272961718980e+00
-2.535225283684964026e+00
-3.913463328291633125e-02
1.803420335457770918e+00
3.744161582519800024e+00
4.254833917098970630e+00
3.707833247241413055e+00
2.287195395813844456e+00
1.121025335127776579e+00
-4.382364174273636337e-01
-1.526678164771279711e+00
1.866569977642103417e+00
2.670411865321950629e+00
2.585748637538670458e+00
2.607386721392233930e+00
2.757493145417252212e+00
2.031811907704381248e+00
1.293441606225682161e+00
6.027815551591766408e-01
8.385048199757427767e-02
1.730385947057049290e-01
9.141748892554967254e-01
2.490617567573096824e-01
-8.066806056483750709e-01
-1.202234852941418186e+00
-8.313249052402345018e-01
-5.235153806638687124e-01
-6.935170812659419148e-01
-6.247346389707582048e-01
-2.682302922694068670e-01
4.703582271598620856e-01
1.266488865578142331e+00
1.145374119847165861e+00
8.780185901948850402e-01
3.614475417182902994e-01
-4.605459415063419826e-01
-1.036884686761606611e+00
-4.725515507969993978e-01
-1.454847679361471746e-01
4.572115610212914572e-01
1.277067355607326204e+00
1.588416748776178000e+00
1.275877103179949845e+00
-3.612218457218536738e-01
-1.758751696962446154e-01
-1.646464649699606042e-01
4.600063386284258815e-02
1.035651612974251012e+00
8.511017421694010432e-01
6.279601834277983574e-01
5.946163873100729358e-01
7.664402781718344659e-01
9.952818043420482708e-01
8.034042871798188212e-01
-5.173121923841944581e-01
-3.079850784750410853e-01
7.317035215157721151e-01
1.078442534164389288e+00
2.022843435689041236e-01
-3.575201911655565556e-01
-2.109082145111125239e-01
6.654215604219871905e-01
4.046679675735038728e-01
-2.014112305643309675e-01
-6.459026449632534472e-01
-3.623897344026847378e-01
5.326953233685667310e-01
5.988910307586807757e-01
-3.114499762178711828e-01
-7.584447185786635792e-02
5.676127065089597856e-01
8.592894490748794745e-01
8.787470251409847943e-01
7.446392368558889530e-01
4.475530849094218055e-01
3.675985737965624112e-01
6.684568271688138275e-01
7.819562234251506982e-01
6.205138109328451890e-01
4.240803362261236220e-01
4.568125409956897975e-01
4.224101479070794252e-01
1.702599392328922878e-01
1.470128774363932411e-02
2.252414948564389618e-01
3.416839230115186199e-01
2.424954636600074043e-01
6.901014714836928299e-02
-4.939646377176609704e-02
-2.128249141249416443e-02
-1.203818074368436797e-01
-3.907519726763627466e-01
-5.246708244721502989e-01
-4.180061517954314354e-01
-1.337814481551360402e-01
6.336238843952141098e-02
1.986507284883020641e-01
7.031635046906921094e-01
5.818681424107123856e-01
2.582447962972784783e-01
6.911212834544544492e-03
5.432102150918960426e-02
3.326309597570450416e-01
3.649013491616797111e-01
-1.485129714281419044e-01
-3.145517168765249449e-01
-3.698479920511748564e-01
-1.782081141712510419e-02
1.424998908390402441e-01
5.986874130144137496e-02
-1.065680971980452751e-01
-3.804886422077584651e-01
-3.292715739134933761e-01
-1.692829003872169391e-01
4.325058722152763657e-02
2.395364507947634891e-01
4.344884042105259248e-01
6.034615611805470570e-01
6.002916136063223274e-01
1.111353031934515512e-01
1.763022477353506368e-01
4.575261962807029015e-01
6.356485501890208889e-01
6.720426072872301981e-01
-1.792450774399056423e-01
-1.533415761827573998e-01
2.551401434345417218e-01
1.661165491106181280e-01
-1.351242528290264033e-02
-1.255733848100379912e-01
-4.221609725224273468e-02
-4.221609725224273468e-02
-1.255733848100379912e-01
-1.351242528290264033e-02
1.661165491106181280e-01
2.551401434345417218e-01
-1.533415761827573998e-01
-1.792450774399056423e-01
6.720426072872301981e-01
6.356485501890208889e-01
4.575261962807029015e-01
1.763022477353506368e-01
1.111353031934515512e-01
6.002916136063223274e-01
6.034615611805470570e-01
4.344884042105259248e-01
2.395364507947634891e-01
4.325058722152763657e-02
-1.692829003872169391e-01
-3.292715739134933761e-01
-3.804886422077584651e-01
-1.065680971980452751e-01
5.986874130144137496e-02
1.424998908390402441e-01
-1.782081141712510419e-02
-3.698479920511748564e-01
-3.145517168765249449e-01
-1.485129714281419044e-01
3.649013491616797111e-01
3.326309597570450416e-01
5.432102150918960426e-02
6.911212834544544492e-03
2.582447962972784783e-01
5.818681424107123856e-01
7.031635046906921094e-01
1.986507284883020641e-01
6.336238843952141098e-02
-1.337814481551360402e-01
-4.180061517954314354e-01
-5.246708244721502989e-01
-3.907519726763627466e-01
-1.203818074368436797e-01
-2.128249141249416443e-02
-4.939646377176609704e-02
6.901014714836928299e-02
2.424954636600074043e-01
3.416839230115186199e-01
2.252414948564389618e-01
1.470128774363932411e-02
1.702599392328922878e-01
4.224101479070794252e-01
4.568125409956897975e-01
4.240803362261236220e-01
6.205138109328451890e-01
7.819562234251506982e-01
6.684568271688138275e-01
3.675985737965624112e-01
4.475530849094218055e-01
7.446392368558889530e-01
8.787470251409847943e-01
8.592894490748794745e-01
5.676127065089597856e-01
-7.584447185786635792e-02
-3.114499762178711828e-01
5.988910307586807757e-01
5.326953233685667310e-01
-3.623897344026847378e-01
-6.459026449632534472e-01
-2.014112305643309675e-01
4.046679675735038728e-01
6.654215604219871905e-01
-2.109082145111125239e-01
-3.575201911655565556e-01
2.022843435689041236e-01
1.078442534164389288e+00
7.317035215157721151e-01
-3.079850784750410853e-01
-5.173121923841944581e-01
8.034042871798188212e-01
9.952818043420482708e-01
7.664402781718344659e-01
5.946163873100729358e-01
6.279601834277983574e-01
8.511017421694010432e-01
1.035651612974251012e+00
4.600063386284258815e-02
-1.646464649699606042e-01
-1.758751696962446154e-01
-3.612218457218536738e-01
1.275877103179949845e+00
1.588416748776178000e+00
1.277067355607326204e+00
4.572115610212914572e-01
-1.454847679361471746e-01
-4.725515507969993978e-01
-1.036884686761606611e+00
-4.605459415063419826e-01
3.614475417182902994e-01
8.780185901948850402e-01
1.145374119847165861e+00
1.266488865578142331e+00
4.703582271598620856e-01
-2.682302922694068670e-01
-6.247346389707582048e-01
-6.935170812659419148e-01
-5.235153806638687124e-01
-8.313249052402345018e-01
-1.202234852941418186e+00
-8.066806056483750709e-01
2.490617567573096824e-01
9.141748892554967254e-01
1.730385947057049290e-01
8.385048199757427767e-02
6.027815551591766408e-01
1.293441606225682161e+00
2.031811907704381248e+00
2.757493145417252212e+00
2.607386721392233930e+00
2.585748637538670458e+00
2.670411865321950629e+00
1.866569977642103417e+00
-1.526678164771279711e+00
-4.382364174273636337e-01
1.121025335127776579e+00
2.287195395813844456e+00
3.707833247241413055e+00
4.254833917098970630e+00
3.744161582519800024e+00
1.803420335457770918e+00
-3.913463328291633125e-02
-2.535225283684964026e+00
-4.836703272961718980e+00
-3.914665872278547454e+00
-6.620789357247995888e-01
1.992120170954057023e-01
1.521823576492692176e+00
4.728356375016081969e+00
3.424039745458810735e+00
1.490486554931402807e-01
-1.888360122686056908e+00
1.043556753778290602e+00
2.200929221590100404e+00
1.575018817624822542e+00
2.287338267040780693e+00
3.019272562472693266e+00
1.972762064962128026e+00
-1.972239654528906705e-01
-1.822507895751926954e+00
-1.287604532127078150e+00
1.258634669352423074e+00
1.858500232613290670e+00
2.151797632867524790e+00
1.759224698756442162e+00
1.228194606525875088e+00
2.175618239076147375e+00
2.761547193622514218e+00
7.030039478993708180e-01
-2.170847639154798170e+00
-3.258942590945452800e-01
-1.013721557307372567e+00
-8.515558287201310250e-01
1.205643158439820395e+00
-1.379222675979948187e+00
-2.338955213921680265e+00
-8.690691704053143951e-01
1.034242346577208593e+00
5.138381732915300315e-01
-1.617637874539898046e+00
-2.546577906621325660e-01
6.721241911640771782e-01
7.223939988944871882e-02
4.024184526933320960e-01
1.482479036723327148e+00
1.755943022077776972e+00
1.173893233180096862e+00
3.259117815230745396e-01
-3.998806095887603718e-01
-1.156753478317434469e+00
-1.035129745348927210e+00
-5.056449381336927118e-01
-3.645926689160683409e-02
1.225789055585386755e-01
-3.589855811327156143e-01
-7.462703557217953421e-01
-8.681577367118740174e-01
-4.325253758533944559e-01
1.849014261338961518e-01
5.527233629382710678e-01
9.263205206632714184e-01
9.324015289675842144e-01
3.806066341859540847e-01
1.529989261786957044e-02
2.726687042038398179e-01
3.356688203213842314e-01
-9.475706794904462105e-02
-3.091676965382594844e-03
6.022581679357605910e-01
8.626632653315788879e-01
9.184613679530273522e-02
0.000000000000000000e+00
0.000000000000000000e+00
0.000000000000000000e+00
0.000000000000000000e+00
0.000000000000000000e+00
0.000000000000000000e+00
0.000000000000000000e+00
0.000000000000000000e+00
0.000000000000000000e+00
0.000000000000000000e+00
0.000000000000000000e+00
0.000000000000000000e+00
0.000000000000000000e+00
0.000000000000000000e+00
0.000000000000000000e+00
0.000000000000000000e+00
0.000000000000000000e+00
0.000000000000000000e+00
0.000000000000000000e+00
0.000000000000000000e+00
0.000000000000000000e+00
0.000000000000000000e+00
0.000000000000000000e+00
0.000000000000000000e+00
0.000000000000000000e+00
0.000000000000000000e+00
0.000000000000000000e+00
0.000000000000000000e+00
0.000000000000000000e+00
0.000000000000000000e+00
0.000000000000000000e+00
0.000000000000000000e+00
0.000000000000000000e+00
0.000000000000000000e+00
0.000000000000000000e+00
0.000000000000000000e+00
0.000000000000000000e+00
0.000000000000000000e+00
0.000000000000000000e+00
0.000000000000000000e+00
0.000000000000000000e+00
0.000000000000000000e+00
0.000000000000000000e+00
0.000000000000000000e+00
0.000000000000000000e+00
0.000000000000000000e+00
0.000000000000000000e+00
0.000000000000000000e+00
0.000000000000000000e+00
0.000000000000000000e+00
0.000000000000000000e+00
0.000000000000000000e+00
0.000000000000000000e+00
0.000000000000000000e+00
0.000000000000000000e+00
0.000000000000000000e+00
0.000000000000000000e+00
0.000000000000000000e+00
0.000000000000000000e+00
0.000000000000000000e+00
0.000000000000000000e+00
0.000000000000000000e+00
0.000000000000000000e+00
0.000000000000000000e+00
0.000000000000000000e+00
0.000000000000000000e+00
0.000000000000000000e+00
0.000000000000000000e+00
0.000000000000000000e+00
0.000000000000000000e+00
0.000000000000000000e+00
0.000000000000000000e+00
0.000000000000000000e+00
0.000000000000000000e+00
0.000000000000000000e+00
0.000000000000000000e+00
0.000000000000000000e+00
0.000000000000000000e+00
0.000000000000000000e+00
0.000000000000000000e+00
0.000000000000000000e+00
0.000000000000000000e+00
0.000000000000000000e+00
0.000000000000000000e+00
0.000000000000000000e+00
0.000000000000000000e+00
0.000000000000000000e+00
0.000000000000000000e+00
0.000000000000000000e+00
0.000000000000000000e+00
0.000000000000000000e+00
0.000000000000000000e+00
0.000000000000000000e+00
0.000000000000000000e+00
0.000000000000000000e+00
0.000000000000000000e+00
0.000000000000000000e+00
0.000000000000000000e+00
0.000000000000000000e+00
0.000000000000000000e+00
0.000000000000000000e+00
0.000000000000000000e+00
0.000000000000000000e+00
