1.753662109375000000e+00
1.220740065527143869e+00
8.854994216216960368e-02
5.194173054494877206e-01
5.276300302378460483e-01
6.307768977744199201e-01
1.324801684481339947e+00
1.448024428228744220e+00
9.603810401224596172e-01
7.278507750414862087e-01
8.102217126208428599e-01
3.680528797044261280e-01
5.033495448656619686e-01
8.595535884927973935e-01
3.137236849656280802e-01
5.882033209706187815e-01
1.074919025387922167e+00
8.580817433305445441e-01
1.092408056160417029e+00
2.267586763495381685e-01
-1.165711430510437019e+00
-2.298834329947260002e+00
-1.876978447078711643e+00
-1.408062770600785329e+00
-1.389759928819037427e+00
-1.879837450131729204e+00
-2.384921054461940138e+00
-2.104429045628270600e+00
-1.161222223826154476e+00
-1.343490211649818633e+00
-1.916266009453617691e+00
-1.600947243905265660e+00
-6.327513927816819095e-01
1.143443994186109425e+00
1.863331010985584957e+00
1.746147225236014622e+00
1.473993972621646664e+00
1.581159761385319662e+00
1.527222148109284916e+00
5.939518883044705433e-01
-7.375732166214508112e-01
-7.280510051145461237e-01
-1.227212646703169430e+00
-2.660010923611810352e+00
-1.851557474463175534e+00
8.232149865360960383e-01
3.200562388815016313e+00
1.750466925085666592e+00
-1.118050638851959544e-01
1.794111266321488207e+00
2.847659372437619574e+00
3.086948141918840705e+00
1.851129857591529149e+00
4.682275591050132357e-01
-1.781719570664208607e-01
7.778253372879326832e-01
3.983573492102419067e-01
-1.153123034108207934e+00
-1.427853079950645032e+00
-2.338753048052504280e-01
-2.236680849228443790e+00
-3.859321540122368610e+00
-2.898577220148520261e+00
-1.704805005857036315e-01
-4.206186598278189859e-01
-4.466388338013649317e-01
1.680241580826460357e-01
7.318002340655718196e-01
2.861264952043316434e-01
1.925422713711855138e-01
3.943510855058335318e-01
-6.524802317860236567e-01
-1.615407362268371561e+00
-1.807572242926069883e+00
-1.880289045796408320e+00
-1.225631184042051292e+00
-1.265826405345428229e-01
7.348258990194933560e-02
3.515890310608913438e-01
1.182052856148700926e+00
9.639801245714735289e-01
7.774170876953541143e-01
1.454992607772173763e+00
1.773760590530184089e+00
8.068495516273209711e-01
-1.951044804481278927e-01
3.044484032941523477e-01
1.413200353226875761e+00
2.391868339698274060e+00
1.269570740364116768e+00
-1.216577311836808173e+00
-2.076792601686371587e+00
-5.606303161096763965e-01
5.881015509357186977e-01
-3.920890638914441562e-01
-6.896331152107386675e-01
-1.187617499963993239e+00
-1.247738882738447908e+00
5.130206327229811514e-01
1.030460061581293996e+00
-6.104968779298121095e-01
-1.613083359187727606e+00
1.299428013210053079e+00
1.836500908242124641e+00
-9.120805278337289490e-01
-5.139179227917605175e-01
1.562267647975214002e+00
2.362158755485302741e+00
3.229659218195075621e-01
-1.721540744577454429e+00
-1.574568026472014992e+00
-1.457794510850452641e+00
-7.695253441019469509e-01
-2.818490555152055599e-01
-9.141606785927761658e-01
-1.480148460082064910e+00
-3.723473143369875338e-01
6.186568838139450133e-01
1.994885994211159641e-03
-1.252979423920482560e+00
-3.703878690332704782e-01
1.776103574491370685e+00
1.471597964126489133e+00
-1.758789149758104298e-01
-1.092590380465221944e+00
3.357612902499853558e-01
6.888451913065496424e-01
-4.915538324693884409e-01
-6.483625067194561664e-01
-1.268431948239230334e+00
-4.916266412022940457e-01
8.620092430558461416e-01
1.200613437226554669e+00
9.524527922898621268e-01
9.985411973866202828e-01
5.822594250254300441e-01
-5.357856221713297451e-02
-3.871485861023620245e-01
1.219957293949162636e-01
-2.129786024252137144e-01
-9.844631120780669153e-01
-9.589598153951479631e-01
-6.458769452356116769e-01
-7.497960549489286475e-01
-4.881492572172103639e-01
4.104400322475894036e-01
1.055697113591589353e+00
8.373858088402599265e-01
5.152774059917168969e-01
1.790120011057852567e+00
2.999363443088104653e+00
1.471144380046328637e+00
1.125024025698530883e+00
3.508501778004529115e+00
5.183827722695051321e+00
5.325186294674525200e+00
2.309802701790495405e+00
4.375763123951070810e-02
6.064698849234941846e-01
1.132829531355013408e+00
1.086430725023175725e+00
-2.099755389587487642e-01
-1.493670276015673037e+00
2.171959078679193134e-01
1.614322497115311617e+00
2.753779279933477042e-01
-1.975222435718460900e+00
-1.545845505249153096e+00
-5.118968539290082997e-01
1.317413522346843946e+00
3.567008516438309407e+00
5.857660257485198585e+00
6.652191994801870401e+00
5.077160582305300096e+00
2.960868771410443578e+00
1.215758036194056091e+00
3.686003681012002264e-01
3.063704637606650127e-01
4.346123031564248507e-01
5.548154294969190881e-01
4.717490848054025632e-01
-6.188169388016094841e-01
-8.810520672765402850e-01
-6.854142102966405137e-01
-4.651656391491538201e-01
-3.128691503461035195e-01
-2.349711465951851430e-01
-1.843010020054607345e-01
-2.662178675020725471e-01
-6.245066837406954008e-02
4.637091342626309398e-01
1.617901857695449586e-01
-6.783937410575321403e-01
-1.617790132209501186e-01
5.485671203833804022e-01
5.732787205088065718e-01
3.513514745776101789e-01
-8.686358015370254648e-02
-8.132994421678415575e-01
-8.676330764497951487e-01
-3.660024645267546672e-01
2.351042874676300132e-01
6.212176393155623977e-01
4.502848011756032109e-01
-3.514148884053228672e-01
-8.672809371453457095e-01
8.738682262620367514e-02
6.755979075691801450e-01
1.015540333333164735e-02
-5.382617625581351817e-01
-7.770926873254443423e-01
-9.122891743440880719e-01
-1.005933647075447190e+00
-1.039757226870335449e+00
-7.246538964989015508e-01
-1.095312481853163433e-01
-4.131602079044726095e-01
-9.769743191215973788e-02
7.071669530246806890e-01
5.522382251285318233e-01
-3.926804586001420017e-01
-5.420394674090720510e-01
1.095083347765274828e+00
2.966380985587166119e+00
3.639539465111889527e+00
4.141467101661445049e+00
3.936335457988985986e+00
1.847732595071913675e+00
-1.198199709412412606e+00
-2.736184136656890864e+00
-2.204687105910777323e+00
-1.068918614358259855e+00
1.104305949237513795e+00
1.146997362715685531e+00
4.573086317810690637e-01
-2.672349582154667225e-01
1.697436739530288952e+00
3.180807781994396954e+00
2.855317310227910355e+00
1.946549795642240621e+00
6.473245592007068616e-01
1.629362075470613291e+00
4.171707472605902467e+00
5.453389255043434858e+00
4.294532046277890203e+00
1.207974623832086980e+00
3.772661222724211783e-01
2.096644463772853406e+00
2.657526771245878550e+00
2.211836479217657470e+00
1.824681421419692917e+00
1.880927632740559963e+00
1.552634177541911908e+00
9.184029410427840823e-01
1.983079274457343333e-01
2.572416910148019875e-01
-5.286920004164974429e-03
-7.140620502935004499e-01
-1.097013162789660656e+00
-8.470417865172558125e-01
2.520974439430536673e-01
7.930756662416671432e-01
2.635210345479954697e-01
-3.462094940079578631e-01
-3.679860868493476378e-01
1.580250019018938357e-01
3.818477060242284615e-01
-9.391258596262281877e-01
-2.222888852309612417e+00
-1.936609591827205268e+00
-1.831161608751982195e+00
-3.365336612650124959e-01
-3.587344007377470945e-01
-1.235260842550113480e+00
7.127967416141677282e-01
1.731619579182706259e+00
2.794434420340183856e-01
-1.901206276500001069e+00
-1.250831528085362354e+00
1.316526514642861301e+00
1.477772422522699580e+00
-6.843240451440359973e-01
-2.021522982971641014e+00
-1.183225071474531820e+00
-1.037413755192838627e-01
-7.018992286037921691e-01
-1.009025020846037402e+00
-6.303708721064209541e-01
-1.107958829465263140e+00
-4.476667096673667690e-01
1.199202099484318662e+00
1.472080216858509427e+00
2.185281486619650160e-01
-1.698043143757550499e-01
1.669909879236529449e+00
6.104275696215166747e-01
-2.042826075252250462e+00
-6.097496641873274559e-01
1.902370637098845352e+00
2.222418995613278714e+00
1.008988242221784404e-01
-2.012789612761802793e-01
2.213234939027679538e-01
3.298713124164784904e-01
1.281055332964101900e+00
8.269268342658863125e-01
-4.652547235448682983e-01
2.777488330912033510e-01
1.806665980811837713e+00
1.583885522918204281e+00
1.184024851936133160e+00
3.374622112317865463e-01
-1.350245550495841940e+00
-1.364761965576449354e+00
-6.544263541840384946e-01
1.010904463724093816e-01
7.372825989899338683e-01
9.790156794397638640e-01
3.421681055388612336e-01
6.095175869569602334e-02
-7.406766787278784570e-02
-1.051784070022397044e+00
-1.442576689584237126e+00
-6.975380717894249516e-01
4.365719614944374438e-02
-2.955647666047038769e+00
-3.692452245265243960e+00
-1.580647485593670742e+00
5.168136867493640096e-01
-7.257202079452509391e-01
-6.452427412466943402e-01
6.557636811408271704e-01
9.758627350038793224e-01
-7.984648801003113583e-02
-3.419993654394321014e-01
-1.905646889555114298e-01
-1.330817287942554494e-01
-6.701052488857071054e-01
-6.907249064218015100e-01
-8.305299743732417195e-01
-1.199204353851051064e-01
-6.125601804939351247e-02
-2.467342299997951294e+00
-4.375804890726842089e+00
-3.776268918138407926e+00
-6.661109556648088237e-01
1.639877203115531090e+00
3.992990109138112587e-01
-7.101860967359834298e-01
-1.080967865659528293e+00
1.941810804976239258e+00
4.008319005627027920e+00
3.338919549004959464e+00
2.565463135635728253e+00
1.955209916896075484e+00
8.677295691339792505e-02
-1.366192629938399072e+00
2.426779484366909934e-01
2.402007690186512612e+00
2.333218478536267515e+00
1.567411248816465985e-01
-1.088686420707886793e+00
-2.508216218231265060e-01
3.030068220540864665e-01
-2.613064077407216690e-01
-1.173735625637910118e+00
-1.597783290233911524e+00
-1.438043573421680765e+00
-4.512850142970498135e-01
6.359140378361443080e-01
3.630627245989534457e-01
7.316784493661798727e-01
1.401739983328456285e+00
6.236463881322112934e-01
-2.452066141120350373e-01
-4.175982880336170933e-01
-5.413557520167933124e-01
6.098649065908090527e-01
1.274179492262081492e+00
7.095230349297564354e-01
4.968696464786274136e-01
1.018139754721206103e+00
4.418926652534153621e-01
5.678498525057547042e-01
1.357442052140855226e+00
1.223039665530031073e+00
9.476474546200045479e-01
1.213518339234597176e+00
9.915797797843770578e-01
1.642960689871713287e+00
2.231688505066146799e+00
1.900172632180705312e+00
9.758899057539259791e-01
8.297165741112118020e-01
8.904896793507895980e-01
3.168197662628859934e-01
1.457248101600318479e+00
0.000000000000000000e+00
0.000000000000000000e+00
0.000000000000000000e+00
0.000000000000000000e+00
0.000000000000000000e+00
0.000000000000000000e+00
0.000000000000000000e+00
0.000000000000000000e+00
0.000000000000000000e+00
0.000000000000000000e+00
0.000000000000000000e+00
0.000000000000000000e+00
0.000000000000000000e+00
0.000000000000000000e+00
0.000000000000000000e+00
0.000000000000000000e+00
0.000000000000000000e+00
0.000000000000000000e+00
0.000000000000000000e+00
0.000000000000000000e+00
0.000000000000000000e+00
0.000000000000000000e+00
0.000000000000000000e+00
0.000000000000000000e+00
0.000000000000000000e+00
0.000000000000000000e+00
0.000000000000000000e+00
0.000000000000000000e+00
0.000000000000000000e+00
0.000000000000000000e+00
0.000000000000000000e+00
0.000000000000000000e+00
0.000000000000000000e+00
0.000000000000000000e+00
0.000000000000000000e+00
0.000000000000000000e+00
0.000000000000000000e+00
0.000000000000000000e+00
0.000000000000000000e+00
0.000000000000000000e+00
0.000000000000000000e+00
0.000000000000000000e+00
0.000000000000000000e+00
0.000000000000000000e+00
0.000000000000000000e+00
0.000000000000000000e+00
0.000000000000000000e+00
0.000000000000000000e+00
0.000000000000000000e+00
0.000000000000000000e+00
0.000000000000000000e+00
0.000000000000000000e+00
0.000000000000000000e+00
0.000000000000000000e+00
0.000000000000000000e+00
0.000000000000000000e+00
0.000000000000000000e+00
0.000000000000000000e+00
0.000000000000000000e+00
0.000000000000000000e+00
0.000000000000000000e+00
0.000000000000000000e+00
0.000000000000000000e+00
0.000000000000000000e+00
0.000000000000000000e+00
0.000000000000000000e+00
0.000000000000000000e+00
0.000000000000000000e+00
0.000000000000000000e+00
0.000000000000000000e+00
0.000000000000000000e+00
0.000000000000000000e+00
0.000000000000000000e+00
0.000000000000000000e+00
0.000000000000000000e+00
0.000000000000000000e+00
0.000000000000000000e+00
0.000000000000000000e+00
0.000000000000000000e+00
0.000000000000000000e+00
0.000000000000000000e+00
0.000000000000000000e+00
0.000000000000000000e+00
0.000000000000000000e+00
0.000000000000000000e+00
0.000000000000000000e+00
0.000000000000000000e+00
0.000000000000000000e+00
0.000000000000000000e+00
0.000000000000000000e+00
0.000000000000000000e+00
0.000000000000000000e+00
0.000000000000000000e+00
0.000000000000000000e+00
0.000000000000000000e+00
0.000000000000000000e+00
0.000000000000000000e+00
0.000000000000000000e+00
0.000000000000000000e+00
0.000000000000000000e+00
0.000000000000000000e+00
0.000000000000000000e+00
0.000000000000000000e+00
