-3.304107666015625000e+00
-1.155475331429241415e+00
2.109832507113333921e+00
4.679017267997132912e+00
2.251144250136949410e+00
4.240572931431119130e-02
-2.431792195169457660e-01
4.725091440546486110e-01
1.042983464573196128e-01
1.660544930051128798e-01
3.804599010183312702e-01
2.473381978434828765e-01
3.401015700333721581e-01
6.480067802305317093e-01
7.487215789291293833e-01
7.846736597781952538e-01
7.819442288417806086e-01
8.072799542960189534e-01
6.742705313795576139e-01
3.696901888662340596e-01
1.184819442443758586e-01
-8.209026523085038995e-02
-1.851708783894170929e-01
-3.776333122597183012e-01
3.425631757357956442e-01
6.320221958467675538e-01
3.100759185966717180e-01
3.873404575298406982e-01
6.889978150620508224e-01
-3.944289826289525402e-01
-1.917773067359861416e+00
-1.333019398210939954e+00
-4.647908968327177925e-01
-4.737106554325609675e-01
-4.911985963122159626e-01
-4.559088293423842475e-01
4.269345865702355303e-01
2.864698561122924758e-01
3.245327870733772935e-01
5.537170342446696703e-01
2.288112056880887701e-01
6.675768522241387615e-03
8.847706122219287095e-02
1.538211884303711807e-01
2.399419134542153387e-01
2.189498223553641432e-01
-6.970191695893163120e-02
-2.362758603630721876e-01
-3.212349781673545235e-01
-7.807339001602714434e-03
1.299033336848085529e-01
2.559164564075351866e-01
-2.736234049320412365e-01
-7.297315960126993239e-01
-8.297858363991928998e-01
-5.301281298236473205e-01
-1.819897779324730069e-01
-6.397534162573392802e-02
4.992683018698870767e-01
1.152795687059116059e+00
1.519743827064449215e+00
1.630894935764771292e+00
1.295085237634276965e+00
8.358863457922597329e-01
5.469273376764073324e-01
-3.513268270271118765e-01
-4.550415683191455507e-02
3.605855753046702805e-01
1.438778546602462072e+00
1.972725853592079748e+00
9.906707242543397740e-01
-2.631405689911556767e-01
-1.273939605756795101e+00
-3.805930908282428859e-01
6.111801431960943720e-01
1.251056913664027714e+00
1.485465365631565060e+00
1.608369361694391708e+00
1.121804000760891151e+00
-6.205253534577532815e-01
-2.128518119961896549e+00
-5.390808258075305837e-01
1.457572382292471547e+00
2.150688178748735524e+00
6.247659237413345501e-01
-1.148080311406344034e+00
-3.672407177278376622e+00
-4.497576375636001877e+00
-3.478001521372779070e+00
-2.279074285305359826e+00
-1.284161586663912891e+00
-1.333779216468550910e+00
-2.017066932988285100e+00
-1.711595331920674479e+00
-2.297425152549035232e-01
1.337433890967691497e+00
1.476698269852264378e+00
9.092628383100549438e-01
5.508076202209661876e-01
5.642979955440128315e-01
8.855882857200061409e-01
1.045422371875033507e+00
1.344260214606552983e-01
-8.344293198407964907e-01
-5.316368378919283932e-01
6.574326452015450961e-01
-6.916144502032306463e-02
-3.640275979213183355e-01
2.608321309054040249e-01
1.497966815707447719e+00
2.787482659632710025e+00
3.614399854007499080e+00
3.499208773334673062e+00
2.124518061571336602e+00
1.109873530107067907e+00
7.235933982985472968e-01
-1.132497338067077308e+00
-2.717576180540205666e+00
-2.846570007028710325e+00
-7.096214379606091693e-01
-1.676782941793257153e+00
-4.216903824733520878e+00
-4.097311014580390598e+00
-9.550375042445375939e-01
2.239248893483598568e+00
1.342350315974749630e+00
-1.118034078751590776e+00
-2.003811037239208837e+00
-1.730362658014580113e+00
-1.015508463622726509e+00
1.045824746682125550e+00
1.503644235531624407e+00
1.144869525754066419e+00
1.771418316373219337e+00
4.965286606077645715e-01
-3.880906014557545802e+00
-5.522798745927437913e+00
-1.724096513888936588e+00
-2.175877598315267836e+00
-5.034487303735487806e+00
-6.026320766658157524e+00
-4.475200554888966842e+00
-3.800193551502149436e+00
-3.212224727760062848e+00
-9.206535130133763900e-01
2.411283463938706184e+00
5.399418293022502979e+00
2.129479093669446321e-01
-4.284477727138209957e+00
-1.727855346977600792e+00
1.146258148116240605e+00
3.201690994755697517e+00
3.357559283589532928e+00
1.239155120375983188e+00
-1.880790303623336879e+00
-4.514272855181396871e+00
-3.944421060878686269e+00
-5.060069119961050355e-01
5.560073896528523463e-01
-1.543621770954576089e+00
-4.562053109654569560e+00
-3.681847831187604392e+00
-1.994287964151097103e+00
-1.179813529234956526e+00
-3.207398129594389857e-01
1.014593033386064214e-01
-1.147633237214523927e+00
-2.980053404744948509e+00
-2.909779289325016727e+00
-1.100294915810615670e+00
9.230705442459177235e-01
2.870433968220889032e+00
3.055239367665000039e+00
1.051487747751398416e+00
-8.470298043032880031e-01
-2.085639757648377390e+00
-1.520771997827017996e+00
1.115789167334106047e+00
-2.027433574215786738e+00
-4.716497242600750539e+00
-5.794359477501486388e+00
-4.853894830919190717e+00
-3.748186913935056097e+00
-4.086529950601810235e+00
-3.878388751623906394e+00
-1.651994086940367090e+00
-5.023371162426037984e-01
-2.793078345456867506e+00
-2.995924298781886375e+00
-1.183564848519965906e+00
-1.220340024410726976e+00
-2.073860138393518682e+00
-1.115452069571546856e+00
-5.096997441702910692e-01
-1.979414560658421696e+00
-2.951746587961414203e+00
-3.594033869688721516e+00
-3.422323135188215737e+00
-2.173144825700378924e+00
-1.655885659119796793e+00
-4.066719162944886889e+00
-6.075357609544331794e+00
-5.109140133873093959e+00
-1.857607778972418799e+00
-7.813197106982501250e-01
-3.222444834904526267e+00
-3.249370933840753040e+00
-1.474842675609633780e+00
5.317313093660972489e-01
-3.899708924781297714e-02
4.868512360715615550e-03
1.845299911264428827e+00
2.222178915115113007e+00
1.957153030446200814e+00
1.116345181279722709e+00
-4.735296320182533769e-01
-1.608122261587923596e+00
4.150522875670816791e-01
2.649903176021350504e+00
2.445606430863090708e+00
2.580395198073182073e+00
2.702819653941654021e+00
2.048249859978258591e+00
3.088399266259451714e-01
-8.952804974628466583e-01
1.831903515651327474e-01
1.245455579194800322e+00
1.776430532871626777e+00
1.098667448346172026e+00
-5.872375550885073903e-01
-2.059612730639642564e+00
-3.037046324845908529e+00
-1.386843978279002743e+00
-8.436231541162080294e-01
-1.714293231029018427e+00
-2.824752042258343643e+00
-3.378877803445233585e+00
-3.042421678648222549e+00
-2.417392982496217702e+00
-1.632568070670736837e+00
-6.057638106822174073e-01
-1.376683322981036905e+00
-2.399900465456374921e+00
-2.689862263011971510e+00
-2.211015573604279805e+00
-1.287790728014089670e+00
-1.391042768368784710e+00
-2.063540704109803059e+00
-1.908246951770130151e+00
-1.475697306497153694e+00
-1.397415640301153505e+00
-8.631057933029578910e-01
-5.066769817701396450e-01
-4.649480306763540405e-01
-3.384216179070852482e-01
1.252619048639438404e-01
-1.492600312507859073e-01
-2.786365347893210442e-01
2.990754207344890059e-01
3.443495084426112518e-01
-3.796724530314036228e-01
-1.687401528874576395e-01
6.606146506474401825e-01
8.428701790183394937e-01
7.720741297382667234e-01
2.626167790208407404e-01
-3.738489192001949735e-01
2.113549914557741882e-01
5.886436177097935651e-01
7.213049973641025847e-01
6.762925468749021451e-01
6.788589270120979347e-01
4.806570834062510178e-01
-1.289677826813535322e-01
1.974550893831548415e-01
3.140708547955055607e-01
6.573982212891195109e-01
1.021204222095983605e+00
7.498928989582442917e-01
3.433767633233565375e-01
3.507503935197213707e-01
9.043125872754179673e-01
7.030182796065206352e-01
6.620059264593817216e-01
7.912173868278937761e-01
5.046269540436185697e-01
4.395244878348194550e-01
9.439255717998692452e-01
1.563461326407843410e-01
-3.925507733618049944e-01
2.705852923691409728e-02
1.379242341010061157e+00
2.300898194974069000e+00
3.208219861382656024e+00
3.935663580607275946e+00
2.910389904877856981e+00
-1.576898573915076041e+00
-1.421323659961490016e+00
-5.643771387886939994e-01
-2.745694900516597592e-01
-5.441572637966413106e-01
-5.977658521968874927e-01
-9.900815844948879230e-01
-1.117312794392399278e+00
-8.270751099665596406e-01
-4.199315254587446256e-01
-2.416284799693388385e-01
-1.853148774914671892e-01
-2.779870384185011423e-01
-6.993270018775513686e-01
-9.039228314550852295e-01
-8.029144678724201567e-01
-6.725438662931635392e-01
-6.337023686135777600e-01
-8.075253659354473257e-01
-9.168094853516101095e-01
-5.727020175250173706e-01
-1.806977332595169461e+00
-2.734166876839792870e+00
-1.917663752471414407e+00
-5.326389818700263401e-01
-3.053946547436375614e+00
-4.969194480162602900e+00
0.000000000000000000e+00
0.000000000000000000e+00
0.000000000000000000e+00
0.000000000000000000e+00
0.000000000000000000e+00
0.000000000000000000e+00
0.000000000000000000e+00
0.000000000000000000e+00
0.000000000000000000e+00
0.000000000000000000e+00
0.000000000000000000e+00
0.000000000000000000e+00
0.000000000000000000e+00
0.000000000000000000e+00
0.000000000000000000e+00
0.000000000000000000e+00
0.000000000000000000e+00
0.000000000000000000e+00
0.000000000000000000e+00
0.000000000000000000e+00
0.000000000000000000e+00
0.000000000000000000e+00
0.000000000000000000e+00
0.000000000000000000e+00
0.000000000000000000e+00
0.000000000000000000e+00
0.000000000000000000e+00
0.000000000000000000e+00
0.000000000000000000e+00
0.000000000000000000e+00
0.000000000000000000e+00
0.000000000000000000e+00
0.000000000000000000e+00
0.000000000000000000e+00
0.000000000000000000e+00
0.000000000000000000e+00
0.000000000000000000e+00
0.000000000000000000e+00
0.000000000000000000e+00
0.000000000000000000e+00
0.000000000000000000e+00
0.000000000000000000e+00
0.000000000000000000e+00
0.000000000000000000e+00
0.000000000000000000e+00
0.000000000000000000e+00
0.000000000000000000e+00
0.000000000000000000e+00
0.000000000000000000e+00
0.000000000000000000e+00
0.000000000000000000e+00
0.000000000000000000e+00
0.000000000000000000e+00
0.000000000000000000e+00
0.000000000000000000e+00
0.000000000000000000e+00
0.000000000000000000e+00
0.000000000000000000e+00
0.000000000000000000e+00
0.000000000000000000e+00
0.000000000000000000e+00
0.000000000000000000e+00
0.000000000000000000e+00
0.000000000000000000e+00
0.000000000000000000e+00
0.000000000000000000e+00
0.000000000000000000e+00
0.000000000000000000e+00
0.000000000000000000e+00
0.000000000000000000e+00
0.000000000000000000e+00
0.000000000000000000e+00
0.000000000000000000e+00
0.000000000000000000e+00
0.000000000000000000e+00
0.000000000000000000e+00
0.000000000000000000e+00
0.000000000000000000e+00
0.000000000000000000e+00
0.000000000000000000e+00
0.000000000000000000e+00
0.000000000000000000e+00
0.000000000000000000e+00
0.000000000000000000e+00
0.000000000000000000e+00
0.000000000000000000e+00
0.000000000000000000e+00
0.000000000000000000e+00
0.000000000000000000e+00
0.000000000000000000e+00
0.000000000000000000e+00
0.000000000000000000e+00
0.000000000000000000e+00
0.000000000000000000e+00
0.000000000000000000e+00
0.000000000000000000e+00
0.000000000000000000e+00
0.000000000000000000e+00
0.000000000000000000e+00
0.000000000000000000e+00
0.000000000000000000e+00
0.000000000000000000e+00
0.000000000000000000e+00
0.000000000000000000e+00
0.000000000000000000e+00
0.000000000000000000e+00
0.000000000000000000e+00
0.000000000000000000e+00
0.000000000000000000e+00
0.000000000000000000e+00
0.000000000000000000e+00
0.000000000000000000e+00
0.000000000000000000e+00
0.000000000000000000e+00
0.000000000000000000e+00
0.000000000000000000e+00
0.000000000000000000e+00
0.000000000000000000e+00
0.000000000000000000e+00
0.000000000000000000e+00
0.000000000000000000e+00
0.000000000000000000e+00
0.000000000000000000e+00
0.000000000000000000e+00
0.000000000000000000e+00
0.000000000000000000e+00
0.000000000000000000e+00
0.000000000000000000e+00
0.000000000000000000e+00
0.000000000000000000e+00
0.000000000000000000e+00
0.000000000000000000e+00
0.000000000000000000e+00
0.000000000000000000e+00
0.000000000000000000e+00
0.000000000000000000e+00
0.000000000000000000e+00
0.000000000000000000e+00
0.000000000000000000e+00
0.000000000000000000e+00
0.000000000000000000e+00
0.000000000000000000e+00
0.000000000000000000e+00
0.000000000000000000e+00
0.000000000000000000e+00
0.000000000000000000e+00
0.000000000000000000e+00
0.000000000000000000e+00
0.000000000000000000e+00
0.000000000000000000e+00
0.000000000000000000e+00
0.000000000000000000e+00
0.000000000000000000e+00
0.000000000000000000e+00
0.000000000000000000e+00
0.000000000000000000e+00
0.000000000000000000e+00
0.000000000000000000e+00
0.000000000000000000e+00
0.000000000000000000e+00
0.000000000000000000e+00
0.000000000000000000e+00
0.000000000000000000e+00
0.000000000000000000e+00
0.000000000000000000e+00
0.000000000000000000e+00
0.000000000000000000e+00
0.000000000000000000e+00
0.000000000000000000e+00
0.000000000000000000e+00
0.000000000000000000e+00
0.000000000000000000e+00
0.000000000000000000e+00
0.000000000000000000e+00
0.000000000000000000e+00
0.000000000000000000e+00
0.000000000000000000e+00
