1.570709228515625000e+00
1.943599002657642405e+00
2.075273792021891328e+00
7.441249203026086834e-01
2.116925510066357319e+00
3.706114344747419409e+00
3.876391169242922707e+00
2.809420168062328305e+00
3.487376283956185041e-01
-9.475044997162598293e-01
1.134509900288563244e+00
4.378922981773646583e+00
6.081704764257654716e+00
4.976915464311911563e+00
3.255444330400564024e+00
2.859744085696368288e+00
3.468002458921470854e+00
4.811714100478730494e+00
4.670959778039054378e+00
3.219168464517210726e+00
1.570581582610190097e+00
6.920894174713267955e-01
1.771928788647628483e+00
2.795034171629307451e+00
2.051510968770473120e+00
1.784864703710242750e-01
8.060183044968094457e-01
1.310653348456555012e+00
6.461246987729261093e-01
2.610687898967392506e+00
3.097036342754421412e+00
1.369929650659805542e+00
1.720161232522898764e-01
-9.465320805668300252e-01
-2.087044360340297722e+00
2.835675187319752766e-01
2.437379635771723230e+00
-1.057116459533030461e+00
-1.985180986132221825e+00
-9.662575109641453608e-01
-8.426115813023600243e-01
-2.466446181246040315e-01
5.653621784572782083e-01
-1.458747082884306323e-01
-9.330662725182192752e-01
-3.103928637556241377e-01
1.556871288632635464e+00
1.096663685804318833e+00
-3.693593009908138214e-01
3.831926684937587702e-01
1.582287580645689751e+00
2.091142408683336562e+00
1.897276961950671081e+00
2.539804429467276137e+00
1.422544940421053283e+00
-1.648370225679198553e+00
-2.791779575893559517e+00
-5.858844794952577928e-03
1.438640513571936896e+00
1.922892418329418263e-01
-1.531147133539048077e-01
1.136577465316741531e+00
1.017564583558855817e+00
1.359654016529665110e+00
1.587616881735262497e+00
-5.454216557106728036e-01
-1.681361579925347627e+00
-1.661064545678019089e+00
-1.264513648509753452e+00
-4.957750742945759570e-01
-7.544500578129786916e-02
-6.094881055793641700e-01
-1.394823946723115160e+00
-1.890279643195503567e+00
-2.246636971057905274e+00
-2.498106001944284671e+00
-1.351425444093503181e+00
5.618606835727530946e-01
2.419864050257720223e+00
7.015219854303356151e-01
-8.622041580560253493e-01
-4.309733163267752687e-01
4.674969459340894140e-01
-1.962353813506071853e+00
-3.861731256553017300e+00
-2.919394041729893363e+00
-1.001039270285474014e+00
8.064257363657674205e-01
8.121469237466902857e-01
-1.510283829637146136e+00
-1.941082174889630085e+00
-8.563175514743472938e-01
2.164723467318419026e-02
1.409938969407503073e+00
3.980418380834267023e+00
5.588070032757158856e+00
4.778992683495001614e+00
2.101167293840562333e+00
-2.161163997994525410e+00
-5.096610840027975264e+00
-5.382730499285238501e+00
-4.025877329302535834e+00
-1.323180195806302084e+00
-1.407346554153421359e-01
-2.845316709441725322e-01
5.293509063848071960e-01
1.589045961560747511e+00
1.826008721306536131e+00
-2.752575924595472845e-01
-3.011112622984863929e-01
-2.121719518004913763e+00
-1.791073141275270064e+00
3.766738205154283037e-01
1.564324951023476018e+00
1.970314975089034970e+00
1.577598954430356581e+00
1.183173173666644429e+00
-1.618476219715077491e+00
-5.523445561533817383e-01
1.575408169057809449e+00
3.457916811956343039e-01
-2.452968220341031902e+00
-8.815784625350207016e-01
-2.153342667785373976e-01
3.812360112980662796e-01
1.989127034969810692e+00
6.541591388632415072e-01
-1.485266512939756200e+00
-1.768470457895860548e+00
-2.112401854178823424e+00
-2.717667560010820438e+00
3.844948756043311544e-01
-2.321863753371333772e-01
-1.494039313692142601e+00
9.493869503342975413e-01
2.439317850996837400e+00
-9.326977835815752904e-02
3.172742579128184914e-01
4.258146890205249946e-01
-1.611891170734582435e+00
1.214464991097840674e+00
3.465374187173298814e+00
3.231217494255616440e+00
3.217736426373142500e+00
4.344625365541419093e+00
2.419974515764754308e+00
-4.313897671486790486e-01
-5.054478785152192177e-01
1.712367434745346806e+00
4.048622423142502313e+00
4.442493760888115872e+00
1.937410585667939333e+00
2.267973193773356044e+00
-3.004498709675932577e+00
-7.031144312903609084e+00
-2.676993477955038170e+00
-1.767675206966303758e-01
9.791710231025245736e-01
2.545041130758433745e+00
-7.512614443332557013e-01
-7.900944042168234205e-03
3.557922345683455223e+00
1.031352185438522362e+00
1.628835125124251881e+00
4.713641710397581619e+00
7.287879692922252239e-01
-2.472949232645378359e+00
-4.880484266892812784e-01
-7.476102651973401958e-01
-7.561565731086541398e-01
1.553099874863808516e+00
1.441805167680599187e+00
-1.176263523247810916e+00
-1.270168854954381255e+00
-6.536178913792212164e-01
-1.461533586070199897e+00
1.471420607121293855e+00
3.049148998825156109e+00
6.952809142591145353e-01
1.345919553045775707e-01
3.298285846434015678e+00
4.605511409108364873e-02
-5.115362444141491327e-01
2.566684080982776006e+00
-2.233337450306582816e-01
-1.610498027657790709e+00
1.943797323283462442e+00
-7.376156402996725259e-01
2.435081661549773901e+00
8.315815839343407845e-01
-3.345866442722988054e+00
-1.524652863489634136e+00
2.511005573533251045e+00
1.405638163965977849e+00
1.078915547274639231e+00
-7.133635791583419206e-01
1.110855729341556852e+00
3.168055395449762557e+00
2.912727349717654679e+00
2.803140404299372612e+00
3.949560124660694171e+00
2.309949255975631388e+00
1.048466421127004278e+00
1.840234033275618186e+00
-4.850975381754025761e-01
-2.048574734748387804e+00
1.275400223380528608e+00
1.691099115494937077e+00
-9.211507073043811999e-02
3.001079127908530264e-01
-6.667713684772866856e-01
-2.358662072069368953e+00
6.199516102525315375e-01
1.802369749134761667e+00
-7.235209533164965734e-01
-2.764354483382170713e+00
-2.857782125215485802e+00
-2.901899792747403062e+00
8.008076250855340472e-01
2.917185012352126794e+00
9.087878340443426017e-01
-7.627704420971896937e-01
-8.096784399381937725e-01
-1.276736354917278771e+00
-8.275033442867391065e-01
4.070864655316230873e-01
6.008118776732733757e-01
2.197612446899764205e+00
3.000285654434947880e+00
9.798017330853658891e-01
-7.359379856081207372e-01
-1.779889205173606825e+00
-1.382432447918103824e+00
-2.557408772032675692e+00
-6.237632732588282991e-01
2.318840599922979084e+00
3.498233955052871824e+00
3.499101257901487738e+00
7.329193596682537226e-01
-1.443765245578651157e+00
-2.591567984747810804e+00
-2.363893678659112929e+00
-3.397538319061085943e+00
-4.179802490828732786e+00
-3.091527704637407226e+00
-3.554223224281267690e-01
3.151229442796744884e+00
5.207598101984384442e+00
3.742193437815359403e+00
7.435411427214739799e-01
-1.415258207068860186e+00
-1.993220398534834903e+00
-6.274872416721211099e-01
2.304729188493468417e-01
-1.500990800946762072e-01
-2.621044950040918309e-01
1.279091081283578735e-01
-1.393428479826336996e+00
-2.287454079111147287e+00
-2.578926663070875591e+00
-2.370285971575746053e+00
-9.513924922891425773e-01
1.411419184550811057e+00
4.701137661215284425e-01
-7.050292633179426893e-01
-4.419616973052153952e-01
-1.823802802828039527e-02
-9.273749612930639596e-01
-8.303014170019404894e-01
-3.324823743210867377e-01
-7.662314271774519625e-01
-2.591381161898903329e+00
-3.678705891553541107e+00
-2.210055870066587769e+00
-5.017304541055283007e-01
-2.014019242125877351e-01
-1.178360694265554676e+00
-7.778223139479190085e-01
2.112364053846809142e-01
8.725123781718537863e-01
1.386134773015494481e+00
1.084556548932646525e+00
1.934249655707679372e+00
2.869138368530702810e+00
3.462868578326938618e-02
-2.366976060463640064e+00
-6.997861279882553465e-01
2.327619616701324112e-01
-4.051409476814948896e-01
3.341273696944404570e-01
2.635681474969430393e+00
3.590726459856702135e+00
2.115371404654989185e+00
5.346296986178871169e-01
-1.388475979273029459e-01
-4.178565887800109735e-01
-1.725371872972107923e-01
1.277782670629887596e+00
1.654526938824123272e+00
-4.913114472353532491e-01
-1.968054792630204552e+00
-1.131608652088727629e+00
9.428716206117035981e-01
8.851347186006199852e-01
-9.458872076878055424e-02
-4.980752330178264131e-01
-1.870495052145523029e+00
-2.339452045056089169e+00
6.484716723869509147e-01
-1.240104867340587225e+00
-1.080297168793816986e+00
1.451240831733674241e+00
2.556507280727914555e+00
1.875920584455712969e+00
2.624964934393315907e+00
1.677348764207893472e+00
5.394906020168841465e-01
2.585029371926806263e+00
3.470579885392944597e+00
1.672052118764566053e+00
-2.891947307594748828e-01
9.309299417588090542e-01
3.264196073512206642e+00
4.968948277509403155e+00
4.458257441647809571e+00
4.001505392127194582e+00
4.863443687590220499e+00
5.345464556356052555e+00
4.705572741802587444e+00
4.394687805531290792e+00
3.630531275928702062e+00
2.089169706043127572e+00
3.850583620692149545e-01
8.437625041429175354e-02
1.190421370621383090e+00
2.574220504774861418e+00
3.125363032759546300e+00
1.551190570348117692e+00
-6.411418867923872611e-01
4.368166219780040826e-01
1.693791432701685196e+00
-8.612962235026077051e-01
-4.615920211217420244e-01
-1.219961148378720051e+00
0.000000000000000000e+00
0.000000000000000000e+00
0.000000000000000000e+00
0.000000000000000000e+00
0.000000000000000000e+00
0.000000000000000000e+00
0.000000000000000000e+00
0.000000000000000000e+00
0.000000000000000000e+00
0.000000000000000000e+00
0.000000000000000000e+00
0.000000000000000000e+00
0.000000000000000000e+00
0.000000000000000000e+00
0.000000000000000000e+00
0.000000000000000000e+00
0.000000000000000000e+00
0.000000000000000000e+00
0.000000000000000000e+00
0.000000000000000000e+00
0.000000000000000000e+00
0.000000000000000000e+00
0.000000000000000000e+00
0.000000000000000000e+00
0.000000000000000000e+00
0.000000000000000000e+00
0.000000000000000000e+00
0.000000000000000000e+00
0.000000000000000000e+00
0.000000000000000000e+00
0.000000000000000000e+00
0.000000000000000000e+00
0.000000000000000000e+00
0.000000000000000000e+00
0.000000000000000000e+00
0.000000000000000000e+00
0.000000000000000000e+00
0.000000000000000000e+00
0.000000000000000000e+00
0.000000000000000000e+00
0.000000000000000000e+00
0.000000000000000000e+00
0.000000000000000000e+00
0.000000000000000000e+00
0.000000000000000000e+00
0.000000000000000000e+00
0.000000000000000000e+00
0.000000000000000000e+00
0.000000000000000000e+00
0.000000000000000000e+00
0.000000000000000000e+00
0.000000000000000000e+00
0.000000000000000000e+00
0.000000000000000000e+00
0.000000000000000000e+00
0.000000000000000000e+00
0.000000000000000000e+00
0.000000000000000000e+00
0.000000000000000000e+00
0.000000000000000000e+00
0.000000000000000000e+00
0.000000000000000000e+00
0.000000000000000000e+00
0.000000000000000000e+00
0.000000000000000000e+00
0.000000000000000000e+00
0.000000000000000000e+00
0.000000000000000000e+00
0.000000000000000000e+00
0.000000000000000000e+00
0.000000000000000000e+00
0.000000000000000000e+00
0.000000000000000000e+00
0.000000000000000000e+00
0.000000000000000000e+00
0.000000000000000000e+00
0.000000000000000000e+00
0.000000000000000000e+00
0.000000000000000000e+00
0.000000000000000000e+00
0.000000000000000000e+00
0.000000000000000000e+00
0.000000000000000000e+00
0.000000000000000000e+00
0.000000000000000000e+00
0.000000000000000000e+00
0.000000000000000000e+00
0.000000000000000000e+00
0.000000000000000000e+00
0.000000000000000000e+00
0.000000000000000000e+00
0.000000000000000000e+00
0.000000000000000000e+00
0.000000000000000000e+00
0.000000000000000000e+00
0.000000000000000000e+00
0.000000000000000000e+00
0.000000000000000000e+00
0.000000000000000000e+00
0.000000000000000000e+00
0.000000000000000000e+00
0.000000000000000000e+00
0.000000000000000000e+00
0.000000000000000000e+00
0.000000000000000000e+00
0.000000000000000000e+00
0.000000000000000000e+00
0.000000000000000000e+00
0.000000000000000000e+00
0.000000000000000000e+00
0.000000000000000000e+00
0.000000000000000000e+00
0.000000000000000000e+00
0.000000000000000000e+00
0.000000000000000000e+00
0.000000000000000000e+00
0.000000000000000000e+00
0.000000000000000000e+00
0.000000000000000000e+00
0.000000000000000000e+00
0.000000000000000000e+00
0.000000000000000000e+00
0.000000000000000000e+00
0.000000000000000000e+00
0.000000000000000000e+00
0.000000000000000000e+00
0.000000000000000000e+00
0.000000000000000000e+00
0.000000000000000000e+00
0.000000000000000000e+00
0.000000000000000000e+00
0.000000000000000000e+00
0.000000000000000000e+00
0.000000000000000000e+00
0.000000000000000000e+00
0.000000000000000000e+00
0.000000000000000000e+00
0.000000000000000000e+00
0.000000000000000000e+00
0.000000000000000000e+00
0.000000000000000000e+00
0.000000000000000000e+00
0.000000000000000000e+00
0.000000000000000000e+00
0.000000000000000000e+00
0.000000000000000000e+00
0.000000000000000000e+00
0.000000000000000000e+00
0.000000000000000000e+00
0.000000000000000000e+00
0.000000000000000000e+00
0.000000000000000000e+00
0.000000000000000000e+00
0.000000000000000000e+00
0.000000000000000000e+00
0.000000000000000000e+00
