1.119476318359375888e+00
6.154454688399840778e-01
8.122374092287332203e-02
5.683410224993901139e-02
4.610814627143422495e-01
7.902527089026047946e-01
7.195839449818515199e-01
3.043834056541223632e-01
-1.100126798531562144e-01
-3.382444291145438875e-01
-2.810131516927099060e-01
6.159740435137848191e-01
1.707641192133784180e-01
-2.213941760142219550e-01
-5.291156872571414205e-01
-8.066644763606998225e-01
-3.216971661883619715e-01
-1.655470352350911778e-01
-1.335827888605203850e-01
-1.797578700578668087e-01
-2.881559912903000065e-01
-3.879630496373134285e-01
-2.320048154970455467e-01
4.598186740840071174e-02
-7.348430106496950387e-02
-4.265194734565957990e-01
-5.719371323919255623e-01
-4.905619241216820914e-01
-4.470163587517375081e-01
1.712806139188993715e-01
1.788123957688577459e+00
1.088729126327822705e+00
1.890024323318990618e-01
-9.848859984202220641e-01
-2.450641987363679775e-01
2.017730037280869304e+00
2.192980610249861240e+00
2.223608400879812930e-01
-1.179006602205704413e+00
-7.067606047924142043e-01
-2.751226561315902597e-01
8.695151422833222732e-01
8.887833198760342057e-01
7.869423431598052687e-01
6.603580318767969803e-01
5.255426061091608148e-01
-7.082204896448340836e-02
-2.299279396744436932e-01
1.857948493918852584e-01
4.570927175062896586e-01
4.999557539119736660e-01
-3.594781751385119906e-01
-6.538649695869214185e-01
-2.593115960992575797e-01
7.431957632969132810e-02
-9.579252652872608520e-01
-1.857441586444075421e+00
-2.356378703926981899e+00
-2.006564074878831594e+00
-1.465256014338411905e-01
1.298721386984795778e+00
1.118875362021305442e+00
1.605422549352661488e+00
1.525872130063640864e+00
1.203708415354243222e+00
1.783017714927321862e+00
2.336253908576603422e+00
1.529234317113982833e+00
-5.951063977850568065e-01
-1.631885468611325329e+00
2.864974924937881084e+00
4.078884382635526329e+00
2.296364393613650634e+00
-1.875631272574129760e-01
-6.402152417239102000e-01
1.075497581848883888e+00
2.582972144883179055e+00
4.113219267186352113e-01
-6.426823020357163019e-01
1.764001698019304065e+00
1.274583414676286885e+00
1.020711649131451182e+00
1.286764494943431592e+00
7.017925696585201045e-01
-5.367821855040544321e-02
-2.106920642982528236e-01
1.326121029930159345e+00
1.654537048632160445e+00
5.918700455946961370e-01
-8.705017160241719232e-01
-1.492047925845109368e+00
1.528788875669121250e+00
7.810890161933414788e-02
-2.098164184517044006e+00
-3.167661470987407135e+00
1.760220732272884225e+00
2.282965693574300126e+00
-1.961438960913017837e-01
-2.567824310524747577e+00
3.496103548694081464e+00
1.713050169191543404e+00
-9.625063658174388692e-01
-2.207150679408802940e+00
9.424163138997785349e-01
8.770195365945498978e-01
-1.726196141990648414e+00
-3.259986176003740077e+00
-1.075992883336170713e+00
9.384531621182452543e-01
-3.198970924494815016e-01
-2.118084768807246832e+00
7.121747227638808297e-02
1.564261635129120753e+00
-2.168950248238257217e-01
-1.908587731881663085e+00
-1.736051851121089173e+00
1.311233792327479497e+00
7.350052764812551320e-01
-4.838615037166235089e-01
-9.639499565180618124e-01
1.230571546991159337e+00
1.293128107967759455e+00
5.566448637060039673e-02
-9.880356080821541820e-01
-1.287354095839358781e+00
-5.310943985699487779e-01
-3.285642454131283419e-01
-5.779857869544723359e-01
-2.330607617120792341e-01
-2.675407875288642323e-01
-6.744336808972999364e-01
-8.091061105825898547e-01
-5.076058193986876521e-01
-5.636544050964267250e-01
-1.605470128833528243e-01
1.194259626604665225e+00
-1.390203598692720810e-01
-5.399278824156268364e-01
7.761534826277500798e-01
1.051287285319396858e+00
3.449542739010968972e-01
-7.094245700957046985e-01
-1.236340018962103215e-01
1.905001289784349128e+00
2.836089511835423682e+00
2.135245965049110239e+00
1.334990330501004241e+00
9.503625124100498756e-01
1.106655312436783944e-01
-8.959502790708284703e-01
-1.060713490897112754e+00
7.358657184086057068e-01
8.527784947016749939e-01
8.003504107611907337e-01
1.348036609631067861e+00
2.328125466442602765e+00
3.039182504716563038e+00
2.865975703608291347e+00
2.363156088610395056e+00
1.939973964772213399e+00
1.194270588887683449e+00
2.593084604996662712e-01
-2.467332682204004257e-01
-5.980513743589885856e-01
-1.158337711684810589e+00
-1.411167867010238108e+00
2.739625607047351252e-01
5.909708255634191776e-01
-5.260020936192155716e-03
-7.529283326853963842e-02
6.092660551793547263e-01
1.176006741279993495e+00
1.429365366397734149e+00
1.839055468547365457e+00
2.227874388276013917e+00
2.093676302812032208e+00
1.339106447713459547e+00
4.750554391601105042e-01
-1.877342748974115683e-01
-5.230492663572259282e-01
-4.586933120130468611e-01
-5.039270326598765948e-01
-1.184776362840328501e-01
8.275235686552219194e-01
1.843835635136394036e+00
2.423576832582579499e+00
2.632480417140347306e+00
2.385877152749890762e+00
1.561410064172042977e+00
5.801589474407586877e-01
8.993955059410119190e-02
4.790668060380740556e-01
7.785528254517122271e-01
-5.003042039404803631e-02
-1.175900924529879266e+00
-3.067539042284830320e-01
1.893023469416061033e+00
1.063165205470257391e+00
-2.221139300312651166e-01
-5.206939525660532198e-01
3.288669176270366812e-01
1.380387864745976412e+00
2.353304704941593162e+00
2.916848695021736049e+00
2.698843133916590364e+00
2.373420145640201540e+00
2.218858416172272641e+00
1.511070244179290256e+00
1.285390975624145504e-01
-1.483696319220936921e+00
-2.452539764309293879e+00
-4.389755381981217397e-01
1.959572092258499154e-01
-2.686415477552948072e-01
2.404739874670811517e-01
1.742301259666469537e+00
2.827931967870984220e+00
2.836689315962879210e+00
1.718530701268978556e+00
1.097307857137439724e+00
1.378456230898713830e+00
9.432605842690180431e-01
-2.631131302101317182e-01
-1.736581329470458623e+00
-1.158085131265474521e+00
5.313745789853596690e-02
1.685096354427559895e-01
9.399531955011514173e-01
2.798739273303989528e-01
-1.671843763652847148e-01
-1.795559808994680040e-01
-5.596748540916762771e-01
-1.235507989423683117e+00
-1.519965785580113415e+00
-6.446930937796162553e-01
-3.332360748394913585e-01
-7.754888060418431150e-01
-4.021286505923653554e-01
5.217389735208755042e-02
6.399186615886343077e-04
-4.426558942458509449e-01
-6.978102539604791321e-01
5.679240160233633983e-01
3.636881461241161517e-01
1.046378294837144729e-01
-5.936613794693910151e-01
1.452386977043179428e+00
1.150571538241331293e+00
-4.547767549469909909e-01
-1.961309964266230166e+00
-6.703919739363142227e-01
1.206761130797634474e+00
-1.495140631695233147e-01
-1.015262090652626625e+00
2.940557758649677833e-01
1.718652065287912034e+00
-3.655191249998086533e-01
-4.094867440569952777e+00
-2.051523096141790514e+00
4.545659233482259864e+00
2.672768078702015160e+00
-3.048856466158576861e+00
-3.307811177550164405e+00
5.368466682061415973e+00
1.105202892192917119e+00
-2.920883665125792561e+00
-2.310968826905125617e+00
2.755999550778255092e+00
7.611935532358904410e-01
-2.653127994016006852e+00
-4.529345776457574857e+00
1.057642537268170813e+00
2.613798730199735854e+00
5.625673099670134292e-01
-7.139108543932071171e-01
2.836111891987602718e-01
1.897960886354583376e+00
4.254371742783131793e-01
-1.538619205115610455e+00
-1.304843425000694390e+00
1.203466109186900779e+00
1.210855652866825949e+00
-6.229978431721364673e-01
1.518780053739601232e+00
1.760719105751427094e+00
1.552807458716269240e+00
1.938901281843846247e+00
8.307525257671690699e-01
1.301417937873612818e+00
2.038675659192193290e+00
1.769541254570736522e+00
-1.228803902479340682e-01
2.721650401107392980e+00
4.139401964122217059e+00
2.385251680334252278e+00
-2.532298282058942362e-02
-5.618464280100550212e-01
1.424787604535349139e-01
3.132145859804329469e-01
3.064507692310733944e-01
4.930454511016888475e-01
1.955854747165820529e-01
2.132388231123465427e-01
-4.667560904639059816e-01
-1.703214693902004973e+00
-2.594114729409358056e+00
-1.402429030232565710e+00
1.199072148417110739e-01
9.372446343484330811e-03
-1.006235807141116378e+00
-1.021396152726183004e+00
-4.400360230187455590e-01
1.715736679325285119e-01
3.556987375258225947e-01
5.264358655155362277e-01
2.420954740797400806e-01
1.235463902824567306e+00
2.065777786849245068e+00
7.568445370469547573e-01
-5.810266696941925879e-01
-6.507288395062515995e-02
1.370886966122701667e+00
-4.019934827732927207e-01
-8.785240130361502420e-01
7.833552276369379896e-01
1.693163368676290581e+00
7.762727175235385468e-01
5.442665697444168948e-01
8.000361317283559703e-01
7.082107906494172767e-02
-6.048379791731786081e-01
-1.803546183002349146e-01
1.251295201307910610e+00
1.741455996023588693e-01
-5.585721666204832569e-01
-3.298537838466886196e-01
4.526558859388352118e-03
-2.077725562406964599e-01
-2.396397781774477487e-01
2.072976051249453278e-02
-4.637435117061319279e-01
-1.539333567070229503e+00
-1.197041305321849380e+00
3.749002429497484412e-01
2.846526653700647280e-01
-9.614372184149735379e-01
5.062450325219680636e-03
8.080893558167927537e-01
-3.483921501773168394e-02
-1.259762879735860652e+00
-2.100240000514574934e-01
2.381236801950146198e+00
1.832163182764720677e+00
6.040428407769380392e-01
-3.693170428640342173e-01
-7.409653279091985567e-01
-6.805827100948411701e-01
-4.526355692551480292e-01
-1.416315485191772527e-01
8.739400053611290353e-02
-1.123488879717448041e+00
-7.179159210043105643e-01
0.000000000000000000e+00
0.000000000000000000e+00
0.000000000000000000e+00
0.000000000000000000e+00
0.000000000000000000e+00
0.000000000000000000e+00
0.000000000000000000e+00
0.000000000000000000e+00
0.000000000000000000e+00
0.000000000000000000e+00
0.000000000000000000e+00
0.000000000000000000e+00
0.000000000000000000e+00
0.000000000000000000e+00
0.000000000000000000e+00
0.000000000000000000e+00
0.000000000000000000e+00
0.000000000000000000e+00
0.000000000000000000e+00
0.000000000000000000e+00
0.000000000000000000e+00
0.000000000000000000e+00
0.000000000000000000e+00
0.000000000000000000e+00
0.000000000000000000e+00
0.000000000000000000e+00
0.000000000000000000e+00
0.000000000000000000e+00
0.000000000000000000e+00
0.000000000000000000e+00
0.000000000000000000e+00
0.000000000000000000e+00
0.000000000000000000e+00
0.000000000000000000e+00
0.000000000000000000e+00
0.000000000000000000e+00
0.000000000000000000e+00
0.000000000000000000e+00
0.000000000000000000e+00
0.000000000000000000e+00
0.000000000000000000e+00
0.000000000000000000e+00
0.000000000000000000e+00
0.000000000000000000e+00
0.000000000000000000e+00
0.000000000000000000e+00
0.000000000000000000e+00
0.000000000000000000e+00
0.000000000000000000e+00
0.000000000000000000e+00
0.000000000000000000e+00
0.000000000000000000e+00
0.000000000000000000e+00
0.000000000000000000e+00
0.000000000000000000e+00
0.000000000000000000e+00
0.000000000000000000e+00
0.000000000000000000e+00
0.000000000000000000e+00
0.000000000000000000e+00
0.000000000000000000e+00
0.000000000000000000e+00
0.000000000000000000e+00
0.000000000000000000e+00
0.000000000000000000e+00
0.000000000000000000e+00
0.000000000000000000e+00
0.000000000000000000e+00
0.000000000000000000e+00
0.000000000000000000e+00
0.000000000000000000e+00
0.000000000000000000e+00
0.000000000000000000e+00
0.000000000000000000e+00
0.000000000000000000e+00
0.000000000000000000e+00
0.000000000000000000e+00
0.000000000000000000e+00
0.000000000000000000e+00
0.000000000000000000e+00
0.000000000000000000e+00
0.000000000000000000e+00
0.000000000000000000e+00
0.000000000000000000e+00
0.000000000000000000e+00
0.000000000000000000e+00
0.000000000000000000e+00
0.000000000000000000e+00
0.000000000000000000e+00
0.000000000000000000e+00
0.000000000000000000e+00
0.000000000000000000e+00
0.000000000000000000e+00
0.000000000000000000e+00
0.000000000000000000e+00
0.000000000000000000e+00
0.000000000000000000e+00
0.000000000000000000e+00
0.000000000000000000e+00
0.000000000000000000e+00
0.000000000000000000e+00
0.000000000000000000e+00
0.000000000000000000e+00
0.000000000000000000e+00
0.000000000000000000e+00
0.000000000000000000e+00
0.000000000000000000e+00
0.000000000000000000e+00
0.000000000000000000e+00
0.000000000000000000e+00
0.000000000000000000e+00
0.000000000000000000e+00
0.000000000000000000e+00
0.000000000000000000e+00
0.000000000000000000e+00
0.000000000000000000e+00
0.000000000000000000e+00
0.000000000000000000e+00
0.000000000000000000e+00
0.000000000000000000e+00
0.000000000000000000e+00
0.000000000000000000e+00
0.000000000000000000e+00
0.000000000000000000e+00
0.000000000000000000e+00
0.000000000000000000e+00
0.000000000000000000e+00
0.000000000000000000e+00
0.000000000000000000e+00
0.000000000000000000e+00
0.000000000000000000e+00
0.000000000000000000e+00
0.000000000000000000e+00
0.000000000000000000e+00
0.000000000000000000e+00
0.000000000000000000e+00
0.000000000000000000e+00
0.000000000000000000e+00
