-1.364440917968747780e-01
-1.687917865738262080e-01
-2.185700404306728517e-01
-2.774809834109619455e-01
-3.609003557561958342e-01
-4.017722709997616493e-01
-4.390392230220776515e-01
-4.661873360035055924e-01
-4.843103067573164555e-01
-4.958281956213381747e-01
-5.209679600880783301e-01
-5.549436558367382144e-01
-5.428854523141328769e-01
-4.698980637122434079e-01
-3.970990800789404584e-01
-3.474210122414989055e-01
-3.534662417964526959e-01
-4.211334088846234724e-01
-4.780948220386591618e-01
-5.099587338377353785e-01
-4.822765416393417492e-01
-3.472882485952768494e-01
-1.964826234213973288e-01
-4.340006744104294989e-01
-4.491025362070701910e-01
-3.808676355240323552e-01
-1.971097526549587808e-01
5.623244382264358521e-03
1.696098753999327746e-01
2.676997500779303985e-01
1.535802097780557540e-01
-3.520352871476537526e-01
-3.604504126571830280e-01
-2.892809600545762638e-01
-2.134868293141295170e-01
-4.021126753080514482e-02
-5.554204710691190705e-02
-4.480234973182550817e-02
-9.832695424931703343e-04
-4.613208843257465830e-02
-1.945747563846165207e-01
-2.984324311079749048e-01
-2.975188804138573229e-01
-1.829738141689691844e-01
-1.459560799718984114e-02
1.795394992389132138e-02
-3.243593471822677210e-01
-4.599420706462817865e-01
-4.858332031793451966e-01
-7.446853432812313711e-01
-9.076696408970237329e-01
-7.924071122362066344e-01
-5.758677817469755045e-01
-3.772870944499003842e-01
-1.505159073759317900e-01
1.349228145796381728e-01
1.402246573948279229e-01
-1.158569303744134693e-01
-3.399750897305455766e-01
-3.502020706513453430e-01
-1.542228773208502712e-01
1.550130895541215192e-01
4.778155214006276630e-01
6.575175060185125542e-01
5.620183319744314066e-01
2.615154739895133584e-01
-1.300321683466321154e-02
-5.187300238347614112e-02
4.441377559688919341e-02
1.087575806126113154e-01
9.430437883784703601e-02
2.311546512171247514e-03
-1.043202344704543538e-01
-1.437914064371325074e-01
1.427599489908064623e-01
4.373376785626771901e-01
5.193752130844072612e-01
4.589221771269523797e-01
2.742065941097331372e-01
7.216483464980338880e-02
-1.981547331084959618e-01
-5.419278701613492455e-01
-9.864598297065423349e-01
-1.514496965022937847e+00
-1.851053093494114066e+00
-1.921736552005863796e+00
-4.264324284505676133e-01
1.471460581046358129e+00
2.823011109128577445e+00
3.163035323139225419e+00
2.907367716029433780e+00
2.244347929812764875e+00
1.249610910351501403e+00
5.242806169014135875e-01
7.147385432300135122e-01
9.226082186290960330e-01
8.174180714037828643e-01
4.207636177810245570e-01
-1.683529907609366827e-01
-5.087507445784329452e-01
-5.416687297430032855e-01
-4.314093948721975380e-01
1.855061284717131609e-01
1.943113493382092605e-01
1.831418855963687364e-01
1.537083413683481004e-01
9.249358894574755130e-02
1.212997864319439456e-01
2.262309196780463161e-01
5.126392857097565869e-01
8.681709803289530125e-01
1.128267388411764660e+00
1.309234723591566896e+00
1.321946514494872771e+00
1.228533484364676243e+00
1.109570952008652744e+00
1.072026906445385341e+00
1.217559017685476919e+00
1.456483890984131779e+00
1.660471295444652995e+00
1.743373375600489883e+00
1.782599414360652279e+00
1.853338222603444940e+00
1.914118853157204647e+00
2.032869477043205642e+00
1.952508835022665590e+00
1.534597722947238507e+00
1.070842430233088338e+00
6.443132592486513488e-01
2.562652637009341650e-01
3.343876376801246941e-02
-2.885296217572289046e-02
-3.811846783662059535e-01
-6.787204997756930425e-01
-4.177740318386270468e-01
4.724882380837278628e-01
1.166330307752908357e+00
8.681100490155692073e-01
3.952759962401630744e-01
4.245681769808729022e-02
-7.062667607395556324e-02
2.390101521687615360e-02
2.073825054803990486e-01
3.713354466954681410e-01
4.331225199517230173e-01
5.033306393001049095e-01
6.344342194334746665e-01
7.485516175720756671e-01
6.854723986910409295e-01
4.907796885978925605e-01
2.833474617972631115e-01
6.432814458573643535e-02
-1.610114107539557526e-01
-4.653958336012241626e-01
-8.338830309156111120e-01
-1.202629415728665441e+00
-1.514923171144415104e+00
-1.471334669054128019e+00
-1.070520766944722535e+00
-6.375057453953618669e-01
-2.832363600231991851e-01
-2.558768491560314828e-02
1.569433907017652174e-01
2.861515179451736834e-01
3.805784245856462800e-01
3.813700407943216852e-01
3.796434238181114473e-01
4.133926483605061541e-01
4.716597713044383688e-01
5.254843841075633737e-01
5.271354331556945549e-01
3.432459903050621985e-01
9.457190691831462992e-02
2.425185686611297520e-02
2.918395612338298140e-01
8.241980155655012075e-01
1.294641475881892934e+00
8.616566555061953014e-01
9.196521779081390235e-02
-3.395287125558917873e-01
-2.374548538226901040e-01
-4.375656041331257851e-02
-2.606719998235451641e-01
-3.364567479560830465e-01
-1.338153101994095096e-01
3.305388614434803252e-01
8.365569852426835151e-01
1.272266929122352952e+00
1.674814588657781211e+00
1.917498437035188630e+00
1.979603909075835055e+00
1.904839643119033976e+00
1.783055407345126131e+00
1.779532108485253339e+00
1.870541918875380460e+00
1.750138287550176974e+00
1.504518181919200392e+00
1.370126944845379890e+00
1.362561038304989536e+00
1.376819197123367866e+00
1.373250617716012423e+00
1.354889394054830110e+00
1.160881601562661958e+00
8.164727207907265250e-01
4.891767395701138721e-01
2.789322693812159581e-01
2.289492303228429781e-01
2.414799439947655779e-01
1.443986155100850932e-01
2.553296751375877527e-01
4.586408044834564546e-01
-3.577318228873841988e-01
-9.288322544757914301e-01
-8.485540614049568164e-01
-7.301859547643945181e-01
-6.835319611831609521e-01
-3.355812348831626046e-01
6.415168489985885181e-01
1.771259175687097454e+00
1.609977466235866128e+00
-8.198030068837094397e-01
-2.009717464180358348e-01
2.218912574923316505e+00
4.068795569390230682e+00
4.499407159581497062e+00
3.323240999847933530e+00
1.078660350536499113e+00
-9.309974038571295907e-01
-2.511968731768596808e+00
-2.003461426943832002e+00
-9.095175764637688509e-01
-2.676720780793133692e-01
-1.022491546386532502e-01
-1.050344086813183031e-01
1.703167743778035703e-01
4.217547890740976912e-01
5.346430337168855962e-01
6.735579077755076138e-01
5.007588035814390937e-01
-1.962988378375645215e-01
-5.776800951191695122e-01
-2.650228184598699688e-01
1.207005727541627937e-01
1.945094312971173967e-01
3.319434598801218606e-02
-8.700969855304774292e-02
-8.459559067594368820e-02
9.027577319999191552e-02
3.392694902253019507e-01
4.708381183719339003e-01
4.174884702262169345e-01
2.306121009441071124e-01
3.915984924329118932e-02
-7.535604399660300601e-02
2.433384594424725655e-02
1.729342725030013073e-01
2.087603313621908541e-01
9.483199771826378299e-02
-1.463455326624957253e-01
-3.845467759112760620e-01
-7.083554631728604667e-01
-9.893406190465792172e-01
-8.560418111858960621e-01
-3.818937306071561455e-01
-1.829120489553930362e-01
-2.946325479603426611e-01
-3.175630325172292823e-01
-3.871993902358116801e-01
-4.726860802575166831e-01
-5.559619474768748848e-01
-5.150474180823467751e-01
-3.709136671973729538e-01
-9.526257342416610818e-02
1.909741142216627718e-01
2.908978468378002891e-01
3.075845278356492685e-01
3.130965385723305516e-01
2.464054101039051259e-01
-1.838041712972926511e-01
-3.437353320317592109e-01
-3.155357783357369272e-01
-3.103863535362840764e-01
-1.395898197848633171e-01
-1.420867990444035778e-01
-2.276991454358793243e-01
-3.184076316050898914e-01
-3.735347096625758478e-01
-3.237325819736116550e-01
-2.244741235082559072e-03
4.011330900586187465e-01
-5.534256214757700132e-01
-1.102044866873814755e+00
-8.587765686447372815e-01
-5.196959747388107953e-01
-3.194837531251695228e-01
-2.341391960947276640e-01
-2.681237330111250206e-01
-4.316834653444880932e-01
-5.751314366788373711e-01
-6.938693026082589643e-01
-6.606646035803678263e-01
-4.849803975605913031e-01
-4.247033909692039533e-01
-4.029031714904933725e-01
-3.372561210751885419e-01
-2.241962267492552119e-01
-1.409418002889051280e-01
-7.035281374810575805e-02
-6.267983816003441788e-02
-2.879125096862084066e-01
-4.680587472343079591e-01
-2.586589234820069194e-01
7.477316030627312315e-01
0.000000000000000000e+00
0.000000000000000000e+00
0.000000000000000000e+00
0.000000000000000000e+00
0.000000000000000000e+00
0.000000000000000000e+00
0.000000000000000000e+00
0.000000000000000000e+00
0.000000000000000000e+00
0.000000000000000000e+00
0.000000000000000000e+00
0.000000000000000000e+00
0.000000000000000000e+00
0.000000000000000000e+00
0.000000000000000000e+00
0.000000000000000000e+00
0.000000000000000000e+00
0.000000000000000000e+00
0.000000000000000000e+00
0.000000000000000000e+00
0.000000000000000000e+00
0.000000000000000000e+00
0.000000000000000000e+00
0.000000000000000000e+00
0.000000000000000000e+00
0.000000000000000000e+00
0.000000000000000000e+00
0.000000000000000000e+00
0.000000000000000000e+00
0.000000000000000000e+00
0.000000000000000000e+00
0.000000000000000000e+00
0.000000000000000000e+00
0.000000000000000000e+00
0.000000000000000000e+00
0.000000000000000000e+00
0.000000000000000000e+00
0.000000000000000000e+00
0.000000000000000000e+00
0.000000000000000000e+00
0.000000000000000000e+00
0.000000000000000000e+00
0.000000000000000000e+00
0.000000000000000000e+00
0.000000000000000000e+00
0.000000000000000000e+00
0.000000000000000000e+00
0.000000000000000000e+00
0.000000000000000000e+00
0.000000000000000000e+00
0.000000000000000000e+00
0.000000000000000000e+00
0.000000000000000000e+00
0.000000000000000000e+00
0.000000000000000000e+00
0.000000000000000000e+00
0.000000000000000000e+00
0.000000000000000000e+00
0.000000000000000000e+00
0.000000000000000000e+00
0.000000000000000000e+00
0.000000000000000000e+00
0.000000000000000000e+00
0.000000000000000000e+00
0.000000000000000000e+00
0.000000000000000000e+00
0.000000000000000000e+00
0.000000000000000000e+00
0.000000000000000000e+00
0.000000000000000000e+00
0.000000000000000000e+00
0.000000000000000000e+00
0.000000000000000000e+00
0.000000000000000000e+00
0.000000000000000000e+00
0.000000000000000000e+00
0.000000000000000000e+00
0.000000000000000000e+00
0.000000000000000000e+00
0.000000000000000000e+00
0.000000000000000000e+00
0.000000000000000000e+00
0.000000000000000000e+00
0.000000000000000000e+00
0.000000000000000000e+00
0.000000000000000000e+00
0.000000000000000000e+00
0.000000000000000000e+00
0.000000000000000000e+00
0.000000000000000000e+00
0.000000000000000000e+00
0.000000000000000000e+00
0.000000000000000000e+00
0.000000000000000000e+00
0.000000000000000000e+00
0.000000000000000000e+00
0.000000000000000000e+00
0.000000000000000000e+00
0.000000000000000000e+00
0.000000000000000000e+00
0.000000000000000000e+00
0.000000000000000000e+00
0.000000000000000000e+00
0.000000000000000000e+00
0.000000000000000000e+00
0.000000000000000000e+00
0.000000000000000000e+00
0.000000000000000000e+00
0.000000000000000000e+00
0.000000000000000000e+00
0.000000000000000000e+00
0.000000000000000000e+00
0.000000000000000000e+00
0.000000000000000000e+00
0.000000000000000000e+00
0.000000000000000000e+00
0.000000000000000000e+00
0.000000000000000000e+00
0.000000000000000000e+00
0.000000000000000000e+00
0.000000000000000000e+00
0.000000000000000000e+00
0.000000000000000000e+00
0.000000000000000000e+00
0.000000000000000000e+00
0.000000000000000000e+00
0.000000000000000000e+00
0.000000000000000000e+00
0.000000000000000000e+00
0.000000000000000000e+00
0.000000000000000000e+00
0.000000000000000000e+00
0.000000000000000000e+00
0.000000000000000000e+00
0.000000000000000000e+00
0.000000000000000000e+00
0.000000000000000000e+00
0.000000000000000000e+00
0.000000000000000000e+00
0.000000000000000000e+00
0.000000000000000000e+00
0.000000000000000000e+00
0.000000000000000000e+00
0.000000000000000000e+00
0.000000000000000000e+00
0.000000000000000000e+00
0.000000000000000000e+00
0.000000000000000000e+00
0.000000000000000000e+00
0.000000000000000000e+00
0.000000000000000000e+00
0.000000000000000000e+00
0.000000000000000000e+00
0.000000000000000000e+00
0.000000000000000000e+00
0.000000000000000000e+00
0.000000000000000000e+00
0.000000000000000000e+00
0.000000000000000000e+00
0.000000000000000000e+00
0.000000000000000000e+00
0.000000000000000000e+00
0.000000000000000000e+00
0.000000000000000000e+00
0.000000000000000000e+00
0.000000000000000000e+00
0.000000000000000000e+00
0.000000000000000000e+00
0.000000000000000000e+00
0.000000000000000000e+00
0.000000000000000000e+00
0.000000000000000000e+00
0.000000000000000000e+00
0.000000000000000000e+00
0.000000000000000000e+00
0.000000000000000000e+00
0.000000000000000000e+00
0.000000000000000000e+00
0.000000000000000000e+00
0.000000000000000000e+00
0.000000000000000000e+00
0.000000000000000000e+00
0.000000000000000000e+00
0.000000000000000000e+00
0.000000000000000000e+00
0.000000000000000000e+00
0.000000000000000000e+00
