-1.681213378906250000e+00
3.043334900399812248e-01
1.715687953670066879e+00
-1.134252701392000073e-01
-1.469781844879005428e+00
-1.007485793962374920e+00
-9.217766364877224561e-01
-1.001370783929326880e+00
3.392316278350474557e-01
-4.328786762478791239e-01
-8.865681583755535833e-01
-1.692347822506188315e-01
-5.951196327042582723e-01
-2.552303538641513381e+00
-3.018047370694439735e+00
-3.364360321243573537e-01
-1.535756758081765483e-01
-2.275114782941201064e+00
-1.592571818156621077e+00
8.588770286721780778e-02
-2.246077061727613788e-01
-1.724101571910698460e+00
-1.816262134051648935e+00
-6.255041669405458915e-01
-3.301810629288144394e-01
-8.216120080886468724e-01
3.110660360583323847e-01
4.236667364254229629e-01
-4.066515527673579822e-01
5.240202196930883183e-01
-2.316464677598668587e-01
-2.344251556436220518e+00
-1.103583708588519396e+00
7.632012938198959873e-01
-1.314534397569630642e+00
-2.322754839560794426e+00
-7.489968879050730166e-01
7.634360150480301588e-01
-1.082572066295582669e+00
-1.327607740856134866e+00
-6.267618915428876392e-01
5.123639222284124273e-01
1.783462944740759060e+00
2.251820500574627903e+00
1.438324733812662348e+00
-2.371340151176953848e-01
-9.707896541982652394e-02
-1.575671657418002303e+00
6.996057066585881223e-02
2.963584399074769671e+00
5.226469497629546712e-01
-1.788966377537470009e+00
-6.618622162485943150e-01
-2.636880551901435332e+00
-1.442825885407634789e+00
-5.073716657003233266e-01
-8.516517045678178022e-01
-1.781500794871457849e+00
-2.785834759929911364e+00
-2.644442260538733880e+00
-8.658992521287520727e-01
-7.131015406319147765e-01
-9.889710972459795357e-01
4.263968431965787786e-01
-3.399870805990551359e-01
-2.903750916969978224e+00
-3.474714037159209568e+00
-3.229814023259787170e+00
-1.640847067900346179e+00
-1.719630062112318392e-01
-1.015592886978202269e+00
6.673068999686284641e-01
2.290170288814463717e-01
-3.514369923586402766e+00
-1.688959900040207796e+00
-2.589374527797141390e-01
1.451691802211498405e+00
1.979796429210083142e+00
6.360145058256609918e-01
-1.837712456255594429e+00
-2.059745869101996085e+00
-1.182442078099365190e+00
-9.171562554490932939e-01
-1.444703104638377589e+00
-1.788363378661098846e+00
-1.269170315758686662e+00
-2.950238416365691396e-01
1.387961632264733680e-03
9.371032143213923193e-01
1.582555852881979419e+00
2.616635028685108111e+00
1.777103475201641913e+00
-2.186678521202498615e+00
-2.332257887579902267e+00
-9.506122112822341652e-01
-1.014218188368788631e+00
-1.933560366821938103e-01
9.151491851776594189e-01
3.148167336172087438e-01
1.308932547077010788e-01
-1.955843331356603154e-01
-1.075367146262900864e+00
-9.265750057753210367e-01
-1.035551648464346330e+00
-8.356729674614702397e-01
-1.520374578942043087e+00
-2.570622011037935195e+00
-3.238050498485196549e+00
-3.604349543641604203e+00
-2.586760843495599538e+00
-1.693336380706001565e+00
-1.684260758816108039e+00
-1.044324483174017937e+00
1.015626296533360673e+00
7.155929930497217928e-01
3.057256932854817144e-01
-3.685604864180263007e-01
-2.986395266121106840e+00
-2.439325993461335607e+00
-8.140401157678431865e-01
2.248506461352355323e-01
1.994575527491346811e-01
3.378799251756362532e-01
-5.739842037167819377e-02
-6.996808051299293618e-01
-1.049068576610996173e+00
-2.243717055977811903e+00
-3.829665365531138121e+00
-4.247885219288103364e+00
-3.145353135132216593e+00
-8.642977795340156533e-01
1.153303986295888039e+00
-2.209147131866597835e-01
-1.682164718893219835e+00
-1.298122827259997392e+00
-9.179612217898436288e-01
-5.156708109494638759e-01
-4.918593389738892263e-01
-1.151678877666742595e+00
-1.075301765611368365e+00
1.804705717162806700e-01
1.598273389890043639e+00
3.569480903683603934e-01
4.983631012119404957e-03
8.546528659222123459e-01
1.507061717333440187e+00
8.266461445309645217e-01
-2.118455560970999851e-02
1.667104964812736734e-01
1.205015702556577750e-01
-8.249872436605746318e-01
-3.848527394707648153e-01
-3.937409139818732751e-01
-1.478540895891883533e+00
-1.270381855540730243e+00
5.860916635695776478e-01
-7.893323099219298200e-01
-1.700299403906500917e+00
-3.091116117132619578e-01
1.226884720774901183e+00
9.541582138072495223e-01
-6.855529647753051403e-01
-8.909686850158482496e-01
8.268506798873785923e-01
-1.424090285936983946e+00
-3.895504382472684490e+00
-3.685372256777913691e+00
-1.392626401987270723e+00
-5.667308369769084031e-01
2.315812170515298973e-01
1.826758750654806640e+00
2.312890358670061097e+00
5.105117223671802318e-01
-1.944758775826703534e+00
-2.471442029796414808e+00
-1.033249632466482826e+00
-1.438805248830703931e+00
-2.128733042925729624e+00
-6.669317631002540381e-01
1.226526392600777449e-01
-1.789478087137617912e+00
-1.163255428509251788e+00
6.737737889700414762e-01
5.783339382852363819e-01
-3.538531686211379146e-01
-1.281231429994729165e+00
-1.148183812257524972e+00
-1.250916009337189827e+00
-2.182314969580030350e+00
-1.808836402218984452e+00
-5.191975651665772240e-01
-1.020702754781752652e+00
-1.122245924661615213e+00
-2.877020851253961897e-01
3.291229337315026982e-02
9.876256602371080717e-02
5.071396826552810877e-01
4.768359939729444053e-01
-7.549774391176271582e-01
-2.301560737704987591e+00
-7.988517895742568431e-01
1.250198738804346732e+00
-5.436806244913450215e-01
-2.205899736833911717e+00
-9.288885695682507215e-01
7.804326381325987771e-01
6.322965067470383005e-01
6.569278930374027325e-01
-2.209201420755757539e-03
-1.072575560350889523e+00
-1.952714711471245090e+00
-2.805649081787221277e+00
-2.091788325947383065e+00
-7.032127460453263534e-01
-6.646570672503648858e-02
1.128936735959578108e-01
1.296142487644815988e+00
3.085014860994219177e+00
3.643028551169388507e+00
2.444993601092535496e+00
7.603544549937781838e-01
-1.234485035844787859e+00
-3.420118126917944146e+00
-3.521231830522924877e+00
-1.954353964635667795e+00
-1.489710772087623925e+00
-1.943123018571992988e+00
2.925139084664771794e-01
3.304545443948478933e+00
4.914323007524027176e+00
4.049383372931762537e+00
1.776413212255262497e+00
3.079521147900345923e-01
-5.972452640231176169e-01
-2.015513259822850678e+00
-3.503032038837375239e+00
-3.592151024333305465e+00
-2.411572446374080414e+00
-7.193406255310146324e-01
1.200405983056902492e+00
2.045856722356524049e+00
1.562773416259815029e+00
1.142613169033860565e+00
3.673507981852650595e-01
-4.467389236668599661e-01
-7.708577510187515358e-01
-6.320409090868135404e-01
-1.225055078920622265e+00
-1.386386080418071431e+00
-1.053516473330302183e+00
-1.066973710747280535e+00
-3.381334376596663027e-01
1.129830927610403712e+00
3.891290887991738501e-02
-5.859039058318165072e-01
1.020583812023285741e+00
-1.077679234325248370e-01
-8.967468432232691411e-01
-6.177496984797121726e-01
2.493279639841916584e-03
-4.936407962757747292e-01
-9.884114091920701561e-01
-1.180639500304666356e+00
-4.652829483027040580e-01
7.814041543109384591e-02
-4.097900390625000000e-01
7.814041543109384591e-02
-4.652829483027040580e-01
-1.180639500304666356e+00
-9.884114091920701561e-01
-4.936407962757747292e-01
2.493279639841916584e-03
-6.177496984797121726e-01
-8.967468432232691411e-01
-1.077679234325248370e-01
1.020583812023285741e+00
-5.859039058318165072e-01
3.891290887991738501e-02
1.129830927610403712e+00
-3.381334376596663027e-01
-1.066973710747280535e+00
-1.053516473330302183e+00
-1.386386080418071431e+00
-1.225055078920622265e+00
-6.320409090868135404e-01
-7.708577510187515358e-01
-4.467389236668599661e-01
3.673507981852650595e-01
1.142613169033860565e+00
1.562773416259815029e+00
2.045856722356524049e+00
1.200405983056902492e+00
-7.193406255310146324e-01
-2.411572446374080414e+00
-3.592151024333305465e+00
-3.503032038837375239e+00
-2.015513259822850678e+00
-5.972452640231176169e-01
3.079521147900345923e-01
1.776413212255262497e+00
4.049383372931762537e+00
4.914323007524027176e+00
3.304545443948478933e+00
2.925139084664771794e-01
-1.943123018571992988e+00
-1.489710772087623925e+00
-1.954353964635667795e+00
-3.521231830522924877e+00
-3.420118126917944146e+00
-1.234485035844787859e+00
7.603544549937781838e-01
2.444993601092535496e+00
3.643028551169388507e+00
3.085014860994219177e+00
1.296142487644815988e+00
1.128936735959578108e-01
-6.646570672503648858e-02
-7.032127460453263534e-01
-2.091788325947383065e+00
-2.805649081787221277e+00
-1.952714711471245090e+00
-1.072575560350889523e+00
-2.209201420755757539e-03
6.569278930374027325e-01
6.322965067470383005e-01
7.804326381325987771e-01
-9.288885695682507215e-01
-2.205899736833911717e+00
-5.436806244913450215e-01
1.250198738804346732e+00
-7.988517895742568431e-01
-2.301560737704987591e+00
-7.549774391176271582e-01
4.768359939729444053e-01
5.071396826552810877e-01
9.876256602371080717e-02
3.291229337315026982e-02
-2.877020851253961897e-01
-1.122245924661615213e+00
-1.020702754781752652e+00
-5.191975651665772240e-01
-1.808836402218984452e+00
-2.182314969580030350e+00
-1.250916009337189827e+00
-1.148183812257524972e+00
-1.281231429994729165e+00
-3.538531686211379146e-01
5.783339382852363819e-01
6.737737889700414762e-01
-1.163255428509251788e+00
-1.789478087137617912e+00
1.226526392600777449e-01
-6.669317631002540381e-01
-2.128733042925729624e+00
-1.438805248830703931e+00
-1.033249632466482826e+00
-2.471442029796414808e+00
-1.944758775826703534e+00
5.105117223671802318e-01
2.312890358670061097e+00
1.826758750654806640e+00
2.315812170515298973e-01
-5.667308369769084031e-01
-1.392626401987270723e+00
-3.685372256777913691e+00
-3.895504382472684490e+00
-1.424090285936983946e+00
8.268506798873785923e-01
-8.909686850158482496e-01
-6.855529647753051403e-01
9.541582138072495223e-01
1.226884720774901183e+00
-3.091116117132619578e-01
-1.700299403906500917e+00
-7.893323099219298200e-01
5.860916635695776478e-01
-1.270381855540730243e+00
-1.478540895891883533e+00
-3.937409139818732751e-01
-3.848527394707648153e-01
-8.249872436605746318e-01
1.205015702556577750e-01
1.667104964812736734e-01
-2.118455560970999851e-02
8.266461445309645217e-01
1.507061717333440187e+00
8.546528659222123459e-01
4.983631012119404957e-03
3.569480903683603934e-01
1.598273389890043639e+00
1.804705717162806700e-01
-1.075301765611368365e+00
-1.151678877666742595e+00
-4.918593389738892263e-01
-5.156708109494638759e-01
-9.179612217898436288e-01
-1.298122827259997392e+00
-1.682164718893219835e+00
-2.209147131866597835e-01
1.153303986295888039e+00
-8.642977795340156533e-01
-3.145353135132216593e+00
-4.247885219288103364e+00
-3.829665365531138121e+00
-2.243717055977811903e+00
-1.049068576610996173e+00
-6.996808051299293618e-01
-5.739842037167819377e-02
3.378799251756362532e-01
1.994575527491346811e-01
2.248506461352355323e-01
-8.140401157678431865e-01
-2.439325993461335607e+00
-2.986395266121106840e+00
-3.685604864180263007e-01
3.057256932854817144e-01
7.155929930497217928e-01
1.015626296533360673e+00
-1.044324483174017937e+00
-1.684260758816108039e+00
-1.693336380706001565e+00
-2.586760843495599538e+00
-3.604349543641604203e+00
-3.238050498485196549e+00
-2.570622011037935195e+00
-1.520374578942043087e+00
-8.356729674614702397e-01
-1.035551648464346330e+00
-9.265750057753210367e-01
-1.075367146262900864e+00
-1.955843331356603154e-01
1.308932547077010788e-01
3.148167336172087438e-01
9.151491851776594189e-01
-1.933560366821938103e-01
-1.014218188368788631e+00
-9.506122112822341652e-01
-2.332257887579902267e+00
-2.186678521202498615e+00
1.777103475201641913e+00
2.616635028685108111e+00
1.582555852881979419e+00
9.371032143213923193e-01
1.387961632264733680e-03
-2.950238416365691396e-01
-1.269170315758686662e+00
-1.788363378661098846e+00
-1.444703104638377589e+00
-9.171562554490932939e-01
-1.182442078099365190e+00
-2.059745869101996085e+00
-1.837712456255594429e+00
6.360145058256609918e-01
1.979796429210083142e+00
1.451691802211498405e+00
-2.589374527797141390e-01
-1.688959900040207796e+00
-3.514369923586402766e+00
2.290170288814463717e-01
6.673068999686284641e-01
-1.015592886978202269e+00
-1.719630062112318392e-01
-1.640847067900346179e+00
-3.229814023259787170e+00
-3.474714037159209568e+00
-2.903750916969978224e+00
-3.399870805990551359e-01
4.263968431965787786e-01
-9.889710972459795357e-01
-7.131015406319147765e-01
-8.658992521287520727e-01
-2.644442260538733880e+00
-2.785834759929911364e+00
-1.781500794871457849e+00
-8.516517045678178022e-01
-5.073716657003233266e-01
-1.442825885407634789e+00
-2.636880551901435332e+00
-6.618622162485943150e-01
-1.788966377537470009e+00
5.226469497629546712e-01
2.963584399074769671e+00
6.996057066585881223e-02
-1.575671657418002303e+00
-9.707896541982652394e-02
-2.371340151176953848e-01
1.438324733812662348e+00
2.251820500574627903e+00
1.783462944740759060e+00
5.123639222284124273e-01
-6.267618915428876392e-01
-1.327607740856134866e+00
-1.082572066295582669e+00
7.634360150480301588e-01
-7.489968879050730166e-01
-2.322754839560794426e+00
-1.314534397569630642e+00
7.632012938198959873e-01
-1.103583708588519396e+00
-2.344251556436220518e+00
