3.291015625000000000e-01
2.622692462634836907e-01
8.090268042585990749e-02
-1.202902147001250199e-01
-2.249172167266837441e-01
-2.021344898681618485e-01
-1.078846556381465316e-01
-8.293523718078410489e-02
-1.097077529911338889e-01
-9.007440969544022735e-02
-4.611604784337197671e-02
-2.657549709390583104e-03
5.421872781458314527e-02
1.137059648462194206e-01
1.131079405805652804e-01
4.893135117606567386e-02
5.077464623259674015e-02
2.525943581536712612e-01
2.209418903152190472e-01
5.304890232108738779e-02
3.419604227642736305e-02
1.816502027675506170e-01
3.289251718490522336e-01
3.297461266344794417e-01
1.743672217371090571e-01
-5.062447272900838513e-02
-3.011022437769500515e-01
-3.331834064782608351e-01
-1.656437959192669229e-01
-1.169927622184903093e-01
-2.612320601753477245e-01
-3.965797391772776237e-01
-3.871824393047949009e-01
-1.534623566115826954e-01
8.231963368403594217e-04
-2.036282749409012993e-01
-3.164719619283240526e-01
-2.126622570278304813e-01
3.590012145937504506e-02
-1.736054479541118134e-01
-3.536598453108252826e-01
-4.210531862618358545e-01
-2.383449706741744833e-01
2.648011484990329123e-01
3.127961505678511500e-01
2.421224251735480948e-01
1.921901712157807474e-01
1.380734198308182226e-01
-7.981430322808097388e-02
4.485168745434386928e-02
2.260140729902435641e-01
3.397999673253585540e-01
2.418817072979881910e-01
1.422016211600426461e-01
1.565692563125111181e-01
-7.770218546115004177e-02
-1.444697104797554310e-01
-1.429413032061748190e-01
-8.395986295080115625e-02
-3.169705718222548541e-02
-1.091134519816283621e-01
-3.482036706844136020e-01
-4.812170313048524939e-01
-5.084604910314625137e-01
-5.388729059471528693e-01
-4.468793142093705484e-01
-1.535561941623679871e-01
-1.215353752268266696e-01
-2.346725375205243047e-01
-2.541207245204579745e-01
-1.679024498297951862e-01
-1.778680483766006404e-01
-1.676113693388872061e-01
-4.189353552782382195e-02
9.644266338056572963e-02
2.890251204292964005e-01
4.804355723989841565e-01
7.804726701491335739e-01
1.248663043449056431e+00
1.330303154896928852e+00
1.178332012718091626e+00
1.021211487679110075e+00
9.298230676439374065e-01
7.557637463759285801e-01
4.650944871736619746e-01
2.735729811707603432e-01
2.174432921037936506e-01
-9.845105605321702313e-03
-3.690031702552745152e-01
-4.577450756089662676e-02
4.690357452819124973e-01
8.312895200034924326e-01
8.959792425574062413e-01
7.940105599629092570e-01
7.912852622069621589e-01
8.256889492806742670e-01
8.092668392990519655e-01
4.667579354044634754e-01
9.203741212151084206e-02
-4.819764432526518760e-04
-1.936190901274974507e-01
-3.751316146789023254e-01
-4.340007215061369994e-01
-4.163948730589048797e-01
-3.605976998185203009e-01
-1.070615465360358898e-01
-4.751569019511903136e-03
-9.539865731389229886e-02
-1.834799487618019587e-01
-3.864737128878612538e-01
-3.111251249544993991e-01
-2.062790015537618871e-01
-1.795180375316209886e-01
-1.835192644025875897e-01
-2.087870852382094355e-01
-2.150537607510810689e-01
-1.312190882772065192e-01
8.299338065386352437e-03
1.395347101628177100e-01
1.064725039629297321e-01
-1.828222422345548992e-02
-1.814989592314573130e-01
-2.744366455733624477e-01
-2.502943725540325293e-01
-2.478092377884391073e-01
-4.336305188849840508e-01
-7.102561746865421188e-01
-1.036823955499961647e+00
-1.821909474764102921e-01
-8.738471293021810027e-02
-8.792229915251059680e-02
9.014208681352720021e-04
4.846950271614169914e-02
-7.163174215934642319e-02
-1.835199679181056531e-01
-6.937882396749417424e-02
1.501801328401608515e-01
3.893015290881600698e-01
6.356277503099279080e-01
8.104013046553866229e-01
8.486222660020853459e-01
6.603426958900342481e-01
7.183087378550163660e-01
1.009968976736700386e+00
1.151204703846865351e+00
9.234321312318465313e-01
7.106802395255589211e-01
5.427984442483007044e-01
3.218431194215767288e-01
1.351014001190720126e-01
3.405430535893222421e-01
9.340280210397202687e-01
1.060167759729410797e+00
4.905425339765659976e-01
-6.501578240449656931e-02
-2.004620876433889087e-01
2.584211143517038956e-01
9.636269005119360020e-01
1.420622668822034029e+00
1.340031036279963672e+00
9.323812236499934292e-01
4.172299109002360895e-01
-2.265665047583710345e-01
-7.559545202917359319e-01
-9.461289389465321609e-01
-8.992096421634208081e-01
-6.464747016655252310e-01
-1.535908083249837297e-02
5.525350578835650506e-01
7.064657847267852286e-01
1.072077199564285044e+00
1.497232303707173529e+00
1.398872992898363643e+00
6.801698368451587484e-01
-1.579601888939152765e-01
-3.242058157466727319e-01
2.638750071025224297e-01
6.871630197809233120e-01
6.068801199447790840e-01
2.006716460513668920e-01
-1.275147924212758355e-01
-1.975476957573352177e-01
2.117846873282758224e-03
4.378712679611780345e-01
8.400746777066276927e-01
9.353397708127579868e-01
6.883955829839891738e-01
3.071172739862741974e-01
1.785401921419640381e-01
4.483986309062595321e-01
7.561627124797114519e-01
8.439962415197901358e-01
7.053670262493356713e-01
4.790162547911871460e-01
2.580337594916313204e-01
5.237342753855656063e-02
-1.058678005441666681e-01
-5.166534827569302379e-02
1.157561110465976650e-01
1.157561110465976650e-01
-5.166534827569302379e-02
-1.058678005441666681e-01
5.237342753855656063e-02
2.580337594916313204e-01
4.790162547911871460e-01
7.053670262493356713e-01
8.439962415197901358e-01
7.561627124797114519e-01
4.483986309062595321e-01
1.785401921419640381e-01
3.071172739862741974e-01
6.883955829839891738e-01
9.353397708127579868e-01
8.400746777066276927e-01
4.378712679611780345e-01
2.117846873282758224e-03
-1.975476957573352177e-01
-1.275147924212758355e-01
2.006716460513668920e-01
6.068801199447790840e-01
6.871630197809233120e-01
2.638750071025224297e-01
-3.242058157466727319e-01
-1.579601888939152765e-01
6.801698368451587484e-01
1.398872992898363643e+00
1.497232303707173529e+00
1.072077199564285044e+00
7.064657847267852286e-01
5.525350578835650506e-01
-1.535908083249837297e-02
-6.464747016655252310e-01
-8.992096421634208081e-01
-9.461289389465321609e-01
-7.559545202917359319e-01
-2.265665047583710345e-01
4.172299109002360895e-01
9.323812236499934292e-01
1.340031036279963672e+00
1.420622668822034029e+00
9.636269005119360020e-01
2.584211143517038956e-01
-2.004620876433889087e-01
-6.501578240449656931e-02
4.905425339765659976e-01
1.060167759729410797e+00
9.340280210397202687e-01
3.405430535893222421e-01
1.351014001190720126e-01
3.218431194215767288e-01
5.427984442483007044e-01
7.106802395255589211e-01
9.234321312318465313e-01
1.151204703846865351e+00
1.009968976736700386e+00
7.183087378550163660e-01
6.603426958900342481e-01
8.486222660020853459e-01
8.104013046553866229e-01
6.356277503099279080e-01
3.893015290881600698e-01
1.501801328401608515e-01
-6.937882396749417424e-02
-1.835199679181056531e-01
-7.163174215934642319e-02
4.846950271614169914e-02
9.014208681352720021e-04
-8.792229915251059680e-02
-8.738471293021810027e-02
-1.821909474764102921e-01
-1.036823955499961647e+00
-7.102561746865421188e-01
-4.336305188849840508e-01
-2.478092377884391073e-01
-2.502943725540325293e-01
-2.744366455733624477e-01
-1.814989592314573130e-01
-1.828222422345548992e-02
1.064725039629297321e-01
1.395347101628177100e-01
8.299338065386352437e-03
-1.312190882772065192e-01
-2.150537607510810689e-01
-2.087870852382094355e-01
-1.835192644025875897e-01
-1.795180375316209886e-01
-2.062790015537618871e-01
-3.111251249544993991e-01
-3.864737128878612538e-01
-1.834799487618019587e-01
-9.539865731389229886e-02
-4.751569019511903136e-03
-1.070615465360358898e-01
-3.605976998185203009e-01
-4.163948730589048797e-01
-4.340007215061369994e-01
-3.751316146789023254e-01
-1.936190901274974507e-01
-4.819764432526518760e-04
9.203741212151084206e-02
4.667579354044634754e-01
8.092668392990519655e-01
8.256889492806742670e-01
7.912852622069621589e-01
7.940105599629092570e-01
8.959792425574062413e-01
8.312895200034924326e-01
4.690357452819124973e-01
-4.577450756089662676e-02
-3.690031702552745152e-01
-9.845105605321702313e-03
2.174432921037936506e-01
2.735729811707603432e-01
4.650944871736619746e-01
7.557637463759285801e-01
9.298230676439374065e-01
1.021211487679110075e+00
1.178332012718091626e+00
1.330303154896928852e+00
1.248663043449056431e+00
7.804726701491335739e-01
4.804355723989841565e-01
2.890251204292964005e-01
9.644266338056572963e-02
-4.189353552782382195e-02
-1.676113693388872061e-01
-1.778680483766006404e-01
-1.679024498297951862e-01
-2.541207245204579745e-01
-2.346725375205243047e-01
-1.215353752268266696e-01
-1.535561941623679871e-01
-4.468793142093705484e-01
-5.388729059471528693e-01
-5.084604910314625137e-01
-4.812170313048524939e-01
-3.482036706844136020e-01
-1.091134519816283621e-01
-3.169705718222548541e-02
-8.395986295080115625e-02
-1.429413032061748190e-01
-1.444697104797554310e-01
-7.770218546115004177e-02
1.565692563125111181e-01
1.422016211600426461e-01
2.418817072979881910e-01
3.397999673253585540e-01
2.260140729902435641e-01
4.485168745434386928e-02
-7.981430322808097388e-02
1.380734198308182226e-01
1.921901712157807474e-01
2.421224251735480948e-01
3.127961505678511500e-01
2.648011484990329123e-01
-2.383449706741744833e-01
-4.210531862618358545e-01
-3.536598453108252826e-01
-1.736054479541118134e-01
3.590012145937504506e-02
-2.126622570278304813e-01
-3.164719619283240526e-01
-2.036282749409012993e-01
8.231963368403594217e-04
-1.534623566115826954e-01
-3.871824393047949009e-01
-3.965797391772776237e-01
-2.612320601753477245e-01
-1.169927622184903093e-01
-1.656437959192669229e-01
-3.331834064782608351e-01
-3.011022437769500515e-01
-5.062447272900838513e-02
1.743672217371090571e-01
3.297461266344794417e-01
3.289251718490522336e-01
1.816502027675506170e-01
3.419604227642736305e-02
5.304890232108738779e-02
2.209418903152190472e-01
2.525943581536712612e-01
5.077464623259674015e-02
4.893135117606567386e-02
1.131079405805652804e-01
1.137059648462194206e-01
5.421872781458314527e-02
-2.657549709390583104e-03
-4.611604784337197671e-02
-9.007440969544022735e-02
-1.097077529911338889e-01
-8.293523718078410489e-02
-1.078846556381465316e-01
-2.021344898681618485e-01
-2.249172167266837441e-01
-1.202902147001250199e-01
8.090268042585990749e-02
2.622692462634836907e-01
0.000000000000000000e+00
0.000000000000000000e+00
0.000000000000000000e+00
0.000000000000000000e+00
0.000000000000000000e+00
0.000000000000000000e+00
0.000000000000000000e+00
0.000000000000000000e+00
0.000000000000000000e+00
0.000000000000000000e+00
0.000000000000000000e+00
0.000000000000000000e+00
0.000000000000000000e+00
0.000000000000000000e+00
0.000000000000000000e+00
0.000000000000000000e+00
0.000000000000000000e+00
0.000000000000000000e+00
0.000000000000000000e+00
0.000000000000000000e+00
0.000000000000000000e+00
0.000000000000000000e+00
0.000000000000000000e+00
0.000000000000000000e+00
0.000000000000000000e+00
0.000000000000000000e+00
0.000000000000000000e+00
0.000000000000000000e+00
0.000000000000000000e+00
0.000000000000000000e+00
0.000000000000000000e+00
0.000000000000000000e+00
0.000000000000000000e+00
0.000000000000000000e+00
0.000000000000000000e+00
0.000000000000000000e+00
0.000000000000000000e+00
0.000000000000000000e+00
0.000000000000000000e+00
0.000000000000000000e+00
0.000000000000000000e+00
0.000000000000000000e+00
0.000000000000000000e+00
0.000000000000000000e+00
0.000000000000000000e+00
0.000000000000000000e+00
0.000000000000000000e+00
0.000000000000000000e+00
0.000000000000000000e+00
0.000000000000000000e+00
0.000000000000000000e+00
0.000000000000000000e+00
0.000000000000000000e+00
0.000000000000000000e+00
0.000000000000000000e+00
0.000000000000000000e+00
0.000000000000000000e+00
0.000000000000000000e+00
0.000000000000000000e+00
0.000000000000000000e+00
0.000000000000000000e+00
0.000000000000000000e+00
0.000000000000000000e+00
0.000000000000000000e+00
0.000000000000000000e+00
0.000000000000000000e+00
0.000000000000000000e+00
0.000000000000000000e+00
0.000000000000000000e+00
0.000000000000000000e+00
0.000000000000000000e+00
0.000000000000000000e+00
0.000000000000000000e+00
0.000000000000000000e+00
0.000000000000000000e+00
0.000000000000000000e+00
0.000000000000000000e+00
0.000000000000000000e+00
0.000000000000000000e+00
0.000000000000000000e+00
0.000000000000000000e+00
0.000000000000000000e+00
0.000000000000000000e+00
0.000000000000000000e+00
0.000000000000000000e+00
0.000000000000000000e+00
0.000000000000000000e+00
0.000000000000000000e+00
0.000000000000000000e+00
0.000000000000000000e+00
0.000000000000000000e+00
0.000000000000000000e+00
0.000000000000000000e+00
0.000000000000000000e+00
0.000000000000000000e+00
0.000000000000000000e+00
0.000000000000000000e+00
0.000000000000000000e+00
0.000000000000000000e+00
0.000000000000000000e+00
0.000000000000000000e+00
0.000000000000000000e+00
0.000000000000000000e+00
