-1.337585449218763600e-01
1.042415146783888247e+00
1.472801210211178491e+00
8.040052389783338693e-01
-5.244306706905819127e-01
-3.175309481067005724e-01
1.024535250036669565e+00
-3.154768438068595859e-01
-6.971046689809301533e-02
9.164127914701065691e-01
1.217227869584656563e+00
3.833750157565618544e-01
-8.502621817850957164e-01
-1.205666980237666497e+00
-7.425656563298177471e-01
-3.654250413017494648e-01
-5.479834449591838297e-01
-8.848780805361871060e-01
-5.752853936582544847e-01
-3.002354696530979972e-01
-3.032346996019166241e-01
-4.492574341281017070e-01
-8.943905921145938187e-01
-1.717066614324606055e+00
-2.585223174754905706e+00
-2.820917844374489558e+00
-1.764497088390045931e+00
-8.516963324635895560e-01
-2.087724651008748822e-01
6.637906561358706270e-01
1.837890816413173090e+00
9.188480229352480322e-02
-2.230945151534773352e+00
-2.443539658490105015e+00
-2.100815978320166089e+00
-1.652634148614551712e+00
-1.158157367712228325e+00
-5.836485334741627895e-01
-1.083830297566565903e-01
-2.794494047199274078e-01
-1.341037067894570001e+00
-2.266618501607268854e+00
-1.820331129260678527e+00
-1.056087484211188698e+00
-1.159846264543572314e+00
-1.319207634770780402e+00
-5.368774687211042007e-01
6.076013927928034519e-01
1.030513036651298009e+00
4.631732004850670492e-01
-6.867739496253228992e-01
-2.603434017370012121e+00
-4.638958077279789372e+00
-5.493741763309667014e+00
-2.361596856370426600e+00
2.284692587274812503e+00
2.101461728141904572e+00
6.697746542854150498e-01
1.492132203261715695e-01
5.948953711273681222e-01
-4.987238746127062861e-01
-1.634806316844381602e+00
-2.426831556785991495e+00
-2.555687236293603171e+00
-1.762645286987500448e+00
-1.783035010645321883e-01
-6.889045290657997977e-01
-3.193884171352858292e+00
-3.685731373633341246e+00
-3.473052828336521625e+00
-1.171605191770132670e+00
2.603606554742103896e+00
1.335904871723965659e+00
1.728192816425015987e-01
-1.455501149908791092e-01
5.411746471343210629e-01
-4.360690887235918467e-01
-2.075899209668650158e+00
-3.172941521472384174e+00
-2.301732441406653340e+00
-1.892114996072169708e+00
-1.096631812871463607e+00
-3.904149525649878161e-01
-1.393521409705092529e+00
-2.331957818070519828e+00
-1.513740623088018822e+00
-1.195056005785177788e-01
1.885689606591098633e+00
3.578582482247901098e+00
2.229758584191463999e+00
4.596985757990297294e-01
-1.027973443293128897e+00
-2.195268144753675710e+00
-2.215351704764118246e+00
-1.677615625216722695e+00
-1.023326365289599860e+00
-4.368446908942411611e-01
1.976638690332150894e-01
-1.909750362975115578e-02
-1.022044307552170128e+00
-1.627496845365113742e+00
-1.559307967486436297e+00
-9.050234811085142717e-01
-8.394090815693415752e-01
-1.649899345921386429e+00
-2.064206732409048062e+00
-6.990256161376474653e-01
1.210431652836424732e+00
8.226896675780857038e-01
4.531859450132338374e-01
2.425000716498688647e-01
-3.770147399137344646e-01
-8.023803873793620145e-01
-1.053574654039194147e+00
-1.129877477598021596e+00
-6.672218202726246661e-01
-5.320788327243185512e-01
-5.964555374457933823e-01
-6.845260604464651344e-01
-7.716364422487816954e-01
-5.132986547513679332e-01
2.196620912580279916e-01
-1.264870836532653864e-01
-1.941574166836334547e-01
-3.545208211196191339e-01
-2.426596735982653463e-01
1.545137944108858630e-01
-7.836230849159342426e-02
-9.119846234303712329e-01
-1.123228209611296657e+00
-8.723014973067155786e-01
-6.173587777624907069e-01
6.709860523966559853e-02
-5.096448552825898481e-01
-8.298584066419654182e-01
3.011827305663770937e-02
-1.569238815820148680e+00
-2.880018034782507730e+00
-2.801647288634584232e+00
-1.185270153665985315e+00
-4.259381240720860884e-01
-1.009249174494428969e+00
-2.463063368775603168e-01
-2.268947939733497510e+00
-3.125106816918886032e+00
-1.792545612818759793e+00
-1.064083274119457467e+00
-3.917197716956635212e+00
-4.218258111659746845e+00
-2.161122267124085283e+00
-8.627108261087731433e-01
-1.293474244627295988e+00
-1.510195798497088182e+00
-3.500045379212257668e+00
-4.774913094333620656e+00
-4.570896218722698023e+00
-3.653133296091175097e+00
-2.727934666953728104e+00
-1.380410774386496175e+00
-1.371330168574663055e+00
-1.888599247519558100e+00
-2.373548844687052295e+00
-3.340812516979406066e+00
-2.991385165064800677e+00
-8.988493347515321696e-01
-2.521438664727415180e+00
-4.084587538858680311e+00
-3.481899022171125679e+00
-1.898496594517602665e+00
-1.715335692595352679e+00
-5.456151745027028044e-01
4.198586491014635325e-01
-2.057387364679471808e+00
-3.243730568928932634e+00
-2.364743768401640800e+00
-6.152246016049636168e-01
-1.304794858625898168e+00
-1.334479865872351789e+00
-8.818369918583213174e-01
-1.272992025138780958e+00
-1.191613222904052805e+00
-1.039280903432220349e-01
-4.235531565734684811e-01
-5.800088021629772328e-01
-6.018635946952466398e-02
3.994501705452937479e-01
9.661879837190801013e-01
2.031878186004949072e+00
9.919266592505653346e-01
1.940475767702398713e-03
-5.615628825549752179e-01
-4.295698113391912543e-01
1.178798711346327188e-01
-1.500930199226258033e-02
-8.487283377596990253e-01
-1.291910440094962587e+00
-1.205461540741675552e+00
-1.310977673795000076e+00
-1.736806498493335793e+00
-1.736806498493335793e+00
-1.310977673795000076e+00
-1.205461540741675552e+00
-1.291910440094962587e+00
-8.487283377596990253e-01
-1.500930199226258033e-02
1.178798711346327188e-01
-4.295698113391912543e-01
-5.615628825549752179e-01
1.940475767702398713e-03
9.919266592505653346e-01
2.031878186004949072e+00
9.661879837190801013e-01
3.994501705452937479e-01
-6.018635946952466398e-02
-5.800088021629772328e-01
-4.235531565734684811e-01
-1.039280903432220349e-01
-1.191613222904052805e+00
-1.272992025138780958e+00
-8.818369918583213174e-01
-1.334479865872351789e+00
-1.304794858625898168e+00
-6.152246016049636168e-01
-2.364743768401640800e+00
-3.243730568928932634e+00
-2.057387364679471808e+00
4.198586491014635325e-01
-5.456151745027028044e-01
-1.715335692595352679e+00
-1.898496594517602665e+00
-3.481899022171125679e+00
-4.084587538858680311e+00
-2.521438664727415180e+00
-8.988493347515321696e-01
-2.991385165064800677e+00
-3.340812516979406066e+00
-2.373548844687052295e+00
-1.888599247519558100e+00
-1.371330168574663055e+00
-1.380410774386496175e+00
-2.727934666953728104e+00
-3.653133296091175097e+00
-4.570896218722698023e+00
-4.774913094333620656e+00
-3.500045379212257668e+00
-1.510195798497088182e+00
-1.293474244627295988e+00
-8.627108261087731433e-01
-2.161122267124085283e+00
-4.218258111659746845e+00
-3.917197716956635212e+00
-1.064083274119457467e+00
-1.792545612818759793e+00
-3.125106816918886032e+00
-2.268947939733497510e+00
-2.463063368775603168e-01
-1.009249174494428969e+00
-4.259381240720860884e-01
-1.185270153665985315e+00
-2.801647288634584232e+00
-2.880018034782507730e+00
-1.569238815820148680e+00
3.011827305663770937e-02
-8.298584066419654182e-01
-5.096448552825898481e-01
6.709860523966559853e-02
-6.173587777624907069e-01
-8.723014973067155786e-01
-1.123228209611296657e+00
-9.119846234303712329e-01
-7.836230849159342426e-02
1.545137944108858630e-01
-2.426596735982653463e-01
-3.545208211196191339e-01
-1.941574166836334547e-01
-1.264870836532653864e-01
2.196620912580279916e-01
-5.132986547513679332e-01
-7.716364422487816954e-01
-6.845260604464651344e-01
-5.964555374457933823e-01
-5.320788327243185512e-01
-6.672218202726246661e-01
-1.129877477598021596e+00
-1.053574654039194147e+00
-8.023803873793620145e-01
-3.770147399137344646e-01
2.425000716498688647e-01
4.531859450132338374e-01
8.226896675780857038e-01
1.210431652836424732e+00
-6.990256161376474653e-01
-2.064206732409048062e+00
-1.649899345921386429e+00
-8.394090815693415752e-01
-9.050234811085142717e-01
-1.559307967486436297e+00
-1.627496845365113742e+00
-1.022044307552170128e+00
-1.909750362975115578e-02
1.976638690332150894e-01
-4.368446908942411611e-01
-1.023326365289599860e+00
-1.677615625216722695e+00
-2.215351704764118246e+00
-2.195268144753675710e+00
-1.027973443293128897e+00
4.596985757990297294e-01
2.229758584191463999e+00
3.578582482247901098e+00
1.885689606591098633e+00
-1.195056005785177788e-01
-1.513740623088018822e+00
-2.331957818070519828e+00
-1.393521409705092529e+00
-3.904149525649878161e-01
-1.096631812871463607e+00
-1.892114996072169708e+00
-2.301732441406653340e+00
-3.172941521472384174e+00
-2.075899209668650158e+00
-4.360690887235918467e-01
5.411746471343210629e-01
-1.455501149908791092e-01
1.728192816425015987e-01
1.335904871723965659e+00
2.603606554742103896e+00
-1.171605191770132670e+00
-3.473052828336521625e+00
-3.685731373633341246e+00
-3.193884171352858292e+00
-6.889045290657997977e-01
-1.783035010645321883e-01
-1.762645286987500448e+00
-2.555687236293603171e+00
-2.426831556785991495e+00
-1.634806316844381602e+00
-4.987238746127062861e-01
5.948953711273681222e-01
1.492132203261715695e-01
6.697746542854150498e-01
2.101461728141904572e+00
2.284692587274812503e+00
-2.361596856370426600e+00
-5.493741763309667014e+00
-4.638958077279789372e+00
-2.603434017370012121e+00
-6.867739496253228992e-01
4.631732004850670492e-01
1.030513036651298009e+00
6.076013927928034519e-01
-5.368774687211042007e-01
-1.319207634770780402e+00
-1.159846264543572314e+00
-1.056087484211188698e+00
-1.820331129260678527e+00
-2.266618501607268854e+00
-1.341037067894570001e+00
-2.794494047199274078e-01
-1.083830297566565903e-01
-5.836485334741627895e-01
-1.158157367712228325e+00
-1.652634148614551712e+00
-2.100815978320166089e+00
-2.443539658490105015e+00
-2.230945151534773352e+00
9.188480229352480322e-02
1.837890816413173090e+00
6.637906561358706270e-01
-2.087724651008748822e-01
-8.516963324635895560e-01
-1.764497088390045931e+00
-2.820917844374489558e+00
-2.585223174754905706e+00
-1.717066614324606055e+00
-8.943905921145938187e-01
-4.492574341281017070e-01
-3.032346996019166241e-01
-3.002354696530979972e-01
-5.752853936582544847e-01
-8.848780805361871060e-01
-5.479834449591838297e-01
-3.654250413017494648e-01
-7.425656563298177471e-01
-1.205666980237666497e+00
-8.502621817850957164e-01
3.833750157565618544e-01
1.217227869584656563e+00
9.164127914701065691e-01
-6.971046689809301533e-02
-3.154768438068595859e-01
1.024535250036669565e+00
-3.175309481067005724e-01
-5.244306706905819127e-01
8.040052389783338693e-01
1.472801210211178491e+00
1.042415146783888247e+00
0.000000000000000000e+00
0.000000000000000000e+00
0.000000000000000000e+00
0.000000000000000000e+00
0.000000000000000000e+00
0.000000000000000000e+00
0.000000000000000000e+00
0.000000000000000000e+00
0.000000000000000000e+00
0.000000000000000000e+00
0.000000000000000000e+00
0.000000000000000000e+00
0.000000000000000000e+00
0.000000000000000000e+00
0.000000000000000000e+00
0.000000000000000000e+00
0.000000000000000000e+00
0.000000000000000000e+00
0.000000000000000000e+00
0.000000000000000000e+00
0.000000000000000000e+00
0.000000000000000000e+00
0.000000000000000000e+00
0.000000000000000000e+00
0.000000000000000000e+00
0.000000000000000000e+00
0.000000000000000000e+00
0.000000000000000000e+00
0.000000000000000000e+00
0.000000000000000000e+00
0.000000000000000000e+00
0.000000000000000000e+00
0.000000000000000000e+00
0.000000000000000000e+00
0.000000000000000000e+00
0.000000000000000000e+00
0.000000000000000000e+00
0.000000000000000000e+00
0.000000000000000000e+00
0.000000000000000000e+00
0.000000000000000000e+00
0.000000000000000000e+00
0.000000000000000000e+00
0.000000000000000000e+00
0.000000000000000000e+00
0.000000000000000000e+00
0.000000000000000000e+00
0.000000000000000000e+00
0.000000000000000000e+00
0.000000000000000000e+00
0.000000000000000000e+00
0.000000000000000000e+00
0.000000000000000000e+00
0.000000000000000000e+00
0.000000000000000000e+00
0.000000000000000000e+00
0.000000000000000000e+00
0.000000000000000000e+00
0.000000000000000000e+00
0.000000000000000000e+00
0.000000000000000000e+00
0.000000000000000000e+00
0.000000000000000000e+00
0.000000000000000000e+00
0.000000000000000000e+00
0.000000000000000000e+00
0.000000000000000000e+00
0.000000000000000000e+00
0.000000000000000000e+00
0.000000000000000000e+00
0.000000000000000000e+00
0.000000000000000000e+00
0.000000000000000000e+00
0.000000000000000000e+00
0.000000000000000000e+00
0.000000000000000000e+00
0.000000000000000000e+00
0.000000000000000000e+00
0.000000000000000000e+00
0.000000000000000000e+00
0.000000000000000000e+00
0.000000000000000000e+00
0.000000000000000000e+00
0.000000000000000000e+00
0.000000000000000000e+00
0.000000000000000000e+00
0.000000000000000000e+00
0.000000000000000000e+00
0.000000000000000000e+00
0.000000000000000000e+00
0.000000000000000000e+00
0.000000000000000000e+00
0.000000000000000000e+00
0.000000000000000000e+00
0.000000000000000000e+00
0.000000000000000000e+00
0.000000000000000000e+00
0.000000000000000000e+00
0.000000000000000000e+00
0.000000000000000000e+00
0.000000000000000000e+00
0.000000000000000000e+00
0.000000000000000000e+00
