2.155395507812500000e+00
5.952526871762813254e-01
-1.945711916105947292e+00
-1.937760022770742108e+00
5.651697652768801206e-01
2.615365899574543462e+00
7.824063796735445386e-01
1.409506726726498016e+00
1.552319532720062956e+00
-8.504887558323508401e-01
-2.061391868464880872e+00
-1.705899629384511229e+00
-1.794964718807998683e-01
-3.854113541282746525e-01
-1.079692382179197052e+00
-1.140800689564881676e+00
-1.507963855997678237e-01
7.401469407556892088e-01
-2.097036826370168860e-01
1.357225149462104596e-01
-1.535375864315706718e-01
-2.048723939847073794e+00
-2.796807995679083891e+00
-2.832567181300518655e+00
2.604741048585926810e-01
-3.143525360533284019e+00
-4.166602007585098910e+00
-2.096562295712447899e+00
-1.293347261724704156e+00
-5.299816623899369361e-01
4.102683085547578212e-01
5.223911516318964221e-01
1.934317832895238176e-01
1.010029461959845554e+00
6.546968103912673698e-01
-4.836670011531563063e-01
-7.337354096626600430e-01
6.804585641082834258e-01
-1.487521731922517132e+00
-2.083310288559969248e+00
-1.820503935683441821e+00
-9.239669414313806950e-01
-1.323142408691925009e+00
-3.312956897921483623e+00
-4.997262228646854432e+00
-4.271449965574451113e+00
-3.217073984640696160e+00
-7.999886466145614827e-01
-3.471719934869152535e+00
-6.784117423315222162e+00
-4.556555206294199856e+00
-1.645343486081814355e+00
-6.909000083328099784e+00
-5.344039423713498493e+00
-5.601689711199742128e-01
-2.348237142742185313e+00
-2.854613832107127713e+00
-3.626311873751508319e+00
-4.733337107743244232e+00
-6.460733760673589288e-01
-8.129909308803551227e-02
-5.592715911004715323e+00
-6.069379953098358982e+00
-3.886055702299896275e+00
-2.723664023453146399e+00
4.687528879582893993e-01
-1.358585889697018878e+00
9.386492899870155782e-01
-2.989278826175433057e+00
-6.643932543633881416e+00
-1.856406258968864575e+00
4.760326525148161902e-01
9.882396029096072176e-01
2.976043723482425740e+00
-1.017885394464633553e+00
-2.374296129252051024e+00
-2.246823529544690334e-01
-2.920881728866204341e+00
-2.467292855622965408e+00
-4.462039335275376217e+00
-5.391222518757476934e+00
-1.238768338834387972e+00
1.595258262414755990e-02
-1.569253273492745127e+00
-9.392268766710885064e-01
-1.669209363133596913e-01
1.348669532727154063e+00
-1.199421758348042433e+00
-3.789383455322311800e+00
-1.870271914965438542e+00
1.958389288333363787e+00
3.570373293688429150e-01
-2.737348787426794328e+00
-3.608714884466660777e+00
-5.953493929861081169e-01
5.340421573857181414e-01
1.860363909807805971e+00
-1.087643995290082266e+00
-3.354119409678274266e+00
-1.246002937102508312e+00
1.499918813991302668e+00
-1.067966049862503652e+00
-3.140449985808882349e+00
-1.300420674654997111e+00
-7.071199385980241336e-01
-2.428632833373922217e+00
-2.069423354833787254e+00
-1.402384938832046180e+00
3.745021492530076213e-01
2.083783228658186992e-02
-6.987695373941493759e-01
-7.806339296793245452e-01
-1.924677921246187084e+00
4.322517916894963452e-01
3.016783015471617979e-01
8.355145331996829405e-01
1.884926621129059843e+00
-7.330026196347732004e-01
-1.731629304938544944e+00
-1.586292513685489070e+00
1.096276758616716585e-01
1.904353209004683523e+00
1.580297293029540029e-01
-1.474495671280260600e+00
-1.932738454502251679e+00
-1.741013189789131443e+00
-1.218685431990046864e+00
-8.389579712251826749e-02
-5.179492574968278529e-01
-2.719019772849491368e+00
-3.449405813028484147e+00
-1.939426476411201694e+00
-4.914188332912416968e-01
7.266426470664648640e-01
7.485221800717354323e-01
1.528072611740939113e+00
2.880532759190197467e+00
2.792941190236022830e+00
1.898141363623150113e+00
1.795576516066047068e+00
-8.794251189322377371e-02
-2.356118181158762148e+00
-1.876402119507279531e+00
1.492776425172159804e-01
1.694633129242269831e+00
2.273610770961573824e+00
1.149502191706912591e+00
-1.512398336396574283e+00
-5.100209422301065221e-01
1.084068654662585063e+00
-5.866007538552164835e-02
1.175033204262339037e-01
6.335278253383567204e-01
1.693533859327511770e-01
4.070671881759917454e-01
8.541072032031842287e-01
1.079681255580050792e+00
1.123484776887954784e+00
1.358475504063815453e+00
4.880633963314999768e-01
-7.705687386630821756e-02
1.657158706448427887e+00
3.351536126616978528e+00
1.636196149249247167e+00
-6.745280087014373649e-01
-1.949508749470458158e+00
-3.035915155763582618e+00
-9.256775590994839042e-01
2.054380016479469884e+00
2.259543339938169915e+00
1.373410455313226919e+00
-2.460332749289650955e-01
-1.570876859697379668e+00
-6.645750590959330628e-01
1.537784359803369361e+00
1.410558331662925546e-01
-2.130851349303523268e+00
-3.406421534810099239e+00
-2.209154466861490196e+00
5.149596496021681125e-01
-1.646154837805984261e+00
-1.734894995655749117e+00
-3.708410061947997605e-03
-1.856763423293456450e+00
-1.171488661498808925e+00
-7.902606813060437663e-01
-2.497404638162366020e-01
-5.070730368690556933e-01
-2.493863630324219205e+00
-2.460984314887315172e+00
-2.059703408600302321e+00
-6.424310135613929829e-01
-1.449268303396588964e+00
-3.429459113045286944e+00
-1.889518520401953561e+00
-1.318693157299068996e-01
-3.515139433689310700e+00
-5.538899305953060903e+00
-2.286488563852085765e+00
1.553694832385293267e+00
7.763743112579095662e-01
7.448513191823815660e-01
-3.076243524071408331e+00
-4.082887333525096807e+00
-1.800099380892036471e+00
3.343102294324833412e-01
-2.486920559125071151e+00
-3.760943414649232430e+00
-2.259792808874687253e+00
2.283782509033361885e-01
-2.303202172703225914e-01
-2.180457751490249230e+00
-4.038544964862584408e+00
-2.049582084785597669e+00
-3.014215796000605518e+00
-6.360726488199176742e+00
-4.374405032781706559e+00
-3.018307963082473844e+00
-3.804411032087679612e+00
-7.703316533773221231e-01
-3.517967911521716839e+00
-3.479045028836958764e+00
8.426210342656492713e-02
-1.062115379031600693e+00
-7.213540647874127076e-01
-2.253058810377280174e+00
-5.046398822372022863e+00
-1.670921417818167942e+00
-2.726625949689034378e-01
-3.196561346185285313e+00
-3.117516042957038103e-01
-2.353455075580626943e+00
-3.260465538484648818e+00
-6.499242385905012576e+00
-6.140191448690577758e+00
-3.324062709678223815e+00
-2.955510766111569598e+00
-5.430452456206062983e+00
-4.522067604859164369e+00
-4.338643086242480962e+00
-3.077903231022085517e+00
-1.449545536824205616e+00
-6.730010180296956968e+00
-7.867153600289585214e+00
-2.010088430081942157e+00
-5.567677613671019543e+00
-8.047947367395623885e+00
-4.531608048497250962e+00
-1.707278611399980273e+00
-4.149422444344672556e+00
-5.109819733970250688e+00
-5.801642331370985950e+00
-4.327513930053083158e+00
-2.745996060484460877e+00
-2.657360583248943531e+00
-3.566795854368717045e+00
-3.745439763542075529e+00
-3.218510002741137299e+00
-1.278264540072648447e+00
-2.793671509951684673e+00
-2.522270523806910081e+00
-1.251111181923250104e+00
-5.899990222066382461e-01
-1.119167552953313161e+00
-8.309477300445362591e-01
-1.028433073641648487e+00
-1.671150555209137467e+00
-1.823509367577219820e+00
-2.540290704531707799e+00
-4.738694725695786758e+00
-3.810635674326512401e+00
-4.316408034435228469e-01
-3.505663555092958905e+00
-3.844585957480600946e+00
-3.602069132161637821e+00
-1.922354700867840993e+00
-1.602621704772999811e+00
-2.041599661185248493e+00
-8.576262369440347255e-01
-1.143943693887126134e+00
-1.770079470094452878e+00
-2.082115386540576818e+00
-1.830385992651867966e+00
-1.420161133353272431e+00
-2.513102557479547361e+00
-3.634076724236670941e+00
-3.455036513937622900e+00
-1.357078230312137812e+00
-1.458920501669732861e+00
-2.392255175949626000e+00
-8.211668045625361012e-01
-2.247344037988538101e+00
-3.357208017177625070e+00
-2.515175653235309561e+00
-1.416652788843684396e+00
0.000000000000000000e+00
0.000000000000000000e+00
0.000000000000000000e+00
0.000000000000000000e+00
0.000000000000000000e+00
0.000000000000000000e+00
0.000000000000000000e+00
0.000000000000000000e+00
0.000000000000000000e+00
0.000000000000000000e+00
0.000000000000000000e+00
0.000000000000000000e+00
0.000000000000000000e+00
0.000000000000000000e+00
0.000000000000000000e+00
0.000000000000000000e+00
0.000000000000000000e+00
0.000000000000000000e+00
0.000000000000000000e+00
0.000000000000000000e+00
0.000000000000000000e+00
0.000000000000000000e+00
0.000000000000000000e+00
0.000000000000000000e+00
0.000000000000000000e+00
0.000000000000000000e+00
0.000000000000000000e+00
0.000000000000000000e+00
0.000000000000000000e+00
0.000000000000000000e+00
0.000000000000000000e+00
0.000000000000000000e+00
0.000000000000000000e+00
0.000000000000000000e+00
0.000000000000000000e+00
0.000000000000000000e+00
0.000000000000000000e+00
0.000000000000000000e+00
0.000000000000000000e+00
0.000000000000000000e+00
0.000000000000000000e+00
0.000000000000000000e+00
0.000000000000000000e+00
0.000000000000000000e+00
0.000000000000000000e+00
0.000000000000000000e+00
0.000000000000000000e+00
0.000000000000000000e+00
0.000000000000000000e+00
0.000000000000000000e+00
0.000000000000000000e+00
0.000000000000000000e+00
0.000000000000000000e+00
0.000000000000000000e+00
0.000000000000000000e+00
0.000000000000000000e+00
0.000000000000000000e+00
0.000000000000000000e+00
0.000000000000000000e+00
0.000000000000000000e+00
0.000000000000000000e+00
0.000000000000000000e+00
0.000000000000000000e+00
0.000000000000000000e+00
0.000000000000000000e+00
0.000000000000000000e+00
0.000000000000000000e+00
0.000000000000000000e+00
0.000000000000000000e+00
0.000000000000000000e+00
0.000000000000000000e+00
0.000000000000000000e+00
0.000000000000000000e+00
0.000000000000000000e+00
0.000000000000000000e+00
0.000000000000000000e+00
0.000000000000000000e+00
0.000000000000000000e+00
0.000000000000000000e+00
0.000000000000000000e+00
0.000000000000000000e+00
0.000000000000000000e+00
0.000000000000000000e+00
0.000000000000000000e+00
0.000000000000000000e+00
0.000000000000000000e+00
0.000000000000000000e+00
0.000000000000000000e+00
0.000000000000000000e+00
0.000000000000000000e+00
0.000000000000000000e+00
0.000000000000000000e+00
0.000000000000000000e+00
0.000000000000000000e+00
0.000000000000000000e+00
0.000000000000000000e+00
0.000000000000000000e+00
0.000000000000000000e+00
0.000000000000000000e+00
0.000000000000000000e+00
0.000000000000000000e+00
0.000000000000000000e+00
0.000000000000000000e+00
0.000000000000000000e+00
0.000000000000000000e+00
0.000000000000000000e+00
0.000000000000000000e+00
0.000000000000000000e+00
0.000000000000000000e+00
0.000000000000000000e+00
0.000000000000000000e+00
0.000000000000000000e+00
0.000000000000000000e+00
0.000000000000000000e+00
0.000000000000000000e+00
0.000000000000000000e+00
0.000000000000000000e+00
0.000000000000000000e+00
0.000000000000000000e+00
0.000000000000000000e+00
0.000000000000000000e+00
0.000000000000000000e+00
0.000000000000000000e+00
0.000000000000000000e+00
0.000000000000000000e+00
0.000000000000000000e+00
0.000000000000000000e+00
0.000000000000000000e+00
0.000000000000000000e+00
0.000000000000000000e+00
0.000000000000000000e+00
0.000000000000000000e+00
0.000000000000000000e+00
0.000000000000000000e+00
0.000000000000000000e+00
0.000000000000000000e+00
0.000000000000000000e+00
0.000000000000000000e+00
0.000000000000000000e+00
0.000000000000000000e+00
0.000000000000000000e+00
0.000000000000000000e+00
0.000000000000000000e+00
0.000000000000000000e+00
0.000000000000000000e+00
0.000000000000000000e+00
0.000000000000000000e+00
0.000000000000000000e+00
0.000000000000000000e+00
0.000000000000000000e+00
0.000000000000000000e+00
0.000000000000000000e+00
0.000000000000000000e+00
0.000000000000000000e+00
0.000000000000000000e+00
0.000000000000000000e+00
0.000000000000000000e+00
0.000000000000000000e+00
0.000000000000000000e+00
0.000000000000000000e+00
0.000000000000000000e+00
0.000000000000000000e+00
0.000000000000000000e+00
0.000000000000000000e+00
0.000000000000000000e+00
0.000000000000000000e+00
0.000000000000000000e+00
0.000000000000000000e+00
0.000000000000000000e+00
0.000000000000000000e+00
0.000000000000000000e+00
0.000000000000000000e+00
0.000000000000000000e+00
0.000000000000000000e+00
0.000000000000000000e+00
0.000000000000000000e+00
0.000000000000000000e+00
0.000000000000000000e+00
0.000000000000000000e+00
0.000000000000000000e+00
0.000000000000000000e+00
0.000000000000000000e+00
0.000000000000000000e+00
0.000000000000000000e+00
0.000000000000000000e+00
0.000000000000000000e+00
0.000000000000000000e+00
0.000000000000000000e+00
0.000000000000000000e+00
0.000000000000000000e+00
0.000000000000000000e+00
0.000000000000000000e+00
0.000000000000000000e+00
0.000000000000000000e+00
0.000000000000000000e+00
0.000000000000000000e+00
0.000000000000000000e+00
0.000000000000000000e+00
0.000000000000000000e+00
0.000000000000000000e+00
0.000000000000000000e+00
0.000000000000000000e+00
0.000000000000000000e+00
0.000000000000000000e+00
0.000000000000000000e+00
