4.989624023437544409e-02
-3.201337097525056574e-01
-9.905577051743128525e-01
-8.393705814034746471e-01
-2.059907508928524589e-01
2.798504884339290122e-01
9.955653594937502460e-02
-1.994496210221691213e-01
7.148685029795809331e-02
1.484842927207589147e-01
-6.779976204808210172e-01
-5.430553906180528578e-01
3.489558505348555606e-01
5.486481075420083231e-01
-4.380172976834493248e-01
-3.228681483192625823e-01
5.834497701844716389e-01
6.430367645064748450e-01
-2.395311622731166601e-01
4.023228552075944764e-01
1.016477608169969349e+00
-5.925135997566208790e-01
-2.356632876085922312e-01
7.331490375411363614e-01
7.909015455980661358e-01
-2.014879931696844650e-02
3.663028471663295482e-01
-1.586972495563835350e-01
-1.745410665955368534e+00
-6.527064784217557758e-01
1.126233460221591320e+00
1.829275272805725550e+00
1.151745380947937214e+00
1.308627578571654348e+00
1.140635931883115850e+00
6.474016020474883115e-01
8.048261034139783110e-01
6.108374901253699196e-01
1.278887863519226897e-01
-3.850621799994259353e-01
-7.948802141148789691e-01
-9.399544249487806757e-01
-4.668692237469540540e-01
4.841719245450872844e-01
1.181046396701496137e+00
9.366171767592033071e-01
4.365339512899383267e-01
6.783912738891964000e-01
5.641550186242201281e-01
-9.073380486307942583e-01
-1.140358072043794468e-01
9.021300477547506969e-01
5.543766585303883110e-01
-1.364402576146657609e+00
-3.463667944146824329e-01
4.971664329548073358e-01
2.914010972140792521e-01
-2.041769863891580439e-01
-1.038307570698661086e+00
-1.336362762116358516e+00
-7.993241730682663082e-01
-4.799450503611524255e-01
-5.793814771006453590e-01
-1.055461913323427314e+00
-1.437919303141269811e+00
-9.472703287122015148e-01
1.522959116693645143e-02
6.171476837887364120e-01
1.632628385982473063e-01
-6.601715270065120489e-01
-9.938951046446702353e-01
-1.496073573305861437e+00
-1.504317610273261385e+00
-8.098436392518446603e-01
1.611324621657894696e-02
4.152484979482844452e-01
6.216668722851168560e-01
2.227226535202733171e-01
-9.236790938890306890e-01
-7.302359952109997998e-01
1.871605343169016056e-01
-1.997918616137285053e+00
-3.140375791351413870e+00
-2.468671213113140084e+00
-3.568178088012627924e-01
2.552710506545033731e+00
-4.064850478282125756e+00
-2.652303434222770484e+00
-2.852323601348683013e-02
2.193750545133870133e-01
-9.085800670538035639e-01
-6.860077689475851948e-01
-3.808838487034997833e-01
-8.461785008962068311e-01
-6.146577875265735180e-01
-5.387803317899519939e-01
-1.171908021435673408e+00
-9.646414147443262976e-01
-1.799593614141392628e-01
-5.222896591064074556e-01
-6.887216030871186057e-01
-1.562053470999633653e-01
-7.196489894077493510e-01
-1.120072196908745488e+00
2.583489098309033061e-02
-2.995337148905554692e-01
-1.223244930803951025e+00
-7.114395718533750301e-01
7.605604822660614328e-01
-1.136297393180427218e+00
-1.618157560302750486e+00
-4.502978895518883196e-01
4.305918196788844909e-01
7.827700217153906737e-01
-3.404382093849598334e-01
-2.436436882301468376e+00
-7.497761639931583844e-01
2.154912797678492975e+00
1.861336728674907182e+00
-4.705664111865381916e-01
6.327623216735931422e-01
6.175444908165728108e-01
-1.552528905535792703e+00
-1.834323635797642238e+00
1.013258188505831381e+00
1.937318701974550805e-01
-3.040729118833707556e+00
-2.314875924632469051e-01
-9.203909368723461881e-02
-2.047027965236665636e+00
1.297393171964668301e+00
1.941909128856957878e-01
-2.439487999466829482e+00
5.118826250168693193e-01
1.763860346429487969e+00
5.706017860401986219e-01
-1.884660002898199904e+00
-3.909845363127553597e+00
-4.675644746941510554e+00
-1.902386959079810147e+00
-2.186592907876088177e-01
-2.010722085568481532e-01
-1.855924056347122431e-01
1.473569299793599185e+00
1.689478249606795934e+00
1.988726321020098720e+00
4.214154820922736633e+00
2.038352604301310933e+00
-2.647144868356660297e+00
-3.256018255941475203e+00
-1.465036658812612913e+00
-1.258479568468908738e-01
4.721480351166276179e-01
1.460641908551033818e+00
2.059371675573455018e+00
1.371327862477923265e+00
7.872850615054693968e-02
-5.271483586210496952e-01
-1.897349849836916791e-01
5.466224744126331192e-01
5.612846445840440346e-01
5.448941934591911007e-02
-3.183478084441753175e-01
-4.587783579672856105e-01
-5.582829962331963269e-01
-8.096545497568090610e-01
-2.805021583898894555e-01
6.852252113787264953e-01
2.288740557115844787e-01
-1.136059349745923708e+00
-1.252678718911671041e+00
2.976421187826523429e-01
9.050683408510784567e-02
-1.674583154871719604e+00
8.304690523004047975e-01
2.490211013206272916e+00
9.099797019536168818e-01
-5.868563034950602386e-01
-1.704315217932296456e+00
-2.363887699052344971e+00
-1.036480015485364170e+00
4.621101205115198951e-01
1.081591748577238388e+00
1.096195199498773531e+00
-7.803396012660732683e-01
-2.076367128072923229e+00
-2.339992433080375189e+00
8.508419019559001484e-01
1.370162700530120237e+00
-2.076308949545807359e+00
-1.303180875001823225e+00
-8.790983676649002376e-01
-2.632329252502524142e+00
1.773595738341317229e+00
2.057447683966477481e+00
-2.761182898695206944e+00
-6.890618472213212442e-01
7.373986476832441461e-01
-3.546531197638589372e-01
4.977051602304414235e-01
2.541875246654094145e+00
1.269290733180195474e+00
-1.558005278655960613e+00
7.610276019342965270e-02
2.034346655321667363e+00
1.568310736021377494e+00
-5.722449923754304724e-01
-5.855525078636552028e-01
-8.930271998811849521e-01
-1.589036539854624674e-01
9.905777985287220755e-01
-1.381127013902327061e+00
-2.157488850852670392e+00
-6.106994299109658186e-01
1.960882152135789980e-02
-1.432363882872907723e+00
-1.498310400096676931e+00
-1.167941737403649594e+00
-1.637042772272603086e+00
-1.279316214583468891e+00
-5.299320724512139869e-01
-7.938200504115004996e-01
-1.177904573847787351e+00
-1.160922591394367931e+00
-1.383709381997561216e+00
-1.186859488905966487e+00
-4.560356468675266228e-01
-6.837818217589468617e-01
-1.217314937108514794e+00
-1.310759575989056902e+00
-2.613538132870893538e+00
-3.491416687650424233e+00
5.298917072541176054e-02
4.890634090543748869e+00
-1.382026374663214874e+00
-6.804100118910045403e+00
-2.622756877620592064e+00
2.712439456763686252e+00
3.173997279779001701e+00
-1.195961802378877614e-01
-1.531313806046422421e+00
1.436611164888466963e+00
1.742319806584955444e-01
-2.113968945912962472e+00
-2.901240542940123568e+00
-1.027806521089683400e+00
3.884825770338817819e-01
9.696219641949963552e-01
4.492731618461123233e-01
-7.667007193538830645e-01
-1.159300457237995019e+00
-9.574361700349964810e-01
-1.141936801710400795e+00
-1.136720504511369967e+00
-6.228107091286201324e-01
8.505498634038577421e-02
-1.271053914045561228e-01
-9.195644193487471085e-01
-1.462582478181650547e+00
-9.702976980624264947e-01
4.199421188937950689e-01
1.511406229201320839e+00
9.921912689074334768e-01
-1.231969653215361227e-01
-9.935957832673230072e-01
-3.744713925177685088e-01
1.185419744853775548e+00
4.581514706024707451e-01
-1.507532925341731112e+00
-1.734545320786500255e-01
1.798669890500817825e+00
1.023302546650563416e+00
-2.753461048238100561e-01
4.048753082894737676e-01
6.743130440400042502e-01
-9.856327267371978174e-02
-2.211772700214473808e-01
5.785439616358418746e-01
7.987087636662546508e-01
-1.799343401567092826e-01
-1.409356829169945424e+00
-1.458416020275399960e+00
-2.358526859963773203e-01
1.117798754318555687e+00
1.811990325293594717e+00
1.209009271444338784e+00
6.179464726032842803e-01
1.273285925353344172e+00
1.060124444802396981e+00
1.119338463021193331e-01
3.422179930498558953e-01
1.136825901221196311e+00
5.111781468600161693e-01
-8.391906761085249356e-01
3.333362473493870493e-01
2.067169475413447310e-01
-3.447917270320332017e-01
4.383857312486332258e-01
1.452573834086692051e+00
2.351556460844296259e-01
-6.390369811767939723e-01
3.312669921795409200e-01
-1.811687114687230427e-01
-1.238120606549663494e+00
-1.950599977401441532e-01
1.054320553667357441e+00
4.396457804907258904e-01
-1.253230044055568815e-01
4.745004353050793489e-01
5.508296928368897616e-01
-2.113669125558664819e-01
-4.927357109091726750e-01
6.029786876305380794e-01
4.807389601077590724e-01
-5.270882522313602436e-01
-9.147771993233756449e-01
-7.148805148184528280e-01
-5.610668314381856980e-01
6.115633152258579397e-01
5.824745843424967706e-01
1.130631953831259251e+00
0.000000000000000000e+00
0.000000000000000000e+00
0.000000000000000000e+00
0.000000000000000000e+00
0.000000000000000000e+00
0.000000000000000000e+00
0.000000000000000000e+00
0.000000000000000000e+00
0.000000000000000000e+00
0.000000000000000000e+00
0.000000000000000000e+00
0.000000000000000000e+00
0.000000000000000000e+00
0.000000000000000000e+00
0.000000000000000000e+00
0.000000000000000000e+00
0.000000000000000000e+00
0.000000000000000000e+00
0.000000000000000000e+00
0.000000000000000000e+00
0.000000000000000000e+00
0.000000000000000000e+00
0.000000000000000000e+00
0.000000000000000000e+00
0.000000000000000000e+00
0.000000000000000000e+00
0.000000000000000000e+00
0.000000000000000000e+00
0.000000000000000000e+00
0.000000000000000000e+00
0.000000000000000000e+00
0.000000000000000000e+00
0.000000000000000000e+00
0.000000000000000000e+00
0.000000000000000000e+00
0.000000000000000000e+00
0.000000000000000000e+00
0.000000000000000000e+00
0.000000000000000000e+00
0.000000000000000000e+00
0.000000000000000000e+00
0.000000000000000000e+00
0.000000000000000000e+00
0.000000000000000000e+00
0.000000000000000000e+00
0.000000000000000000e+00
0.000000000000000000e+00
0.000000000000000000e+00
0.000000000000000000e+00
0.000000000000000000e+00
0.000000000000000000e+00
0.000000000000000000e+00
0.000000000000000000e+00
0.000000000000000000e+00
0.000000000000000000e+00
0.000000000000000000e+00
0.000000000000000000e+00
0.000000000000000000e+00
0.000000000000000000e+00
0.000000000000000000e+00
0.000000000000000000e+00
0.000000000000000000e+00
0.000000000000000000e+00
0.000000000000000000e+00
0.000000000000000000e+00
0.000000000000000000e+00
0.000000000000000000e+00
0.000000000000000000e+00
0.000000000000000000e+00
0.000000000000000000e+00
0.000000000000000000e+00
0.000000000000000000e+00
0.000000000000000000e+00
0.000000000000000000e+00
0.000000000000000000e+00
0.000000000000000000e+00
0.000000000000000000e+00
0.000000000000000000e+00
0.000000000000000000e+00
0.000000000000000000e+00
0.000000000000000000e+00
0.000000000000000000e+00
0.000000000000000000e+00
0.000000000000000000e+00
0.000000000000000000e+00
0.000000000000000000e+00
0.000000000000000000e+00
0.000000000000000000e+00
0.000000000000000000e+00
0.000000000000000000e+00
0.000000000000000000e+00
0.000000000000000000e+00
0.000000000000000000e+00
0.000000000000000000e+00
0.000000000000000000e+00
0.000000000000000000e+00
0.000000000000000000e+00
0.000000000000000000e+00
0.000000000000000000e+00
0.000000000000000000e+00
0.000000000000000000e+00
0.000000000000000000e+00
0.000000000000000000e+00
0.000000000000000000e+00
0.000000000000000000e+00
0.000000000000000000e+00
0.000000000000000000e+00
0.000000000000000000e+00
0.000000000000000000e+00
0.000000000000000000e+00
0.000000000000000000e+00
0.000000000000000000e+00
0.000000000000000000e+00
0.000000000000000000e+00
0.000000000000000000e+00
0.000000000000000000e+00
0.000000000000000000e+00
0.000000000000000000e+00
0.000000000000000000e+00
0.000000000000000000e+00
0.000000000000000000e+00
0.000000000000000000e+00
0.000000000000000000e+00
0.000000000000000000e+00
0.000000000000000000e+00
0.000000000000000000e+00
0.000000000000000000e+00
0.000000000000000000e+00
0.000000000000000000e+00
0.000000000000000000e+00
0.000000000000000000e+00
0.000000000000000000e+00
0.000000000000000000e+00
0.000000000000000000e+00
0.000000000000000000e+00
0.000000000000000000e+00
0.000000000000000000e+00
0.000000000000000000e+00
0.000000000000000000e+00
0.000000000000000000e+00
0.000000000000000000e+00
0.000000000000000000e+00
0.000000000000000000e+00
0.000000000000000000e+00
0.000000000000000000e+00
0.000000000000000000e+00
0.000000000000000000e+00
0.000000000000000000e+00
0.000000000000000000e+00
0.000000000000000000e+00
0.000000000000000000e+00
0.000000000000000000e+00
0.000000000000000000e+00
0.000000000000000000e+00
0.000000000000000000e+00
0.000000000000000000e+00
0.000000000000000000e+00
0.000000000000000000e+00
0.000000000000000000e+00
0.000000000000000000e+00
0.000000000000000000e+00
0.000000000000000000e+00
0.000000000000000000e+00
0.000000000000000000e+00
0.000000000000000000e+00
0.000000000000000000e+00
0.000000000000000000e+00
0.000000000000000000e+00
0.000000000000000000e+00
0.000000000000000000e+00
0.000000000000000000e+00
0.000000000000000000e+00
0.000000000000000000e+00
0.000000000000000000e+00
0.000000000000000000e+00
0.000000000000000000e+00
0.000000000000000000e+00
0.000000000000000000e+00
0.000000000000000000e+00
