-8.898925781250000000e-01
2.703701012290737893e-01
-1.420313955158447605e-01
-9.216564245032374814e-01
9.016225709262605248e-01
8.893391763215543477e-01
-3.963574118912946975e-01
-1.553652556910181115e-01
1.147638440363436318e+00
1.434343431993889695e+00
-1.534111093592387398e-01
-1.874915856762314537e+00
-1.012136168941789371e+00
-3.166669197610497477e+00
-3.047821739439020572e+00
4.123241459779225515e-01
3.787278629698129784e+00
2.846141022058703562e-01
6.262106843896844133e-01
2.769269046397843770e+00
3.681464687451708073e+00
4.699486808580747521e+00
4.355483609530886646e+00
2.744313949009659304e+00
1.953245428479645440e+00
6.239895945041602499e-01
-1.809798343029008105e+00
-1.775324919898050968e+00
1.705986466081386155e-01
3.514725378412360879e+00
7.117846256080175849e+00
4.127439924686899353e+00
-2.233561783698601033e-02
4.471007776626794161e-01
-2.091251328587340197e-03
-2.951856414074414126e-01
1.800887198749980822e+00
-1.076556405539029981e+00
-3.386278468720393953e+00
8.898660585327444750e-01
6.829372485485556865e+00
6.705221858557518289e+00
4.672497671085841020e+00
4.873134936205672396e+00
4.213395040440790495e+00
-8.272953797927029562e-02
2.451923766254910930e-01
3.823962596303145389e+00
4.915624105577202307e+00
4.883352110630023724e-01
-2.872538543650544618e+00
1.139323602911746836e+00
3.454341194468419474e+00
6.106687234061316971e+00
4.027879381247780444e+00
1.285368920876534204e+00
5.690955394408822698e+00
6.021028583375110266e+00
-3.282195506756089287e-01
-4.311176092293563578e+00
-1.339977785577363134e+00
-1.766432394842517350e+00
-2.855695727204108358e-01
2.469289717190727540e+00
2.363076037333400770e+00
1.242359902853916065e+00
2.082961508769491044e+00
1.359569505577303605e+00
-9.422759704005230219e-01
-9.009547797350410114e-01
1.304829082549598951e+00
7.181614726188376707e-01
6.890040836122723888e-02
1.570015774978596346e+00
1.339150776217232997e+00
2.288631417262023682e-01
1.727103810340978374e+00
1.114244464716710903e+00
-7.555129230004542507e-02
6.242091319794673687e-01
2.270460519985693093e+00
2.389735592772032291e+00
2.487402740684661051e-01
3.497721012797805340e-02
4.577549830408529363e-01
-3.716443198487799915e-01
-3.289868533886551871e-01
5.118831286137319747e-01
6.059059988587864876e-01
-3.369096486679818980e-01
-4.298700062852762738e-01
7.547643863214683613e-01
1.594320897122986747e+00
1.758006345825020134e+00
1.086352232753116986e+00
-2.006432857433313455e-01
-1.152979089771645871e+00
-1.477550027610986083e+00
-2.539609462549481833e+00
-2.640461881438665337e+00
-8.284465423725011490e-01
2.209682410123226859e+00
3.676394305319041766e+00
2.553480624240810570e+00
-5.740140065800649616e-01
-1.965696821952775286e+00
-1.798162547669499567e+00
-2.115370786217965815e+00
-1.489097151563741450e+00
7.788711187251162738e-01
2.374226857576921645e+00
2.044893761394533271e+00
-4.596489819612088468e-01
-2.065799190708415445e+00
-2.393350944477050213e+00
-2.585429139876785243e+00
-1.902806835036286781e+00
-4.429287630625586836e-01
5.775621961724874964e-01
5.086693073673220766e-02
-1.006084931082332101e+00
1.456311812438063846e+00
1.749111969367449282e+00
-1.333000288955350499e-01
-1.736761333303743937e+00
-6.403146221059252685e-01
-1.113111645233981761e-01
-8.528968911188699042e-01
-1.397537866637286630e+00
3.282348378339650097e-02
2.104976557236136081e+00
1.419390047181461778e+00
2.807608689294596171e-01
-1.260470626978115183e-01
4.991542518693986574e-02
-3.057080490120824279e-01
-3.790667616527131356e-01
-4.519771769812883644e-01
-2.779544826495923271e-01
1.388767523028743844e-01
1.924986349883687775e-01
5.336248640264443788e-01
1.114329253074011650e+00
1.070081282284744528e+00
8.044449917559910457e-01
9.594028622953190144e-01
2.577206146873122217e-01
-5.494587433782105457e-01
-1.419076898283431198e-01
4.067081330230359892e-01
3.419891144975041319e-01
1.621317868318578048e-01
-2.689245647318471155e-01
-6.985837234671097296e-01
1.078455285718758816e+00
1.813558404641089083e+00
1.530680909772709652e+00
1.506290382453851162e+00
1.675004670959711506e+00
1.133451892000524985e+00
9.353644241871045262e-01
2.001924847499919391e+00
1.475040722522849013e+00
-1.488393463626878077e-01
3.094315298294276761e-01
1.284788150626394954e+00
8.266165575922967967e-02
-6.729870628258134424e-01
3.747071347827581889e-01
1.606158255543258528e+00
2.111467718558838413e+00
2.003535317791669712e+00
1.396870841387082063e+00
8.648854386595066224e-01
5.306917286153476354e-01
5.545781398508111693e-01
5.451602050325963233e-01
4.570506366176140256e-01
7.442655455582070090e-01
8.385019329886196360e-01
7.929516676228938188e-01
1.685441714118743661e+00
2.909495875675822685e+00
2.982560164602215291e+00
2.413072507640536823e-01
-9.821699945875460580e-01
1.531225467247239180e-01
1.729559818715419972e+00
3.354426891442309433e+00
4.480608653952138809e+00
4.300844741493937917e+00
3.764425309600125669e+00
3.516981536477456594e+00
3.543073342328432407e+00
2.630119686363108666e+00
-6.290031890689704586e-01
-2.156488454479296379e+00
6.891800452509919683e-01
2.828354712274324889e+00
7.716923722823034737e-01
-2.522010338626951675e+00
-4.328741015701931261e+00
-2.128985916596586314e+00
1.478732502156720585e+00
-1.930345110481990867e+00
-5.180356055119882619e+00
-3.279953317811588054e+00
1.279822819675032974e+00
5.671683628216741546e+00
4.926497750019391830e+00
1.475241912139912515e+00
-7.178692970640456750e-01
-8.158797990061716909e-01
-2.245576671057381013e-02
-9.120919440373751463e-01
-1.563550844711432131e+00
-1.177440729498007599e+00
-1.382392421454401443e-01
1.228091004089738592e+00
-7.449108176569518847e-02
-1.406434801393458223e+00
-1.190216771877491198e+00
6.096381982505278962e-01
1.130372266662043712e+00
-9.694951066802102169e-01
-1.062991093750096816e+00
-7.611857620733006868e-01
-2.586480223871912010e-01
2.228817137638394730e-01
-1.271527897720477362e+00
-2.086242326703416694e+00
-4.245954180267590417e-01
3.475901450216420940e+00
5.466053905598881713e+00
2.869227390076226847e+00
-5.775691817291610519e-01
-3.237382691529463674e+00
-2.848732548778407647e+00
8.025286036854997196e-01
-1.896521085976875742e+00
-4.399244823466858634e+00
-3.987472733772486677e+00
-1.128033601282214526e-01
3.352220812580462450e+00
2.230701982245227200e+00
-3.487632175061250450e-01
-1.607683618163559647e+00
1.072802414461389020e+00
2.346972327516806178e+00
2.774398831034861956e+00
3.403011550085373482e+00
4.206744239740210389e+00
4.854406302498286863e+00
4.451292535633679215e+00
3.313953393858738217e+00
1.533626013461214965e+00
-6.525282713738222995e-02
-6.638757334670640775e-01
1.170308414508653527e+00
1.931696712874792610e+00
1.954026569227202526e+00
1.331601556355629157e+00
1.221986127295731084e+00
1.703246204450140633e+00
1.454132009780831458e+00
2.355856527820981983e-01
7.128191912897618998e-01
-1.007641250162529811e-01
-3.787933967990826378e-01
7.849825063304560757e-01
1.958804417337245862e+00
2.424874776242248231e+00
1.933244723168717316e+00
5.785679230594920064e-01
1.778092816968284140e-01
4.447910232033494005e-01
4.445215904318819966e-01
5.723918093282620578e-01
6.356834714316514923e-01
7.573212104701849690e-01
1.829842973370938264e+00
1.826733167298749017e+00
5.495431348943794481e-01
8.711223088167434625e-01
1.741040171227219879e+00
1.748894940093681738e+00
1.889770428503768862e+00
1.799336584009644024e+00
5.247799436774398529e-01
-7.217965293620312028e-01
1.332189536347155867e-01
5.296310741782626064e-01
-4.897698936790271240e-01
-6.012107893604230480e-01
-1.600846189354827587e-01
6.601903461967221221e-01
3.419653073193140713e-01
3.926767511720166137e-01
1.226841909898920724e+00
1.481652042651422585e+00
1.096197751906475393e+00
6.858047450672668521e-01
1.483973419084238521e-01
-1.919633806224608774e-01
-5.908476107214494233e-01
-4.553175923443117945e-01
7.316646248756430992e-02
4.575133294020772290e-02
-6.154150683312483716e-01
-3.407102367089200889e-01
6.660488724933550930e-01
1.822308365009188913e+00
6.512003829124948240e-01
-1.005861898588248593e+00
-1.428151352275340180e+00
-3.661805482441298221e-01
-6.920020135641280490e-02
-9.633892651422424347e-01
-1.394341266398227530e+00
7.747085370833268758e-01
2.114905112862548453e+00
9.208157191641483941e-01
-1.577843590580391364e+00
-5.649999844233390967e-01
-2.147026081803393716e-01
-1.170353925494471259e+00
-2.093765391569996748e+00
-1.943487745403668976e+00
-1.485483726743920263e+00
-1.130274373458531878e+00
7.957575259164423320e-01
1.759398791825003139e+00
1.442440186692213411e+00
-1.021787022564892844e-01
-2.447233667797585888e+00
-2.305399375915547111e+00
-9.765334543334081019e-01
-6.617707588885954895e-01
4.664224480054882660e-01
2.852497881771801413e+00
2.939510938056462130e+00
3.687907670809189575e-01
-2.212564030645766344e+00
-2.304841728124151778e+00
-9.038544005653970093e-01
-4.182738945268540398e-01
-8.642162790838117115e-01
2.045709483371566106e-01
7.397814905883635106e-01
7.959559334870212055e-01
1.172380080048351036e+00
1.308930949274861533e+00
3.292264747837774230e-01
-6.360535725808147411e-01
5.736938896261560838e-01
8.721163089499135435e-01
-2.470628011427259407e-01
-2.712822251773177040e-01
4.912720493543423217e-01
5.035574889606053706e-02
8.039828573611371709e-01
1.704329231671941614e+00
1.192220711572015812e+00
3.101510743736439757e-01
8.148440118911033370e-01
1.996652618680903046e+00
5.854629473476844481e-01
8.820871926677178454e-01
1.602330967543568851e+00
-9.654946429373811867e-02
-2.855194693420406438e-01
1.539319758022566376e+00
1.090608760961624402e+00
-1.733408578605754702e+00
-5.267815576550578527e-01
1.971167714637588109e+00
1.460943374496009639e+00
1.344693301237532612e+00
2.218058690122493015e+00
1.608755468057704974e+00
2.914933624222948438e-01
-1.490081714898226384e+00
-3.923634657828078076e+00
-4.899782176938991540e+00
2.814930145492644975e+00
6.445077631847169641e+00
3.714487433945444117e+00
2.933078198999636843e+00
4.882260296240247044e+00
4.658975545597641599e+00
3.948285398231415666e+00
5.800896912886370771e-01
-2.969651515308395773e+00
2.640954616511502095e+00
4.375621634590663334e+00
2.814872320681983897e+00
1.411487642155334399e+00
1.412402761757299841e+00
3.575109584234485549e+00
4.028623876824757311e+00
4.639068179607001241e+00
6.651659426943609787e+00
3.973184805511012385e+00
-1.502244550995532002e+00
-2.757388842226997205e+00
2.667916520221286891e+00
2.947207762709650680e+00
-1.485811544137328744e+00
3.434058002413920008e-02
-3.052503356386861988e-01
1.140527657907909109e+00
5.407051735289420513e+00
4.315745948716681823e+00
2.388908418282894353e+00
1.380678218927204881e-01
-9.451663312267135630e-01
5.130552403599077937e-01
-4.573230168857511657e-01
-1.207300073268946505e-01
3.145425521588850692e+00
6.071244491219486505e+00
5.950434045075271960e+00
3.859566248241569131e+00
2.000191172660382488e+00
5.676613776431689296e-01
1.966617745150521124e+00
4.830973289358753142e-01
-9.545526557935373191e-01
-1.350428317941476664e+00
-1.613625107100370437e+00
-1.166936801503605015e+00
-9.226708542879579200e-01
5.907160693327970780e-01
9.303539707239218970e-01
5.744485393566416409e-01
-2.677189295159490001e-01
-7.023807204437515495e-03
1.322344239475397032e+00
-1.076409809045564048e+00
-1.549949213512690438e+00
6.109389808952596645e-01
2.879327044794778967e+00
0.000000000000000000e+00
0.000000000000000000e+00
0.000000000000000000e+00
0.000000000000000000e+00
0.000000000000000000e+00
0.000000000000000000e+00
0.000000000000000000e+00
0.000000000000000000e+00
0.000000000000000000e+00
0.000000000000000000e+00
0.000000000000000000e+00
0.000000000000000000e+00
0.000000000000000000e+00
0.000000000000000000e+00
0.000000000000000000e+00
0.000000000000000000e+00
0.000000000000000000e+00
0.000000000000000000e+00
0.000000000000000000e+00
0.000000000000000000e+00
0.000000000000000000e+00
0.000000000000000000e+00
0.000000000000000000e+00
0.000000000000000000e+00
0.000000000000000000e+00
0.000000000000000000e+00
0.000000000000000000e+00
0.000000000000000000e+00
0.000000000000000000e+00
0.000000000000000000e+00
0.000000000000000000e+00
0.000000000000000000e+00
0.000000000000000000e+00
0.000000000000000000e+00
0.000000000000000000e+00
0.000000000000000000e+00
0.000000000000000000e+00
0.000000000000000000e+00
0.000000000000000000e+00
0.000000000000000000e+00
0.000000000000000000e+00
0.000000000000000000e+00
0.000000000000000000e+00
0.000000000000000000e+00
0.000000000000000000e+00
0.000000000000000000e+00
0.000000000000000000e+00
0.000000000000000000e+00
0.000000000000000000e+00
0.000000000000000000e+00
0.000000000000000000e+00
0.000000000000000000e+00
0.000000000000000000e+00
0.000000000000000000e+00
0.000000000000000000e+00
0.000000000000000000e+00
0.000000000000000000e+00
0.000000000000000000e+00
