4.991455078125000000e-01
2.788613558257906355e-01
-1.321951423264861036e-02
-1.987016488524447344e-01
-1.962935195540228550e-01
-9.491704655757482456e-02
-2.351567176231339484e-02
4.960263196443853717e-02
2.047770702362035067e-01
3.546705154200623933e-01
4.437740414125159738e-01
5.243387806589455691e-01
6.432873982457824047e-01
6.319515284183994108e-01
4.374056110528706798e-01
2.350835883642254931e-01
7.948478576644313343e-02
-2.092128757452438315e-02
-1.369220417168641735e-01
-2.852802322271965618e-01
-3.495842394540061848e-01
-1.711528958242117815e-01
2.936601667857445808e-01
8.319918215680466300e-01
1.162865460326134581e+00
1.201608595241939970e+00
1.027394071357513594e+00
4.996691744846550876e-01
2.709178088644509375e-01
1.238043263530580473e-01
-2.570804675401929806e-01
-5.332879171359182768e-01
-5.224426967575490632e-01
-5.544036521298979503e-01
-6.979189948134012500e-01
-7.633368157856748049e-01
-6.992718687615695483e-01
-3.031018050993807833e-01
1.988830019626992573e-01
6.901599513909185690e-01
9.629737870782266729e-01
1.013000672184355189e+00
8.521993404610834766e-01
5.281008624619206726e-01
1.857490559465756474e-01
-3.037946341167436781e-01
-8.164272844951946384e-01
-8.320269527350009353e-01
-6.992044382590197893e-01
-3.849604498557084864e-01
4.724207370104538395e-02
1.856509560090865429e-01
1.066781386142376942e-01
-3.463539798770431943e-02
-4.308066589922592282e-01
-9.209930249970244009e-01
-1.580846145843159078e+00
-2.290179911805626300e+00
-3.172631615621957835e+00
-3.877035726611428146e+00
-3.365181609769820170e+00
-2.634695258721642563e+00
-2.499242593299098925e+00
-2.462209364075337525e+00
-2.333812333984758958e+00
-2.039066083140689933e+00
-1.796968293285093221e+00
-1.786354301891681207e+00
-1.198307265369805030e+00
-1.066173027290173714e-01
1.256413189051934332e+00
1.662526297512602058e+00
9.992012912861705232e-01
8.412251966257291436e-01
9.779127003776695304e-01
1.034936836127847481e+00
8.763757580200037811e-01
6.911176717831718497e-01
1.107329600805242231e+00
1.427235077584467993e+00
1.226427593092687562e+00
6.994128709355522666e-01
6.240235468098354055e-02
-3.965907930373646639e-01
-6.192966693212765827e-01
-6.189729167669935084e-01
-4.948211077011878678e-01
-4.837657668343288142e-01
-5.838626957813092266e-01
-5.431247310623766866e-01
-1.435044436769149501e-01
4.320828792973144816e-01
7.640687731968718310e-01
5.607260859658377283e-01
1.804515500282525275e-01
-2.819985180311161965e-01
-1.118368059771706946e+00
-1.929606140518873136e+00
-2.513205386915260409e+00
-2.950822704867503532e+00
-2.969677236448806212e+00
-2.639218869410421942e+00
-2.221093679300217616e+00
-1.562962437440337027e+00
-8.432456084557502507e-01
-3.850362585445572527e-01
-1.506495407167185441e-02
2.259533299314142596e-01
3.129906320381898865e-01
5.227565294983937960e-02
-4.359799933722290355e-01
-9.119490615969627623e-01
-1.179233442784331398e+00
-1.335808560718350080e+00
-1.296195098371308196e+00
-1.115722975173845111e+00
-8.748495388599650813e-01
-6.719616929649703252e-01
-5.901267432430516990e-01
-9.304775674002894181e-01
-1.409280084163735625e+00
-1.722044930342030433e+00
-2.072104443394836348e+00
-2.266413726740018397e+00
-2.110076189259395996e+00
-1.668771138155494160e+00
-9.466781918411675267e-01
-2.848835608743518488e-01
-3.379883884385914694e-02
2.111329774027773665e-01
6.010921561129325408e-01
7.702864397482195313e-01
7.984843867597795075e-01
9.575909145699403879e-01
1.295977164963399764e+00
1.451027262814526209e+00
1.259723277233093519e+00
8.409641164827958981e-01
4.265575739686682244e-01
7.438798227118703643e-02
3.479862818178491857e-02
3.489821228546938769e-01
6.657767366933058373e-01
8.410240315286461321e-01
8.135889446562791782e-01
6.028770833835935816e-01
1.322113022849158437e-01
-4.244828358993242290e-01
-9.438880896347001670e-01
-1.183288984624496276e+00
-1.004677793008640352e+00
-4.544888422170445530e-01
-7.864959702693508081e-01
-2.072878773781947626e+00
-3.062815061536899197e+00
-3.530344529024508571e+00
-3.617561016991150957e+00
-4.003590619536060657e+00
-3.968574010345371050e+00
-3.536657191946580792e+00
-2.919006073692523184e+00
-2.403098354060393849e+00
-2.548364676003781248e+00
-2.567153018107709350e+00
-1.933172779833374877e+00
-1.508398873156981068e+00
-1.038500281191956809e+00
1.018833495651001453e-01
1.068051672993042267e+00
1.795273237239316533e+00
2.106380334844963897e+00
2.387672936112327005e+00
2.681184027823757532e+00
2.435684302584541161e+00
2.018645794717334407e+00
1.596564445245159281e+00
1.388395303497622191e+00
1.669962150543603752e+00
1.943791824365529886e+00
1.584416637708025544e+00
1.088784806726121213e+00
6.542107229858216133e-01
1.629457645690686185e-01
-4.004631803461701223e-01
-1.054728902977323690e+00
-1.225738162153700239e+00
-1.154576368460148661e+00
-1.076731994195105901e+00
-7.971288204778059772e-01
-4.355475180509706945e-01
-2.174757271181086971e-01
-1.004013705530997225e-01
-1.460275824930175048e-01
-2.511522947335842471e-01
-4.303944204484185243e-01
-4.458688441156138937e-01
-1.542529377745804342e-01
-2.433738139999681582e-01
-6.590070387928381734e-02
1.205139881822697712e-01
1.924865998053242322e-01
2.620467361479696944e-01
3.429026144247320218e-01
4.430075308024683522e-01
5.091778559332174048e-01
4.056286734434673136e-01
1.846156712001856270e-01
2.573633248051487854e-02
1.215312946852052933e-01
1.761778223093943829e-01
2.025532743197340224e-01
2.176095645444927618e-01
2.092831449504429786e-01
4.677058654109316760e-01
6.783604278774200136e-01
6.648469365933038500e-01
7.454313314384901634e-01
8.968197254484369108e-01
1.057210500319505808e+00
1.114308859181890377e+00
1.034496420185059495e+00
9.752144713204750071e-01
9.636604603775821287e-01
8.506822378190778133e-01
8.809250631144331933e-01
9.837231150210519193e-01
1.107659870726988904e+00
1.213688606811532233e+00
1.309602056710829521e+00
1.417697872706645601e+00
1.504149913210102607e+00
1.428676001571541843e+00
1.192169373977445046e+00
9.508721622754612302e-01
7.584245008522741971e-01
5.689352245588805701e-01
3.906068736531108088e-01
3.034862364423842052e-01
2.888425416317776939e-01
2.604025398544518310e-01
2.680468191131247790e-01
3.675810256200588433e-01
4.787438340125952929e-01
0.000000000000000000e+00
0.000000000000000000e+00
0.000000000000000000e+00
0.000000000000000000e+00
0.000000000000000000e+00
0.000000000000000000e+00
0.000000000000000000e+00
0.000000000000000000e+00
0.000000000000000000e+00
0.000000000000000000e+00
0.000000000000000000e+00
0.000000000000000000e+00
0.000000000000000000e+00
0.000000000000000000e+00
0.000000000000000000e+00
0.000000000000000000e+00
0.000000000000000000e+00
0.000000000000000000e+00
0.000000000000000000e+00
0.000000000000000000e+00
0.000000000000000000e+00
0.000000000000000000e+00
0.000000000000000000e+00
0.000000000000000000e+00
0.000000000000000000e+00
0.000000000000000000e+00
0.000000000000000000e+00
0.000000000000000000e+00
0.000000000000000000e+00
0.000000000000000000e+00
0.000000000000000000e+00
0.000000000000000000e+00
0.000000000000000000e+00
0.000000000000000000e+00
0.000000000000000000e+00
0.000000000000000000e+00
0.000000000000000000e+00
0.000000000000000000e+00
0.000000000000000000e+00
0.000000000000000000e+00
0.000000000000000000e+00
0.000000000000000000e+00
0.000000000000000000e+00
0.000000000000000000e+00
0.000000000000000000e+00
0.000000000000000000e+00
0.000000000000000000e+00
0.000000000000000000e+00
0.000000000000000000e+00
0.000000000000000000e+00
0.000000000000000000e+00
0.000000000000000000e+00
0.000000000000000000e+00
0.000000000000000000e+00
0.000000000000000000e+00
0.000000000000000000e+00
0.000000000000000000e+00
0.000000000000000000e+00
0.000000000000000000e+00
0.000000000000000000e+00
0.000000000000000000e+00
0.000000000000000000e+00
0.000000000000000000e+00
0.000000000000000000e+00
0.000000000000000000e+00
0.000000000000000000e+00
0.000000000000000000e+00
0.000000000000000000e+00
0.000000000000000000e+00
0.000000000000000000e+00
0.000000000000000000e+00
0.000000000000000000e+00
0.000000000000000000e+00
0.000000000000000000e+00
0.000000000000000000e+00
0.000000000000000000e+00
0.000000000000000000e+00
0.000000000000000000e+00
0.000000000000000000e+00
0.000000000000000000e+00
0.000000000000000000e+00
0.000000000000000000e+00
0.000000000000000000e+00
0.000000000000000000e+00
0.000000000000000000e+00
0.000000000000000000e+00
0.000000000000000000e+00
0.000000000000000000e+00
0.000000000000000000e+00
0.000000000000000000e+00
0.000000000000000000e+00
0.000000000000000000e+00
0.000000000000000000e+00
0.000000000000000000e+00
0.000000000000000000e+00
0.000000000000000000e+00
0.000000000000000000e+00
0.000000000000000000e+00
0.000000000000000000e+00
0.000000000000000000e+00
0.000000000000000000e+00
0.000000000000000000e+00
0.000000000000000000e+00
0.000000000000000000e+00
0.000000000000000000e+00
0.000000000000000000e+00
0.000000000000000000e+00
0.000000000000000000e+00
0.000000000000000000e+00
0.000000000000000000e+00
0.000000000000000000e+00
0.000000000000000000e+00
0.000000000000000000e+00
0.000000000000000000e+00
0.000000000000000000e+00
0.000000000000000000e+00
0.000000000000000000e+00
0.000000000000000000e+00
0.000000000000000000e+00
0.000000000000000000e+00
0.000000000000000000e+00
0.000000000000000000e+00
0.000000000000000000e+00
0.000000000000000000e+00
0.000000000000000000e+00
0.000000000000000000e+00
0.000000000000000000e+00
0.000000000000000000e+00
0.000000000000000000e+00
0.000000000000000000e+00
0.000000000000000000e+00
0.000000000000000000e+00
0.000000000000000000e+00
0.000000000000000000e+00
0.000000000000000000e+00
0.000000000000000000e+00
0.000000000000000000e+00
0.000000000000000000e+00
0.000000000000000000e+00
0.000000000000000000e+00
0.000000000000000000e+00
0.000000000000000000e+00
0.000000000000000000e+00
0.000000000000000000e+00
0.000000000000000000e+00
0.000000000000000000e+00
0.000000000000000000e+00
0.000000000000000000e+00
0.000000000000000000e+00
0.000000000000000000e+00
0.000000000000000000e+00
0.000000000000000000e+00
0.000000000000000000e+00
0.000000000000000000e+00
0.000000000000000000e+00
0.000000000000000000e+00
0.000000000000000000e+00
0.000000000000000000e+00
0.000000000000000000e+00
0.000000000000000000e+00
0.000000000000000000e+00
0.000000000000000000e+00
0.000000000000000000e+00
0.000000000000000000e+00
0.000000000000000000e+00
0.000000000000000000e+00
0.000000000000000000e+00
0.000000000000000000e+00
0.000000000000000000e+00
0.000000000000000000e+00
0.000000000000000000e+00
0.000000000000000000e+00
0.000000000000000000e+00
0.000000000000000000e+00
0.000000000000000000e+00
0.000000000000000000e+00
0.000000000000000000e+00
0.000000000000000000e+00
0.000000000000000000e+00
0.000000000000000000e+00
0.000000000000000000e+00
0.000000000000000000e+00
0.000000000000000000e+00
0.000000000000000000e+00
0.000000000000000000e+00
0.000000000000000000e+00
0.000000000000000000e+00
0.000000000000000000e+00
0.000000000000000000e+00
0.000000000000000000e+00
0.000000000000000000e+00
0.000000000000000000e+00
0.000000000000000000e+00
0.000000000000000000e+00
0.000000000000000000e+00
0.000000000000000000e+00
0.000000000000000000e+00
0.000000000000000000e+00
0.000000000000000000e+00
0.000000000000000000e+00
0.000000000000000000e+00
0.000000000000000000e+00
0.000000000000000000e+00
0.000000000000000000e+00
0.000000000000000000e+00
0.000000000000000000e+00
0.000000000000000000e+00
0.000000000000000000e+00
0.000000000000000000e+00
0.000000000000000000e+00
0.000000000000000000e+00
0.000000000000000000e+00
0.000000000000000000e+00
0.000000000000000000e+00
0.000000000000000000e+00
0.000000000000000000e+00
0.000000000000000000e+00
0.000000000000000000e+00
0.000000000000000000e+00
0.000000000000000000e+00
0.000000000000000000e+00
0.000000000000000000e+00
0.000000000000000000e+00
0.000000000000000000e+00
0.000000000000000000e+00
0.000000000000000000e+00
0.000000000000000000e+00
0.000000000000000000e+00
0.000000000000000000e+00
0.000000000000000000e+00
0.000000000000000000e+00
0.000000000000000000e+00
0.000000000000000000e+00
0.000000000000000000e+00
0.000000000000000000e+00
0.000000000000000000e+00
0.000000000000000000e+00
0.000000000000000000e+00
0.000000000000000000e+00
0.000000000000000000e+00
0.000000000000000000e+00
0.000000000000000000e+00
0.000000000000000000e+00
0.000000000000000000e+00
0.000000000000000000e+00
0.000000000000000000e+00
0.000000000000000000e+00
0.000000000000000000e+00
0.000000000000000000e+00
0.000000000000000000e+00
0.000000000000000000e+00
0.000000000000000000e+00
0.000000000000000000e+00
0.000000000000000000e+00
0.000000000000000000e+00
0.000000000000000000e+00
0.000000000000000000e+00
