2.567749023437500000e-01
6.568374735122384234e-02
4.580504363629884779e-01
3.304987221276690645e-01
8.054155121161233888e-01
4.420135287911564070e-02
4.818859780602307019e-01
-1.162196332897553530e+00
-4.118477394159201666e+00
-3.371231865482161361e+00
3.911501975636337836e-01
1.742456950029132035e-01
-6.467304671925241388e-01
-6.485869247864441967e-01
2.504778500419891252e+00
9.710958710176378350e-01
-1.035713281418613185e+00
-1.899304773330897644e+00
1.433563380843624779e+00
2.353782509143522272e+00
-1.826709306477576122e+00
-7.377509104210759894e+00
-4.403415524461205877e+00
-1.009762453488116662e+00
1.900195236167819157e+00
-1.219951970617555670e+00
-3.157156271042946827e-01
2.824194343903783988e+00
4.371760355242375606e-01
-1.614384855292486209e+00
2.653047938751238455e-01
1.712599480340383673e+00
6.514763420824976059e-01
1.836926824772374678e-01
8.609958218635311855e-01
9.011209140575859866e-01
4.596522058265990474e-01
-1.774422380565302326e+00
-3.948370401535839846e+00
-7.643694940580706643e+00
-6.854252968874410712e+00
-3.474035198450097894e+00
1.349532295901211265e+00
-1.172563271639406324e-01
-1.469825464020753758e+00
-1.350069967753037004e+00
5.695152509544798569e-01
1.363517545559469246e+00
-2.057083271297974747e-01
-5.941287370989938310e-01
3.287167257574251655e-01
-1.577392811420015750e+00
-1.429395817122884882e+00
-5.367006679166490102e+00
-8.545059936109071330e+00
-5.095990776475914252e+00
-2.942390040399296858e+00
-6.783691224236760853e-01
1.121154066163821295e+00
-8.897615933587448289e-01
-2.522686483141816094e-01
1.902775974390650271e-01
-1.009066778285522270e+00
-2.286825012301054727e-01
9.020432417877914943e-01
6.098592418444738206e-01
1.532155786065710457e+00
-6.630408598644259577e-01
-7.178172545958960704e-02
-9.539647429366278075e-01
-7.601084769937598296e-01
8.131481851346185064e-01
7.279905031832345497e-01
4.606119165255428971e-01
3.150565284550556067e-01
-6.099255978341560080e-01
-1.736122595770764221e+00
-3.234665440130364278e-01
-1.436004022913657696e+00
-7.585804818772172720e-01
-8.505107384812454763e-01
-6.073742495996481416e-01
2.768804581183561542e-01
5.689261335953799126e-02
1.057992870358641646e+00
1.835228497915382340e+00
-5.985719720730973137e-01
-1.107114408722416066e-01
6.319950240741459835e-01
-1.172005665057188617e-01
-8.205390825277181222e-02
1.479430579812427426e-01
-1.435476064769206084e-01
-6.853447197174109551e-01
-3.380937134477371986e-01
-1.410087312257367609e-01
-6.077224877763338640e-01
-9.740862920793690316e-01
-8.370065617469693020e-01
-2.607396389851177609e+00
-2.764933678973136022e+00
-2.596119853092725416e-01
-1.823663120294249929e-02
2.483812331238379745e-01
-1.620416030297975318e-01
-3.587076587653957871e-01
9.060834427257347112e-01
3.558698864042029175e-01
-1.381979604509681492e+00
4.827346125797531418e-01
-5.287904423743269300e-01
-2.716153393726626897e-01
6.644846291533748062e-01
-4.017653718662108631e-01
-1.449149811295181278e+00
-2.765202653215368844e+00
-2.839988265182059379e+00
-8.277067937887311322e-01
-7.618609513124267041e-01
-5.045852492519397048e-01
7.769043779805937522e-01
3.634252676644249558e-01
-1.268540789879744612e-01
1.376908739977418694e+00
2.270956281282915157e+00
1.104532920791448269e+00
1.798940800382236471e+00
4.808528743054340637e+00
4.403348167083957598e+00
-2.256309409393421284e+00
3.008944191131706525e+00
4.121179203216502884e+00
-1.301762589264912728e+00
3.474678516392802674e+00
2.954601115223260077e+00
9.634155379895315008e-02
-2.565158768225619834e+00
-9.622363539935805399e-01
2.498943865904243999e+00
1.777467333199637789e+00
5.547450342674808965e-02
3.203014876077518558e+00
5.680383012957230804e-01
-3.231345004030620860e+00
-1.982770034186516428e+00
1.683544318494094583e-01
-6.734494767018066597e-01
-4.595920427970051847e+00
2.089088053115024657e+00
-1.597224998713420163e-01
-3.474186916602337583e+00
1.928414355399463709e-01
4.117847880012480033e+00
6.605779749494071762e-01
1.154887148782493878e+00
3.382902211903555667e-01
5.964709821326927841e-01
9.688548551656732677e-01
1.628402520462392644e+00
-4.197720050821708959e+00
8.447557112383034195e+00
-4.304702804734013455e+00
2.732730228570190434e+00
1.657683629452278540e+00
5.600073198651699613e+00
1.393756139101152147e+00
1.133571237702141943e+01
6.241972087946371595e+00
1.280238051855642922e+01
2.636258374128594983e+00
3.014807021936409370e+00
-5.946448463630051862e-01
1.977321222259293299e+00
3.870778193154694513e+00
-1.090441236723336971e+01
-2.219938000580509652e+01
-1.001181352083084342e+00
-1.231568549757598241e+01
-8.870732292083221893e+00
-5.780950571744358779e-01
-1.040017355718213743e+00
-4.716420474167847487e+00
-1.038336423830127142e+00
-3.528793053715815198e-01
-1.709248008095390459e+00
-1.039221065471329863e+00
5.110548094662531460e-01
1.250633367896889503e+00
-2.089182697301270153e+00
1.575182883732948014e+00
-3.279409623145066011e+00
-7.571034503125265047e+00
-2.853720760646365484e-01
9.051079387363771822e-01
-1.595690584185949001e+00
6.899431386321330795e-01
1.822539342643593852e+00
8.714781619440272742e-01
1.200963775696563207e+00
1.651776522243529000e+00
5.737261071538077850e-01
5.403605581096611044e-01
2.310030875320421284e-01
1.811550402027530371e+00
9.916925469324371356e-01
4.136704343229813396e-01
3.785673289726365631e-01
6.250870653217295292e-01
1.570314694014371959e-01
-1.300402302319589865e+00
1.087360042530495008e+00
2.052475557482282387e+00
-3.257933397393497632e-01
-7.078817172443363503e-02
-6.193838732015271020e-01
-1.450151772837797726e-01
1.404514681665114395e-02
-3.028697230741448365e+00
-2.151938630514960149e-01
-3.472106518007667120e-01
-2.511561428397329543e+00
-4.470410534518242329e+00
-1.840524301869632229e+00
-2.484704835285458380e-01
-1.162752261421369893e+00
7.525474091211625804e-01
6.712616780938565064e-01
-1.828858530017614559e+00
-8.053748415276721362e-01
-3.850118133827925559e-01
-3.863966046739639726e-01
-1.036616573626822468e+00
9.136617363859593777e-01
4.469132401290900614e-01
-3.741094244134691715e-01
-4.513457220259196045e-01
-1.082460405071050014e+00
-2.858834623663843555e+00
-1.913291728612083409e+00
8.268698207072472384e-02
1.659512321306255700e-01
-8.149433309580175200e-01
-1.534891389387492922e+00
-1.440769621142088397e+00
-4.413894667338612021e-01
4.235860081490937512e-01
1.830179557902103793e-01
1.041524050192966566e+00
7.724533026237623279e-01
-4.002396374668462098e-01
-2.884569560827623391e-01
-1.014441613975832990e+00
-8.383617331985618870e-01
-1.574421567234123298e+00
4.029849807021067543e-01
7.694091515484846600e-01
5.614590111665523908e-02
4.726274068753010260e-01
1.011831436866676981e+00
6.417360566768587349e-01
-3.139934104615885735e-01
-4.384256250498868024e-01
1.796959874893593323e-01
-7.914441520776260841e-01
1.205285803682956347e+00
1.080245705852820759e+00
-6.189299454977881254e-02
-5.091984119827004385e-01
-1.379090341588216084e-01
1.558396049692770235e+00
3.194439279166684464e+00
7.872204894123495666e-01
2.299344307430578382e+00
3.087289364471118791e+00
2.599802203715125604e+00
3.006873070948485882e-01
1.624974694595052060e+00
1.257194774499158285e+00
1.370304713893850446e+00
9.065079092048680121e-01
1.152668358234297807e+00
1.534394001708912603e+00
-1.485667215465533708e+00
-4.119846202038488059e+00
-2.681879652820557958e-01
3.359794435680905078e-01
-2.050546086167256643e+00
-8.513418256227156533e-01
1.406491953761051628e+00
-9.389950907021706872e-01
-3.581984537053970463e-01
-2.778477768694589400e-01
-7.398677875718966401e-01
4.459669756144473141e-01
-1.349448223446629180e+00
-2.115877093384662011e+00
-1.436939789933806333e+00
-3.141582124966523448e+00
-1.498077992511416490e+00
-4.858346669187008082e-02
-5.617795923335044961e-01
-2.296474188183863507e-01
-7.216123970580718971e-01
-4.731647094747533089e-01
1.988369033135369612e+00
6.425759994653548191e-01
6.522069412908638064e+00
3.364620082275828317e+00
2.740093125595505441e+00
2.973041020894910957e+00
4.911417903655325823e+00
2.025175883131312471e+00
1.038775377461819360e+01
-1.869668711539527628e+00
8.806159541118509182e+00
3.718916138417695638e+00
4.048096097207706023e+00
2.466366404808652213e+00
8.961352365273329568e+00
1.884569435569130480e+00
8.032005645117484605e+00
3.686956083725184019e+00
3.295666314129857444e+00
-2.124049896312799390e+00
-1.533581205778583589e+00
2.449820456186637241e+00
-5.472490791130131704e+00
-1.090996329359714778e+01
-5.583150426887897311e-01
-2.059679378866469790e+01
-1.574293936555314311e+01
3.350066242548705109e+00
3.361768505884293212e+00
-3.723351259453181683e+00
1.772857786390726886e+00
3.785595216003251551e+00
6.697045887287422783e-01
3.187083307308475888e+00
2.900662781197772322e+00
8.831228411418821089e-01
1.303970667331491029e+00
4.269036211684517745e+00
-1.827797008099844689e+00
-4.435119946356545384e+00
9.022742080400880660e-01
-4.851830043340752852e+00
1.450616854393576460e+00
3.542808310275818773e+00
8.092954964818461772e-01
3.803142167518713812e+00
5.238120801317455388e+00
4.878563957149097963e-01
4.577202405891156900e+00
2.359058544987948647e+00
-2.952875468826321903e+00
-1.990268699898205096e+00
9.377578924525389326e-01
-3.255381779063048153e+00
-5.601296884334238335e+00
-3.001853330417297627e+00
-2.112936825775255212e+00
-6.277004512525626190e+00
-4.914918030048714748e+00
-8.572898285446478583e-01
-2.510961288072087516e+00
-3.182747255483641791e+00
-2.694708596102629805e+00
-3.856755827852015095e+00
-4.178229943926223378e+00
-3.136261614295495104e+00
-2.108732741505589647e+00
-1.185483227521612282e+00
-2.152591573858378737e+00
-2.165025275456645470e+00
-3.792445457029500311e+00
-3.100429658897490448e+00
-3.093904497103522888e-01
-6.792939452692947633e-02
4.432519770061830178e-01
3.093945481606991121e-01
-1.640424727836834018e+00
-2.006221176109870274e-01
4.630699779499442004e-01
-7.050032003603373676e-01
1.210731722864442084e-01
-3.927381789687851565e-01
-5.407281725978544396e-01
-3.138175975399610795e-01
-2.688377882215183146e+00
-2.005542560511977435e+00
-4.149021792957590105e-01
-1.119667014298068253e+00
-1.070104311445785328e-01
-8.253783375711920556e-02
-7.800868430398038011e-01
9.118437023019521082e-01
-9.330422789367665004e-02
-4.736313023395126720e-01
-2.003863021957281720e-01
-8.518043861370516723e-02
4.785161484706716428e-01
7.935695825490496347e-02
-6.684483465180856010e-01
-6.269509751717090573e-01
-2.253070028940352465e+00
-2.342351813231065005e+00
-7.914283088583096148e-01
-1.122173990847341596e+00
1.464588609637218486e-01
1.122941616961767863e+00
-1.405450056129038394e-01
-9.412470709578273365e-01
8.005800060453424072e-01
9.315836052073304119e-01
1.269319750060109442e+00
8.502908420868560135e-01
1.385018123941035517e+00
7.111114108345850671e-01
-2.823070557979476813e-01
5.914011346828527138e-01
6.710893861889321022e-01
1.747371440872944603e+00
2.434678279598755601e+00
5.668362126972859016e-03
-7.583358011495193729e-01
-1.616361641321530929e-01
-1.113687068505344158e+00
-1.932349586173678357e-01
-1.495656286286533465e+00
-1.103191343624724929e+00
3.458977438490612455e-01
9.975354334933506095e-01
8.983133233966955622e-02
1.072515536919844248e+00
8.551563708894140969e-01
4.434016168290975113e-01
-7.515167168527043806e-01
-1.208430458980844335e+00
2.237566682792235362e+00
3.119898362015451898e+00
1.761022216238288918e+00
-1.492478149211788896e-01
1.533536061874905432e+00
1.922278470220032620e+00
7.249157909166970004e-01
-4.305745397863698365e-01
7.701142841621266832e-01
-1.358040471549215145e+00
-2.780947556766260931e+00
-3.354186813926797850e+00
-6.425210379148399653e+00
-4.946465163657625119e+00
-7.670994259426811013e-02
2.028346199270739891e+00
2.731886587541032974e+00
1.874400232738675509e-01
2.245978139575104393e+00
4.112671724423795361e+00
1.374518342969368145e+00
-2.817937563696714776e+00
-3.329480910998119381e-01
1.539715180656925586e+00
1.061434070660238538e+00
-5.449991055143142304e+00
-8.734222621294009059e+00
-7.278073556693608559e+00
-3.848989037092445553e+00
-1.908515162843300583e+00
-1.258238865949583118e+00
-7.549828872083130804e-02
4.956842613294039079e-01
5.231311917990874027e-01
7.844607681545525679e-01
5.469385376806012999e-02
-1.599048567974168833e+00
-1.376838645294086394e+00
-5.281583925994575157e-01
-8.973242707975228605e-01
-2.886263114297332510e+00
-2.272079624029529121e+00
-1.631548224174435457e+00
-5.771607954278476171e+00
-7.804771275169276379e+00
-7.857951579065575842e+00
-3.667627192295990213e+00
-6.474267488660297998e-01
-1.511453485703561084e+00
-3.770295211109877087e+00
-1.503043357731018492e+00
-1.207727078558869627e+00
-9.798239273723241549e-01
-2.918837892466725314e+00
-1.203604154431429096e+00
-1.618191948163658189e+00
-1.636994535292440878e+00
-4.829040800076823459e+00
-5.481057185139142085e+00
-2.434758284261876682e+00
-5.918118969332790691e-01
-1.368461235301148049e+00
