3.565948486328124556e+00
2.261298361265154711e+00
4.499705695020850271e-02
-1.790760638267935745e+00
-2.690021771398157568e+00
-2.658172848917903064e+00
-1.574721239535105788e+00
-1.061723885388467625e+00
-1.288593872124663475e+00
-7.572796024241310597e-01
6.434039407310399028e-02
-7.479825261238818301e-01
-6.936527086652296559e-01
-2.968058343874893090e+00
-4.634176605965378393e+00
-3.833693318044475440e+00
-7.506385152880772349e-01
1.035684186619008962e+00
-2.614434797921987297e-01
2.365664557298470250e-01
1.998871662231285651e+00
3.615434558119165143e+00
3.429654819099688723e+00
2.524209154943961586e+00
7.939328761585293659e-01
-1.703342366111751716e+00
-2.702115883849537603e+00
-2.281704007381803567e+00
-3.197944193540252833e+00
-4.502236355988516792e+00
-3.217149579327046816e+00
-2.749996850083557209e+00
-4.501512268466649758e+00
-2.959703149135358480e+00
1.362486300943470674e-01
9.454733286812393445e-01
-8.574803254504703709e-01
-1.858123102654438696e-01
2.613366822453354388e+00
1.325821103433642900e+00
-1.245068515516489338e+00
-2.298777173176377975e+00
-1.813290328639711957e+00
-5.585233595076224411e-01
-2.028655833362230432e+00
-4.517126812325863661e+00
-6.014127845964329921e+00
-4.675835107229726617e+00
-2.316881574857176496e+00
-2.419030086630374221e+00
-1.335975693608766557e+00
5.334256320801635809e-01
1.547745376125361005e+00
1.777494171475437312e+00
-6.492669467218670221e-02
-2.015728718130908259e+00
-2.177638955583777403e+00
7.786696088457416565e-01
2.596953014855621689e+00
2.902128407507672314e+00
7.748932552179423894e-01
-1.538554672821640157e+00
-2.580271710865395640e+00
-2.565561900084261993e+00
-3.645363530984418343e+00
-4.139959132330022662e+00
-3.211632337393931280e+00
-5.915142447219334798e-02
1.147629922207662467e-01
4.988201428264313897e-01
-9.888010878204958054e-01
-2.465263696975501517e+00
-7.516923618927058293e-01
1.203331366174053674e+00
1.279840970279282786e+00
7.620679311966531699e-01
1.829541114451553874e-01
-9.744239930407589956e-01
-1.174761582979794605e+00
-9.448649413104026618e-01
-1.819217217605853421e+00
-1.260312257040513195e+00
6.461398910741189550e-01
-7.221280025443659323e-01
-1.592558758191952917e+00
-7.396006498230560666e-01
-7.805477878533380043e-01
-1.043662229261446583e+00
-9.330569945921529662e-01
-1.055301440555695747e+00
-1.719238201509907027e+00
-2.313082617357367532e+00
-1.609770620646276962e+00
-2.571426277213961775e-01
-2.237814413747241105e+00
-2.829006365839414894e+00
-2.008623180403892317e-01
-2.216494692680260670e+00
-2.826942107392949044e+00
3.165982610067858971e-01
1.674318642404061919e+00
-2.192635534589730817e-01
-9.815477944795918397e-01
-1.311778206473234398e+00
-6.682253646942757364e-01
-3.395669662575866443e-01
-1.167276714366994206e+00
4.961403226557599133e-01
1.938558696328564146e+00
6.646421867709495501e-02
-3.205163866281456109e+00
-2.658892143274550257e+00
-1.720252102267179062e-01
8.154802846551354456e-01
8.085870442027163207e-01
1.072871334824241352e-01
-1.158455785937872351e+00
-1.850969854561324901e+00
-1.293663769149909104e+00
-1.195591404514366740e-01
5.806097994215198010e-01
4.677738568324226742e-01
-3.599858720116544397e-01
-1.500356346339939417e-01
-7.802785592182814867e-02
-2.744507676508514127e-01
-3.929338095490193528e-01
-8.356530968953241878e-01
-1.517341364060084352e+00
-9.870079678130949663e-01
5.419814041749038136e-01
-1.179195850752357666e+00
-1.100485254894373766e+00
2.223391992023692199e-01
-8.813330366144642714e-01
-1.033854735226575228e+00
3.450792095766549439e-01
7.530681082076463584e-01
-6.337745117455294563e-01
-6.897756964464163421e-01
1.046613648960421639e+00
2.692827256896523913e+00
9.314498977615262021e-01
-2.451341954602013207e+00
-4.964950566765246265e+00
-5.140936321514469221e+00
-6.466732502750010880e+00
-6.717304434544516312e+00
-2.946929677468697939e+00
1.128962417930577944e+00
1.350361910165244206e+00
1.494783670057028502e+00
-1.513261128074336881e-01
-1.390364059463224944e+00
-7.726990768525401343e-01
1.188336840706699871e+00
2.276760164873284698e+00
1.006675817028610087e+00
-1.371674016296331011e+00
-2.377014609113743404e-01
1.169867129755129298e+00
1.496678327180470003e+00
1.734986175725278468e+00
1.836097755749248828e+00
5.323286450761277599e-01
-1.176163037054951843e+00
-1.362811853042065202e-01
1.159905527544628612e+00
7.257383619443167344e-01
-4.020892825681579019e-01
-1.172553284478818458e+00
-5.760145519049570950e-01
-2.917490777231940280e-01
7.892478840872430013e-02
5.134072152931281607e-01
7.900203826396732243e-01
8.647801856764298911e-01
5.288897969997750081e-01
3.592866664574488889e-01
9.617311590724468839e-01
1.525482033845972030e+00
2.389254616861457681e+00
2.430476998798633659e+00
1.784238767503975254e+00
1.490255868146370233e+00
1.496180095257970244e+00
1.125537655633550349e+00
6.649236504382658453e-01
6.806051305396716433e-01
1.039707671494429997e+00
1.549907939093664755e+00
2.046752166439432141e+00
1.533873517269264575e+00
1.058941535866784411e+00
8.294239029727981105e-01
5.913112918231386850e-01
2.982285101843457631e-01
5.221064333989334783e-01
5.911556997287721327e-01
1.912541467689130581e-01
-1.976816937182028777e-01
-6.408684726962157185e-01
-9.021722604451912764e-01
-1.939078275889052794e+00
-3.567776360352850951e+00
-2.842340940917028824e+00
-3.421138373643828334e-01
1.479309203233191372e+00
3.028722011432012362e-01
-7.822883562441438343e-01
-2.975533694285846131e+00
-4.793435950424297154e+00
-5.049102264638632320e+00
-4.210596705449186850e+00
-3.027825104639604081e+00
-2.205783007673578044e+00
-1.041636846801944571e+00
2.520406060733686449e+00
2.742338042001712939e+00
2.113883452882372893e+00
1.750019826612424501e+00
2.089626840359739557e+00
1.335249002029997634e+00
4.953155641526798547e-01
1.219632375287049264e+00
1.862141608455517572e+00
-2.661544351782216822e-01
-1.313592273650079578e+00
4.281160470958670916e-01
-1.335049526956698429e+00
-2.810369606261458930e+00
-1.149303837110276394e+00
4.502144457762327079e-01
9.997916842974481355e-01
7.229797799117863022e-01
-9.924502862940465242e-02
1.544719131741323359e-01
8.901829175242585990e-01
2.846323987570902325e-01
-9.658297808995710554e-01
-1.862677571166568180e+00
-1.688091552441351340e+00
-1.447663039567749665e+00
-1.532473484989839152e+00
-1.785143874026404287e+00
-2.059673560762340649e+00
-2.289984438746593298e+00
-2.668418900932401527e+00
-2.743860553782035083e+00
-2.038442405524962808e+00
-1.300921855345445799e+00
-2.254148842756508841e+00
-2.970429846649012440e+00
-9.879320197784470237e-01
-1.110139136254678638e+00
-2.357225449612464274e+00
-3.241731581394099670e+00
-3.406401301225641109e+00
-1.095182512833121402e+00
-8.729574596959075450e-01
-2.018843028012791585e+00
2.468789627717340451e-01
2.249604714511870718e+00
-2.202710130928048127e+00
-2.089855695846518202e+00
2.050910450151491204e+00
1.157501751214621954e+00
-4.556039456269198595e-01
-1.076292280532678003e+00
-6.864608109567467142e-01
-2.806103998570401714e-01
-3.778395094592639225e-01
1.202760588469025116e-01
1.029329635052605330e+00
8.127373462471578769e-01
9.702936233027359414e-01
1.209476932383910741e+00
-1.771067609126408149e+00
-2.799461930143034571e+00
-1.730355794349418996e+00
-1.479418197894063036e+00
-1.338210015225986371e+00
-4.448660686642458284e-01
-3.561269907534392321e-01
-5.801948713551088321e-01
-1.280879318959750934e+00
-2.744601634233091225e+00
-2.546056385146679979e+00
-8.393369165023623069e-01
-7.635534016772163035e-01
-1.202030195632606047e+00
2.126259805867705133e-01
-2.017729471262242225e+00
-3.719770882835474080e+00
-3.499958415758408048e+00
-2.171142169538643252e+00
-1.381431522574503079e+00
-1.112174799045419382e+00
1.760303058225094475e-01
1.608136274715883163e+00
1.865808900084545030e+00
1.853250863193760534e+00
4.142894603177764701e-01
-1.754525033302851478e+00
-7.744742394690571352e-01
1.762716303090291259e+00
1.848809783731314216e+00
1.266729958237235554e+00
-1.624777076607210491e+00
-2.312335461867172981e+00
-1.542535223232695429e+00
-3.600107418089653954e+00
-6.631559450544405543e+00
-4.679473044710896090e+00
-5.834598111530899800e-01
2.626146999300112306e+00
2.141984055495885109e+00
-1.064293744577857748e+00
-3.257808401554572963e+00
-5.395825842100121505e-01
2.190580181472039811e+00
8.382651520551602786e-01
-1.690404708374524390e-01
-5.375845184391014886e-01
-7.432465398787757582e-01
-2.485904016498872160e+00
-3.454841448958085870e+00
-3.079424300201631493e+00
-3.149436405562060060e+00
-3.265062892390102611e+00
-2.033129547715210705e+00
-2.240735855389908160e+00
-3.712293341160211924e+00
-1.746634269483278601e+00
9.402363931463282309e-01
2.158076888845566366e+00
1.834771107633026643e+00
6.033943605342986238e-01
-1.130027798200091471e+00
-1.597134555806145606e+00
-1.306308540883355018e+00
-2.364615169383030846e-01
-2.479827373523612710e+00
-4.512395917795316791e+00
-4.561389687381122826e+00
-2.740379689659176332e+00
-7.418527276244131219e-01
-8.972891419884931885e-02
4.814236227283300584e-01
-6.579268356098499915e-01
-1.329207197224788750e-01
1.841487887615238961e+00
2.839511855478843216e+00
2.263100617045576524e+00
1.722761817892400682e+00
1.210166336058727143e+00
7.891657081816139119e-01
9.439249265051112836e-01
1.836817096147411510e+00
1.291542397948299836e+00
7.099069276484641922e-01
1.590434884143518135e-01
6.571326927912884974e-01
4.429091959463168360e-01
6.880121266297049010e-01
1.248643649228863950e+00
1.330960510918459905e+00
9.131864676540718539e-01
4.256601864769971044e-01
3.383286334344502433e-01
4.507516188017288705e-01
9.619804672800496004e-01
2.320938889753101364e+00
3.746096688946674025e+00
0.000000000000000000e+00
0.000000000000000000e+00
0.000000000000000000e+00
0.000000000000000000e+00
0.000000000000000000e+00
0.000000000000000000e+00
0.000000000000000000e+00
0.000000000000000000e+00
0.000000000000000000e+00
0.000000000000000000e+00
0.000000000000000000e+00
0.000000000000000000e+00
0.000000000000000000e+00
0.000000000000000000e+00
0.000000000000000000e+00
0.000000000000000000e+00
0.000000000000000000e+00
0.000000000000000000e+00
0.000000000000000000e+00
0.000000000000000000e+00
0.000000000000000000e+00
0.000000000000000000e+00
0.000000000000000000e+00
0.000000000000000000e+00
0.000000000000000000e+00
0.000000000000000000e+00
0.000000000000000000e+00
0.000000000000000000e+00
0.000000000000000000e+00
0.000000000000000000e+00
0.000000000000000000e+00
0.000000000000000000e+00
0.000000000000000000e+00
0.000000000000000000e+00
0.000000000000000000e+00
0.000000000000000000e+00
0.000000000000000000e+00
0.000000000000000000e+00
0.000000000000000000e+00
0.000000000000000000e+00
0.000000000000000000e+00
0.000000000000000000e+00
0.000000000000000000e+00
0.000000000000000000e+00
0.000000000000000000e+00
0.000000000000000000e+00
0.000000000000000000e+00
0.000000000000000000e+00
0.000000000000000000e+00
0.000000000000000000e+00
0.000000000000000000e+00
0.000000000000000000e+00
0.000000000000000000e+00
0.000000000000000000e+00
0.000000000000000000e+00
0.000000000000000000e+00
0.000000000000000000e+00
0.000000000000000000e+00
0.000000000000000000e+00
0.000000000000000000e+00
0.000000000000000000e+00
0.000000000000000000e+00
0.000000000000000000e+00
0.000000000000000000e+00
0.000000000000000000e+00
0.000000000000000000e+00
0.000000000000000000e+00
0.000000000000000000e+00
0.000000000000000000e+00
0.000000000000000000e+00
0.000000000000000000e+00
0.000000000000000000e+00
0.000000000000000000e+00
0.000000000000000000e+00
0.000000000000000000e+00
0.000000000000000000e+00
0.000000000000000000e+00
0.000000000000000000e+00
0.000000000000000000e+00
0.000000000000000000e+00
0.000000000000000000e+00
0.000000000000000000e+00
0.000000000000000000e+00
0.000000000000000000e+00
0.000000000000000000e+00
0.000000000000000000e+00
0.000000000000000000e+00
0.000000000000000000e+00
0.000000000000000000e+00
0.000000000000000000e+00
0.000000000000000000e+00
0.000000000000000000e+00
0.000000000000000000e+00
0.000000000000000000e+00
0.000000000000000000e+00
0.000000000000000000e+00
0.000000000000000000e+00
0.000000000000000000e+00
0.000000000000000000e+00
0.000000000000000000e+00
0.000000000000000000e+00
0.000000000000000000e+00
0.000000000000000000e+00
0.000000000000000000e+00
0.000000000000000000e+00
0.000000000000000000e+00
0.000000000000000000e+00
0.000000000000000000e+00
0.000000000000000000e+00
0.000000000000000000e+00
0.000000000000000000e+00
0.000000000000000000e+00
0.000000000000000000e+00
0.000000000000000000e+00
0.000000000000000000e+00
0.000000000000000000e+00
0.000000000000000000e+00
0.000000000000000000e+00
0.000000000000000000e+00
0.000000000000000000e+00
0.000000000000000000e+00
0.000000000000000000e+00
0.000000000000000000e+00
0.000000000000000000e+00
0.000000000000000000e+00
0.000000000000000000e+00
