1.260375976562433387e-02
-4.057007607200502353e-02
-1.677364421622789536e-01
-1.981128319768369339e-01
-6.040165880976078316e-02
-6.024199204724622891e-02
-1.634077660188371084e-01
-2.395857962542219943e-01
-3.654955300080471314e-01
-4.914787973821268530e-01
-4.892947006309633640e-01
-5.254976316338346720e-01
-5.142387075759260462e-01
1.828140933452360173e-02
8.732669107948822784e-01
3.218118499763733542e-01
-1.804671812716722723e-01
3.596796882464548539e-01
-1.959050487167867116e-01
-9.687453816182880484e-01
-9.709913482523049311e-01
-6.622789206433619125e-01
-5.667134292674148588e-01
-5.116302102669386676e-01
-2.168956389460555689e-01
2.314009517367152657e-01
1.164212250908902568e-01
-5.556888803607944460e-01
-9.875263080726131015e-01
-9.643337008401449140e-01
-5.621024238658207661e-01
-6.074693859872399848e-01
-1.365303229632859328e+00
-1.798563481789311247e+00
-1.466676367980934703e+00
-1.080352496081032898e+00
-1.096088966086411043e+00
-1.151082515850962551e+00
-6.231923782727670780e-01
6.819151772104192766e-02
2.819877359845155418e-01
4.652734855638334110e-01
1.648054297452410388e-01
5.752166101243716412e-02
2.909694594165015413e-01
2.925934363977389374e-02
7.755246836244857889e-01
1.629490975936328301e+00
1.561903987600391064e+00
5.158172569149919173e-01
4.142804441089531498e-01
1.096680825222862143e-01
-5.754185087060308401e-01
-7.712156585280651733e-01
-2.713802436868535950e-01
-5.826557021548675053e-01
-1.002971062256508894e+00
-1.118427606240187000e+00
-2.053607962762797889e-01
-5.135726848317245796e-01
-1.020456611654935841e+00
-1.136944259342612007e+00
-1.893954000691548512e+00
-2.339278706069187308e+00
-2.948150790817507971e+00
-2.813481237676908719e+00
-1.470505078264749965e+00
-9.668769891333304223e-01
-1.535614701215932243e+00
8.788197745101355984e-01
2.194679460380223102e+00
1.089229294841933093e+00
1.615463989993525473e+00
9.121332460321118774e-01
-3.203376626625833445e-01
4.992185657952312727e-01
2.788697488754317000e-01
1.984768033394908038e-01
1.407918475269888781e+00
1.703533709291650933e+00
1.660948894999142222e+00
2.858389475583765993e+00
1.602625955220988052e+00
-4.359283017633799329e-01
5.280407072383082046e-01
3.510928811895561719e-01
-5.906943712909596966e-01
-1.581631889445553663e+00
-1.645495998296505835e+00
-6.865921176318681152e-01
3.977945515315504110e-01
9.055652969845011668e-01
1.030264872912169505e+00
1.561822272542570555e+00
2.681819075388698348e+00
2.777429807189959909e+00
3.744226549861949138e+00
6.136200328843564478e+00
6.174950431371744486e+00
4.255855910365047734e+00
2.576201687693783438e+00
2.088632316293255187e+00
-2.906265210270286836e-01
-3.260745401913879071e+00
-3.615789863007491167e+00
-2.377035037396713513e+00
-1.461986226173892067e+00
-2.515269681046635064e+00
-3.976840062884247740e+00
-4.710549375650813886e+00
-5.688801404380964932e+00
-6.387670403825550736e+00
-6.618881416359187142e+00
-6.652422982368110027e+00
-6.700287560190171909e+00
-4.832541565965291497e+00
-1.690748529461129301e+00
-2.795289550900674769e-01
5.487166986976728111e-01
2.256893861535925971e+00
4.213913762993699130e+00
4.276734275479181946e+00
1.595675303605568640e+00
-1.306004888597364300e+00
-1.434781977543488907e+00
1.814382071711753142e-01
1.201844659664515369e+00
-1.269954854181447601e-01
-2.049001978525864853e+00
-2.539877657358665441e+00
-2.832688613498425934e+00
-2.184497930824432110e+00
2.849796726526714341e-01
-1.417261044467540199e+00
-4.013940811204043335e+00
-3.963891913060043404e+00
-7.523274245615532152e-01
2.725676621603802641e+00
1.133365666297549978e+00
1.069078090244807377e+00
3.153603057217715833e+00
2.420768673183617548e+00
1.699190736753274145e+00
-1.154340064378631237e+00
-3.197561921267863205e+00
-8.606188250583675092e-01
-7.755518722266105947e-01
2.222194771542200797e-01
1.542155860287143909e+00
-6.755558400878163283e-01
-4.135553697329655165e+00
-1.026047549524868430e+00
-1.607547868239706190e+00
-3.657500966993185720e+00
-2.655523167992540401e+00
-5.156395588888456061e-01
1.055419533965797463e+00
3.757089510311248937e+00
5.769553414143262948e+00
3.175158625834094916e+00
2.746177647258664312e+00
2.375237240432699792e+00
-5.994806136292218923e-01
-1.109722551586214134e-01
1.482725129526401231e+00
3.574717806796812170e-02
5.266337847092077418e-01
4.265854143155967115e+00
3.169210293867179118e+00
1.699109976575213565e+00
1.230865960077065724e+00
-2.633458505558550211e+00
-5.814939990998591490e+00
-4.927146413663016311e+00
-2.414465491768416960e+00
-2.522475758506391053e+00
-2.820330807605572865e+00
-3.847118463733859350e+00
-4.937330267079356183e+00
-3.594972555947379078e+00
-3.002801312208513984e+00
-3.052892818899873184e+00
-1.465622640936265597e+00
-6.424546304521392415e-01
-1.498648580113067341e+00
-2.020779062960138095e+00
-4.600429497247010779e+00
-3.326494785131956622e+00
1.049672625153259098e+00
4.957182823605537081e-01
-1.237739287372832564e+00
-1.946813403486304495e+00
-1.489145306716994632e+00
1.720724314122779042e-02
-1.110537880095550101e+00
-3.240237443085925761e+00
-4.148453051666208147e+00
-1.872497622536505535e+00
-4.090960419433651296e-01
-4.156929962949842405e-01
-5.917884294565824987e-01
-6.673045834380291197e-01
-1.038306382513858317e+00
-1.295120984791448882e+00
6.259048651241854166e-01
1.889206281866950832e+00
2.023534408239370030e+00
-1.840227079773923968e-01
-3.438797398127262817e+00
-5.678026092891270693e-01
5.816555961960183652e-01
-2.599684757187123552e+00
-6.377725640096361559e+00
-6.953254015011035349e+00
-6.854123478668867619e+00
-4.715552619608118334e+00
-2.340514215528310515e+00
-1.084925810658313061e+00
1.682791801734344617e-01
1.803133066669146523e+00
1.918691645742152119e+00
1.741952830324335899e-01
-8.045423120038992515e-01
7.750386994291158516e-02
7.813340212306201238e-01
1.262320460305515812e+00
1.676885073164445128e+00
6.312602326732730251e-01
1.508732147401322443e+00
2.544795105759024789e+00
2.734287198778787786e+00
4.163545512478459720e+00
5.388648703812993546e+00
5.084531419671433738e+00
3.461885011977374305e+00
1.800918043901370780e+00
1.626114362067982100e+00
2.341927633035503664e+00
2.995583505841850958e+00
2.742755608996618744e+00
2.676991297880675802e+00
3.701592283379796289e+00
2.098624291780529560e+00
1.258882233355977931e-01
5.585526084596833529e-01
1.945382335247909822e+00
2.603356682280031364e+00
4.057948552691958977e-01
-4.403378232613330834e-01
9.750538841403839641e-01
1.038176980833728891e+00
-2.623025713250601854e-01
-7.308664352367117978e-01
-2.410551191296607776e+00
-3.460803175293655887e+00
-1.260242917294925880e+00
1.602407140994097645e-01
-4.683190422317995427e-02
5.654553099093373447e-01
1.024187302095237673e+00
2.809883622588874363e+00
3.261263170527235022e+00
7.337799195716825373e-01
3.106711176146941256e-01
1.195101513003356430e+00
9.362426412884703453e-01
1.311593449056888350e+00
1.456457062438336170e+00
-9.836925701432464031e-02
-5.659063569681155315e-01
-4.491582074890199117e-01
-3.143650135987982597e-01
-3.191065217456972025e-01
1.244815543159556448e-01
-5.006623240270391406e-02
3.479743203310048383e-01
2.318226329429438071e+00
3.604339701893613856e+00
2.249872026104190681e+00
9.161946228490918109e-01
1.715934604603841285e+00
1.427571706060129175e+00
-4.423072355959889457e-02
-1.399516210477049771e-01
7.879505562669684160e-01
2.217513190242886623e+00
3.312781318547258991e+00
2.659554246785870824e+00
1.186909420756002032e+00
8.691652130279337030e-03
-6.374745204658838205e-01
-1.074599470459237427e+00
-1.843159525669308962e+00
-2.542379329291241774e+00
-2.550203895590490433e+00
-1.713654714922316469e+00
-1.616007345389137040e+00
-1.456906566801394742e+00
-9.459528037106225140e-01
-1.007986246783236783e-01
1.586120236829323682e-01
-1.642675809741005466e-01
-4.898963439742601844e-01
-9.749318413258785121e-01
-1.333587995380361324e+00
-1.336320701319922977e+00
-6.832483229364334498e-01
2.969594208091467236e-01
8.889387576864031804e-01
6.149215565752358392e-01
1.283810961005736662e+00
1.793561960243970521e+00
4.273500723480889718e-01
-7.016321777700933460e-01
-2.974380906983404849e-01
3.877304049144112419e-01
1.054476799653892183e+00
1.609300169932332381e+00
1.646125848741538000e+00
1.305407524673048769e+00
1.072246505049009313e+00
1.101536076818875998e+00
1.132382123801573659e+00
1.101736734600568202e+00
1.155923843207814494e+00
1.979367637425243132e+00
2.321815963137009664e+00
2.301955150368700576e+00
1.931609736435944358e+00
1.504573465345681704e+00
1.230859782202155639e+00
1.054435667786307373e+00
9.146054513705295097e-01
8.024794154155958648e-01
7.763740756703181312e-01
8.682385894133627380e-01
9.724315202058942953e-01
8.830257183921310649e-01
5.295790391687338339e-01
2.836534218196140045e-01
5.121328160686333675e-01
5.786474537491993475e-01
3.595534233345017983e-01
7.898677079154435843e-01
1.324624787911426349e+00
1.462512235458861998e+00
1.330162141656892505e+00
1.166510576415844103e+00
9.727773934417522916e-01
7.211376510851406074e-01
5.321762014279427522e-01
4.899516405619097070e-01
5.331133442869523398e-01
5.162690696544930402e-01
4.143168325383385087e-01
3.164467084891655624e-01
3.389293126082864593e-01
4.464973053594586960e-01
0.000000000000000000e+00
0.000000000000000000e+00
0.000000000000000000e+00
0.000000000000000000e+00
0.000000000000000000e+00
0.000000000000000000e+00
0.000000000000000000e+00
0.000000000000000000e+00
0.000000000000000000e+00
0.000000000000000000e+00
0.000000000000000000e+00
0.000000000000000000e+00
0.000000000000000000e+00
0.000000000000000000e+00
0.000000000000000000e+00
0.000000000000000000e+00
0.000000000000000000e+00
0.000000000000000000e+00
0.000000000000000000e+00
0.000000000000000000e+00
0.000000000000000000e+00
0.000000000000000000e+00
0.000000000000000000e+00
0.000000000000000000e+00
0.000000000000000000e+00
0.000000000000000000e+00
0.000000000000000000e+00
0.000000000000000000e+00
0.000000000000000000e+00
0.000000000000000000e+00
0.000000000000000000e+00
0.000000000000000000e+00
0.000000000000000000e+00
0.000000000000000000e+00
0.000000000000000000e+00
0.000000000000000000e+00
0.000000000000000000e+00
0.000000000000000000e+00
0.000000000000000000e+00
0.000000000000000000e+00
0.000000000000000000e+00
0.000000000000000000e+00
0.000000000000000000e+00
0.000000000000000000e+00
0.000000000000000000e+00
0.000000000000000000e+00
0.000000000000000000e+00
0.000000000000000000e+00
0.000000000000000000e+00
0.000000000000000000e+00
0.000000000000000000e+00
0.000000000000000000e+00
0.000000000000000000e+00
0.000000000000000000e+00
0.000000000000000000e+00
0.000000000000000000e+00
0.000000000000000000e+00
0.000000000000000000e+00
0.000000000000000000e+00
0.000000000000000000e+00
0.000000000000000000e+00
0.000000000000000000e+00
0.000000000000000000e+00
0.000000000000000000e+00
0.000000000000000000e+00
0.000000000000000000e+00
0.000000000000000000e+00
0.000000000000000000e+00
0.000000000000000000e+00
0.000000000000000000e+00
0.000000000000000000e+00
0.000000000000000000e+00
0.000000000000000000e+00
0.000000000000000000e+00
0.000000000000000000e+00
0.000000000000000000e+00
0.000000000000000000e+00
0.000000000000000000e+00
0.000000000000000000e+00
0.000000000000000000e+00
0.000000000000000000e+00
0.000000000000000000e+00
0.000000000000000000e+00
0.000000000000000000e+00
0.000000000000000000e+00
0.000000000000000000e+00
0.000000000000000000e+00
0.000000000000000000e+00
0.000000000000000000e+00
0.000000000000000000e+00
0.000000000000000000e+00
0.000000000000000000e+00
0.000000000000000000e+00
0.000000000000000000e+00
0.000000000000000000e+00
0.000000000000000000e+00
0.000000000000000000e+00
0.000000000000000000e+00
0.000000000000000000e+00
0.000000000000000000e+00
0.000000000000000000e+00
0.000000000000000000e+00
0.000000000000000000e+00
0.000000000000000000e+00
0.000000000000000000e+00
0.000000000000000000e+00
0.000000000000000000e+00
0.000000000000000000e+00
0.000000000000000000e+00
0.000000000000000000e+00
0.000000000000000000e+00
0.000000000000000000e+00
0.000000000000000000e+00
0.000000000000000000e+00
0.000000000000000000e+00
0.000000000000000000e+00
0.000000000000000000e+00
0.000000000000000000e+00
0.000000000000000000e+00
0.000000000000000000e+00
0.000000000000000000e+00
0.000000000000000000e+00
0.000000000000000000e+00
0.000000000000000000e+00
0.000000000000000000e+00
0.000000000000000000e+00
0.000000000000000000e+00
0.000000000000000000e+00
0.000000000000000000e+00
0.000000000000000000e+00
0.000000000000000000e+00
0.000000000000000000e+00
0.000000000000000000e+00
0.000000000000000000e+00
0.000000000000000000e+00
0.000000000000000000e+00
0.000000000000000000e+00
0.000000000000000000e+00
0.000000000000000000e+00
0.000000000000000000e+00
0.000000000000000000e+00
0.000000000000000000e+00
