3.014099121093750444e+00
2.106907523540524352e+00
8.672534595796310697e-03
-1.517735700308685320e+00
1.305478524266168172e+00
4.360129520758349919e+00
4.658705916002221947e+00
3.570824545911496006e+00
2.275600684157335962e+00
1.188542451646508624e+00
1.041587755971510987e+00
1.355436922640029351e+00
1.958141978999792698e+00
3.150989694059034285e+00
2.980154090680015244e+00
1.773202414170363284e+00
2.335299991289685018e+00
4.930160484610052407e+00
5.212953197018640239e+00
3.333086577140920603e+00
2.003708324848733735e+00
1.855228613319548803e+00
2.450095101875733761e+00
2.525909399489030704e+00
8.463234431327220086e-01
-1.414914649103874211e+00
-1.077567808792720072e+00
-1.194266108399775206e-01
-9.330475716056154667e-01
-6.871494467897987235e-02
1.210717312578610816e-01
-2.078431671523063518e+00
-3.049775046275795098e+00
-1.560361492887934798e+00
-1.295779794183117728e+00
-7.164344768067500979e-01
-6.126668987834440472e-01
-3.303564928635172038e-02
1.384972469665555650e+00
-3.878449545060069781e-02
-1.828139537537090353e+00
-2.078614994696729834e+00
-5.651376091160056347e-01
8.843312280559911809e-01
6.357658029753159301e-01
-2.401773873287593730e-02
-4.757729677272020119e-01
-2.624510215774686905e-01
1.558161779095341704e+00
2.894681576204044759e+00
3.099933880158959099e+00
1.946211807027288021e+00
-3.881655443256519789e-01
-1.167657134478424119e+00
-5.324834329910705932e-01
-2.365404517019178421e+00
-3.943764046757540331e+00
-1.401608360329607450e+00
1.058316808234512241e+00
1.122593172176500342e+00
3.130516444519817476e-01
-1.219989081246364293e-02
9.740901801055270592e-01
9.799109101429144264e-01
-1.601915873507151478e-01
-7.423732690696573933e-01
1.510677237486511837e-01
5.288383665134299694e-01
-9.586447980212009501e-02
-1.183887416892192901e+00
-1.667477655543025961e-01
1.294518614929056843e+00
1.728881394229512036e+00
9.710393679298159331e-01
-2.669449741175997648e-01
-9.478426292621462412e-01
3.616803907261716411e-01
1.846480934457497280e+00
2.416083965542515255e+00
2.762433982314411729e-01
-3.343568466628355829e+00
-4.694808552584665229e+00
-2.511625896981201755e+00
-2.719437463889626816e-01
-2.442533695504794267e+00
-1.075006226717020397e+00
1.321788121211099565e+00
6.174147084506738103e-01
-3.251215279828922888e-01
-8.848105135988082459e-02
3.127970486325235555e-01
-8.601964624981366381e-01
-1.025878646627724766e+00
-7.771466443575558714e-02
6.422417712787549249e-01
1.908447866243110802e+00
3.289708913606411045e+00
2.388057342951654505e+00
-1.260045558373617647e+00
-1.402467662133661364e+00
-5.496441436151162652e-01
-2.748422433032284395e+00
-5.471834311577681298e-01
2.706346529362713582e+00
5.447884700496210542e-01
7.280055139782710683e-01
-4.859401913575975840e-01
-3.218585820816940224e+00
-3.885356798033090087e+00
-2.108665127033878761e+00
-2.872397391376760201e+00
-1.113018838633687668e+00
1.926594761485603158e+00
2.294640434327282374e+00
3.023755688306990930e+00
3.112977206258107810e+00
1.536216787078658053e+00
1.843177094714377184e-01
2.023261641722369664e+00
2.945959803625594287e+00
8.747374498333400084e-01
-1.301054404257644403e-01
1.450003258893426850e+00
4.783344250617553861e-01
-1.345689626013207851e+00
-1.271456956671365823e+00
-2.223310373976055132e+00
-8.687231468901170928e-01
2.185938966166653508e+00
1.762579502649781693e+00
-2.338558921889046793e+00
-2.098825267562727248e+00
-2.394022583858400832e+00
-3.331084643687765912e+00
-4.816864638241029617e-01
2.112358140548306729e+00
5.223311925402069900e-01
2.831939629485114018e-01
1.619415199581085929e+00
-7.168394928717281012e-02
4.055394594073273851e-01
4.402943847892277773e-01
-6.896668455083787563e-02
1.709171776426390732e+00
1.975768696274462943e+00
8.377400725672856652e-02
-1.505558977059120895e+00
-1.935864625338266753e+00
1.335680773646948705e+00
4.974274132017526995e+00
2.379751602050245829e+00
1.724840590947855912e+00
3.445367946974027262e+00
1.802156815006133783e+00
4.529616899182719036e-01
3.032765661913976452e-01
-1.439427162329620424e+00
1.688216970382483195e+00
3.621287205316017221e-01
-1.521412753694935782e+00
1.471610150941948802e-01
1.023419670806528181e+00
1.376481194160533050e+00
3.808681657495233797e+00
3.685680844271708168e+00
2.424555939200812471e+00
-1.113145113135626252e+00
-9.859163442150031820e-01
-3.716295160737441705e-01
1.253573313104825449e+00
3.797500984975934912e+00
1.711462047619475957e+00
-2.360283822224761074e+00
-3.432437905930385114e+00
-2.281398481718509341e+00
-1.279518072091351266e+00
3.304557834659588522e+00
4.869656079125515014e+00
2.517594533754902386e+00
1.336622577240325072e-01
1.792958801883042241e+00
1.511969105677656522e+00
-2.748264091563650258e-01
2.555317160908729957e+00
8.426575736365347069e-01
-2.380968301982513857e+00
-1.246672779341118087e-01
-2.229134607768459730e+00
5.608281946896434000e-01
5.140396540232045730e+00
2.397365437102011665e+00
2.583065694010708846e+00
5.864960302929926428e+00
2.495327810489400111e+00
-1.146996200709517355e+00
-1.310424668521955383e+00
9.915650459434237618e-01
3.812380878539069151e+00
2.176305052745432622e+00
4.226929207030063473e-01
1.699468530882541017e+00
6.181228213614913258e-01
-1.521928104777857893e+00
-5.505798639596148902e-02
-1.617346288253936670e+00
-3.099020739396173507e+00
3.986824013424898894e-01
1.936512377720459144e+00
-2.936050630789155402e-01
-1.633105040490674398e-01
1.351052764750060087e+00
-1.514870414848924263e+00
-1.449877802814135475e+00
-1.085642905575201489e+00
-1.887894594355323363e+00
-2.102810916944522823e+00
-3.178060927188814944e-01
-6.377324445283605314e-05
9.107269294767197376e-01
8.594105296804022132e-02
-2.806449197920666272e+00
-2.004793501360326413e+00
1.097507876249423475e+00
9.247789803186048374e-01
-1.384686288660223585e+00
6.172185355644042026e-01
3.021774614235496870e+00
3.855458900089958618e+00
3.411466233057089070e+00
2.906852678010977353e+00
9.077846263720530384e-01
3.811207569089258840e-03
1.710957217981567968e-01
-9.172398379050321626e-01
9.131822288876607630e-01
1.360526017776099383e+00
1.033428040100427214e+00
3.101211453966623566e-01
-1.501602912758390751e+00
-2.783832786049296626e+00
-2.994142094952159994e+00
-2.884891171503220164e+00
-2.767909155032470814e+00
9.003460661344481197e-01
1.042388299720302669e-01
9.871047732891105042e-01
5.179907857191659915e+00
4.429743530394742557e+00
1.592607563794331771e+00
9.818776590749145328e-01
-1.014944999368160738e+00
-3.954451820322547828e+00
-4.519503197087112234e+00
-2.258778861406991023e+00
-2.532663483627448642e-01
6.219144916721779381e-01
8.506544039852936834e-01
-8.665884929417000393e-01
-1.216215852961944899e+00
-2.952436523324921680e-01
7.869466299734972914e-01
-2.709014148608113182e-01
-2.114156014791341853e-01
1.380716653647411807e+00
-1.890813569045927789e+00
-5.098619426271827848e+00
-5.139971466094911179e+00
-1.536102157315823558e+00
1.632310036498612060e+00
2.058526667876056759e+00
1.173224061794911233e+00
5.384001276551586557e-03
-8.495455406636494011e-01
-3.391087525802307656e-01
9.019894882078161036e-02
-4.741143454154578274e-01
-6.896414131167507566e-01
3.445543142596030339e-01
1.628668309650617374e+00
1.850164201157738830e+00
1.183654196098690825e+00
6.209090985418626030e-01
1.194577087712317187e+00
1.852460300396886916e+00
1.107181912971694659e+00
-1.015214409326245182e+00
-6.777281392572194196e-01
5.776206393589293775e-01
7.093800147188340510e-01
-5.976339478023438012e-01
-7.163347427301522963e-01
4.750073614147614087e-01
2.509646157754259477e-01
-1.883379168728549935e+00
-1.251386439838343634e+00
7.154740639716377082e-01
1.530111929213010535e+00
1.994485222812603986e+00
1.981592396296628422e+00
-2.920563774301538906e-01
-1.609908583956858319e+00
-7.831431790254892444e-01
8.025509044514873569e-01
7.843192983600710821e-01
-3.953216053953103604e-01
-4.086590951622541823e-01
-8.277315894460146595e-01
-1.528813519407389299e+00
1.342410690900348591e-01
-1.304322947801417998e+00
-1.564131009140071082e+00
3.159211009315345819e-01
1.099759650300498937e+00
-2.169267060638819800e-01
-9.658184908260536439e-01
-1.622978553345426622e+00
-1.039900490974632330e+00
9.051264767653885990e-01
1.680976193672249153e+00
6.852382236821763506e-01
-1.511092952118800348e+00
-5.583610169404660262e-01
1.868879539049202787e+00
3.704681535304891860e+00
4.700758944683219198e+00
6.000827336375961885e+00
5.239068600086259408e+00
4.625233590961149943e+00
6.319263342918093329e+00
6.812788620644881554e+00
3.220197023028068095e+00
-2.007171077501332945e-01
-1.367614631350916987e+00
-1.496230288443053613e+00
-1.494809792422806538e+00
1.543062595720803287e-01
2.058738936102134431e+00
2.174007484698138093e+00
8.514836964134312458e-01
1.262766532939884279e+00
1.699311867198058046e+00
-1.446034015154698871e+00
-2.281215704134866407e+00
-3.123156844113901709e+00
-2.528193278547837153e+00
-1.056652627495838326e+00
0.000000000000000000e+00
0.000000000000000000e+00
0.000000000000000000e+00
0.000000000000000000e+00
0.000000000000000000e+00
0.000000000000000000e+00
0.000000000000000000e+00
0.000000000000000000e+00
0.000000000000000000e+00
0.000000000000000000e+00
0.000000000000000000e+00
0.000000000000000000e+00
0.000000000000000000e+00
0.000000000000000000e+00
0.000000000000000000e+00
0.000000000000000000e+00
0.000000000000000000e+00
0.000000000000000000e+00
0.000000000000000000e+00
0.000000000000000000e+00
0.000000000000000000e+00
0.000000000000000000e+00
0.000000000000000000e+00
0.000000000000000000e+00
0.000000000000000000e+00
0.000000000000000000e+00
0.000000000000000000e+00
0.000000000000000000e+00
0.000000000000000000e+00
0.000000000000000000e+00
0.000000000000000000e+00
0.000000000000000000e+00
0.000000000000000000e+00
0.000000000000000000e+00
0.000000000000000000e+00
0.000000000000000000e+00
0.000000000000000000e+00
0.000000000000000000e+00
0.000000000000000000e+00
0.000000000000000000e+00
0.000000000000000000e+00
0.000000000000000000e+00
0.000000000000000000e+00
0.000000000000000000e+00
0.000000000000000000e+00
0.000000000000000000e+00
0.000000000000000000e+00
0.000000000000000000e+00
0.000000000000000000e+00
0.000000000000000000e+00
0.000000000000000000e+00
0.000000000000000000e+00
0.000000000000000000e+00
0.000000000000000000e+00
0.000000000000000000e+00
0.000000000000000000e+00
0.000000000000000000e+00
0.000000000000000000e+00
0.000000000000000000e+00
0.000000000000000000e+00
0.000000000000000000e+00
0.000000000000000000e+00
0.000000000000000000e+00
0.000000000000000000e+00
0.000000000000000000e+00
0.000000000000000000e+00
0.000000000000000000e+00
0.000000000000000000e+00
0.000000000000000000e+00
0.000000000000000000e+00
0.000000000000000000e+00
0.000000000000000000e+00
0.000000000000000000e+00
0.000000000000000000e+00
0.000000000000000000e+00
0.000000000000000000e+00
0.000000000000000000e+00
0.000000000000000000e+00
0.000000000000000000e+00
0.000000000000000000e+00
0.000000000000000000e+00
0.000000000000000000e+00
0.000000000000000000e+00
0.000000000000000000e+00
0.000000000000000000e+00
0.000000000000000000e+00
0.000000000000000000e+00
0.000000000000000000e+00
0.000000000000000000e+00
0.000000000000000000e+00
0.000000000000000000e+00
0.000000000000000000e+00
0.000000000000000000e+00
0.000000000000000000e+00
0.000000000000000000e+00
0.000000000000000000e+00
0.000000000000000000e+00
0.000000000000000000e+00
0.000000000000000000e+00
0.000000000000000000e+00
0.000000000000000000e+00
0.000000000000000000e+00
0.000000000000000000e+00
0.000000000000000000e+00
0.000000000000000000e+00
0.000000000000000000e+00
0.000000000000000000e+00
0.000000000000000000e+00
0.000000000000000000e+00
0.000000000000000000e+00
0.000000000000000000e+00
0.000000000000000000e+00
0.000000000000000000e+00
0.000000000000000000e+00
0.000000000000000000e+00
0.000000000000000000e+00
0.000000000000000000e+00
0.000000000000000000e+00
0.000000000000000000e+00
0.000000000000000000e+00
0.000000000000000000e+00
0.000000000000000000e+00
0.000000000000000000e+00
0.000000000000000000e+00
0.000000000000000000e+00
0.000000000000000000e+00
0.000000000000000000e+00
0.000000000000000000e+00
0.000000000000000000e+00
0.000000000000000000e+00
0.000000000000000000e+00
0.000000000000000000e+00
0.000000000000000000e+00
0.000000000000000000e+00
0.000000000000000000e+00
0.000000000000000000e+00
0.000000000000000000e+00
0.000000000000000000e+00
0.000000000000000000e+00
0.000000000000000000e+00
0.000000000000000000e+00
0.000000000000000000e+00
0.000000000000000000e+00
0.000000000000000000e+00
0.000000000000000000e+00
0.000000000000000000e+00
0.000000000000000000e+00
0.000000000000000000e+00
0.000000000000000000e+00
0.000000000000000000e+00
0.000000000000000000e+00
0.000000000000000000e+00
0.000000000000000000e+00
0.000000000000000000e+00
