2.573974609375000000e+00
-1.213659879965005572e-01
-4.716032080201228993e-01
8.127315490058354408e-01
-4.843018210283469571e-01
8.999045860490841875e-01
1.125263830829221767e+00
-1.671261915697215272e-01
-4.622187057864746151e-01
-2.382166717909186104e+00
-3.372293790346603259e+00
-1.525007410738728808e+00
1.923217310786053957e-01
2.156242254677538384e-01
1.377254107249700432e+00
4.344733569491992853e+00
4.084373749788962726e+00
1.109601209988642090e+00
-5.643907401838816895e-01
-2.189079566727149206e+00
-4.168756379747414087e+00
-4.438201896814600644e+00
-8.120462209191972036e-01
1.053178724870773131e+00
-7.896544803375142862e-01
-3.226514490724891715e+00
-1.929704732270728140e+00
1.114010800208530494e+00
1.269770584207509767e+00
1.123481550599572998e+00
6.032351374738205152e-01
-8.166892511892185347e-01
-5.482855897537579626e-01
2.756244655330646331e-01
-1.311343561952217573e+00
2.859030873976964315e-01
1.819430762744165930e+00
7.502021406800876147e-01
1.053802167303871107e+00
1.299086778613338655e+00
-6.154659167445062362e-01
-3.613929263988542306e-01
1.670357458925102900e+00
6.315433695641372580e-01
5.113516271496623133e-01
1.667214632894916670e+00
5.060029286922738123e-01
5.325645328593702210e-01
1.673139272863295446e-01
4.528423367092804241e-02
7.775373761915225224e-01
1.278739950361867272e+00
1.969389621599528795e-01
-3.464425596550908537e-01
1.681572323638338418e-01
-2.514054333293809229e-01
-1.316796795835432521e+00
-5.243549039418637925e-01
-1.297756834966548034e-01
1.823988444428388256e-01
2.955417526742749601e-01
9.810485370566124352e-02
4.942446964690643263e-01
5.419538824287961631e-01
-2.240500846645121502e-01
-1.330056395354541232e+00
-1.490971949752175618e+00
-8.245366387981094558e-01
-8.751218383380889865e-01
-1.315672348719184592e+00
1.940207637652584527e-01
1.852998372632194135e+00
1.426823485560899663e+00
6.201557653441052143e-01
-1.852829187794438059e-01
-1.502410150090365937e+00
-1.049272974744725806e+00
3.749133785685376807e-01
6.086646076566695207e-01
-8.063090769428860050e-01
-1.388951626575365417e+00
-7.714735277326267848e-01
-4.213777648482275318e-02
-9.280102556842801942e-01
-2.664950821396633085e+00
-1.829446517827578944e+00
-9.636813419173551054e-02
2.945848426856514379e-01
-1.236459995269911794e-01
7.191181801018320385e-02
3.954138406838564324e-01
-3.311346520579954156e-01
-2.228564556288885612e-01
-7.652549041496943261e-01
-4.822022627003805795e-01
-2.137162060080388670e-01
-1.355182891210219509e+00
-3.318638612093365303e+00
-4.300121399631546382e+00
-3.254082727729610269e+00
-1.106203633634017525e+00
-1.672415708291403735e-01
1.885862098683253052e-01
3.631574028483530725e-01
1.148981259551510981e+00
2.553675206597800340e+00
2.944955189808105445e+00
1.844114614198083313e+00
-2.885351671058803413e-01
-5.700243924339924995e-01
-1.549913952054158717e+00
-9.610829164734480123e-02
1.921799250534412362e+00
2.015074653034162999e+00
2.272281239625295601e+00
2.918258916942876091e+00
1.468002177388872731e+00
-8.331970817944821528e-01
1.854609412811731417e+00
2.604876047503183578e+00
3.536660620353460072e-01
-7.385039403407933634e-01
6.199906748390660027e-03
-1.491758359420324087e+00
-2.241141754628866778e+00
5.378872071937903510e-01
8.590972073286156085e-01
1.112090520606563437e+00
1.577708663074814277e+00
-1.394725143343092721e+00
-4.582599743700540351e+00
-1.383849982410425561e+00
8.674858021839444433e-01
-2.626388398149952508e-01
2.402612666138942199e+00
2.604964899657259636e+00
-1.598006467288295429e+00
1.780327315598841942e-01
7.498473385338422226e-01
-3.045795220395550285e+00
-7.817178626159977384e-01
1.016910159350207898e+00
-3.608885296736552561e-02
2.218306675952895102e+00
4.399604340491699794e+00
3.782064691297848391e-01
-1.097095259554144997e+00
-9.556580277067272533e-02
2.210738202951911369e+00
5.066105529093026583e+00
2.886286020342185843e+00
2.201352750373361644e+00
4.807016065143198347e+00
6.417212525576716509e-01
-2.311403495239654493e+00
1.478997107306153636e+00
-4.653530003945386406e-01
1.299149590837222590e+00
3.112074044361903269e+00
2.976726092984398608e-01
1.989478227273441924e+00
2.750992994503484113e+00
-7.517282205599289391e-01
-4.396610682195412068e-01
1.958395009324751079e+00
2.815374510895210847e+00
-1.403609734170707668e-01
5.370285278130086937e-01
-1.070029183200709832e+00
-3.338308409900315965e+00
-2.314791190633776807e+00
-1.052856138290833243e+00
-6.436262308296294421e-01
3.208208039185955762e-02
6.430760115414784206e-01
3.178673789934993721e-01
1.358181459780087863e-01
7.131752799069559501e-01
5.124675069068018729e-01
1.748640763207199855e+00
3.309964487453290527e+00
1.522403543988908980e+00
1.557520207903106746e+00
1.843353967132496773e+00
1.403570438270474785e+00
-3.329741254558878927e-01
-6.514162642089287303e-01
-1.817024051522639461e+00
2.097452580246197407e+00
3.684461666262238921e+00
2.631461522588105950e+00
3.593468723258801845e+00
4.469755090957096222e+00
2.483461274437133159e+00
-1.170842379941849920e+00
-1.523995382957346267e+00
2.700939741673160199e+00
2.473454510995036326e+00
1.022540957885067492e+00
9.681483318694983353e-02
-1.284365467492687429e-02
-7.120157631688837085e-01
-7.277399559299775333e-01
1.022214941663585286e+00
-5.277579132772336479e-01
-1.587785654873323793e-01
2.722497855177760329e+00
2.181715959348613509e+00
2.433423786517949772e-01
-1.587112384583088565e+00
-2.891552112792016516e+00
-3.734849078667148881e+00
8.089908582334317533e-01
2.227732815250370368e+00
1.163697768554241785e+00
2.061735206584136559e-01
-7.966169614908400476e-01
-2.751552280283809715e+00
-1.106330631564615530e+00
1.106101277202277355e+00
1.698789081010880775e-01
8.721729734169230142e-01
2.594367266821665741e+00
1.334020651013587022e+00
-2.710554593198761797e-01
1.337004844859544406e+00
1.776855659035077473e+00
2.274609888730330987e+00
2.753856935001957051e+00
1.516878471424836894e+00
-6.515202530762547184e-01
-1.322018054656430852e+00
3.313028913071403014e-01
4.782548292227139508e-01
1.070970188692787373e+00
2.021550132954838652e+00
1.883842019576619897e+00
1.016803114890701298e+00
7.719554061678595147e-01
9.018025142347194656e-01
-5.342891076315967602e-01
-2.819832735962985559e+00
-5.152993306223515368e+00
-5.192577623147508703e+00
-3.369445660374248419e+00
-1.636028850517246447e+00
-1.509675038807793968e-01
1.361967095986871712e+00
2.161503708124646650e+00
5.526734534989592440e-01
5.315750527455207486e-01
-2.974594705956413732e-01
-9.777573405158235254e-01
-2.744552884972586426e-01
7.749845940820687673e-02
-7.492622956995815819e-01
-1.718469425656143912e+00
-1.667853667649950022e+00
-5.888993551108823166e-01
-9.758303609584653149e-01
-1.648575564224903367e+00
-1.286816854865890480e+00
4.465824068178378958e-01
8.594497751917233863e-01
-2.280615755351931284e-01
-3.690959587368858319e-01
-6.497523947310781534e-01
-5.700079890646918557e-01
9.155954928692886519e-01
2.073486367700262178e+00
1.185479647596543451e+00
-2.440815009828434246e-01
-1.337693069649911637e+00
-1.007158126133858467e+00
-1.140292547341199114e+00
-1.584219668204089881e+00
-1.203595924974393716e+00
-1.164822441778781137e-01
7.146219374033284666e-01
7.376720770865554666e-01
-2.894473992036088461e-01
-7.886182334288096563e-01
-3.063792244483543037e-01
4.350209381562097910e-01
4.592079541102362938e-01
-8.490069459166753596e-01
-1.248583424705851153e+00
-7.180748271851040698e-01
3.590300441554727939e-03
6.301295735507439488e-01
5.680859626964926967e-01
6.854600384762705723e-01
1.294197880842157478e+00
4.869957374597309041e-01
2.257917355313807661e-01
1.796227438959270506e+00
4.809868499580476353e-01
4.339176279125775970e-01
2.078379132885148195e+00
4.637068168333111640e-01
-8.613272392625561658e-01
3.437644912305051204e-01
1.123662501865188679e+00
8.875048905942672928e-01
1.142771507674122722e+00
7.090091717601811894e-01
2.235629089333386332e-01
1.063171918383951642e-01
-3.896515400108697680e-01
-1.811859851602695581e+00
-9.576850277004766987e-01
1.294850068014194999e+00
2.153108794544592364e+00
5.319463033588318623e-01
-1.297997781571095910e+00
-3.169194238303561395e+00
-2.753318002976155476e+00
2.951229953252365590e-01
4.155545034100578405e-01
-2.566865639295643930e+00
-5.403406557925499953e+00
-4.318017888190150089e+00
-1.477647716536980127e+00
1.264424540099509109e+00
4.060184323788378791e+00
4.021497626859924956e+00
1.191097675521717747e+00
-5.122967601624370815e-01
-4.287346321476901423e-01
-5.512495997590534103e-01
-8.372659895866476631e-01
-1.942568611872159678e-01
-8.907730927761865480e-01
-1.982134571753647823e+00
-1.529651969234713249e-01
1.216437726781101958e+00
1.735728573598339430e+00
2.794006450131875319e+00
-1.403441734863302148e+00
-7.482325604432169541e-01
3.163822748499136139e+00
0.000000000000000000e+00
0.000000000000000000e+00
0.000000000000000000e+00
0.000000000000000000e+00
0.000000000000000000e+00
0.000000000000000000e+00
0.000000000000000000e+00
0.000000000000000000e+00
0.000000000000000000e+00
0.000000000000000000e+00
0.000000000000000000e+00
0.000000000000000000e+00
0.000000000000000000e+00
0.000000000000000000e+00
0.000000000000000000e+00
0.000000000000000000e+00
0.000000000000000000e+00
0.000000000000000000e+00
0.000000000000000000e+00
0.000000000000000000e+00
0.000000000000000000e+00
0.000000000000000000e+00
0.000000000000000000e+00
0.000000000000000000e+00
0.000000000000000000e+00
0.000000000000000000e+00
0.000000000000000000e+00
0.000000000000000000e+00
0.000000000000000000e+00
0.000000000000000000e+00
0.000000000000000000e+00
0.000000000000000000e+00
0.000000000000000000e+00
0.000000000000000000e+00
0.000000000000000000e+00
0.000000000000000000e+00
0.000000000000000000e+00
0.000000000000000000e+00
0.000000000000000000e+00
0.000000000000000000e+00
0.000000000000000000e+00
0.000000000000000000e+00
0.000000000000000000e+00
0.000000000000000000e+00
0.000000000000000000e+00
0.000000000000000000e+00
0.000000000000000000e+00
0.000000000000000000e+00
0.000000000000000000e+00
0.000000000000000000e+00
0.000000000000000000e+00
0.000000000000000000e+00
0.000000000000000000e+00
0.000000000000000000e+00
0.000000000000000000e+00
0.000000000000000000e+00
0.000000000000000000e+00
0.000000000000000000e+00
0.000000000000000000e+00
0.000000000000000000e+00
0.000000000000000000e+00
0.000000000000000000e+00
0.000000000000000000e+00
0.000000000000000000e+00
0.000000000000000000e+00
0.000000000000000000e+00
0.000000000000000000e+00
0.000000000000000000e+00
0.000000000000000000e+00
0.000000000000000000e+00
0.000000000000000000e+00
0.000000000000000000e+00
0.000000000000000000e+00
0.000000000000000000e+00
0.000000000000000000e+00
0.000000000000000000e+00
0.000000000000000000e+00
0.000000000000000000e+00
0.000000000000000000e+00
0.000000000000000000e+00
0.000000000000000000e+00
0.000000000000000000e+00
0.000000000000000000e+00
0.000000000000000000e+00
0.000000000000000000e+00
0.000000000000000000e+00
0.000000000000000000e+00
0.000000000000000000e+00
0.000000000000000000e+00
0.000000000000000000e+00
0.000000000000000000e+00
0.000000000000000000e+00
0.000000000000000000e+00
0.000000000000000000e+00
0.000000000000000000e+00
0.000000000000000000e+00
0.000000000000000000e+00
0.000000000000000000e+00
0.000000000000000000e+00
0.000000000000000000e+00
0.000000000000000000e+00
0.000000000000000000e+00
0.000000000000000000e+00
0.000000000000000000e+00
0.000000000000000000e+00
0.000000000000000000e+00
0.000000000000000000e+00
0.000000000000000000e+00
0.000000000000000000e+00
0.000000000000000000e+00
0.000000000000000000e+00
0.000000000000000000e+00
0.000000000000000000e+00
0.000000000000000000e+00
0.000000000000000000e+00
0.000000000000000000e+00
0.000000000000000000e+00
0.000000000000000000e+00
0.000000000000000000e+00
0.000000000000000000e+00
0.000000000000000000e+00
0.000000000000000000e+00
0.000000000000000000e+00
0.000000000000000000e+00
0.000000000000000000e+00
0.000000000000000000e+00
0.000000000000000000e+00
0.000000000000000000e+00
0.000000000000000000e+00
0.000000000000000000e+00
0.000000000000000000e+00
0.000000000000000000e+00
0.000000000000000000e+00
0.000000000000000000e+00
0.000000000000000000e+00
0.000000000000000000e+00
0.000000000000000000e+00
0.000000000000000000e+00
0.000000000000000000e+00
0.000000000000000000e+00
0.000000000000000000e+00
0.000000000000000000e+00
0.000000000000000000e+00
0.000000000000000000e+00
0.000000000000000000e+00
0.000000000000000000e+00
0.000000000000000000e+00
0.000000000000000000e+00
0.000000000000000000e+00
0.000000000000000000e+00
0.000000000000000000e+00
0.000000000000000000e+00
0.000000000000000000e+00
0.000000000000000000e+00
0.000000000000000000e+00
0.000000000000000000e+00
0.000000000000000000e+00
0.000000000000000000e+00
0.000000000000000000e+00
