1.458587646484375444e+00
1.259489918250835450e+00
8.405937110682859537e-01
1.005292494662827885e+00
1.063309610067314281e+00
1.861655163138598024e-01
-9.942496672206682096e-01
-9.674451078041081953e-01
-5.343493634353480015e-02
-5.952496716425076384e-01
-9.853544237660352145e-01
-7.588490394555158502e-01
-7.830613847810985462e-01
-7.832437445216720029e-01
1.730031521912216430e-01
1.033445660183693215e+00
1.352924269362249632e+00
6.947152766874771235e-01
9.517701035587942116e-01
1.782626892653120132e+00
1.495615562973168222e+00
-5.002024066056431906e-02
-2.169810730009498201e-01
3.646098585497745681e-01
3.305309212029845511e-01
-2.315313946096548836e-01
6.060299192216065389e-01
1.362474753445941378e+00
2.063895401664201934e+00
2.223857099166127504e+00
1.055410280405980838e+00
-1.120399373931000753e+00
-1.257633273559008336e+00
8.947534366923703963e-01
1.981550768706987320e+00
1.148390574843106471e+00
7.030562093066414775e-01
1.232614428898980208e+00
1.585569353795387659e+00
2.143827331973793271e+00
1.072984311724876072e+00
-4.586407229941635855e-01
-5.812862899590998111e-01
6.866288579137613812e-01
1.402332456865556853e+00
1.071421975691519091e+00
4.024586635896036935e-01
7.553401765842839843e-01
8.295559125647570253e-01
6.375536461621643669e-01
-4.946669545368250764e-01
-1.076778533762058121e+00
-1.528055804741670132e+00
-1.514888467761668744e+00
-1.382997824547540056e+00
-1.132783061909967692e+00
-7.408529015291041020e-01
-6.651209160156252853e-01
1.249300171135077075e-01
1.396448072067550727e+00
1.296479842105828784e+00
1.103781253449105382e+00
1.208325093633290104e+00
1.630281548015602766e+00
2.011543279176511323e+00
1.696153132888731596e+00
9.081615382543516413e-01
-6.812205612893085238e-02
-8.185477458515842963e-01
-3.150905688355318812e-01
-7.410282073038354511e-02
1.975313048774651747e-01
4.678338325699129552e-01
1.397709991439405330e-01
-8.117149172925817169e-01
-1.143190130677791405e+00
-1.053192090668864989e+00
-8.347695073508361041e-01
-9.343510774610397362e-01
-1.016573028583156457e+00
-1.094165878665643632e+00
-1.432390361589178429e+00
-1.903127087818646146e+00
-2.258614570738038729e+00
-2.391536318311714648e+00
-2.062850560519186693e+00
-1.489827597975414308e+00
-1.207933308241169623e+00
-8.239214015010780656e-01
1.244752491086469348e-01
5.645657475322622965e-01
5.788852236778201377e-01
1.569160010297409036e-01
-8.815012334764071866e-02
1.585108631383975730e-01
3.319811774790997205e-01
3.324100568223316010e-01
3.020548472790696160e-01
3.149835310295894253e-01
2.852236536375865050e-01
4.004761030472669958e-02
-4.078751637819153508e-01
-8.143639403405422694e-01
-3.784005531705657566e-01
-1.731810888703156914e-01
1.789634057359584807e-01
5.570689469655364379e-01
4.717773285878305023e-01
9.985032017515094172e-02
6.414415911817157312e-01
6.951489466283578000e-01
-1.847691563499478384e-01
-1.258282598769633776e+00
-3.021547430357520714e-01
5.282815052602891637e-01
8.770678448322681842e-01
6.804469446549656908e-01
1.860518155746877511e-01
-2.825096208386772556e-01
-6.627992054965046176e-01
-4.341250461523730730e-01
1.456831211372522361e-02
-7.537539119108649377e-02
-5.455725059951525013e-01
6.290399126543858577e-01
1.327258386340879781e+00
2.796844953253871946e-01
-1.827413414402945024e+00
-1.477592832808677370e+00
-3.643417229783718625e-01
6.585380596978747114e-01
1.001240477781262683e+00
8.938022352531982406e-02
-1.969176025093853255e+00
-2.818636230003005672e+00
-3.639904112714700268e-01
1.949981277518386236e+00
2.809134034387783085e+00
2.156716155919134792e+00
1.772278495688680788e+00
1.858563616835274823e+00
1.341949262041805202e+00
8.692734369275967321e-01
1.198050834119548824e+00
9.853930198590196143e-01
-2.344608913254111471e-01
-3.757138283217589247e-01
5.570339936697310534e-01
4.472847047151207178e-01
-1.506962760941541468e-01
1.630164752208221435e+00
2.295586406037581462e+00
1.579616970541837473e+00
6.335565675575363098e-01
1.557959190857125975e+00
2.140887586158366052e+00
1.551842598058323253e+00
1.147367203680989434e+00
1.070773596296507035e+00
8.144010965419026249e-01
7.613550410620187892e-01
1.206580790222086641e+00
9.873749656910104644e-01
-1.261910319692290949e-01
-5.493365068553163200e-01
6.249076719431112537e-02
6.745030829270213246e-01
6.742627552006310587e-01
5.654628825721430552e-02
-6.692210924895336532e-02
4.681549292167628273e-01
3.665795311696324887e-01
-2.429320932550731449e-01
-8.841974894108137750e-01
-4.123729916577267840e-01
4.119973573674635681e-01
3.305645946189201823e-01
-4.204302883072559283e-01
-1.020549709419630968e+00
-9.328326283377625927e-01
-1.211753050416861877e+00
-1.917124419261836410e+00
-1.561459795776925397e+00
-1.545806205591893523e+00
-2.709687480945192739e+00
-2.721732869329183124e+00
-1.183486156888816421e+00
-5.163051776393730030e-01
-3.317309280954965356e-01
1.321823684713389069e-01
-2.093300772738129201e-01
-6.210581342214887002e-01
-5.634092778313373184e-01
-1.899770079848022153e-01
-1.582357416511281922e-01
-6.477328720172637055e-01
-1.078575590547876217e+00
-1.649068458583231145e+00
-2.485238005716187359e+00
-2.485238005716187359e+00
-1.649068458583231145e+00
-1.078575590547876217e+00
-6.477328720172637055e-01
-1.582357416511281922e-01
-1.899770079848022153e-01
-5.634092778313373184e-01
-6.210581342214887002e-01
-2.093300772738129201e-01
1.321823684713389069e-01
-3.317309280954965356e-01
-5.163051776393730030e-01
-1.183486156888816421e+00
-2.721732869329183124e+00
-2.709687480945192739e+00
-1.545806205591893523e+00
-1.561459795776925397e+00
-1.917124419261836410e+00
-1.211753050416861877e+00
-9.328326283377625927e-01
-1.020549709419630968e+00
-4.204302883072559283e-01
3.305645946189201823e-01
4.119973573674635681e-01
-4.123729916577267840e-01
-8.841974894108137750e-01
-2.429320932550731449e-01
3.665795311696324887e-01
4.681549292167628273e-01
-6.692210924895336532e-02
5.654628825721430552e-02
6.742627552006310587e-01
6.745030829270213246e-01
6.249076719431112537e-02
-5.493365068553163200e-01
-1.261910319692290949e-01
9.873749656910104644e-01
1.206580790222086641e+00
7.613550410620187892e-01
8.144010965419026249e-01
1.070773596296507035e+00
1.147367203680989434e+00
1.551842598058323253e+00
2.140887586158366052e+00
1.557959190857125975e+00
6.335565675575363098e-01
1.579616970541837473e+00
2.295586406037581462e+00
1.630164752208221435e+00
-1.506962760941541468e-01
4.472847047151207178e-01
5.570339936697310534e-01
-3.757138283217589247e-01
-2.344608913254111471e-01
9.853930198590196143e-01
1.198050834119548824e+00
8.692734369275967321e-01
1.341949262041805202e+00
1.858563616835274823e+00
1.772278495688680788e+00
2.156716155919134792e+00
2.809134034387783085e+00
1.949981277518386236e+00
-3.639904112714700268e-01
-2.818636230003005672e+00
-1.969176025093853255e+00
8.938022352531982406e-02
1.001240477781262683e+00
6.585380596978747114e-01
-3.643417229783718625e-01
-1.477592832808677370e+00
-1.827413414402945024e+00
2.796844953253871946e-01
1.327258386340879781e+00
6.290399126543858577e-01
-5.455725059951525013e-01
-7.537539119108649377e-02
1.456831211372522361e-02
-4.341250461523730730e-01
-6.627992054965046176e-01
-2.825096208386772556e-01
1.860518155746877511e-01
6.804469446549656908e-01
8.770678448322681842e-01
5.282815052602891637e-01
-3.021547430357520714e-01
-1.258282598769633776e+00
-1.847691563499478384e-01
6.951489466283578000e-01
6.414415911817157312e-01
9.985032017515094172e-02
4.717773285878305023e-01
5.570689469655364379e-01
1.789634057359584807e-01
-1.731810888703156914e-01
-3.784005531705657566e-01
-8.143639403405422694e-01
-4.078751637819153508e-01
4.004761030472669958e-02
2.852236536375865050e-01
3.149835310295894253e-01
3.020548472790696160e-01
3.324100568223316010e-01
3.319811774790997205e-01
1.585108631383975730e-01
-8.815012334764071866e-02
1.569160010297409036e-01
5.788852236778201377e-01
5.645657475322622965e-01
1.244752491086469348e-01
-8.239214015010780656e-01
-1.207933308241169623e+00
-1.489827597975414308e+00
-2.062850560519186693e+00
-2.391536318311714648e+00
-2.258614570738038729e+00
-1.903127087818646146e+00
-1.432390361589178429e+00
-1.094165878665643632e+00
-1.016573028583156457e+00
-9.343510774610397362e-01
-8.347695073508361041e-01
-1.053192090668864989e+00
-1.143190130677791405e+00
-8.117149172925817169e-01
1.397709991439405330e-01
4.678338325699129552e-01
1.975313048774651747e-01
-7.410282073038354511e-02
-3.150905688355318812e-01
-8.185477458515842963e-01
-6.812205612893085238e-02
9.081615382543516413e-01
1.696153132888731596e+00
2.011543279176511323e+00
1.630281548015602766e+00
1.208325093633290104e+00
1.103781253449105382e+00
1.296479842105828784e+00
1.396448072067550727e+00
1.249300171135077075e-01
-6.651209160156252853e-01
-7.408529015291041020e-01
-1.132783061909967692e+00
-1.382997824547540056e+00
-1.514888467761668744e+00
-1.528055804741670132e+00
-1.076778533762058121e+00
-4.946669545368250764e-01
6.375536461621643669e-01
8.295559125647570253e-01
7.553401765842839843e-01
4.024586635896036935e-01
1.071421975691519091e+00
1.402332456865556853e+00
6.866288579137613812e-01
-5.812862899590998111e-01
-4.586407229941635855e-01
1.072984311724876072e+00
2.143827331973793271e+00
1.585569353795387659e+00
1.232614428898980208e+00
7.030562093066414775e-01
1.148390574843106471e+00
1.981550768706987320e+00
8.947534366923703963e-01
-1.257633273559008336e+00
-1.120399373931000753e+00
1.055410280405980838e+00
2.223857099166127504e+00
2.063895401664201934e+00
1.362474753445941378e+00
6.060299192216065389e-01
-2.315313946096548836e-01
3.305309212029845511e-01
3.646098585497745681e-01
-2.169810730009498201e-01
-5.002024066056431906e-02
1.495615562973168222e+00
1.782626892653120132e+00
9.517701035587942116e-01
6.947152766874771235e-01
1.352924269362249632e+00
1.033445660183693215e+00
1.730031521912216430e-01
-7.832437445216720029e-01
-7.830613847810985462e-01
-7.588490394555158502e-01
-9.853544237660352145e-01
-5.952496716425076384e-01
-5.343493634353480015e-02
-9.674451078041081953e-01
-9.942496672206682096e-01
1.861655163138598024e-01
1.063309610067314281e+00
1.005292494662827885e+00
8.405937110682859537e-01
1.259489918250835450e+00
0.000000000000000000e+00
0.000000000000000000e+00
0.000000000000000000e+00
0.000000000000000000e+00
0.000000000000000000e+00
0.000000000000000000e+00
0.000000000000000000e+00
0.000000000000000000e+00
0.000000000000000000e+00
0.000000000000000000e+00
0.000000000000000000e+00
0.000000000000000000e+00
0.000000000000000000e+00
0.000000000000000000e+00
0.000000000000000000e+00
0.000000000000000000e+00
0.000000000000000000e+00
0.000000000000000000e+00
0.000000000000000000e+00
0.000000000000000000e+00
0.000000000000000000e+00
0.000000000000000000e+00
0.000000000000000000e+00
0.000000000000000000e+00
0.000000000000000000e+00
0.000000000000000000e+00
0.000000000000000000e+00
0.000000000000000000e+00
0.000000000000000000e+00
0.000000000000000000e+00
0.000000000000000000e+00
0.000000000000000000e+00
0.000000000000000000e+00
0.000000000000000000e+00
0.000000000000000000e+00
0.000000000000000000e+00
0.000000000000000000e+00
0.000000000000000000e+00
0.000000000000000000e+00
0.000000000000000000e+00
0.000000000000000000e+00
0.000000000000000000e+00
0.000000000000000000e+00
0.000000000000000000e+00
0.000000000000000000e+00
0.000000000000000000e+00
0.000000000000000000e+00
0.000000000000000000e+00
0.000000000000000000e+00
0.000000000000000000e+00
0.000000000000000000e+00
0.000000000000000000e+00
0.000000000000000000e+00
0.000000000000000000e+00
0.000000000000000000e+00
0.000000000000000000e+00
0.000000000000000000e+00
0.000000000000000000e+00
0.000000000000000000e+00
0.000000000000000000e+00
0.000000000000000000e+00
0.000000000000000000e+00
0.000000000000000000e+00
0.000000000000000000e+00
0.000000000000000000e+00
0.000000000000000000e+00
0.000000000000000000e+00
0.000000000000000000e+00
0.000000000000000000e+00
0.000000000000000000e+00
0.000000000000000000e+00
0.000000000000000000e+00
0.000000000000000000e+00
0.000000000000000000e+00
0.000000000000000000e+00
0.000000000000000000e+00
0.000000000000000000e+00
0.000000000000000000e+00
0.000000000000000000e+00
0.000000000000000000e+00
0.000000000000000000e+00
0.000000000000000000e+00
0.000000000000000000e+00
0.000000000000000000e+00
0.000000000000000000e+00
0.000000000000000000e+00
0.000000000000000000e+00
0.000000000000000000e+00
0.000000000000000000e+00
0.000000000000000000e+00
0.000000000000000000e+00
0.000000000000000000e+00
0.000000000000000000e+00
0.000000000000000000e+00
0.000000000000000000e+00
0.000000000000000000e+00
0.000000000000000000e+00
0.000000000000000000e+00
0.000000000000000000e+00
0.000000000000000000e+00
0.000000000000000000e+00
0.000000000000000000e+00
0.000000000000000000e+00
