-4.858398437500000000e-01
-2.871091296817103178e-01
-5.569912564927258503e-01
-1.341051817812507707e+00
-2.083151364391558680e+00
-1.952442720819068445e+00
1.570842890927450775e+00
1.271851764811396723e+00
2.830133666743532839e-01
-3.282818630271866489e-02
-2.694217657843037017e+00
-4.448774798056597923e+00
-2.598826094059492497e+00
-8.443172935279132929e-01
-9.931628048046303725e-01
-1.491549150207300167e+00
-2.038186489686544256e-01
7.248473114793085870e-01
-4.127258976290961723e-01
-7.925819526294641815e-01
-3.637142278575176135e-01
-2.804252757937778728e+00
-4.330340109145978111e+00
-2.767604590777515750e+00
-2.163117183865825854e+00
-1.859085726831206653e+00
1.243428902167015737e+00
1.715136148578095820e+00
1.366529222196058990e+00
1.979980912093619594e-01
-2.439389204522566246e-01
1.349179026285523442e+00
1.561595426526401376e+00
-6.007153730371882716e+00
-9.284633253548740583e+00
-5.909467320509344646e+00
8.762825879675766316e-01
-1.865185831712160791e+00
-9.287953934271522272e-01
-5.413472216510877288e-01
-3.288801274326806023e+00
-1.563946422769389777e+00
1.517295188748451373e+00
-1.249557171227812624e+00
-2.598848930792588607e+00
-2.409360714721306529e+00
2.305666439426218961e+00
1.233840136325062176e+00
-3.568171503834428826e+00
-9.716848187908144752e+00
-1.225237742872542412e+01
-1.233795417068123079e+01
-8.754713234264373867e+00
-3.686698517272723130e+00
8.984398986319241942e-02
1.600712798325504949e+00
-1.348934654322875959e+00
-2.045148218880975755e+00
-9.923001680343142006e-01
-2.844140517007889724e+00
-3.363519856888824044e+00
-2.671251358847730906e+00
-4.085079308031969170e+00
-5.720675968187770799e+00
-4.364475996792419821e+00
-2.775561079811970089e+00
-4.925913593688092895e+00
-7.386684351564792195e+00
-5.952159458321917285e+00
-2.048732366117291814e+00
5.958069685154456785e-01
1.880311623859160619e+00
2.777497487870617565e+00
2.067365312532890798e+00
1.191249952396944423e-03
-1.888863920586125289e+00
1.738232701813388736e+00
4.878828014176621153e+00
4.004820220908039019e+00
-3.334734155254894805e-01
-8.808479292570727814e-01
4.017404206397539035e-01
-6.583966716793483442e-01
-5.623106699832103317e-02
1.857213167231915651e+00
3.647996650628848592e-01
-1.471896029383312765e-01
7.503737154859604352e-01
3.256324218361035250e-01
-1.554397006061944975e-01
-3.527841805587885737e-01
-1.675785402773722454e+00
-2.014215659922983459e+00
7.997898274314612088e-01
-3.817590178647649601e-01
-6.900243041682010414e-01
-2.028229570933622661e+00
-3.569247959785898594e+00
-2.531188348783432129e+00
-1.951598466447339586e-01
-4.822931985664886678e-01
-1.478189213989168804e+00
-3.147701451256823546e-02
1.008194821711912548e+00
3.042874236989676628e-01
3.781220719485485215e-01
2.304825405400526162e+00
3.052565327535994744e+00
2.537056190145184242e+00
1.426481744934366303e+00
7.839966440149463978e-01
2.795483825490459040e-01
1.035163446761620865e+00
1.286406737004950118e+00
2.785644762500593119e-01
1.434002009865764204e+00
2.059912924062115014e+00
9.647888001708835315e-01
1.685699323345536182e+00
2.770771482197215363e+00
2.262955123899772936e+00
2.081288450991018557e+00
2.051423302782757307e+00
1.043976846240706191e+00
1.964720025796224956e+00
2.352232922094206646e+00
-1.228985085998113291e-02
2.471315854570312887e-01
1.082438946915557088e+00
1.084514169749251078e+00
1.947688275185582407e+00
2.384988216899844193e+00
9.350141813499390775e-01
6.801662034547800717e-01
1.498899781773358475e+00
1.383824398574407866e+00
1.285752519031063024e+00
6.325532533608446695e-02
-6.607508159393177261e-01
2.420644946315708701e-01
1.477464158188985133e+00
2.032123413041698079e+00
8.154071586143247785e-01
-1.196572627599801208e-01
1.700860432495616692e-01
-1.524461289234368966e-01
-9.974968721094681356e-01
-1.202140717848581897e+00
-7.766061712112937165e-01
2.355903881082674900e-01
6.198829600938636775e-01
8.237188631632261782e-01
1.142799125641634994e+00
5.810096220032938685e-01
-2.766844283104833435e-01
4.506648462077921247e-01
9.585127210221915384e-01
-1.015772586953702650e-01
-5.398705595312685013e-01
8.858925152449819151e-01
2.518699490519384465e+00
2.974592979644921531e+00
2.683844668651082621e+00
2.556692351812096309e+00
2.151244654904980624e+00
1.230606236135567189e+00
1.028369310604945408e+00
1.798036539389705757e+00
2.602827249273484078e+00
2.583476082281658037e+00
2.465463575954084607e+00
2.963012900678037020e+00
3.322322638917566628e+00
2.655007449396753927e+00
2.216139962804151153e+00
2.463195476919970872e+00
2.906374204960831875e+00
2.348546484912116927e+00
1.946165120878462051e+00
2.142413360131897093e+00
2.377466100414881378e+00
2.645411734737419085e+00
3.071105274770332905e+00
3.568303314370994350e+00
3.436528193273517218e+00
1.953794869619162045e+00
-3.591029899772857359e-01
-2.420621527889275093e-01
3.667290881277853742e-01
9.085933722508247046e-01
1.389433235980034542e+00
1.285207225773518758e+00
9.187492514599437943e-01
8.853533654202014880e-01
5.585719221999783102e-01
8.939045408047863184e-02
-4.676500155696705630e-02
1.475851110339522210e-01
5.697319112801910723e-01
1.163315469887998832e+00
3.986371253911540347e-01
-8.940310581154320424e-02
4.216523643241664732e-01
6.552792864155790875e-01
-1.064754657550304184e-02
-3.972347781867613392e-01
2.472906003691877075e-02
3.604277027031578262e-01
8.366633490839050502e-01
5.418304198921868320e-01
-6.392627792087901550e-02
-3.851546310936099227e-02
-6.602503807193182972e-03
2.339896855002228104e-01
3.306822349379920922e-01
4.203220609810154329e-01
5.172479723980367705e-01
4.734811293239568619e-01
3.846419755811906205e-01
1.188374825055698858e-01
1.142987220248431468e-01
-1.643504240168178199e-02
2.290590134579608972e-01
6.248017756617320062e-01
4.113978648005975902e-01
4.084171183687915208e-01
6.873112317515717162e-01
2.177475184459719548e-01
-1.108321634858389082e-01
3.387373056871418875e-01
5.301581581828446188e-02
3.460904087426419640e-02
3.244984927409273467e-01
7.961883550094754902e-01
8.907228876265531614e-01
1.573767759360455987e-02
-4.575560476218324402e-01
3.311328371779609370e-02
1.674667538398744160e-01
4.725595841572006739e-01
3.508484900678375262e-01
1.357603163746124997e-01
5.661166878562087224e-01
8.642486223842101856e-01
-1.247724939303171687e-01
5.087007548397839418e-01
3.877064364288808074e-01
4.147886101245169543e-01
6.415003954286071508e-01
7.725871451416903568e-01
1.189674842995871229e+00
1.601758933976259014e+00
1.371859531723222503e+00
7.449928818446723833e-01
-2.251465034286086464e-01
-7.600218860695286960e-01
1.426287313621647179e+00
3.279624350265515353e+00
3.751274812527243263e+00
3.166603903173361267e+00
2.554129474425490098e+00
2.247394517324760699e+00
1.968950421589682254e+00
1.958850972289400527e+00
2.412340639337558823e+00
2.785349708232391031e+00
2.946449236367302493e+00
2.453893221842349703e+00
2.509931098136932714e+00
2.964374627524398509e+00
3.301185527590096314e+00
2.846371469980999880e+00
2.518431219484840611e+00
2.420230428681623636e+00
1.994806182947985729e+00
9.994895356014941168e-01
8.356519462451743596e-01
1.752564011929043986e+00
2.466587805883964979e+00
2.725020438773150921e+00
2.955489909617415645e+00
2.652804588211749692e+00
1.418671690800003438e+00
-2.702258512989345607e-01
-4.563901728924962820e-01
4.143022986521612827e-01
1.025563686630135418e+00
-2.208682637316433661e-01
4.012653360834920191e-01
1.266069914169992483e+00
9.793977602593975096e-01
4.970118974032360359e-01
2.679241832856268379e-01
-4.080747792872840285e-01
-9.610886471406748788e-01
-1.071667165555290513e+00
-2.749561998032052923e-01
2.863671798790288214e-01
5.047446563773672068e-02
5.650378248132841286e-01
1.268848390571448270e+00
1.523558157076119191e+00
9.171904213602795064e-01
-5.638385794532242423e-01
-4.496788652148148158e-01
1.145899099504117169e+00
1.517466488800979230e+00
1.211235188186094547e+00
1.134647374296703815e+00
9.714275818805245821e-01
2.181249352006368269e+00
2.364332021632950198e+00
5.350273062369705901e-01
1.587698070898829972e+00
1.744388466015655892e+00
-3.588319526688250605e-01
4.543346626738733463e-01
2.948618826240969604e+00
1.126116901152428795e+00
9.250857663016343047e-01
2.805412330553628930e+00
2.354622559205783006e+00
2.174319865402646990e+00
1.649857005331537563e+00
1.254505835408737724e+00
2.087958637450005206e+00
1.429468209627656083e+00
3.716953977593976388e-01
9.059972035866471485e-01
9.083159803535816312e-01
1.177047127446444241e+00
9.153968363759847904e-01
7.228028041065255316e-01
1.845846003874473729e+00
3.223284333320780348e+00
2.736384974504073142e+00
7.780563634534655160e-01
3.423803055739345069e-01
1.556534924922893248e+00
7.627497259967819243e-01
-1.222175869447654994e+00
-1.195913901595311968e+00
-5.680016803606746656e-02
-6.613253633407545351e-01
-3.280630920304826947e+00
-3.836588754049499617e+00
-1.701194228012925969e+00
-3.350190842147553472e-01
-4.426631344667901757e-01
3.673070518798832174e-02
-1.012197459267196065e+00
-8.746819195269623926e-01
-7.699200299549544546e-01
-7.777214012108053520e-01
1.306692754733313588e+00
1.198808574259016879e+00
-3.250875918303894885e-01
5.882933471462585828e-01
1.365298380744359719e+00
-6.123262378720282229e-01
2.876435255516729406e-01
-5.505957152672746879e-01
-8.926462947794526759e-01
2.995059200236713792e+00
5.125811754968730760e+00
2.902514529964059786e+00
-1.187366891698843574e+00
-1.765754792876812473e-01
1.313860890245543978e+00
1.601867241729594715e+00
2.204672052652887349e+00
2.204377841486904632e+00
5.889923970742776405e-01
-2.369587058153994175e+00
-5.769211140683440320e+00
-6.507298415374122236e+00
-4.755348886345620585e+00
-4.182229116075532716e+00
-6.038158941097385934e+00
-5.451989192697566544e+00
-3.981509665775512907e+00
-2.987573192229837638e+00
-2.505040496982666287e+00
-2.241256254087623745e+00
-2.213813818714618797e+00
-1.721402434479186949e+00
1.536771999220461815e+00
3.302356200735308001e+00
-8.480413619148245985e-01
-6.763959157465432526e+00
-9.454213333093335336e+00
-1.041683411996525876e+01
-1.117531168342756942e+01
-8.099782885883186623e+00
-3.506563293169624451e+00
-1.781728190823801850e+00
-2.532810267695306816e-02
2.965420360433506097e-01
-1.801733045442603931e+00
-1.878423404054681001e-01
2.647532460397750143e+00
-1.876037773076999926e+00
-3.935737101331698184e+00
1.679658106268178130e-02
-1.040535347027484292e+00
-4.067256400773160863e+00
-2.138661483671164376e+00
-5.150488899688614453e+00
-8.557791095988704910e+00
-4.474257210585948386e+00
2.938672806994443665e+00
5.676551919243806310e-01
-1.705306073860515248e+00
4.912561277299403173e-01
1.346539345441214897e+00
7.635705455936676600e-01
-6.539818528631260452e-01
-3.941595751517761315e-01
-1.091681254685740843e+00
-3.854605266467554081e+00
-3.973930309465751431e+00
-2.040014113456473765e+00
-2.015596255711861851e+00
-7.696775629100331972e-01
1.377221766847303019e+00
4.233926091318407359e-01
-1.670518436937226125e+00
-1.246882890631809904e+00
-3.154990937624977398e-01
-1.487554641041924919e+00
-3.739682167805826740e+00
-3.913232771208571936e+00
-2.795977080432848538e+00
1.035141739589317655e+00
1.342835803761771585e+00
5.943983910355354894e-01
-2.678132098526599947e-01
-1.821575712849207385e+00
-2.157132826589535757e+00
-1.222531990323128870e+00
5.663376749648767472e-01
-2.225832590936805300e+00
0.000000000000000000e+00
0.000000000000000000e+00
0.000000000000000000e+00
0.000000000000000000e+00
0.000000000000000000e+00
0.000000000000000000e+00
0.000000000000000000e+00
0.000000000000000000e+00
0.000000000000000000e+00
0.000000000000000000e+00
0.000000000000000000e+00
0.000000000000000000e+00
0.000000000000000000e+00
0.000000000000000000e+00
0.000000000000000000e+00
0.000000000000000000e+00
0.000000000000000000e+00
0.000000000000000000e+00
0.000000000000000000e+00
0.000000000000000000e+00
0.000000000000000000e+00
0.000000000000000000e+00
0.000000000000000000e+00
0.000000000000000000e+00
0.000000000000000000e+00
0.000000000000000000e+00
0.000000000000000000e+00
0.000000000000000000e+00
0.000000000000000000e+00
0.000000000000000000e+00
0.000000000000000000e+00
0.000000000000000000e+00
0.000000000000000000e+00
0.000000000000000000e+00
0.000000000000000000e+00
0.000000000000000000e+00
0.000000000000000000e+00
0.000000000000000000e+00
0.000000000000000000e+00
0.000000000000000000e+00
0.000000000000000000e+00
0.000000000000000000e+00
0.000000000000000000e+00
0.000000000000000000e+00
0.000000000000000000e+00
0.000000000000000000e+00
0.000000000000000000e+00
0.000000000000000000e+00
0.000000000000000000e+00
0.000000000000000000e+00
0.000000000000000000e+00
0.000000000000000000e+00
0.000000000000000000e+00
0.000000000000000000e+00
0.000000000000000000e+00
0.000000000000000000e+00
0.000000000000000000e+00
0.000000000000000000e+00
