1.198120117187500000e-01
1.574967152749639498e-01
3.278372597286842716e-01
3.677765068053154840e-01
3.857398506267772920e-01
5.248655058470685919e-01
8.590892131021168332e-01
1.195330151119387674e+00
6.266567779421707840e-01
6.389458630116831017e-01
9.792893551949304332e-01
1.146089811222953614e+00
8.284713869194609837e-01
9.827740219587810522e-02
-4.508581422686059881e-01
2.869532358038875408e-01
2.362951360180705507e+00
2.737432004137944741e+00
2.003867405995110929e+00
1.906265285432555689e+00
1.787196050620050158e+00
1.254237903014383537e+00
6.047397326313870281e-01
1.526417993923976368e-01
8.248039862975264924e-02
5.590255570935895868e-01
9.652774246346553788e-01
-3.638392555557072860e-01
-2.231028218534375718e+00
-3.409037885713560811e+00
-2.281941736779372398e+00
7.597421825669954387e-01
3.004786403249036120e+00
4.135044664511138279e+00
5.169380797731795596e+00
2.804028987786617577e-01
-2.944774904680655503e+00
-2.856942509285662180e+00
-9.650359413980429402e-01
1.937651004279277167e-01
2.128300269218843521e-01
4.953476378930707913e-01
6.999958818553377871e-01
-1.394575891602036766e-01
-2.999651894571668254e-01
3.456866314228516091e-01
-5.118886040699610618e-02
-6.546368200908969648e-01
-1.051825101416311581e+00
-8.649982654484560385e-01
-4.400688979587180638e-01
-4.130424259123093300e-01
-5.309446004229623206e-02
5.324361097866803227e-02
-1.850139343887478027e-01
-3.344469925006530175e-01
-3.493391668354188795e-01
-2.772916736191584075e-01
-2.313824070808753741e-01
-3.142852526275931591e-01
-7.431946096644347355e-01
-1.374552764457701137e+00
-1.476414131772410432e+00
-9.616485727918095971e-01
-2.275170908224284361e-01
2.882349199817202390e-01
6.751853066381321433e-01
1.036234162428688821e+00
7.695252444597857622e-01
1.079355627114442218e-02
-7.204084826060678237e-01
-6.002325648018681514e-01
-1.603811916251842717e-01
-1.900614787440750852e-01
-7.384480073481283213e-01
1.612977587218088482e-01
7.082227047820282007e-01
4.749134252772722053e-01
-2.852815121955689648e-01
-5.383691323454491418e-01
-7.675517670580678242e-02
3.409455328303280242e-01
-2.698326233402092988e-02
-7.490192113046477695e-01
-1.058112419734149601e-01
9.210177616946669810e-01
1.357092158517447356e+00
2.227329606207562041e-01
-4.013051701117054115e-01
-1.397321198681809040e-01
-3.397121801534845886e-01
-1.134287053525575795e+00
-1.667268534514974920e+00
-9.896322418252034847e-01
-1.180916575019465675e+00
-1.523841306309861254e+00
-1.241757554141013964e+00
-5.262732792134336979e-01
-2.288187515563728791e-01
-9.737971748699616459e-01
-9.971609148622742058e-01
2.852829739625672989e-01
1.308709253335730738e+00
6.533327092844909423e-02
-3.560803825995551009e-01
2.717653640051029829e-01
9.508807889758892351e-01
1.265331830941865521e+00
9.785678675965058249e-01
1.098716386440987680e+00
1.828053762962753126e+00
2.892657637370737778e+00
3.310887470974564373e+00
3.227299319264985478e+00
3.605141231012447101e+00
4.107314068635348647e+00
3.001687842513401705e+00
1.968999983529838183e+00
1.386913972544252083e+00
8.778812681793604078e-01
-3.105627154812928836e-02
-9.762051622308640653e-01
-1.684062723045710808e+00
-1.942954845303821232e+00
-1.861819856347027624e+00
-2.069747279498988402e+00
-2.125759124431092051e+00
-1.310212622401501159e+00
-2.347993245552220110e-01
2.946406971524657692e-01
-2.440482254004407991e-01
-1.025284138187857463e-01
1.066272984801899026e+00
5.200345241828319143e-01
-2.401768502083503343e-01
-1.054190247679860359e-01
7.798352910408917760e-01
1.421705470684110573e+00
3.463003279669591428e-01
-8.055366980424416568e-01
-6.500983489470639753e-01
-5.990168932193122853e-01
-4.435911444579813123e-01
1.402764057058520475e+00
3.049931210911263513e+00
2.559580599754348817e+00
8.345194000664737377e-01
3.701416929032139702e-01
1.594148540037103157e+00
1.302095773721701377e+00
-2.902542445387130687e-01
-4.287943005217571546e-01
9.005506676727472737e-01
3.317755224277354476e-01
-1.520326236431832623e+00
-1.847758149705895914e+00
6.911818833449023813e-02
2.146557627082469999e+00
1.886055089020936215e+00
5.200463348255599527e-01
-8.767860107468221642e-01
-2.266337645474266971e+00
-3.439319405143199671e+00
-2.986048840041858554e+00
-2.489804436233268525e+00
-3.008662761943412978e+00
-2.133440193583364675e+00
-2.346532889026530455e+00
-3.963115639207919649e+00
-4.207523017440427893e+00
-3.843595393103234947e+00
-2.566212473245597536e+00
-1.061608973230860897e-01
1.992255871958532598e+00
2.697002334352764930e+00
1.865776699609499989e+00
9.584860194193978167e-01
3.794759089360106863e-01
-8.885829777523190920e-01
-8.215275778966448783e-01
-3.302941245470210063e-01
-8.632161763480108441e-01
-2.060753834661471551e+00
-1.748646741485883505e+00
-3.222482056927020722e-01
3.862753225861275119e-01
-2.577171830209272763e-01
2.839430631410451156e-01
1.564838276045452226e+00
1.434020932896498124e+00
-9.196416958710784684e-02
-1.872478868333677937e+00
-2.480481312111109560e+00
-3.088946338188088170e+00
-4.348595353780225103e+00
-4.649570660326496352e+00
-3.268888883805179280e+00
-1.328638437555544449e+00
-1.555409393651189021e+00
-2.862797477330484508e+00
-2.451815564113731583e+00
-2.514398714720456951e+00
-4.302209222592242810e+00
-5.128693079671341692e+00
-4.312293827207818175e+00
-2.913253951161098865e+00
-9.737167231779266796e-01
-3.089235002345381842e-01
-1.897983181038627176e+00
-2.368482961237835305e+00
-1.427732712119700542e+00
4.459125907828627167e-01
1.790087936838257399e+00
1.605017365543919050e+00
1.404053810775647726e+00
2.437078985918649465e+00
3.148015482728434566e+00
2.880884892322112201e+00
2.810212492502163428e+00
3.062963978531654696e+00
3.549175001559528919e+00
3.115103218397582641e+00
2.072154023960629310e+00
1.167893825794445339e+00
6.667224850044453088e-01
6.901775509999463765e-01
1.368964897123457813e+00
2.026098024656747931e+00
1.250304844793550973e+00
2.112697727080412591e-01
1.465242694979362881e-02
9.569139495102894077e-01
1.599496126326055867e+00
5.690072468864009192e-01
2.362926775291452897e-01
3.561934218318216772e-01
-2.058721418614914977e-01
-9.934346700470422231e-01
-1.317135757816461750e+00
-1.072105938922608193e+00
-1.355739667579581420e+00
-3.015780548423059315e+00
-3.247419849224502553e+00
-2.526369215216534236e+00
-1.650140404334837774e+00
-1.256739763591496528e+00
-9.849670132083627738e-01
-4.613529818379351610e-01
2.047451063472092159e-01
6.676360982870264138e-01
-3.967137039702502976e-01
-3.993737539440117557e-01
5.218416941361682104e-01
7.628007304777389974e-01
6.424614498270708740e-02
-3.216613201127271893e-02
5.940841641733914935e-01
7.727448872320363815e-01
-4.553162501981261601e-01
-1.819415848607963238e+00
-1.174072234649426338e+00
-3.472117287037859157e-01
1.845890672055331971e-01
-9.702667255625473386e-01
-1.254486054821178698e+00
-8.366969688668948191e-01
-4.401218046716741661e-01
-1.006929332227859852e+00
-1.731900243440646969e+00
-2.049422391975793012e+00
-1.996930378321463584e+00
-1.744020911261941142e+00
-1.700648676983919527e+00
-1.756301076940456785e+00
-1.712398091915676268e+00
-9.409000322240450576e-01
-6.503793987984640701e-02
6.900038681318803047e-01
1.342350488225433791e+00
6.038661931143650685e-01
-3.706179966919396218e-01
-7.192929527778558763e-01
-3.301911716364703819e-01
-3.623389677827080213e-01
-6.332609674812168521e-01
-2.244327291778622779e-01
5.654562014321000696e-01
9.959866095648781670e-01
6.147128086624147336e-01
-2.242696837888594197e-01
-1.685249097013639119e-01
1.861241777444541112e-01
5.076670178315911830e-01
8.982130679524134020e-01
1.533985004008720843e+00
2.404898440651839664e+00
3.167863341431509383e+00
3.380175166023987821e+00
3.631019289464423316e+00
4.831166365283130482e+00
5.617464308961101160e+00
4.949124155906490685e+00
3.374053468316227544e+00
1.961520329598891221e+00
1.689452613908514866e+00
2.580058342683296146e+00
2.775339582176039599e+00
2.409378294730655234e+00
2.070769985680910530e+00
2.270179519936716517e+00
2.997759705236812788e+00
4.022391415521219926e+00
4.518096576135130604e+00
4.203976836303408682e+00
3.684110831790913476e+00
2.527054693841473743e+00
1.328214075777983005e+00
5.768792522907917331e-01
4.767879367166407700e-01
9.443257385903568446e-01
9.793672681399140378e-01
8.594183836830865397e-01
9.571184814693218801e-01
2.135547425232031671e-03
-1.022165143137769627e+00
-1.592140254159025492e+00
-2.940925498096393476e+00
-4.820483772990413307e+00
-4.860419101417077670e+00
-2.387621606283491182e+00
4.583384464301190064e-01
-2.159420294955609165e+00
-3.084433768590480351e+00
-4.564445576323282516e+00
-5.846829938370667001e+00
-6.040147714164203485e+00
-5.173129699166699069e+00
-3.855648525214879108e+00
-2.812986813256434626e+00
-3.369199334348754959e+00
-4.081148750132686409e+00
-4.300399980639829423e+00
-4.138616110841284446e+00
-3.661152566480374571e+00
-3.070102242890861532e+00
-2.657958347503968977e+00
-2.154418408336077562e+00
-9.987558661574551522e-01
-7.427105445665860284e-01
-2.117078021862980552e+00
-2.322537496261003920e+00
-1.608505279123310316e+00
-7.718605931113898810e-01
-1.982963071681084766e-01
-1.042917219642571502e-01
-2.537728713836466810e-01
-3.399056127194501342e-01
-1.344095480413712296e-01
-7.442228985882641812e-01
-1.119758280698133879e+00
-1.026041994069142316e+00
-5.336480279217586942e-01
-2.568328085896637303e-01
-4.771145268413274354e-01
0.000000000000000000e+00
0.000000000000000000e+00
0.000000000000000000e+00
0.000000000000000000e+00
0.000000000000000000e+00
0.000000000000000000e+00
0.000000000000000000e+00
0.000000000000000000e+00
0.000000000000000000e+00
0.000000000000000000e+00
0.000000000000000000e+00
0.000000000000000000e+00
0.000000000000000000e+00
0.000000000000000000e+00
0.000000000000000000e+00
0.000000000000000000e+00
0.000000000000000000e+00
0.000000000000000000e+00
0.000000000000000000e+00
0.000000000000000000e+00
0.000000000000000000e+00
0.000000000000000000e+00
0.000000000000000000e+00
0.000000000000000000e+00
0.000000000000000000e+00
0.000000000000000000e+00
0.000000000000000000e+00
0.000000000000000000e+00
0.000000000000000000e+00
0.000000000000000000e+00
0.000000000000000000e+00
0.000000000000000000e+00
0.000000000000000000e+00
0.000000000000000000e+00
0.000000000000000000e+00
0.000000000000000000e+00
0.000000000000000000e+00
0.000000000000000000e+00
0.000000000000000000e+00
0.000000000000000000e+00
0.000000000000000000e+00
0.000000000000000000e+00
0.000000000000000000e+00
0.000000000000000000e+00
0.000000000000000000e+00
0.000000000000000000e+00
0.000000000000000000e+00
0.000000000000000000e+00
0.000000000000000000e+00
0.000000000000000000e+00
0.000000000000000000e+00
0.000000000000000000e+00
0.000000000000000000e+00
0.000000000000000000e+00
0.000000000000000000e+00
0.000000000000000000e+00
0.000000000000000000e+00
0.000000000000000000e+00
0.000000000000000000e+00
0.000000000000000000e+00
0.000000000000000000e+00
0.000000000000000000e+00
0.000000000000000000e+00
0.000000000000000000e+00
0.000000000000000000e+00
0.000000000000000000e+00
0.000000000000000000e+00
0.000000000000000000e+00
0.000000000000000000e+00
0.000000000000000000e+00
0.000000000000000000e+00
0.000000000000000000e+00
0.000000000000000000e+00
0.000000000000000000e+00
0.000000000000000000e+00
0.000000000000000000e+00
0.000000000000000000e+00
0.000000000000000000e+00
0.000000000000000000e+00
0.000000000000000000e+00
0.000000000000000000e+00
0.000000000000000000e+00
0.000000000000000000e+00
0.000000000000000000e+00
0.000000000000000000e+00
0.000000000000000000e+00
0.000000000000000000e+00
0.000000000000000000e+00
0.000000000000000000e+00
0.000000000000000000e+00
0.000000000000000000e+00
0.000000000000000000e+00
0.000000000000000000e+00
0.000000000000000000e+00
0.000000000000000000e+00
0.000000000000000000e+00
0.000000000000000000e+00
0.000000000000000000e+00
0.000000000000000000e+00
0.000000000000000000e+00
0.000000000000000000e+00
0.000000000000000000e+00
0.000000000000000000e+00
0.000000000000000000e+00
0.000000000000000000e+00
0.000000000000000000e+00
0.000000000000000000e+00
0.000000000000000000e+00
0.000000000000000000e+00
0.000000000000000000e+00
0.000000000000000000e+00
0.000000000000000000e+00
0.000000000000000000e+00
0.000000000000000000e+00
0.000000000000000000e+00
0.000000000000000000e+00
0.000000000000000000e+00
0.000000000000000000e+00
0.000000000000000000e+00
0.000000000000000000e+00
0.000000000000000000e+00
0.000000000000000000e+00
0.000000000000000000e+00
0.000000000000000000e+00
0.000000000000000000e+00
0.000000000000000000e+00
0.000000000000000000e+00
0.000000000000000000e+00
0.000000000000000000e+00
0.000000000000000000e+00
0.000000000000000000e+00
0.000000000000000000e+00
0.000000000000000000e+00
0.000000000000000000e+00
0.000000000000000000e+00
0.000000000000000000e+00
