-2.253082275390623668e+00
-1.645473279216656648e+00
-2.006454489784275097e-01
1.255586001824076536e+00
1.952804600663545109e+00
1.877042978508793203e+00
8.983008581868570097e-01
-5.564698275322972343e-01
-1.321383384717798926e+00
-1.005675109355765873e+00
-1.064770895682969343e+00
-1.239674141407625552e+00
-9.704180126757719904e-01
4.589557234457530832e-01
8.584248663023643644e-01
-1.780313249024588540e+00
-3.175644002261129639e+00
-3.115575044096945856e+00
-1.730066016677271445e+00
1.816483351973774418e-02
4.129007351240505663e-01
1.187860463683907852e+00
2.686727699610778508e+00
2.581784174942046484e+00
9.234524821617395851e-01
-1.318226007163893154e+00
1.695850184542835315e-01
2.158921446627644514e+00
1.566867013606590753e+00
1.480115561032659066e+00
3.249802132434502333e+00
3.817854957520107284e+00
2.293299206203952778e+00
2.658837503390230506e+00
2.646313145804298994e+00
1.289256167676443798e+00
3.266747589248542027e-01
2.069866703679932307e-01
-1.250410015836300737e-01
1.615108712970034333e+00
4.127982057849877151e+00
4.362598528409007415e+00
2.159414170231011010e+00
-1.358748685401705902e+00
-3.484941519876684879e+00
-3.510018406326569362e+00
-2.368804179927847642e+00
-1.244879229467370507e+00
-7.324411907425751878e-01
-6.475695665015130942e-01
-3.785389018202527378e-01
1.605490616689522199e-01
-1.060636377163012956e+00
-1.970014826160929156e+00
-1.352824346635105313e+00
-8.370370078954767479e-01
-6.124869376155919198e-01
-4.968570304282889927e-01
-9.892147105131239293e-01
-1.171499796856790621e+00
-1.052911097586413547e+00
-1.543923294221734910e+00
-2.205855074856154285e+00
-1.630348701022803493e-01
1.181215627584011774e+00
5.245443325309739890e-02
-8.151784120114413668e-03
1.838477790650112631e-01
-3.160273912234763394e-01
-5.805376212569299810e-01
-5.110913910238146229e-01
-4.663412885958977405e-01
-4.562280511795848703e-01
-2.200464268890838238e-01
-3.147598413160423991e-01
-4.616891443117001614e-01
2.886407260414052267e-01
1.016736711611051946e+00
8.441950335076801037e-01
4.316074039777821891e-01
-4.303270640892132848e-01
-7.114303495743770078e-01
-1.091053617437085954e+00
-1.132898086058219178e+00
-6.252731218828735393e-01
2.552184564495152408e-02
1.437090294935872703e-01
-7.740622330655124728e-01
-8.833763836199086672e-01
-7.834910929555576331e-01
-3.043301248824636929e-01
7.526059515537752986e-03
-3.729278923790380063e-03
-9.660963690707724538e-02
3.379479518476991018e-01
4.423195799977183151e-01
-1.521972717635480254e-01
-6.095424441156955808e-01
-7.097494697987327683e-01
-8.784896257424246180e-02
9.409665606047967756e-02
-3.849661936980353083e-02
-1.432964197317179167e-01
-1.640964409208766073e-01
-3.111083559893035311e-02
1.684117565238921754e-01
3.446734260413927275e-01
3.298515951341297603e-01
1.142442080151289119e-01
-1.010289747579475872e-01
-3.507005866583932097e-01
-5.324482653348465711e-01
-4.437348666724989510e-01
-5.722042666740345673e-02
3.493830580463282987e-01
2.633773325524951803e-01
-1.841721021038454920e-01
-6.050184283731904200e-01
-6.634504754768061341e-01
-2.237032036587122130e-01
3.369896301343208167e-01
3.223954511404476531e-01
1.620076996535881886e-01
1.058039216145847394e-01
1.307713816180080535e-01
2.639347185243261507e-01
4.694585389413823417e-01
5.304549745491453638e-01
2.805012705784544202e-01
-4.268883425212921523e-03
3.251646383119235484e-01
1.358601453604042275e+00
2.414747346941833239e+00
2.755376696863559793e+00
2.617229502644349726e+00
2.404355273089805234e+00
2.250247929936182611e+00
2.161015035009474339e+00
2.058091271008912759e+00
1.901513954134897100e+00
1.679536969150714043e+00
1.439685203189746687e+00
1.310782611292002908e+00
1.384206239851246467e+00
1.705291613113464333e+00
1.953935542302990269e+00
1.167971499640270583e+00
4.704846201244374804e-01
-9.276350934470878329e-03
-1.797382459522482989e-01
-9.162108427686943557e-03
3.838029057968403990e-01
7.798176524182451885e-01
9.433960427749576994e-01
3.759632628406404109e-01
-5.087669145627602418e-01
-6.943010131712967770e-01
-5.723748181023559090e-01
-5.610213456800499099e-01
-5.318771004507207856e-01
-3.926576505708698761e-01
-2.344658655579019424e-01
-2.883898902731500957e-01
-5.573458096518337790e-01
-6.170925291365341181e-01
-2.605111551574517126e-01
2.714261158212452063e-01
5.240641101005842906e-01
5.407711177204592712e-01
4.732160119201860304e-01
4.653418012654069180e-01
2.684726792528006056e-01
-9.409534465883111487e-01
-1.220668535122009679e+00
-1.301038503941721824e+00
-1.125837744912745464e+00
-7.210977044280859616e-01
-2.584802250845126270e-01
6.102980650494521653e-02
1.050647409833138646e-01
1.833579573028106813e-01
2.279709488790612193e-01
1.817056461381408861e-01
-3.209206203810739400e-01
-8.977567474909569079e-01
-1.345433297598993327e+00
-1.458348657683763427e+00
-1.228372409756887329e+00
-8.288565150886180177e-01
-4.981381711345305163e-01
-2.308853313052523504e-01
1.628875203475272926e-01
5.195992621644159870e-01
-5.053061081785883424e-01
-9.001755751363754721e-01
-9.068059069228846525e-01
-9.577318369618981198e-01
-1.184710501866060195e+00
-1.364975166270661511e+00
-1.364975166270661511e+00
-1.184710501866060195e+00
-9.577318369618981198e-01
-9.068059069228846525e-01
-9.001755751363754721e-01
-5.053061081785883424e-01
5.195992621644159870e-01
1.628875203475272926e-01
-2.308853313052523504e-01
-4.981381711345305163e-01
-8.288565150886180177e-01
-1.228372409756887329e+00
-1.458348657683763427e+00
-1.345433297598993327e+00
-8.977567474909569079e-01
-3.209206203810739400e-01
1.817056461381408861e-01
2.279709488790612193e-01
1.833579573028106813e-01
1.050647409833138646e-01
6.102980650494521653e-02
-2.584802250845126270e-01
-7.210977044280859616e-01
-1.125837744912745464e+00
-1.301038503941721824e+00
-1.220668535122009679e+00
-9.409534465883111487e-01
2.684726792528006056e-01
4.653418012654069180e-01
4.732160119201860304e-01
5.407711177204592712e-01
5.240641101005842906e-01
2.714261158212452063e-01
-2.605111551574517126e-01
-6.170925291365341181e-01
-5.573458096518337790e-01
-2.883898902731500957e-01
-2.344658655579019424e-01
-3.926576505708698761e-01
-5.318771004507207856e-01
-5.610213456800499099e-01
-5.723748181023559090e-01
-6.943010131712967770e-01
-5.087669145627602418e-01
3.759632628406404109e-01
9.433960427749576994e-01
7.798176524182451885e-01
3.838029057968403990e-01
-9.162108427686943557e-03
-1.797382459522482989e-01
-9.276350934470878329e-03
4.704846201244374804e-01
1.167971499640270583e+00
1.953935542302990269e+00
1.705291613113464333e+00
1.384206239851246467e+00
1.310782611292002908e+00
1.439685203189746687e+00
1.679536969150714043e+00
1.901513954134897100e+00
2.058091271008912759e+00
2.161015035009474339e+00
2.250247929936182611e+00
2.404355273089805234e+00
2.617229502644349726e+00
2.755376696863559793e+00
2.414747346941833239e+00
1.358601453604042275e+00
3.251646383119235484e-01
-4.268883425212921523e-03
2.805012705784544202e-01
5.304549745491453638e-01
4.694585389413823417e-01
2.639347185243261507e-01
1.307713816180080535e-01
1.058039216145847394e-01
1.620076996535881886e-01
3.223954511404476531e-01
3.369896301343208167e-01
-2.237032036587122130e-01
-6.634504754768061341e-01
-6.050184283731904200e-01
-1.841721021038454920e-01
2.633773325524951803e-01
3.493830580463282987e-01
-5.722042666740345673e-02
-4.437348666724989510e-01
-5.324482653348465711e-01
-3.507005866583932097e-01
-1.010289747579475872e-01
1.142442080151289119e-01
3.298515951341297603e-01
3.446734260413927275e-01
1.684117565238921754e-01
-3.111083559893035311e-02
-1.640964409208766073e-01
-1.432964197317179167e-01
-3.849661936980353083e-02
9.409665606047967756e-02
-8.784896257424246180e-02
-7.097494697987327683e-01
-6.095424441156955808e-01
-1.521972717635480254e-01
4.423195799977183151e-01
3.379479518476991018e-01
-9.660963690707724538e-02
-3.729278923790380063e-03
7.526059515537752986e-03
-3.043301248824636929e-01
-7.834910929555576331e-01
-8.833763836199086672e-01
-7.740622330655124728e-01
1.437090294935872703e-01
2.552184564495152408e-02
-6.252731218828735393e-01
-1.132898086058219178e+00
-1.091053617437085954e+00
-7.114303495743770078e-01
-4.303270640892132848e-01
4.316074039777821891e-01
8.441950335076801037e-01
1.016736711611051946e+00
2.886407260414052267e-01
-4.616891443117001614e-01
-3.147598413160423991e-01
-2.200464268890838238e-01
-4.562280511795848703e-01
-4.663412885958977405e-01
-5.110913910238146229e-01
-5.805376212569299810e-01
-3.160273912234763394e-01
1.838477790650112631e-01
-8.151784120114413668e-03
5.245443325309739890e-02
1.181215627584011774e+00
-1.630348701022803493e-01
-2.205855074856154285e+00
-1.543923294221734910e+00
-1.052911097586413547e+00
-1.171499796856790621e+00
-9.892147105131239293e-01
-4.968570304282889927e-01
-6.124869376155919198e-01
-8.370370078954767479e-01
-1.352824346635105313e+00
-1.970014826160929156e+00
-1.060636377163012956e+00
1.605490616689522199e-01
-3.785389018202527378e-01
-6.475695665015130942e-01
-7.324411907425751878e-01
-1.244879229467370507e+00
-2.368804179927847642e+00
-3.510018406326569362e+00
-3.484941519876684879e+00
-1.358748685401705902e+00
2.159414170231011010e+00
4.362598528409007415e+00
4.127982057849877151e+00
1.615108712970034333e+00
-1.250410015836300737e-01
2.069866703679932307e-01
3.266747589248542027e-01
1.289256167676443798e+00
2.646313145804298994e+00
2.658837503390230506e+00
2.293299206203952778e+00
3.817854957520107284e+00
3.249802132434502333e+00
1.480115561032659066e+00
1.566867013606590753e+00
2.158921446627644514e+00
1.695850184542835315e-01
-1.318226007163893154e+00
9.234524821617395851e-01
2.581784174942046484e+00
2.686727699610778508e+00
1.187860463683907852e+00
4.129007351240505663e-01
1.816483351973774418e-02
-1.730066016677271445e+00
-3.115575044096945856e+00
-3.175644002261129639e+00
-1.780313249024588540e+00
8.584248663023643644e-01
4.589557234457530832e-01
-9.704180126757719904e-01
-1.239674141407625552e+00
-1.064770895682969343e+00
-1.005675109355765873e+00
-1.321383384717798926e+00
-5.564698275322972343e-01
8.983008581868570097e-01
1.877042978508793203e+00
1.952804600663545109e+00
1.255586001824076536e+00
-2.006454489784275097e-01
-1.645473279216656648e+00
0.000000000000000000e+00
0.000000000000000000e+00
0.000000000000000000e+00
0.000000000000000000e+00
0.000000000000000000e+00
0.000000000000000000e+00
0.000000000000000000e+00
0.000000000000000000e+00
0.000000000000000000e+00
0.000000000000000000e+00
0.000000000000000000e+00
0.000000000000000000e+00
0.000000000000000000e+00
0.000000000000000000e+00
0.000000000000000000e+00
0.000000000000000000e+00
0.000000000000000000e+00
0.000000000000000000e+00
0.000000000000000000e+00
0.000000000000000000e+00
0.000000000000000000e+00
0.000000000000000000e+00
0.000000000000000000e+00
0.000000000000000000e+00
0.000000000000000000e+00
0.000000000000000000e+00
0.000000000000000000e+00
0.000000000000000000e+00
0.000000000000000000e+00
0.000000000000000000e+00
0.000000000000000000e+00
0.000000000000000000e+00
0.000000000000000000e+00
0.000000000000000000e+00
0.000000000000000000e+00
0.000000000000000000e+00
0.000000000000000000e+00
0.000000000000000000e+00
0.000000000000000000e+00
0.000000000000000000e+00
0.000000000000000000e+00
0.000000000000000000e+00
0.000000000000000000e+00
0.000000000000000000e+00
0.000000000000000000e+00
0.000000000000000000e+00
0.000000000000000000e+00
0.000000000000000000e+00
0.000000000000000000e+00
0.000000000000000000e+00
0.000000000000000000e+00
0.000000000000000000e+00
0.000000000000000000e+00
0.000000000000000000e+00
0.000000000000000000e+00
0.000000000000000000e+00
0.000000000000000000e+00
0.000000000000000000e+00
0.000000000000000000e+00
0.000000000000000000e+00
0.000000000000000000e+00
0.000000000000000000e+00
0.000000000000000000e+00
0.000000000000000000e+00
0.000000000000000000e+00
0.000000000000000000e+00
0.000000000000000000e+00
0.000000000000000000e+00
0.000000000000000000e+00
0.000000000000000000e+00
0.000000000000000000e+00
0.000000000000000000e+00
0.000000000000000000e+00
0.000000000000000000e+00
0.000000000000000000e+00
0.000000000000000000e+00
0.000000000000000000e+00
0.000000000000000000e+00
0.000000000000000000e+00
0.000000000000000000e+00
0.000000000000000000e+00
0.000000000000000000e+00
0.000000000000000000e+00
0.000000000000000000e+00
0.000000000000000000e+00
0.000000000000000000e+00
0.000000000000000000e+00
0.000000000000000000e+00
0.000000000000000000e+00
0.000000000000000000e+00
0.000000000000000000e+00
0.000000000000000000e+00
0.000000000000000000e+00
0.000000000000000000e+00
0.000000000000000000e+00
0.000000000000000000e+00
0.000000000000000000e+00
0.000000000000000000e+00
0.000000000000000000e+00
0.000000000000000000e+00
0.000000000000000000e+00
0.000000000000000000e+00
0.000000000000000000e+00
