-4.028930664062500000e-01
-4.241044023962889931e-01
-3.478022997592866705e-01
-2.967407439901270649e-02
4.511937199061744064e-01
3.382145393052580218e-01
-1.101384539638905480e-01
-3.671227024849201825e-01
-3.300637855106491880e-01
-1.546324478084313281e-01
-2.620040104438734474e-01
-3.010295435956882315e-01
1.856003056177654154e-01
4.113210257584611895e-01
4.570573454973363425e-01
4.554257439723154999e-01
1.408098487000926102e-01
-2.764391240876462597e-01
-9.647304093871600372e-03
8.007440699488062030e-01
1.581211662766036197e+00
1.947392223164681857e+00
1.994107822858026235e+00
2.120412358584785828e+00
1.619941899392430606e+00
1.486491753497202861e+00
1.786623767792880013e+00
2.364871104254751444e+00
2.124419797748799965e+00
2.349311623328134147e-01
-2.198104947030416589e+00
-4.179910283693414996e+00
-4.844174997918411663e+00
-4.717542934593010884e+00
-4.319102596087224910e+00
-3.686216356812864081e+00
-2.583107570755706739e+00
-6.350158533446257358e-01
1.474551526344553221e+00
2.817444551591234969e+00
2.935156891335870988e+00
2.448065281067104415e+00
2.388076157742729411e+00
2.268887252556653245e+00
2.020298027023477161e+00
2.035007231164617458e+00
2.167418622360577807e+00
1.930385986815399413e+00
1.525775933153696196e+00
7.741509266604402750e-01
1.840854232463904339e-01
-1.635549991084572774e-01
-2.603505556506771068e-01
-2.300802674379966994e-01
-2.145685105034049744e-01
-2.188885742063182427e-01
-1.674872458330753933e-01
-1.068455136980510645e-01
-8.619481879260459944e-02
-1.061479367374510430e-01
-1.192342071822893868e-01
-7.399444631545160078e-02
-1.034413156407398837e-02
5.937005566821507152e-02
1.125476034397753233e-01
6.079378236994104068e-02
-9.306299792854022535e-03
-9.031870328487601185e-02
-2.921852192587480745e-01
-5.712385057193665183e-01
-6.841921611610788378e-01
-5.708201840720447118e-01
-2.804790411136334205e-01
-8.239731701307384526e-02
-5.625766283215516417e-02
-1.387542053660304475e-01
-3.769024910002161111e-01
-6.163278765061706022e-01
-5.855485699736665550e-01
-9.619599621686214519e-02
8.166266794086716185e-01
2.171034827621746155e-01
-5.198407620823060071e-01
-9.865153324609680086e-01
-1.047703065295427116e+00
-5.812796308231953368e-01
1.497078761289059035e-01
7.582153820821033730e-01
9.090277564943840538e-01
5.799902086514727717e-01
6.341650762976813738e-02
-6.483116521395444476e-01
-1.457943096389082038e+00
-2.115621745588528668e+00
-2.448966398585101345e+00
-2.465045660238216474e+00
-2.172765873838000239e+00
-1.579216307527048002e+00
-9.526112257088072965e-01
-3.433970824285657031e-01
2.448485813366994002e-01
8.558727159341898982e-01
1.556086183183531091e+00
2.430660843988881492e+00
3.373710377225063173e+00
2.837647882818536083e+00
2.411814476616706671e+00
1.946521530110713272e+00
1.289288514535872343e+00
5.030871100821168174e-01
-7.315878572445577710e-02
-1.273163721114034530e-01
1.433264707087086309e-01
4.731803739210913018e-01
3.124349709497538097e-01
-2.838444228547267745e-01
-6.003741396063927427e-01
-6.563289129080325246e-01
-4.774179366283827219e-01
-1.329920611934620744e-01
1.074402514901525718e-01
-7.126984052399865099e-03
-4.327319705060120314e-01
-6.967456037762080889e-01
-6.502555777631693346e-01
-6.839710377478671610e-01
-8.527571252501269239e-01
-1.126312840552922800e+00
-1.185591436808623778e+00
-9.421683026038252251e-01
-8.271812047684734548e-01
-8.698577396387944249e-01
-8.720414198537556061e-01
-7.934906713843810078e-01
-7.342577222277836269e-01
-6.414663900030711519e-01
-2.627586980172149644e-01
2.600017485518323346e-01
-3.128426896042701966e-03
-1.191483797314814019e-01
-1.301590287315057548e-01
-5.902635217873775098e-02
2.315677897231635529e-01
9.276674605011703267e-02
-5.777116376456153946e-01
-1.311203238564994322e+00
-2.014964313022163722e+00
-2.554863137289180131e+00
-2.883809512057173396e+00
-2.951236188294034335e+00
-2.755225923346045658e+00
-2.299597759744769654e+00
-1.580791884359229682e+00
-7.546540462638833269e-01
-1.265548467408472710e-02
5.171257463676998123e-01
7.583681632500710590e-01
7.134886578743064867e-01
5.508295625787620331e-01
5.146553672830094239e-01
6.431771394339584891e-01
8.076864111349124631e-01
8.221226011098197173e-01
6.802910069844947394e-01
4.931330828949032075e-01
4.104161386582401150e-01
5.414007296535147118e-01
7.855617429665404661e-01
9.006112053346706503e-01
8.034390787956712243e-01
6.315514602103781128e-01
5.328630399652560801e-01
5.291797469245482777e-01
5.626486597299902304e-01
5.548499551562838805e-01
4.033419027903472065e-01
8.749339854452342635e-02
-2.799135273692652248e-01
-6.206244667899796230e-01
-8.301631201549106720e-01
-8.888164359013347449e-01
-8.765145443062847264e-01
-8.847747410861069861e-01
-9.071358948848257109e-01
-8.362421876462566850e-01
-6.340450605450839161e-01
-3.483595940772448163e-01
-1.915947190643299547e-01
-2.907114206722078986e-01
-6.288047676792782870e-01
-1.151377309374594482e+00
-1.819343770792517745e+00
-2.524673312306141337e+00
-3.061030000712412047e+00
-3.271962198328287830e+00
-3.103062110677483609e+00
-2.565432509969507890e+00
-1.740509307000234207e+00
-7.983953655259088400e-01
1.008057539371114419e-01
1.000568489639989123e+00
1.402845216076239909e+00
1.285374770336804806e+00
1.266365348550439140e+00
1.258674927382813724e+00
1.336303101582827502e+00
1.571780877552859890e+00
1.052249923087291705e+00
5.699202712698128170e-01
2.233566214181892384e-01
-4.019377190184147963e-02
-2.558143731601705273e-01
-3.572634390250140068e-01
-3.710088695099964529e-01
-4.097259176014514948e-01
-4.301341430305721802e-01
-3.773741125835922139e-01
-2.731236541400905438e-01
-1.802872581845486044e-01
-1.690669664211764678e-01
-1.935938997968639219e-01
-1.591782530437561016e-01
-1.545657140462884382e-01
-3.102192689266945469e-01
-5.982025953203413682e-01
-8.151453141183384599e-01
-8.776065215468161762e-01
-7.876797480204364987e-01
-5.181257557037588501e-01
-1.471463041531383131e-01
-1.247216751550700720e-01
-3.096680269417033671e-01
-3.812514429377513170e-01
-4.577240285798359620e-01
-4.817301802637609098e-01
-5.037645404248958236e-01
-6.286414125948232012e-01
-7.705784174184062696e-01
-4.283781678387017511e-01
3.547413848652931634e-01
-5.163869329732918567e-01
-1.690747920329130238e+00
-2.858816115824949655e+00
-3.421337531979347091e+00
-3.313474143966208096e+00
-2.981774801394486030e+00
-2.720822244031766424e+00
-2.767896628590076347e+00
-2.947136983368684682e+00
-2.923609617720051901e+00
-2.598819733457545578e+00
-1.927788166844999651e+00
-1.122708348143402146e+00
-5.829638244734549613e-01
-3.466154751007475276e-01
9.936329149160905150e-02
7.094873468121531968e-01
1.245108063210322857e+00
1.605885752268137789e+00
1.668675772757612474e+00
1.648057036855633983e+00
1.899414329424370163e+00
2.603653049621525550e+00
3.507674944556715246e+00
2.951282316311496068e+00
2.416715483660276220e+00
1.830521874111170400e+00
1.231699372428865846e+00
6.925517064667430223e-01
3.425443536956542800e-01
2.263206922363865115e-01
-3.914929876550732324e-02
-2.553333353010722728e-01
-5.177119800803153815e-02
4.126111238274441373e-01
7.661950889206187165e-01
9.702902628628649051e-01
9.954924363508451668e-01
8.756974440101167323e-01
5.621599956939058451e-01
9.264359920666842552e-02
-1.168512005191740810e-01
-6.701417357155237120e-03
7.729849228471741274e-02
4.138398767107542842e-02
-1.275651746857164870e-01
-3.310778117118333697e-01
-4.308392016872445440e-01
-4.275293042111891761e-01
-4.273522102598761307e-01
-5.081026120053613315e-01
-6.048525808301266071e-01
-4.934349780935416430e-01
-1.601138073600897327e-01
1.580025436806867800e-01
3.199763575862805132e-01
6.193481810004156096e-02
9.685099819765558005e-02
-5.847494887072968162e-02
-4.402525138433166507e-01
-6.943956986085939587e-01
-6.235832125275134752e-01
-2.660594578408875810e-01
9.558050445578003540e-02
-3.301385334542024097e-01
-1.513504835458754361e+00
-2.797815684748434784e+00
-3.865679048198771284e+00
-4.794239437472614718e+00
-5.498513550631599855e+00
-5.654233336651389941e+00
-5.152570249624285559e+00
-4.204142529187661737e+00
-2.885833979040013375e+00
-1.243473923168598283e+00
3.011991968033658207e-01
6.579998603804502189e-01
6.650090448466130510e-01
1.214847105857809417e+00
1.955568432966599879e+00
2.637560084964669649e+00
2.684682397959346378e+00
2.831022905644053012e+00
2.402109667171672847e+00
1.594843005593380436e+00
1.474908446897788217e+00
2.018200175797685958e+00
2.404429131581403478e+00
1.886704791920798208e+00
1.120533589925400531e+00
1.184880803736824140e+00
1.528781355132718289e+00
1.488917060829346939e+00
8.798864100755748874e-01
8.052508229216637226e-02
3.066250292961214541e-02
5.399286894168442430e-01
1.251188945870937541e+00
1.972197360185753867e+00
2.067691796085807887e+00
1.360338947291820810e+00
9.287416905258585320e-01
1.055923734661905034e+00
2.483669164697036358e+00
2.829110411708740447e+00
2.938628914933030689e+00
2.662317105913121651e+00
2.097574895734829692e+00
1.612261363968986450e+00
1.531074327313701078e+00
1.617409308174411864e+00
1.604564629003412346e+00
1.432354878235036599e+00
1.044704497999057402e+00
4.823833959184267162e-01
6.659135840382847116e-01
1.347919326140904595e+00
1.771296907850827163e+00
1.851766780548966818e+00
1.678837363095587953e+00
1.393770959102534013e+00
1.158392993769929769e+00
9.853785446009999394e-01
8.248341260539779896e-01
6.827358020410301265e-01
0.000000000000000000e+00
0.000000000000000000e+00
0.000000000000000000e+00
0.000000000000000000e+00
0.000000000000000000e+00
0.000000000000000000e+00
0.000000000000000000e+00
0.000000000000000000e+00
0.000000000000000000e+00
0.000000000000000000e+00
0.000000000000000000e+00
0.000000000000000000e+00
0.000000000000000000e+00
0.000000000000000000e+00
0.000000000000000000e+00
0.000000000000000000e+00
0.000000000000000000e+00
0.000000000000000000e+00
0.000000000000000000e+00
0.000000000000000000e+00
0.000000000000000000e+00
0.000000000000000000e+00
0.000000000000000000e+00
0.000000000000000000e+00
0.000000000000000000e+00
0.000000000000000000e+00
0.000000000000000000e+00
0.000000000000000000e+00
0.000000000000000000e+00
0.000000000000000000e+00
0.000000000000000000e+00
0.000000000000000000e+00
0.000000000000000000e+00
0.000000000000000000e+00
0.000000000000000000e+00
0.000000000000000000e+00
0.000000000000000000e+00
0.000000000000000000e+00
0.000000000000000000e+00
0.000000000000000000e+00
0.000000000000000000e+00
0.000000000000000000e+00
0.000000000000000000e+00
0.000000000000000000e+00
0.000000000000000000e+00
0.000000000000000000e+00
0.000000000000000000e+00
0.000000000000000000e+00
0.000000000000000000e+00
0.000000000000000000e+00
0.000000000000000000e+00
0.000000000000000000e+00
0.000000000000000000e+00
0.000000000000000000e+00
0.000000000000000000e+00
0.000000000000000000e+00
0.000000000000000000e+00
0.000000000000000000e+00
0.000000000000000000e+00
0.000000000000000000e+00
0.000000000000000000e+00
0.000000000000000000e+00
0.000000000000000000e+00
0.000000000000000000e+00
0.000000000000000000e+00
0.000000000000000000e+00
0.000000000000000000e+00
0.000000000000000000e+00
0.000000000000000000e+00
0.000000000000000000e+00
0.000000000000000000e+00
0.000000000000000000e+00
0.000000000000000000e+00
0.000000000000000000e+00
0.000000000000000000e+00
0.000000000000000000e+00
0.000000000000000000e+00
0.000000000000000000e+00
0.000000000000000000e+00
0.000000000000000000e+00
0.000000000000000000e+00
0.000000000000000000e+00
0.000000000000000000e+00
0.000000000000000000e+00
0.000000000000000000e+00
0.000000000000000000e+00
0.000000000000000000e+00
0.000000000000000000e+00
0.000000000000000000e+00
0.000000000000000000e+00
0.000000000000000000e+00
0.000000000000000000e+00
0.000000000000000000e+00
0.000000000000000000e+00
0.000000000000000000e+00
0.000000000000000000e+00
0.000000000000000000e+00
0.000000000000000000e+00
0.000000000000000000e+00
0.000000000000000000e+00
0.000000000000000000e+00
0.000000000000000000e+00
0.000000000000000000e+00
0.000000000000000000e+00
0.000000000000000000e+00
0.000000000000000000e+00
0.000000000000000000e+00
0.000000000000000000e+00
0.000000000000000000e+00
0.000000000000000000e+00
0.000000000000000000e+00
0.000000000000000000e+00
0.000000000000000000e+00
0.000000000000000000e+00
0.000000000000000000e+00
0.000000000000000000e+00
0.000000000000000000e+00
0.000000000000000000e+00
0.000000000000000000e+00
0.000000000000000000e+00
0.000000000000000000e+00
0.000000000000000000e+00
0.000000000000000000e+00
0.000000000000000000e+00
0.000000000000000000e+00
0.000000000000000000e+00
0.000000000000000000e+00
0.000000000000000000e+00
0.000000000000000000e+00
0.000000000000000000e+00
0.000000000000000000e+00
0.000000000000000000e+00
0.000000000000000000e+00
0.000000000000000000e+00
0.000000000000000000e+00
