-1.108703613281258882e-01
-2.820119335711008812e-01
-2.412676858860236528e-01
2.515604013001340178e-01
7.005000135666052952e-01
8.084637298471510913e-01
1.356145203561331725e+00
1.558792689681440580e+00
7.943978663975503896e-01
-2.759254666330646089e-02
-3.637881503520721260e-01
-2.527558633058104576e-01
-1.790587608054958757e-01
-6.055414850735287846e-01
-9.559343992211850605e-01
-8.466682185676162042e-01
-1.172118719385650820e+00
-1.833327726495156185e+00
-2.263623638084069967e+00
-2.342497213688248259e+00
-2.190221438412498500e+00
-1.792002460169120681e+00
-1.043639698645125069e+00
-3.913863402138919589e-01
-4.988034724827254962e-01
-5.663328551641102493e-01
6.783226117889640250e-02
1.013300393435048630e+00
1.557468380056696411e+00
5.162744592492765072e-01
-1.596824827476476694e+00
9.668839461810726510e-01
8.684187251493877824e-01
-1.346322097946040408e+00
-2.605987120662953238e+00
-2.050027873099728559e+00
-3.351772495729132828e-01
4.637148572953584402e-01
1.371046240318579024e+00
2.019485297754239905e+00
2.614624715215461137e-01
-2.816548072255920410e+00
-2.875486248310118231e+00
4.343699670404133961e+00
4.448015107542710567e+00
1.354349009471191856e+00
-8.557328742365912788e-01
-7.860495351236127526e-01
-1.710340044127875103e+00
-2.674415657917172062e+00
-1.462539089015225890e+00
9.639388222756459790e-01
3.734888354332033700e+00
2.341938326604402487e+00
-1.399173108660542120e+00
-4.843797474536792436e+00
-3.541777972897425464e+00
-1.197105965016870499e+00
2.096707723467678974e-01
7.367040772680053529e-01
2.352554087696985263e-01
-2.596057321242497551e-01
2.957488609487898046e+00
3.648426310256994043e+00
1.194692690131538670e+00
-1.085946844372013054e+00
2.156188554517095568e+00
2.442780788901700362e+00
1.035857289493938183e+00
3.550458757067525006e-01
9.081041453456721868e-01
8.881710335403238954e-01
-3.543920753131888368e-01
-1.369469640872434946e+00
2.833003730686671773e-01
3.100041212286941406e+00
9.407454046600376429e-01
-8.302471171487832979e-01
9.128412828326795125e-01
2.180694635533980463e+00
1.106479295213122160e+00
-2.158210991803481971e-01
-3.815955581605203761e-01
-6.070134601797247953e-01
-5.709107892765938885e-01
9.407004675118961767e-01
1.137606254491119184e+00
2.409008789780394677e-01
3.399329088650717701e-01
6.921538151726425170e-01
-1.412189410882076501e-01
-9.491883118951047749e-01
8.241480437573760476e-01
4.406641255567267379e-01
-6.675239507791626004e-01
2.738873633350475956e-01
9.932409644119153391e-01
-2.580687143569604380e-02
-8.371157558304409552e-01
-3.229691001055212674e-01
-4.927571964481365363e-01
-5.194231891405720614e-01
8.416198191030899167e-01
3.787787392614809789e-01
-3.097399750402036744e-01
-7.252654000691519665e-01
-5.689387257506173246e-01
-1.107351135667272057e+00
-1.145710055353532653e+00
-6.188739042300985815e-01
-4.975368371382704602e-01
-1.163739466479782214e+00
-7.583426669018509259e-01
-5.403936027616933480e-01
-1.353973725791944416e+00
-1.210129541366986361e+00
-8.020877965481840732e-01
-6.826762778561494827e-01
-6.741676092619655059e-01
-2.002197122326938583e-01
-4.105005194208066754e-02
-5.422236642573849963e-01
-1.525898074116838643e+00
-1.463861795543617728e+00
-1.313867815089669655e+00
-2.330031307070610236e-01
4.604166874769350937e-01
3.190657111208017316e-01
2.042134351773812750e-01
1.344516745070085950e-01
-1.270521234500839869e-01
3.853412949871642956e-01
3.589391154722514354e-01
8.884643295273852992e-02
-2.428701390372729474e-01
-2.902479325769189433e-01
-5.966095686401962084e-02
1.885494073535662896e-01
2.245202087918254374e-01
2.642737087445515831e-01
1.818898085108766605e-02
-4.792242478607944278e-02
7.899252167870707275e-02
5.064535625821291465e-01
9.346569190911762082e-01
1.120128932937252131e+00
4.021302249756180114e-01
-1.030354458514946003e-01
-8.142623686053918064e-02
-8.718252741330756450e-03
1.064282129141688849e+00
7.795707865801757563e-01
-3.094814507398853110e-01
-1.552112224184676537e+00
4.150436780119473035e-01
7.157319752220745457e-01
-7.862247155828652190e-01
-9.809150680047769022e-01
6.391257404298983369e-01
-1.690839934685107515e+00
-1.823602625753143247e+00
3.451536271773569808e-01
1.706675851232468233e+00
-2.667650830072488155e+00
-2.790770106688406305e+00
-1.394634362486977253e+00
1.051550024003858219e+00
1.228361195590464305e+00
2.170675811782888154e+00
2.952735519682663679e+00
2.036235436272725519e+00
-7.906594984274044613e-01
6.368469147625290816e-01
4.694682034004333815e-01
-8.266800352968064480e-01
1.263573008636669659e+00
6.566088597140207206e-01
-8.911141985621897632e-01
-6.757165226858228291e-01
2.180082613998653329e+00
9.549205007830350311e-01
-9.022745087927752650e-02
4.206396994786287813e-02
-1.179466980609523485e+00
-2.806824089949238044e+00
-2.245164468453295648e+00
-1.062670460202883582e-01
1.430241401613555396e+00
-6.708827699781099163e-01
-1.126160828466407970e+00
-5.602935635455708052e-01
2.925338800036580977e-01
2.544010274167705088e-01
3.915215947710386502e-01
8.293987667253965856e-01
7.334982932271187916e-01
-3.518539590731233346e-01
-6.515793596788146402e-01
-4.614980920725786362e-01
-2.861022949218741118e-01
-4.614980920725786362e-01
-6.515793596788146402e-01
-3.518539590731233346e-01
7.334982932271187916e-01
8.293987667253965856e-01
3.915215947710386502e-01
2.544010274167705088e-01
2.925338800036580977e-01
-5.602935635455708052e-01
-1.126160828466407970e+00
-6.708827699781099163e-01
1.430241401613555396e+00
-1.062670460202883582e-01
-2.245164468453295648e+00
-2.806824089949238044e+00
-1.179466980609523485e+00
4.206396994786287813e-02
-9.022745087927752650e-02
9.549205007830350311e-01
2.180082613998653329e+00
-6.757165226858228291e-01
-8.911141985621897632e-01
6.566088597140207206e-01
1.263573008636669659e+00
-8.266800352968064480e-01
4.694682034004333815e-01
6.368469147625290816e-01
-7.906594984274044613e-01
2.036235436272725519e+00
2.952735519682663679e+00
2.170675811782888154e+00
1.228361195590464305e+00
1.051550024003858219e+00
-1.394634362486977253e+00
-2.790770106688406305e+00
-2.667650830072488155e+00
1.706675851232468233e+00
3.451536271773569808e-01
-1.823602625753143247e+00
-1.690839934685107515e+00
6.391257404298983369e-01
-9.809150680047769022e-01
-7.862247155828652190e-01
7.157319752220745457e-01
4.150436780119473035e-01
-1.552112224184676537e+00
-3.094814507398853110e-01
7.795707865801757563e-01
1.064282129141688849e+00
-8.718252741330756450e-03
-8.142623686053918064e-02
-1.030354458514946003e-01
4.021302249756180114e-01
1.120128932937252131e+00
9.346569190911762082e-01
5.064535625821291465e-01
7.899252167870707275e-02
-4.792242478607944278e-02
1.818898085108766605e-02
2.642737087445515831e-01
2.245202087918254374e-01
1.885494073535662896e-01
-5.966095686401962084e-02
-2.902479325769189433e-01
-2.428701390372729474e-01
8.884643295273852992e-02
3.589391154722514354e-01
3.853412949871642956e-01
-1.270521234500839869e-01
1.344516745070085950e-01
2.042134351773812750e-01
3.190657111208017316e-01
4.604166874769350937e-01
-2.330031307070610236e-01
-1.313867815089669655e+00
-1.463861795543617728e+00
-1.525898074116838643e+00
-5.422236642573849963e-01
-4.105005194208066754e-02
-2.002197122326938583e-01
-6.741676092619655059e-01
-6.826762778561494827e-01
-8.020877965481840732e-01
-1.210129541366986361e+00
-1.353973725791944416e+00
-5.403936027616933480e-01
-7.583426669018509259e-01
-1.163739466479782214e+00
-4.975368371382704602e-01
-6.188739042300985815e-01
-1.145710055353532653e+00
-1.107351135667272057e+00
-5.689387257506173246e-01
-7.252654000691519665e-01
-3.097399750402036744e-01
3.787787392614809789e-01
8.416198191030899167e-01
-5.194231891405720614e-01
-4.927571964481365363e-01
-3.229691001055212674e-01
-8.371157558304409552e-01
-2.580687143569604380e-02
9.932409644119153391e-01
2.738873633350475956e-01
-6.675239507791626004e-01
4.406641255567267379e-01
8.241480437573760476e-01
-9.491883118951047749e-01
-1.412189410882076501e-01
6.921538151726425170e-01
3.399329088650717701e-01
2.409008789780394677e-01
1.137606254491119184e+00
9.407004675118961767e-01
-5.709107892765938885e-01
-6.070134601797247953e-01
-3.815955581605203761e-01
-2.158210991803481971e-01
1.106479295213122160e+00
2.180694635533980463e+00
9.128412828326795125e-01
-8.302471171487832979e-01
9.407454046600376429e-01
3.100041212286941406e+00
2.833003730686671773e-01
-1.369469640872434946e+00
-3.543920753131888368e-01
8.881710335403238954e-01
9.081041453456721868e-01
3.550458757067525006e-01
1.035857289493938183e+00
2.442780788901700362e+00
2.156188554517095568e+00
-1.085946844372013054e+00
1.194692690131538670e+00
3.648426310256994043e+00
2.957488609487898046e+00
-2.596057321242497551e-01
2.352554087696985263e-01
7.367040772680053529e-01
2.096707723467678974e-01
-1.197105965016870499e+00
-3.541777972897425464e+00
-4.843797474536792436e+00
-1.399173108660542120e+00
2.341938326604402487e+00
3.734888354332033700e+00
9.639388222756459790e-01
-1.462539089015225890e+00
-2.674415657917172062e+00
-1.710340044127875103e+00
-7.860495351236127526e-01
-8.557328742365912788e-01
1.354349009471191856e+00
4.448015107542710567e+00
4.343699670404133961e+00
-2.875486248310118231e+00
-2.816548072255920410e+00
2.614624715215461137e-01
2.019485297754239905e+00
1.371046240318579024e+00
4.637148572953584402e-01
-3.351772495729132828e-01
-2.050027873099728559e+00
-2.605987120662953238e+00
-1.346322097946040408e+00
8.684187251493877824e-01
9.668839461810726510e-01
-1.596824827476476694e+00
5.162744592492765072e-01
1.557468380056696411e+00
1.013300393435048630e+00
6.783226117889640250e-02
-5.663328551641102493e-01
-4.988034724827254962e-01
-3.913863402138919589e-01
-1.043639698645125069e+00
-1.792002460169120681e+00
-2.190221438412498500e+00
-2.342497213688248259e+00
-2.263623638084069967e+00
-1.833327726495156185e+00
-1.172118719385650820e+00
-8.466682185676162042e-01
-9.559343992211850605e-01
-6.055414850735287846e-01
-1.790587608054958757e-01
-2.527558633058104576e-01
-3.637881503520721260e-01
-2.759254666330646089e-02
7.943978663975503896e-01
1.558792689681440580e+00
1.356145203561331725e+00
8.084637298471510913e-01
7.005000135666052952e-01
2.515604013001340178e-01
-2.412676858860236528e-01
-2.820119335711008812e-01
0.000000000000000000e+00
0.000000000000000000e+00
0.000000000000000000e+00
0.000000000000000000e+00
0.000000000000000000e+00
0.000000000000000000e+00
0.000000000000000000e+00
0.000000000000000000e+00
0.000000000000000000e+00
0.000000000000000000e+00
0.000000000000000000e+00
0.000000000000000000e+00
0.000000000000000000e+00
0.000000000000000000e+00
0.000000000000000000e+00
0.000000000000000000e+00
0.000000000000000000e+00
0.000000000000000000e+00
0.000000000000000000e+00
0.000000000000000000e+00
0.000000000000000000e+00
0.000000000000000000e+00
0.000000000000000000e+00
0.000000000000000000e+00
0.000000000000000000e+00
0.000000000000000000e+00
0.000000000000000000e+00
0.000000000000000000e+00
0.000000000000000000e+00
0.000000000000000000e+00
0.000000000000000000e+00
0.000000000000000000e+00
0.000000000000000000e+00
0.000000000000000000e+00
0.000000000000000000e+00
0.000000000000000000e+00
0.000000000000000000e+00
0.000000000000000000e+00
0.000000000000000000e+00
0.000000000000000000e+00
0.000000000000000000e+00
0.000000000000000000e+00
0.000000000000000000e+00
0.000000000000000000e+00
0.000000000000000000e+00
0.000000000000000000e+00
0.000000000000000000e+00
0.000000000000000000e+00
0.000000000000000000e+00
0.000000000000000000e+00
0.000000000000000000e+00
0.000000000000000000e+00
0.000000000000000000e+00
0.000000000000000000e+00
0.000000000000000000e+00
0.000000000000000000e+00
0.000000000000000000e+00
0.000000000000000000e+00
0.000000000000000000e+00
0.000000000000000000e+00
0.000000000000000000e+00
0.000000000000000000e+00
0.000000000000000000e+00
0.000000000000000000e+00
0.000000000000000000e+00
0.000000000000000000e+00
0.000000000000000000e+00
0.000000000000000000e+00
0.000000000000000000e+00
0.000000000000000000e+00
0.000000000000000000e+00
0.000000000000000000e+00
0.000000000000000000e+00
0.000000000000000000e+00
0.000000000000000000e+00
0.000000000000000000e+00
0.000000000000000000e+00
0.000000000000000000e+00
0.000000000000000000e+00
0.000000000000000000e+00
0.000000000000000000e+00
0.000000000000000000e+00
0.000000000000000000e+00
0.000000000000000000e+00
0.000000000000000000e+00
0.000000000000000000e+00
0.000000000000000000e+00
0.000000000000000000e+00
0.000000000000000000e+00
0.000000000000000000e+00
0.000000000000000000e+00
0.000000000000000000e+00
0.000000000000000000e+00
0.000000000000000000e+00
0.000000000000000000e+00
0.000000000000000000e+00
0.000000000000000000e+00
0.000000000000000000e+00
0.000000000000000000e+00
0.000000000000000000e+00
0.000000000000000000e+00
0.000000000000000000e+00
