-1.587829589843727796e-01
-3.473803811377518258e-03
-1.847505043771996425e-01
-2.306811841907698835e-01
1.669756824423275221e-01
-2.299045004354725030e-01
5.851370908666087001e-02
3.937212240499102789e-01
-1.771919657830652306e-01
-7.831989562361085788e-02
-1.430774658215823725e-01
1.864002136834344014e-01
-9.123062627149747250e-02
-3.273326046226836539e-01
3.370381363893361071e-01
2.315988172300458281e-01
6.958989258634918906e-01
3.867646270104373452e-01
-6.325146858726405918e-01
-1.957772134887330040e-01
-5.577419126432721086e-01
9.617524266318122628e-02
3.016350976976807097e-01
-7.469231729033912748e-01
-3.763957390041650086e-04
2.523379598292327941e-01
7.755258053192917167e-01
8.494524044221026804e-01
-3.827365733907017176e-01
7.539828667424721687e-01
-1.700690809053841956e-01
-1.152991616418299170e+00
-1.461769265176495747e-01
-1.452614998161847470e-01
-6.246779950496433864e-01
-9.538603088186918821e-01
-1.716734895048682485e+00
-1.491832710992202715e+00
-1.818932846815157212e-01
1.262306007320545542e-01
-2.612264705686468957e-01
-3.026270110849549333e-02
-1.096385523739759060e+00
-2.661889892695235016e+00
-2.677522547649441087e+00
-2.023272331300038474e+00
-2.041321729276140751e+00
-3.050818567890118516e+00
-2.424712448420678790e+00
-1.775538977683303488e+00
-1.647532442681936882e+00
8.751709812045982417e-01
1.422995307208038351e+00
6.086410579882957084e-01
8.603914376950816401e-02
1.466949334105406733e+00
-1.272480577665020762e+00
-7.143468642529215984e-02
2.439154767094848797e+00
-3.705996925183061563e-01
2.219369540810989250e-01
2.921380835960349920e-01
-2.049054780167062884e+00
-1.361223476011983013e+00
-1.671280792082302735e+00
-3.447612567500317304e+00
-3.140981754622116373e+00
-3.496876608755286941e+00
-3.719837754286012377e+00
-4.949925413517441086e+00
-7.300336799504153262e+00
-2.872796674776454839e+00
-1.964572344065202536e+00
-4.261973389568947113e+00
-3.914924601622395528e+00
-2.281676684765803209e+00
-1.242236396660506337e+00
1.897108886415778128e+00
-7.795049164952450038e-01
-4.586990792472163125e-01
-1.228069269989485068e+00
2.352938386960685690e+00
6.641574047433463690e+00
5.503799356281183996e+00
9.693305979965036734e-01
2.606685020975888278e+00
6.706069652419786031e+00
6.734956917802532139e+00
3.505052448906500029e+00
-1.431559931263235441e+00
-2.196812451886504647e+00
-1.270898661558187204e+00
2.542007762114482539e+00
7.421196374047095645e+00
5.951188262418724229e+00
1.094804989555982822e+00
2.224411583331783682e+00
1.295495865531469892e+00
-1.779917370416246314e+00
-3.151525251088745705e+00
-2.340144075870593809e+00
-3.430871530762516386e+00
-4.448204429960945561e+00
-3.997691725642401384e+00
-2.922026095550970481e+00
-2.585230590688597729e+00
1.915059762791018194e+00
2.426120787128688061e+00
-2.068632537967868945e+00
-2.268149807311545363e+00
-2.866816622247044588e+00
1.256816524078923081e-01
8.254200774202258284e-01
-2.114616473959556320e-01
-6.133089928100088351e-01
8.428844068641070386e-01
1.052831189115910560e+00
-7.003903676066413064e-01
7.677961947751121841e-02
-5.883298726386709809e-01
2.940970763213906380e+00
5.068119018739932535e+00
2.958153888177734725e+00
2.678177899732820055e+00
1.662750988511207506e+00
5.283844562821782276e-02
3.112162625039756048e-01
4.254533479902411486e-02
-1.166686217173417806e+00
1.321618639188691047e+00
5.151529625066959106e+00
2.011376157886689775e+00
4.489002533828502450e+00
3.261069850740419440e+00
-4.412580248452768750e+00
-3.157330699574069310e+00
-8.940702689414337101e-01
8.383267088444243953e-01
-2.824090779951304864e+00
-3.528701523334041301e+00
-2.443426000870509540e+00
-4.528646035440630158e+00
-1.952366177450103768e+00
-2.049715229333260780e+00
-3.144779869585173859e+00
-8.076701106184294154e-01
3.645086140259858887e-01
-1.651285814094204607e+00
-1.302027767601969588e+00
8.717486243800118828e-01
-2.150114627963504166e+00
-2.441935358236212217e+00
6.342431564674160249e-01
1.943806311355917860e-01
-7.277611304707248818e-01
9.666502738197573219e-01
-7.021238707973792570e-01
-6.608486291257790191e-01
-3.622796970529540417e-02
1.091609563052062803e-01
1.277950766701055008e+00
5.410611745369167114e-01
4.106224487579128724e-01
1.596906097823872717e+00
1.852323408765538026e+00
3.910226075836697568e+00
2.587360242727736015e+00
-3.079397921016682194e-01
4.266873960549650846e+00
4.864186224902958600e+00
3.168661900079016824e+00
3.819417914545288895e+00
2.506172402285341327e+00
3.815022110677094958e+00
5.399915745836681324e+00
1.247008073608456113e+00
4.477215605790042297e+00
3.284263087441356088e+00
4.846421037783220420e+00
9.901533681386839092e+00
3.864577297967771052e+00
2.654474381112665871e+00
4.130727465297168166e+00
5.063819664862594383e-01
4.561899893271400330e+00
6.586887182376429450e+00
3.375726291865079887e-01
2.751570105564572266e+00
3.551741486590352714e+00
1.702396761677978931e+00
5.513037022469178261e-01
-3.296606251893747785e-01
1.744543806847089762e-01
1.663191925237398561e+00
1.320439778759600058e+00
2.000666875048134674e+00
2.043410059452576366e+00
-1.424854418212260665e+00
-2.440414307093509372e+00
-2.557490194217725943e+00
-9.318274851245644808e-01
-1.182112902325072934e+00
-2.182639754858318959e+00
-5.738198498254518665e-01
-6.879618054150211659e-01
-4.004818788573401456e+00
-2.741277698409255503e+00
-2.986643306765909500e+00
-3.959214729010571254e+00
-2.286571208462072846e+00
-3.706697299431806591e+00
-4.390667488564186982e+00
-1.395760913691575400e+00
-2.591465488628508673e+00
-4.599325427939534805e+00
-3.212283124884922181e+00
-5.654011967871268585e-01
-1.722116700785375931e+00
-1.810195746688981533e+00
-2.648006888045555396e-01
-1.412716556012011626e+00
-2.874835397485097310e+00
-2.052055828150556760e+00
2.188224188490604238e-01
-1.497482166330502462e+00
-1.807764393362336630e+00
-5.633575821892213842e-01
-2.080530918014683039e-01
-2.415279690916591893e-01
-5.588279264046575046e-01
-1.704048555017715794e+00
-5.914001952669201145e-01
1.057002604080806707e+00
-1.805402787428453948e-01
-1.811326833273241732e+00
-6.655094881074012925e-01
-2.971751050877335931e-01
-1.361295528686050638e+00
-1.130797950800319862e+00
-2.620137705060929356e+00
-3.328116642452153329e+00
-1.428328620127542248e+00
-7.093480016110640385e-01
-3.353508976516514917e-01
-2.148247016789035513e+00
-3.662672215633415718e+00
-4.890126092366971378e+00
-6.081982865324510712e+00
-4.880524168619948533e+00
-3.928255979397877518e+00
-4.926887685182439469e+00
-2.003268445977401502e+00
-5.182250439681466148e-01
-2.773002537249986688e-01
2.012297809988758956e+00
7.095464900626367033e-01
7.388520864383710807e-01
1.573616587741332173e+00
6.476311210582226252e-01
5.989036787037882448e-01
5.434718037250045874e-01
-1.127701650507955122e+00
4.461236732453560450e+00
3.085452040525855644e+00
6.802159731449306523e-01
3.283935087818226517e+00
1.304967204659867264e+00
2.742690620596516471e+00
7.842980955913596119e+00
2.530260360664251085e+00
1.139581404689527400e+00
2.560671813284518539e+00
3.991902268389357911e-01
3.294832697209013173e+00
5.058296803149056053e-01
-2.007556492862767161e+00
-1.904740521115038554e+00
-2.004906547996528232e+00
1.006888327389710014e-02
-2.190682346964064386e+00
-6.443981615781775751e+00
-1.532484845888350655e+00
-4.442945003850873320e-01
-2.312942866062038583e+00
-7.120258006913484650e-01
-1.650586337374955193e+00
-2.414217168543552283e+00
-4.883703832584394000e-01
4.614923450895060952e-01
-1.633563242821083339e-01
-1.707801133902413504e+00
-1.744788230896399117e+00
-1.545321709804457599e+00
-2.507352098490326142e+00
-5.790068006944397716e-01
1.547562945490187136e+00
-1.788805275168510178e-01
1.411011471754357594e-01
1.786311308461187464e+00
-8.561111241221530666e-01
-1.540600803306624300e+00
-1.996946018376474008e+00
-2.665247706564767061e+00
-2.209770947872010893e+00
-1.636975512073502337e+00
-2.086795791660008170e+00
-2.719464065947385656e+00
-1.215111706777491696e+00
-1.103060840013906141e+00
2.131160243640767948e+00
3.437070405905549908e+00
1.520122219961075771e+00
1.243664238020235624e+00
-1.530595676105782399e+00
2.500461957337316576e+00
4.910200487854411655e+00
3.893565491738798290e+00
4.754221976010200024e+00
1.080098488985859362e+00
4.103260000059802959e-01
1.338245620854330298e+00
-1.896174497810232396e-01
1.435735351843741459e+00
3.419500343510297746e+00
2.851348511967358945e+00
2.362591315609959608e+00
5.160319281301767091e+00
3.837139667003216736e+00
6.804188947124659714e-01
5.467034642130748079e-01
-8.900203197748749462e-01
1.812417572027368973e+00
2.605819112588115161e+00
1.631484671240086781e+00
9.962406925884323972e-01
1.576439271860568425e+00
1.798206927113904730e+00
1.260026920375799664e-01
8.142030855753062957e-01
-3.226421484007016560e-01
2.796205210002879138e+00
3.066092643217801950e+00
2.990170220470050877e-01
1.684955514119157005e+00
1.636898748538314852e+00
1.181801088979466119e+00
1.433768648787672184e+00
1.931993377379733978e+00
1.332450315691763532e+00
3.349807444860950056e+00
5.063907847080693081e+00
4.216903255253458660e+00
2.300414356965943430e+00
6.877727037011646338e+00
7.873823351450512931e+00
3.581629964979469172e+00
1.120325862357061997e+00
1.340008547106793735e+00
2.046084471912835934e+00
6.325395226608605981e+00
9.630750657315850560e+00
9.079142120970441709e+00
3.805093089413242424e+00
3.368159631389745279e+00
8.309006903414461576e+00
8.984992187422726317e+00
5.534345826605072460e+00
1.893384444973065683e+00
1.939005056696088802e+00
1.516995355868440809e+00
3.149019624475990931e+00
1.266939543257854073e+00
1.407472225454547976e+00
8.518267467171896090e-01
2.267478083934961752e+00
4.331850818181487206e+00
3.202852129470614262e+00
6.129198786900410534e-01
2.738153066076967068e+00
1.772249409426099431e+00
1.754268583271608950e+00
1.794427809795909656e+00
2.163878290225469125e-01
1.659474095387068804e+00
2.178038058175220115e+00
1.053725253087924418e+00
2.001741783171135936e+00
1.870204997689075332e+00
2.137983696229178054e+00
5.036534379355189550e+00
2.835288936635998791e+00
1.756630452887522287e+00
3.323383075782656793e+00
9.655461862275366292e-01
2.006963338941431640e+00
2.536676592131702712e+00
1.234103855798544425e+00
5.267958475264252760e-01
1.798287040399160430e+00
1.735026437274549416e+00
8.703650104509877972e-01
1.307190475841161881e+00
1.251443256273045757e+00
8.297027845715783112e-01
5.496902446517180074e-01
1.322664765475938475e+00
1.460576732666102107e+00
6.411791667253395888e-01
5.838196447790305887e-01
3.730398634256997803e-01
8.606570448158110120e-02
5.405119201845285382e-01
1.318941177622263483e+00
9.362378589898131542e-01
6.459858389187067562e-01
1.383756763653568367e+00
8.607847648097569637e-01
1.526424945864978344e+00
1.801035845679086478e+00
2.532016053005292089e-01
1.317964549792373985e+00
1.117238280523901839e+00
1.041195776248578397e+00
1.162778943643452356e+00
2.702298859363366779e-01
8.275350462110462324e-01
7.914721376097503258e-01
5.105268341388100595e-01
8.637983972939684563e-01
1.680071350873001690e-01
8.128169029408871538e-01
7.771865773373235475e-01
7.880607546552638176e-01
1.157097288297969984e+00
4.917334463182659876e-01
5.976351423344334890e-01
8.183163744939411233e-01
4.854383711623801445e-01
5.396460213703263564e-01
3.827702284215496742e-01
8.821850315706595280e-01
6.160755890616740338e-01
4.637631491138879403e-01
9.606211023769832824e-01
6.326096707238688666e-01
6.923308263493376247e-01
8.074107278590921810e-01
0.000000000000000000e+00
0.000000000000000000e+00
0.000000000000000000e+00
0.000000000000000000e+00
0.000000000000000000e+00
0.000000000000000000e+00
0.000000000000000000e+00
0.000000000000000000e+00
0.000000000000000000e+00
0.000000000000000000e+00
0.000000000000000000e+00
0.000000000000000000e+00
0.000000000000000000e+00
0.000000000000000000e+00
0.000000000000000000e+00
0.000000000000000000e+00
0.000000000000000000e+00
0.000000000000000000e+00
0.000000000000000000e+00
0.000000000000000000e+00
0.000000000000000000e+00
0.000000000000000000e+00
0.000000000000000000e+00
0.000000000000000000e+00
0.000000000000000000e+00
0.000000000000000000e+00
0.000000000000000000e+00
0.000000000000000000e+00
0.000000000000000000e+00
0.000000000000000000e+00
0.000000000000000000e+00
0.000000000000000000e+00
0.000000000000000000e+00
0.000000000000000000e+00
0.000000000000000000e+00
0.000000000000000000e+00
0.000000000000000000e+00
0.000000000000000000e+00
0.000000000000000000e+00
0.000000000000000000e+00
0.000000000000000000e+00
0.000000000000000000e+00
0.000000000000000000e+00
0.000000000000000000e+00
0.000000000000000000e+00
0.000000000000000000e+00
0.000000000000000000e+00
0.000000000000000000e+00
0.000000000000000000e+00
0.000000000000000000e+00
0.000000000000000000e+00
0.000000000000000000e+00
0.000000000000000000e+00
