5.130920410156246669e-01
5.194472224730251053e-01
4.225317846056103610e-01
1.710878045082266652e-01
1.612679369180053113e-01
4.479546061777736066e-01
7.417776529955875109e-01
9.533487579630615105e-01
1.049443113604951128e+00
1.027089944910710040e+00
9.835725803680945845e-01
1.016495352226086446e+00
1.085275452587046274e+00
1.059403683743333602e+00
1.010916367654777659e+00
9.997252802516434222e-01
1.045757674988193831e+00
1.120826562758925338e+00
1.116886447186399955e+00
1.093513688636114090e+00
1.011837052429545913e+00
7.038690773990606830e-01
4.390299475320580402e-02
-4.015287307297427666e-01
2.610403210233239735e-01
6.280589227604984615e-01
7.443009013970384169e-01
7.454093799551922972e-01
6.490906005423022762e-01
3.797225794784967468e-01
-1.123568981746043138e-01
-5.326489881915122959e-01
-5.199651765814211624e-01
-3.951993555336324460e-01
-3.516433191791554780e-01
-2.359303809730904367e-01
2.562009067367794768e-01
5.312537797427265840e-01
4.971632129852466830e-01
4.606687784564059696e-01
4.307078831064006241e-01
3.325284519238926872e-01
1.352353465314928282e-01
-1.112898565816600183e-01
-3.890979126787947884e-01
-6.488210111082516329e-01
-8.005727714332675493e-01
-5.511740817511128210e-01
-2.405018096074862388e-01
2.851147077337845559e-02
1.564556695496449601e-01
5.567917849863168733e-02
-7.711406284117650056e-02
-1.487699548257532811e-01
-2.200346651300461032e-01
-2.598573297878751243e-01
-1.459878071279906431e-01
5.552918460322131544e-02
1.315775464001096573e-01
-6.810780984827013995e-03
-1.905634686601584971e-01
-2.875815119629845373e-01
-2.634689455117200652e-01
-1.202346701452297051e-01
9.194224470294964924e-02
2.405319165626587097e-01
1.334692933935257564e-01
-8.158288793901014024e-02
-8.674101025876779225e-02
8.629967485831691043e-02
2.937571839631945014e-01
5.241027733873453442e-01
5.397637705760938154e-01
-4.062069261689044142e-01
-1.096627510105679493e+00
-1.174117972735947646e+00
-1.062786065141656522e+00
-9.713324214575329574e-01
-8.604883846707136463e-01
-6.799621627553813497e-01
-6.854975812451330475e-01
-7.779957202639435909e-01
-5.552275995517690355e-01
-6.685776788984409968e-02
6.865428974391019068e-03
-1.549118424355180990e+00
-1.919573662632532152e+00
-2.104968062154147113e+00
-2.236439370044663200e+00
-2.133951255001298009e+00
-1.614753936924974376e+00
-6.790346427854645484e-01
2.470238516384908323e-01
-1.759632849847037050e-03
-5.817651412468776151e-01
-2.161474417429136707e-01
4.104272612926549435e-01
8.988233779748755481e-01
9.494881213733048497e-01
3.591581606694891349e-01
4.028149061988794966e-02
-2.226055794544914701e-01
-2.697237103923825763e-01
-7.990399312237361773e-02
8.605087041149828142e-02
1.919456571588860072e-01
2.687888350356739675e-01
2.471666309757432067e-01
2.208697922031005456e-01
2.368345682266119745e-01
1.997592690653011704e-01
2.387076031906631979e-01
3.532575567578433162e-01
4.943536804763117853e-01
7.033796363063486989e-01
9.888781259663432799e-01
1.204386363747668165e+00
1.194755423103473158e+00
1.136100935322346572e+00
1.171194058276080252e+00
1.263353898858378788e+00
1.398460657730314249e+00
1.583127915889291248e+00
1.703413041361363955e+00
1.482453583838283517e+00
8.521198993083283213e-01
3.661761414086974753e-01
2.340895054855152146e-01
1.927365257685489386e-01
5.483208509490133942e-02
-1.235232789099592887e-01
-4.456615225629315113e-02
-1.908560113398890534e-01
-2.586782830800011257e-01
2.832850239298245754e-03
6.396576146895371906e-03
-1.013959759723122023e-01
-1.891926007102517904e-01
-2.446999888687240166e-01
-2.461293411062921432e-01
-1.515888882056048992e-02
6.154621928034773592e-01
1.427123941996838896e+00
1.853089026524263883e+00
1.934083927755392729e+00
1.915554414034004171e+00
1.617345286622311917e+00
1.218730988334073784e+00
9.989698038374745792e-01
9.863710582859651632e-01
1.113087455359477174e+00
9.430226740184928236e-01
4.459181639948310849e-01
-5.600084732981158719e-02
-4.805827466982026674e-01
-7.949407242324562084e-01
-1.042308300271722610e+00
-1.042308300271722610e+00
-7.949407242324562084e-01
-4.805827466982026674e-01
-5.600084732981158719e-02
4.459181639948310849e-01
9.430226740184928236e-01
1.113087455359477174e+00
9.863710582859651632e-01
9.989698038374745792e-01
1.218730988334073784e+00
1.617345286622311917e+00
1.915554414034004171e+00
1.934083927755392729e+00
1.853089026524263883e+00
1.427123941996838896e+00
6.154621928034773592e-01
-1.515888882056048992e-02
-2.461293411062921432e-01
-2.446999888687240166e-01
-1.891926007102517904e-01
-1.013959759723122023e-01
6.396576146895371906e-03
2.832850239298245754e-03
-2.586782830800011257e-01
-1.908560113398890534e-01
-4.456615225629315113e-02
-1.235232789099592887e-01
5.483208509490133942e-02
1.927365257685489386e-01
2.340895054855152146e-01
3.661761414086974753e-01
8.521198993083283213e-01
1.482453583838283517e+00
1.703413041361363955e+00
1.583127915889291248e+00
1.398460657730314249e+00
1.263353898858378788e+00
1.171194058276080252e+00
1.136100935322346572e+00
1.194755423103473158e+00
1.204386363747668165e+00
9.888781259663432799e-01
7.033796363063486989e-01
4.943536804763117853e-01
3.532575567578433162e-01
2.387076031906631979e-01
1.997592690653011704e-01
2.368345682266119745e-01
2.208697922031005456e-01
2.471666309757432067e-01
2.687888350356739675e-01
1.919456571588860072e-01
8.605087041149828142e-02
-7.990399312237361773e-02
-2.697237103923825763e-01
-2.226055794544914701e-01
4.028149061988794966e-02
3.591581606694891349e-01
9.494881213733048497e-01
8.988233779748755481e-01
4.104272612926549435e-01
-2.161474417429136707e-01
-5.817651412468776151e-01
-1.759632849847037050e-03
2.470238516384908323e-01
-6.790346427854645484e-01
-1.614753936924974376e+00
-2.133951255001298009e+00
-2.236439370044663200e+00
-2.104968062154147113e+00
-1.919573662632532152e+00
-1.549118424355180990e+00
6.865428974391019068e-03
-6.685776788984409968e-02
-5.552275995517690355e-01
-7.779957202639435909e-01
-6.854975812451330475e-01
-6.799621627553813497e-01
-8.604883846707136463e-01
-9.713324214575329574e-01
-1.062786065141656522e+00
-1.174117972735947646e+00
-1.096627510105679493e+00
-4.062069261689044142e-01
5.397637705760938154e-01
5.241027733873453442e-01
2.937571839631945014e-01
8.629967485831691043e-02
-8.674101025876779225e-02
-8.158288793901014024e-02
1.334692933935257564e-01
2.405319165626587097e-01
9.194224470294964924e-02
-1.202346701452297051e-01
-2.634689455117200652e-01
-2.875815119629845373e-01
-1.905634686601584971e-01
-6.810780984827013995e-03
1.315775464001096573e-01
5.552918460322131544e-02
-1.459878071279906431e-01
-2.598573297878751243e-01
-2.200346651300461032e-01
-1.487699548257532811e-01
-7.711406284117650056e-02
5.567917849863168733e-02
1.564556695496449601e-01
2.851147077337845559e-02
-2.405018096074862388e-01
-5.511740817511128210e-01
-8.005727714332675493e-01
-6.488210111082516329e-01
-3.890979126787947884e-01
-1.112898565816600183e-01
1.352353465314928282e-01
3.325284519238926872e-01
4.307078831064006241e-01
4.606687784564059696e-01
4.971632129852466830e-01
5.312537797427265840e-01
2.562009067367794768e-01
-2.359303809730904367e-01
-3.516433191791554780e-01
-3.951993555336324460e-01
-5.199651765814211624e-01
-5.326489881915122959e-01
-1.123568981746043138e-01
3.797225794784967468e-01
6.490906005423022762e-01
7.454093799551922972e-01
7.443009013970384169e-01
6.280589227604984615e-01
2.610403210233239735e-01
-4.015287307297427666e-01
4.390299475320580402e-02
7.038690773990606830e-01
1.011837052429545913e+00
1.093513688636114090e+00
1.116886447186399955e+00
1.120826562758925338e+00
1.045757674988193831e+00
9.997252802516434222e-01
1.010916367654777659e+00
1.059403683743333602e+00
1.085275452587046274e+00
1.016495352226086446e+00
9.835725803680945845e-01
1.027089944910710040e+00
1.049443113604951128e+00
9.533487579630615105e-01
7.417776529955875109e-01
4.479546061777736066e-01
1.612679369180053113e-01
1.710878045082266652e-01
4.225317846056103610e-01
5.194472224730251053e-01
0.000000000000000000e+00
0.000000000000000000e+00
0.000000000000000000e+00
0.000000000000000000e+00
0.000000000000000000e+00
0.000000000000000000e+00
0.000000000000000000e+00
0.000000000000000000e+00
0.000000000000000000e+00
0.000000000000000000e+00
0.000000000000000000e+00
0.000000000000000000e+00
0.000000000000000000e+00
0.000000000000000000e+00
0.000000000000000000e+00
0.000000000000000000e+00
0.000000000000000000e+00
0.000000000000000000e+00
0.000000000000000000e+00
0.000000000000000000e+00
0.000000000000000000e+00
0.000000000000000000e+00
0.000000000000000000e+00
0.000000000000000000e+00
0.000000000000000000e+00
0.000000000000000000e+00
0.000000000000000000e+00
0.000000000000000000e+00
0.000000000000000000e+00
0.000000000000000000e+00
0.000000000000000000e+00
0.000000000000000000e+00
0.000000000000000000e+00
0.000000000000000000e+00
0.000000000000000000e+00
0.000000000000000000e+00
0.000000000000000000e+00
0.000000000000000000e+00
0.000000000000000000e+00
0.000000000000000000e+00
0.000000000000000000e+00
0.000000000000000000e+00
0.000000000000000000e+00
0.000000000000000000e+00
0.000000000000000000e+00
0.000000000000000000e+00
0.000000000000000000e+00
0.000000000000000000e+00
0.000000000000000000e+00
0.000000000000000000e+00
0.000000000000000000e+00
0.000000000000000000e+00
0.000000000000000000e+00
0.000000000000000000e+00
0.000000000000000000e+00
0.000000000000000000e+00
0.000000000000000000e+00
0.000000000000000000e+00
0.000000000000000000e+00
0.000000000000000000e+00
0.000000000000000000e+00
0.000000000000000000e+00
0.000000000000000000e+00
0.000000000000000000e+00
0.000000000000000000e+00
0.000000000000000000e+00
0.000000000000000000e+00
0.000000000000000000e+00
0.000000000000000000e+00
0.000000000000000000e+00
0.000000000000000000e+00
0.000000000000000000e+00
0.000000000000000000e+00
0.000000000000000000e+00
0.000000000000000000e+00
0.000000000000000000e+00
0.000000000000000000e+00
0.000000000000000000e+00
0.000000000000000000e+00
0.000000000000000000e+00
0.000000000000000000e+00
0.000000000000000000e+00
0.000000000000000000e+00
0.000000000000000000e+00
0.000000000000000000e+00
0.000000000000000000e+00
0.000000000000000000e+00
0.000000000000000000e+00
0.000000000000000000e+00
0.000000000000000000e+00
0.000000000000000000e+00
0.000000000000000000e+00
0.000000000000000000e+00
0.000000000000000000e+00
0.000000000000000000e+00
0.000000000000000000e+00
0.000000000000000000e+00
0.000000000000000000e+00
0.000000000000000000e+00
0.000000000000000000e+00
0.000000000000000000e+00
0.000000000000000000e+00
0.000000000000000000e+00
0.000000000000000000e+00
0.000000000000000000e+00
0.000000000000000000e+00
0.000000000000000000e+00
0.000000000000000000e+00
0.000000000000000000e+00
0.000000000000000000e+00
0.000000000000000000e+00
0.000000000000000000e+00
0.000000000000000000e+00
0.000000000000000000e+00
0.000000000000000000e+00
0.000000000000000000e+00
0.000000000000000000e+00
0.000000000000000000e+00
0.000000000000000000e+00
0.000000000000000000e+00
0.000000000000000000e+00
0.000000000000000000e+00
0.000000000000000000e+00
0.000000000000000000e+00
0.000000000000000000e+00
0.000000000000000000e+00
0.000000000000000000e+00
0.000000000000000000e+00
0.000000000000000000e+00
0.000000000000000000e+00
0.000000000000000000e+00
0.000000000000000000e+00
0.000000000000000000e+00
0.000000000000000000e+00
0.000000000000000000e+00
0.000000000000000000e+00
0.000000000000000000e+00
0.000000000000000000e+00
0.000000000000000000e+00
0.000000000000000000e+00
0.000000000000000000e+00
0.000000000000000000e+00
0.000000000000000000e+00
0.000000000000000000e+00
0.000000000000000000e+00
0.000000000000000000e+00
0.000000000000000000e+00
0.000000000000000000e+00
0.000000000000000000e+00
0.000000000000000000e+00
0.000000000000000000e+00
0.000000000000000000e+00
0.000000000000000000e+00
0.000000000000000000e+00
0.000000000000000000e+00
0.000000000000000000e+00
0.000000000000000000e+00
0.000000000000000000e+00
0.000000000000000000e+00
0.000000000000000000e+00
0.000000000000000000e+00
0.000000000000000000e+00
0.000000000000000000e+00
0.000000000000000000e+00
0.000000000000000000e+00
0.000000000000000000e+00
0.000000000000000000e+00
0.000000000000000000e+00
0.000000000000000000e+00
0.000000000000000000e+00
0.000000000000000000e+00
0.000000000000000000e+00
0.000000000000000000e+00
0.000000000000000000e+00
0.000000000000000000e+00
0.000000000000000000e+00
0.000000000000000000e+00
0.000000000000000000e+00
0.000000000000000000e+00
0.000000000000000000e+00
0.000000000000000000e+00
0.000000000000000000e+00
0.000000000000000000e+00
0.000000000000000000e+00
0.000000000000000000e+00
0.000000000000000000e+00
0.000000000000000000e+00
