-4.870300292968750000e-01
-7.377339877690757275e-01
4.246900269912736170e-01
-1.037391733470289568e+00
-6.664741387067838474e-01
-1.191571096421076614e+00
-7.925275404134666246e-01
8.073347168308666610e-01
-1.327813593367609180e+00
-4.258889699247334626e-01
6.481091566740657672e-01
1.196288553866782678e+00
1.030280140161711433e+00
1.737558839060459048e+00
1.575530014292984227e+00
1.475161117983202930e+00
5.734455894115724206e-01
-1.647898175016031530e-01
-2.133243996569071932e+00
-2.880626405080653374e+00
-3.778256204663457130e-01
-6.007816885773564763e-01
8.161498354666618660e-01
3.112685957395498804e+00
3.634452444017601813e+00
1.103259257624591871e+00
-1.812021320382131595e+00
-2.626389689583426890e+00
-3.794384721440877684e+00
-3.475785855558768844e+00
-4.094689447418309314e+00
-4.037090147725428402e+00
-7.392357331295982270e-01
1.703886059388690866e+00
1.462945733980977270e+00
-4.772475601443740834e-01
-3.938526860332425272e-01
7.101922504335416164e-01
5.016995440466416323e-01
-8.754818360540699285e-01
4.338683397596209690e-01
3.577214732834657074e-01
1.720737251757227693e+00
8.176919141917169398e-01
1.300974345512988073e+00
1.505858338249813411e+00
1.871354108409473138e+00
3.610905355056040378e+00
-1.538948244743592042e-01
-7.907271450255271006e-01
-1.226269209038338026e+00
1.255927834635084395e-02
2.763364795373427718e+00
9.402944924984901753e-01
1.696601179282538396e+00
-2.835412057734418845e-01
-1.133305920990076210e+00
5.882126718706501833e-01
-5.310101908783084745e-01
-2.682873720358859515e+00
-2.432940394336718715e+00
-1.737151025892094136e+00
1.831535730552058538e-03
-5.135110571081424879e-01
2.297964858201031468e-01
-3.357409640251811656e-01
8.972406051504067115e-01
-1.554925748532101082e-01
-1.465685169929993759e+00
-1.416522199649047131e+00
-4.235152429274816832e+00
-1.611039729146098942e+00
-7.996415722349383692e-01
3.624175829165570129e-01
-1.390527294983832984e+00
-1.198129382606350601e+00
-1.248370476100890691e-01
-1.776739523737830506e+00
8.307607961983469735e-01
-6.075454908336495041e-01
-2.192951697037886838e+00
-2.339546921283300662e+00
1.397691624072140648e+00
-2.060441496034535191e-01
1.965011143588459852e-01
-1.067890942766137163e+00
-2.033426934050659440e+00
-5.825054863298378960e-01
4.810479243256171600e-01
-6.891515265574108540e-01
-1.139354154586532220e+00
-1.498240522211651271e+00
-3.975786055699219279e+00
-9.193805253333684480e-01
-1.889700291661691178e+00
-6.016686363206588117e-01
-1.381913649303077696e+00
-1.590568143265739254e+00
3.788584569631749943e-01
1.503353240221948051e+00
-3.901835559609350135e-01
-1.327461720425569203e+00
-3.729416788827049523e+00
-2.878114389738030354e+00
1.191693033291382431e+00
4.525898622378174974e-01
-8.434927856716255556e-01
-1.569980013125755303e+00
-8.044935601269324055e-01
-5.073253072051795431e-01
-1.058216142574506025e+00
-4.744366634455268184e-01
-2.192140825749716804e+00
-1.254747582975420883e+00
2.125220028960026486e-01
8.036665671229303864e-01
-2.686298209653746882e-01
1.064615276423431567e+00
1.458523031878424803e+00
1.082673797432360585e+00
-1.162774184056056592e+00
1.349659761771055955e-01
1.033772183586842308e+00
8.042919729764248515e-01
1.942469970912830135e-01
4.180200046465296637e-01
5.246798156338232655e-01
8.708429462538329613e-01
5.381533180155757545e-01
3.695692241932519995e-01
-6.146857379949993705e-01
-7.759880342908551665e-01
3.083786160083309413e-01
-7.181036525220416689e-01
-1.191004396868827531e+00
2.995251703080381578e-01
7.002281083833294950e-01
-1.815395554186273186e+00
-1.247253796859591146e+00
2.001883572738902828e+00
7.904622467804482966e-01
8.221581311658749947e-01
9.651075695561943668e-01
1.141468161838844697e+00
9.538559436299740568e-01
4.020690024293316345e-01
4.227308623062417947e-01
-1.208600613370258703e+00
-1.902221001589025295e+00
-3.065438799560825656e-01
-5.302112696949861093e-01
-1.131788266798528841e+00
2.909962930665730418e-01
1.942600768740876394e+00
8.597910556144097161e-01
1.077281780574954606e+00
4.353753075178864451e-01
1.398371630065744498e-01
9.837045274333262590e-01
4.204122913198453659e-01
-7.758036149851639252e-01
-1.443595850835085459e-01
-9.535020316741271706e-02
5.641637014182587784e-01
-1.333545204917246263e+00
-1.316035279349356157e+00
-4.038000667188033077e-01
1.997667259217790203e-01
3.530966671818227542e-01
6.421906600799369702e-01
1.127833591963608217e+00
2.243383003994288138e-01
-8.164256574417462220e-01
1.052879827558150128e+00
1.905932167346470418e+00
-1.729377721999594275e-01
-6.122999559464676889e-01
1.725753120891293069e+00
1.965203972311309721e+00
-3.286280211502847770e-01
2.031897740235222294e-01
2.513605293805198038e+00
3.523185813041582293e+00
1.975942938197831067e+00
2.979356357971905567e+00
1.637984266865794458e+00
6.840235888896948335e-01
-6.865154607710061141e-02
9.346181749361751612e-01
1.267007575168321187e+00
1.834265944422486694e+00
1.857144051433562204e+00
4.644006858477274235e-01
-1.179083431624727840e+00
-4.951885415687919956e-01
-1.326326561498334389e-01
-9.289637595087381072e-01
-1.263909197365614467e+00
-1.524472775309535733e+00
-6.005623692181488726e-01
-1.474936511903827574e+00
-1.688715851594111417e+00
-3.359905533049167836e-02
7.096539490617668200e-01
-1.210753802732053686e+00
-8.939813211108267321e-01
3.556571832315683634e-01
8.589620327971978497e-01
8.444166354729273349e-01
8.651407063135942987e-01
-7.071924031964260671e-01
-1.559412882263963240e+00
7.615506080504275133e-02
1.541324594949909255e+00
4.582967670096191881e-01
-4.303994846795730078e-01
-1.045432570701132491e-01
-4.286729205431465406e-01
-7.862416875658329030e-01
-8.568247066350240804e-01
-1.313608918477734644e+00
-1.382035218462557058e+00
-8.037306032730775485e-01
-2.907533480046027297e-01
-6.955827059290555781e-01
2.931073731068899457e-01
-3.824534421790160010e-02
3.409890628082024588e-01
3.940840216384267070e-01
4.598008991847004623e-01
-8.363003753934772355e-01
-7.858373569583941842e-01
8.309187145334179236e-02
1.213205039380942374e-01
-9.601411093862843860e-01
-9.363298077563800836e-01
4.419717100135566179e-01
-4.456101851367710864e-02
-2.383501020826426231e+00
-1.999675330701334408e+00
-1.208183853168727229e+00
-6.178694813386025331e-01
-4.387840415599549182e+00
-5.621409079374859452e+00
-6.071901034108148743e+00
-5.896912463058693987e+00
-2.839025250154016966e+00
-1.534398494292842585e+00
-3.637445520621079176e+00
-5.194382921659256525e+00
-2.584746855194675952e+00
-1.213599404373315593e-01
5.961824145202538894e-01
8.467972936349075219e-01
5.866359901951012645e-01
-9.525366525527527717e-01
-7.579580425469756300e-01
1.000166943505005124e+00
8.624929109705212760e-01
1.382566623471781497e-01
1.310433695723019820e+00
1.623888258143556751e+00
6.837557164413008426e-01
-3.743590808336483278e-02
1.120379097112858879e+00
1.238729985389766863e+00
4.036683908319357306e-01
9.432905435500560376e-01
6.806740747177189021e-01
-1.314206305686127063e+00
-1.764727994793442445e+00
-9.688146508582050620e-01
3.749707545500948758e-01
9.285792976338067550e-01
6.983635936409151590e-01
-8.149879811500557736e-01
-5.594445493058688434e-01
-1.441379813092662054e+00
-8.641812804321614694e-01
7.321353596174107192e-02
-7.585620249007112292e-01
-2.402159078630925926e+00
-2.003715665304398819e+00
7.548846087359062373e-02
1.371692629057832180e+00
-4.256868090773997526e-01
-1.385448004660965404e+00
-1.511334195307179940e+00
-1.096643335938810804e+00
7.459910787096777351e-01
1.485457498297251266e+00
2.487926377384994669e-01
-7.949170171736286150e-02
-8.548998344567478869e-01
-1.254981442953026161e+00
2.519816101413250298e-01
-1.183561102542639132e+00
-7.799139379742587863e-01
1.643043480488008967e-01
-2.753476890208936823e-01
-4.697373363271832858e-01
1.527359277283011352e+00
1.011927289358941717e+00
6.992755350099095768e-01
5.959531001085658364e-01
7.091914531120075971e-01
1.242860488895452642e+00
-4.745489018400542713e-01
-2.121732809321734248e+00
-2.115823886669670806e+00
-1.511199574702084991e+00
-5.389396796259713351e-01
2.884022394542761214e-01
3.331585673768775457e-01
1.070615540227963791e-01
-1.643974948873421882e+00
-6.016971209925623398e-01
6.466056752633856375e-01
1.193680999130275477e-01
-3.425047281879667338e-02
5.000702131406877804e-01
-1.243067829506928401e+00
-1.200609900507579209e+00
-1.077083122158506434e-02
6.971098951240883856e-01
-1.105593901171817439e-01
-1.830961902980396960e+00
-2.545964837931993685e+00
-1.608905664655692291e+00
-3.216978793582894181e-01
1.227120550689636547e-01
-1.623992825705705911e+00
-1.064551958098711948e+00
-9.187933220234685283e-01
-9.464679186537027222e-01
-1.341005773540812296e+00
-2.153567245840973587e+00
-1.192218304798071227e+00
1.554494338399141640e-01
9.695176318312181962e-03
-1.517263587192292595e+00
-2.720754196855594831e-01
7.939616134841787076e-01
2.316321340867588674e-01
-1.429835697686004270e+00
-2.670065729527124176e+00
-4.503085807322001699e+00
-5.560772701025069154e+00
-3.146036003955647864e+00
-1.631737686579606939e+00
-3.823853617975830232e+00
-5.861003552023173135e+00
-6.735663912197972891e+00
-4.871098013645033475e+00
-2.718306771634202867e+00
-4.956614587763455981e-01
-2.417335121868426917e+00
-1.797532664653622492e+00
-4.596797379057870891e-01
1.358595450617075651e+00
1.365579491312035820e+00
-6.500901419405400450e-01
-1.391514317216483221e+00
7.556411532022389022e-01
3.145398724361292864e+00
2.389234389737268316e+00
3.883238310886807376e-01
6.713435641894365258e-01
2.137723306979287585e+00
2.387050442901735625e+00
-6.966608394080859856e-01
-1.957372886240723586e-01
-8.933871151497889684e-01
1.123927657845881889e+00
1.194185684939335523e+00
7.712788512563135690e-01
-4.941711626014233527e-01
5.873025518145880142e-02
2.274349689241787154e+00
2.298508430247149015e+00
1.831823964894315759e+00
1.523011154161561853e+00
1.298434609414255814e+00
8.670295088218358259e-01
2.556816381027638307e+00
2.077382584730461001e+00
3.062305877517246255e-01
1.858964421561611458e+00
2.771142508365605828e+00
3.374632417787756911e+00
2.432603840691172969e+00
2.230998774638313087e-01
-5.847949165103498714e-01
3.567812696596113220e-01
1.355830376624947542e+00
2.525889550503381820e+00
4.186675129151387509e+00
4.001185320231293474e+00
2.315049411167468651e+00
2.051179084902986283e+00
1.171168375090767544e+00
1.383138344789709429e-01
-1.055790409541881303e+00
-1.021473329308481448e+00
-5.958710021208515339e-01
-1.999012267520430264e-01
-3.104603029905597111e-01
-9.575905553203661880e-01
9.628319656174698649e-01
2.665169047656971379e+00
2.227332852180787803e+00
2.111740203030376684e-01
5.747682172695350866e-01
-6.759147864634074132e-02
5.003541525031409698e-01
3.780611512454357115e-01
5.735646755623857729e-01
9.055841920837033321e-01
2.853128802430555666e+00
3.536369045868058780e+00
2.350852883732549969e+00
4.947005706872840136e-01
3.963765887656867104e-01
-5.954938697840589379e-01
-9.232698116983889536e-01
1.664182936099148691e+00
2.343177644702499229e+00
1.103137270793650204e+00
5.972620772051422389e-01
1.171452571260738651e+00
7.100175395231624886e-01
-4.078930508638407559e-01
-1.367531183642773929e-01
7.133385946291537216e-01
-1.191413018758113784e+00
-3.069899019292177123e-02
-1.726728430315132012e-01
-9.328937579339806607e-01
-4.890305747460101937e-01
-1.641795541775008527e-01
2.575312334772221767e-01
-1.576926097321131870e-01
-1.014329108821759862e+00
-1.519683380196208966e-01
-1.892813785038823582e+00
-2.522306857675658875e+00
-1.581211277729713816e+00
-1.055925235059670619e+00
-2.051462341957313473e+00
-1.809844535396093246e+00
-7.185966400949861388e-01
-1.887412279446475827e+00
-2.150664468871951840e+00
-1.652579368990327868e+00
-8.900436990604894127e-01
-1.054463458001645648e+00
-1.625687825899807759e+00
-3.016731518313426896e-01
-2.973698606720247550e+00
-3.666312960436911350e+00
-1.240984960320268504e+00
-5.745039559027270704e-01
-2.040035087922073664e+00
-1.981793334383559646e+00
-6.066761288495492455e-01
-1.866476428963080858e+00
-1.525250575217220739e+00
-1.502900112761524687e+00
-1.934842500190300241e+00
-6.930495760640682512e-01
-8.798204078498661485e-01
-1.145565565384590867e+00
-1.056120010442177293e+00
-1.106543517435756074e+00
-8.757556504726267121e-01
-8.239807814743639325e-01
-1.578969232137948930e+00
-5.013214987641354536e-01
-7.074008197624176431e-01
-5.592151508165985607e-01
-1.006356160932462940e+00
-4.913977181483542567e-01
-6.676256381339732426e-01
-1.931834121569306228e+00
-3.228663590554869955e+00
-1.049364327227692240e+00
-2.764762438418252533e+00
-2.114503119701382161e+00
-1.720368764835576547e+00
-2.762379761233309861e+00
-1.473905547084758849e+00
-1.526543845356282736e+00
-1.614736670722415113e+00
-4.871936899420890477e+00
-4.445230224900880600e+00
-2.450513767662943820e+00
-2.193318735198306779e+00
-7.504563785033535606e-01
-1.601923454572610872e+00
-3.216753506616906844e+00
