8.459472656250000000e-01
1.152148817423680471e+00
-3.706818444508519494e-02
8.371310450742364129e-01
1.695248772559143191e+00
1.603616351390476424e+00
5.057709673559875885e-01
1.419219667953658615e+00
1.478368319857527924e+00
6.399508573326309069e-01
8.598508070746296861e-01
3.567918821928628859e+00
6.288137698110093154e+00
6.226788106450203308e+00
4.636250147590213366e+00
2.656291937266069603e+00
4.934943539838380744e+00
8.727524707578544039e+00
5.938259693672175210e+00
1.196444470332891363e+00
-1.421637190073338219e-01
2.659865821952338116e+00
5.076499634235890568e+00
4.149126267813694646e+00
6.111745690406125142e-01
8.579445374125134194e-01
7.266122265759817900e-01
1.232776818028637145e+00
-2.046019442661577425e-01
1.847805324489419920e-01
1.259712651955614993e+00
1.981450400771478826e+00
9.174951660722482361e-01
2.257631360503704165e+00
3.299064140012242241e+00
4.265221471343396686e+00
4.403720108505860154e+00
2.222721590664839209e+00
2.566429223010858962e+00
3.297078378214289618e+00
3.461476518596708019e+00
3.221718956002308953e+00
1.190475626889231364e-03
8.460998166272508669e-01
2.128205025855854249e+00
2.527204700913842306e+00
2.029723938737449274e+00
1.210199221153355431e+00
1.457224320988571131e+00
7.247779928782849268e-01
1.190702560659450127e-01
-3.291877423722240348e-01
-2.387245175842903855e+00
-4.578384756925226284e+00
-5.666948395318002873e+00
-7.188123004329265875e+00
-7.063039406340227089e+00
-7.038904268817072207e+00
-6.096638719489825498e+00
-4.244860900827053918e+00
-2.769714207210865808e+00
-9.857246294161174927e-01
-9.097289629040297143e-01
-1.621820170987817500e+00
-1.162535627003854932e+00
-1.260100712829681946e+00
3.625377985511726298e-01
1.261497273195523849e+00
-9.590709848196663501e-01
-2.299510552517436413e+00
-2.689313782937691855e+00
-9.113289798621737603e-01
2.255928369076221074e-01
1.006306059170404055e+00
2.832280422785978580e+00
4.532923378087033939e+00
-1.191356276775861200e-01
4.144879330444015686e+00
4.325968065823608377e+00
3.932816059868730729e+00
5.639230822970436208e+00
-1.437626546145001516e+00
3.167533158848299557e+00
1.497472895498548340e+00
2.738845947354210608e+00
3.606136979536560538e+00
2.054086667490687690e-01
-1.975367808016104121e-03
2.343492015532582240e-01
1.829332485445111844e+00
2.173856642619216739e+00
2.149474955927332065e+00
-5.399584152861343078e-01
2.675793623509377550e+00
2.824892607111451071e-02
-7.511336118527451866e-01
2.015515979642492628e+00
1.639174509575491268e+00
2.301954249830868271e+00
1.867933133406598278e+00
7.238170702389301603e-01
-6.285923895259215577e-02
1.025640326857530926e-01
-1.162191545006764803e+00
5.738849923621183180e-01
8.372588444198574287e-01
-1.088380728770773409e+00
-2.232940216616306817e+00
-4.136086497575723442e+00
-2.807627068588527397e+00
-4.023427978309298325e+00
-8.646821579549599512e-01
-1.559516009458151942e+00
-2.784646089734776897e+00
-2.988042860991245053e+00
-2.610172495988122066e+00
9.876554496343730172e-01
1.568934844841740173e+00
-1.772210111586249415e+00
-2.262385052952876840e+00
8.660418894341859186e-02
-1.425224238990451919e+00
-6.135321144012371164e-01
-5.994493059821293102e-01
6.238564903324363975e-01
-1.049970609733257287e-01
-6.584569594960854033e-01
-1.399370866598891539e+00
-3.373459741982034465e-01
-3.052733887405849611e-01
-3.049138932407164049e+00
-2.237310801581505082e+00
-4.816781768932634211e-01
5.552512392980206712e-01
-7.890295888425239434e-01
-1.079240479847819900e+00
-7.622230922645893969e-01
-2.201014535003246841e+00
-2.931972059620579163e+00
-1.949078227061183277e+00
-2.398208657927290766e+00
-9.294525199418535166e-02
2.024302429268610481e+00
-1.558633809671052806e-01
6.767638792010499671e-01
-9.866117233983366930e-01
-2.963354198778977100e+00
-5.586966954170875521e-01
7.916115831232537481e-01
-2.347717398587544135e+00
-2.896735645953287808e-01
2.503693171304297138e+00
-5.015806266454170270e-02
-3.994829887550990222e-01
-1.913234324603925618e+00
-1.891221138478976105e+00
2.610051455352094152e+00
-3.396703851716367240e-01
-2.182301929103946492e+00
-1.723134811286773260e+00
1.600466557013230151e+00
2.569232524505251192e+00
-2.127699297274215251e+00
-1.923939944225959486e+00
-1.822323264798416886e+00
2.879817770723205328e+00
-1.500389591998847472e+00
-1.094416895807053258e+00
-3.273698324975063301e+00
3.151859562046089636e+00
2.471068397582506293e+00
1.165182745302066891e-01
6.003548308938424505e-01
-4.709165694796533241e-01
2.577870699185642600e+00
6.521872097146161895e-01
-1.944162110522113851e+00
-6.529640310740238984e-01
1.095297138115499003e+00
7.086028339315109115e-02
-1.292613441834683741e+00
-1.436351729667936450e+00
-1.043333756448413530e+00
-9.819930764432516224e-02
3.689084589188683649e-01
1.186115339445705796e-01
9.995971128262359784e-01
9.521137074145638035e-01
2.379762369534452748e-01
-2.082252685555181504e-01
-4.486202142317974317e-02
3.516902249823147253e-01
-3.599329529275958617e-01
-1.579330576667240749e+00
-1.735721850484598150e+00
-1.163085753972965097e+00
-4.109679834743579230e-01
1.023967278312948093e+00
8.861735995019635048e-01
1.154795182544091192e+00
-7.999738265303080187e-01
3.509833964301167786e-01
7.729843111403419398e-01
1.005136366051374575e+00
4.577879087071523578e-01
-2.791860442028756051e+00
-1.137634004532602994e+00
-2.876732840517707057e+00
3.536831889447844546e-02
-2.249665197571648623e-01
-1.810663612651721710e-01
9.542602121723575692e-02
-1.054975035280685258e+00
5.012273267215689998e-01
5.230507375214565879e-01
9.082210990688799335e-02
-2.959082667530163135e+00
-4.372641715883344382e+00
-5.617401588327730622e+00
-6.347258353515419671e+00
-6.276949877263986011e+00
-7.025034670023384997e+00
-6.818983636813725546e+00
-4.368195914007866776e+00
-1.543713541712575577e+00
5.161333683865330091e-01
4.301640109526887468e-01
-2.804998050335789639e-01
-6.356978830283361859e-01
-1.479203961120999278e+00
-4.708355262087366988e-01
3.000968393548717472e-01
-1.015084724106340985e-02
-2.326519642882662886e-02
1.229206390522903369e-01
6.712291296527972406e-02
-3.194535303884691868e-01
2.148250331924788981e+00
3.457689537561077220e+00
1.040606311955201813e+00
3.129481175107395874e+00
2.414006162313929504e+00
3.927459510377832252e+00
6.223898374461835026e+00
1.609025181783582781e+00
3.956678346939590085e+00
2.609359291655809265e+00
5.564298628661614288e+00
1.257225958838998459e+00
2.978912070885645580e+00
3.178528898940268022e+00
6.317581954291481949e+00
3.522395813693273148e+00
6.087897424656029122e-01
1.330162939619961460e+00
1.964823582122554591e+00
2.885909108012707058e+00
1.176323328691276204e+00
1.582756289744034373e+00
1.846548531020276940e+00
8.458619915298896119e-01
3.879369792485535928e+00
3.492317822244473291e+00
1.184027086323866662e+00
1.846989800190838693e+00
9.665481296477518303e-01
3.373278312343733765e-01
2.136851907382174787e+00
2.427321245233316382e+00
4.726982466320057696e-01
3.305693640936458788e+00
1.929450586095836417e+00
1.824025556104237333e-01
9.804505401642811258e-01
2.685848187490053052e-01
1.164504165990891016e+00
2.637709356982543607e+00
1.541734779724669879e+00
8.251861124416935978e-01
1.604355371712337552e+00
1.936955072942620371e+00
1.628014371601111510e+00
8.805622226614947534e-01
1.683567857425108061e+00
1.065518799597192423e+00
2.437939084952418511e+00
3.339146224148612951e+00
1.734710359215818842e+00
2.330851273706198601e+00
2.630240764992571645e+00
3.754628255150078253e+00
2.342698199520383717e+00
1.157453393290479360e+00
9.726549786057325786e-01
2.718840008196378388e+00
4.762331078796240291e+00
3.563814472069533945e+00
1.475862253648043909e+00
2.581903050867716320e+00
2.803785484387791183e+00
2.564497107481375160e+00
3.042791749506522425e+00
1.243190598675454561e+00
3.088597610645610114e+00
1.219011756007357894e+00
1.335680375175173129e+00
1.148657271439693872e+00
4.055674228767331968e+00
3.924406812584674498e+00
8.826073312135209736e-01
1.188151669421232182e+00
1.920280397290092367e+00
3.159154988983578605e+00
3.678876450620898630e+00
2.696328867208842350e+00
3.077026521015982397e+00
4.739726394157702138e+00
2.205504228102479480e+00
2.073300200651174041e+00
3.254163056278807975e+00
3.480602194313097697e-01
3.161339168057831994e+00
2.395061190310113552e+00
2.979179250763157594e+00
2.107873257487645091e+00
1.720250722042594882e+00
9.480579714805719149e-01
4.247550001770044936e+00
4.672178732043959393e+00
4.302146854493636319e+00
6.049729739159078967e+00
6.895582649752167725e-01
6.709365201996114969e+00
4.579127831145760830e+00
5.338966569886268942e+00
5.789798396215241283e+00
1.875469706959869587e+00
6.224459266789931888e+00
3.626281185495580317e+00
1.677382161908980152e+00
2.418623123915203177e+00
2.444163347289216137e+00
1.087694000891786361e+00
1.140854173122904491e+00
1.656378892000588632e+00
3.162676261742639383e+00
2.110589233666288589e+00
6.869925510860973583e-01
1.087070916383978014e+00
6.766667506059305115e-01
4.663924031391376013e-01
5.937323102669727071e-01
8.485348558706188316e-01
1.091879872203543878e+00
6.672375986640861623e-01
5.336974670261944720e-01
7.873103026859119558e-01
8.300149129099176903e-01
1.849822524804046076e+00
1.303811978377733105e+00
1.267968658757503864e+00
1.256639361973852509e+00
9.097079056303888356e-01
2.135753543986934400e+00
3.349849297653219704e+00
3.169573307399459861e+00
3.502276983077831751e+00
3.747393971846258776e+00
3.569952845777443429e+00
2.378077307889719716e+00
1.367941592068071754e+00
4.312575329177305683e+00
4.272105857207711743e+00
3.784154892246801349e+00
2.772198021370903209e+00
2.755997585450269849e+00
5.225115584514862910e+00
5.186148967907148410e+00
4.079711027427383563e+00
2.754213139879438277e+00
1.389869912896683601e+00
2.826579837258972994e+00
2.416582345285710698e+00
1.407773581972014965e+00
8.398619490359540141e-01
1.918356377039599936e+00
9.903299422204600022e-01
1.195629857262448414e+00
1.265404334795730668e+00
5.010597948015818481e+00
6.055084885294609975e+00
3.590411886216755999e+00
6.528278326791142616e-01
1.896822441673474691e+00
6.810429448875530589e+00
9.711183258777868588e+00
5.745918269017711744e+00
3.120322736273975384e+00
4.851861944395109205e+00
6.532353573090102117e+00
6.635624254837904523e+00
4.031515243029482498e+00
1.488869932129938345e+00
1.381812399734735797e+00
2.146444203661145522e+00
1.839762172768864446e+00
8.385954569723567120e-01
2.202195772872944435e+00
2.514570008268561807e+00
1.658627915216601467e+00
5.800324078884553369e-01
1.537655753797372071e+00
0.000000000000000000e+00
0.000000000000000000e+00
0.000000000000000000e+00
0.000000000000000000e+00
0.000000000000000000e+00
0.000000000000000000e+00
0.000000000000000000e+00
0.000000000000000000e+00
0.000000000000000000e+00
0.000000000000000000e+00
0.000000000000000000e+00
0.000000000000000000e+00
0.000000000000000000e+00
0.000000000000000000e+00
0.000000000000000000e+00
0.000000000000000000e+00
0.000000000000000000e+00
0.000000000000000000e+00
0.000000000000000000e+00
0.000000000000000000e+00
0.000000000000000000e+00
0.000000000000000000e+00
0.000000000000000000e+00
0.000000000000000000e+00
0.000000000000000000e+00
0.000000000000000000e+00
0.000000000000000000e+00
0.000000000000000000e+00
0.000000000000000000e+00
0.000000000000000000e+00
0.000000000000000000e+00
0.000000000000000000e+00
0.000000000000000000e+00
0.000000000000000000e+00
0.000000000000000000e+00
0.000000000000000000e+00
0.000000000000000000e+00
0.000000000000000000e+00
0.000000000000000000e+00
0.000000000000000000e+00
0.000000000000000000e+00
0.000000000000000000e+00
0.000000000000000000e+00
0.000000000000000000e+00
0.000000000000000000e+00
0.000000000000000000e+00
0.000000000000000000e+00
0.000000000000000000e+00
0.000000000000000000e+00
0.000000000000000000e+00
0.000000000000000000e+00
0.000000000000000000e+00
0.000000000000000000e+00
0.000000000000000000e+00
0.000000000000000000e+00
0.000000000000000000e+00
0.000000000000000000e+00
0.000000000000000000e+00
0.000000000000000000e+00
0.000000000000000000e+00
0.000000000000000000e+00
0.000000000000000000e+00
0.000000000000000000e+00
0.000000000000000000e+00
0.000000000000000000e+00
0.000000000000000000e+00
0.000000000000000000e+00
0.000000000000000000e+00
0.000000000000000000e+00
0.000000000000000000e+00
0.000000000000000000e+00
0.000000000000000000e+00
0.000000000000000000e+00
0.000000000000000000e+00
0.000000000000000000e+00
0.000000000000000000e+00
0.000000000000000000e+00
0.000000000000000000e+00
0.000000000000000000e+00
0.000000000000000000e+00
0.000000000000000000e+00
0.000000000000000000e+00
0.000000000000000000e+00
0.000000000000000000e+00
0.000000000000000000e+00
0.000000000000000000e+00
0.000000000000000000e+00
0.000000000000000000e+00
