2.565551757812499112e+00
2.181410125980661086e+00
1.871657543171587612e+00
2.259616689395127054e+00
1.346993777161566985e+00
-1.099455649185411055e+00
1.038054266186527741e-01
2.315844361150813491e+00
1.765590219617716894e+00
-9.187854258918335404e-01
1.319616638656980534e+00
3.300381369295729783e+00
5.499922795101519490e-01
-2.678038839475549437e-02
4.605660208445327974e-02
-2.911919942588721000e-01
-8.214187600557907309e-01
-1.232294344374722961e+00
-2.329509891491400086e+00
-4.280506649215901405e+00
-7.282365321954426207e+00
-3.840737667506454400e+00
-3.385505194774743210e+00
-2.077927975289816764e+00
-7.403734780730838239e+00
-2.403236100792045082e+00
-4.605196108894015872e+00
-2.863768984500385528e+00
-2.545784862952514160e+00
-3.149761890243412132e-01
-1.676084609370620981e+00
-3.951866320964447787e-01
-9.452056855474937347e-01
-2.385374101446854134e+00
-2.286457550903551628e+00
3.375501405417369316e-01
-8.018497647842681708e-01
1.418139437841043904e+00
-1.374475134410155786e+00
-1.766244033397955437e+00
-2.523392250676755655e+00
-5.239792371867977749e+00
-4.982999211962713115e-01
-1.377409824419702833e+00
-1.718946523782192148e+00
1.244994339839188946e+00
9.117039801752579997e-01
-7.956808063744591486e-01
-9.570271238862826380e-01
8.814634367992177921e-01
-2.551838146542984909e+00
-1.215270626186686354e+00
-2.158921309853536474e-01
-2.440670544008627818e+00
-2.942263980674804991e+00
-2.229279838262558044e+00
-2.464992420405855533e+00
-4.780156162512247953e-01
-1.360076181899349423e+00
2.273798879013528840e-01
-1.941355009484517335e+00
-1.282419085237525014e+00
-1.689483435149437440e+00
-1.255750367377904464e+00
1.370912836665911350e+00
8.325377393886077559e-01
-7.145429435456751577e-02
-2.999050785154722565e+00
2.000708671273927486e-01
-1.896387745255596835e+00
8.839094878527139487e-01
-2.205785611312157890e+00
2.700732751250030095e-01
-7.146690671439315246e-01
-3.358448188681606439e-01
-1.267539069691178799e+00
6.883829146842215252e-01
-6.250921366109369881e-01
2.826715810219675440e-01
-8.023016306370410744e-01
-2.523690046575662871e-01
-2.821728023019958176e-01
7.131735575286902717e-01
-9.447593361545331136e-01
-1.132581406001897495e+00
1.153295354184948329e-01
-1.076863522991494959e-01
-5.161396272635688787e-01
1.580647422794847490e-01
1.077958062132619688e+00
4.016748945990125108e-01
1.009961023112681433e+00
8.374911967724973927e-02
5.997072044713991357e-02
-8.328319257546954457e-01
2.231414587570761388e-01
-9.069019187004189186e-01
-1.896238885139813313e+00
-9.008165757127026829e-01
1.108633693718452662e-02
3.057725993553122024e-01
-1.450355419059065620e-01
4.537502610958951133e-01
-3.201701101319944787e-01
-8.422930349765334057e-02
-7.484161602031547122e-01
-1.764305189209103286e-01
3.627003735722412747e-01
-5.923593144322536475e-02
-4.440760378285033005e-01
1.088023309102520431e-02
-1.464346018490351842e+00
-2.231752915456546749e+00
-2.480491846453381832e+00
-2.329189207813495255e+00
-9.434118688119821350e-01
-8.918389569437559228e-01
5.121812362007949204e-02
7.697471780655162910e-01
-1.224864909320012352e+00
1.310709566015777483e-02
-9.186510774746741159e-01
-4.542636046762074109e-01
-1.640716185931691273e-01
-1.855708270175908670e-01
-1.105433770921532055e+00
-3.162415200811509397e+00
-5.582363399070584542e+00
-3.668314499736535339e+00
-7.837433129605638760e-01
-1.742589901213015491e+00
-5.976140581008264618e-01
-1.673023343890500669e+00
-4.797474564526452490e+00
-3.586431440936458603e+00
-2.652882425246162690e+00
-4.804227303808144889e+00
-2.068563696676178232e+00
-1.197053036727702136e-02
-1.776457161751641145e+00
-1.139703783285266336e-01
-6.234335428870815043e+00
-1.194095195219890826e+01
-9.212783244837185137e+00
-1.762350287326799325e+00
-3.512657641055494384e-01
-7.046440670609206425e-01
-1.093568543052769737e+00
-2.802250809742838022e+00
-1.614843569041924720e+00
7.675506149924137267e-01
-1.758975968505544607e+00
-1.303748594631416902e+00
2.113944824374467402e+00
-3.869064949407683418e+00
-4.395502331306084365e+00
9.458176139876672828e-01
-3.673820026232303970e+00
-3.445749510902829993e+00
-1.803300481641982422e+00
-1.060718311198918240e+00
1.344972440019899462e+00
9.495441759733338483e-01
9.177083544452921959e-01
3.922402821210856594e+00
2.569686633502966888e+00
2.132748441320804655e+00
2.541098361351047608e+00
3.220773213927240697e+00
-6.442625971450292255e+00
-6.478057630889869856e+00
-1.006844909655796449e+01
-7.391668045466101233e+00
-1.108615945030618377e+01
-1.363136603555477677e+01
-8.209286783396452236e-01
-4.625860559405424510e+00
-4.233859230804487339e+00
-3.966039086990897911e-01
2.603256052182302049e+00
2.768859473077522892e-01
-2.388688279232160205e+00
-4.280870059676948891e-01
2.015230055302970502e+00
-7.111018274744802525e-01
-3.137656629683631682e-01
-5.077214928312162812e+00
-6.047733449059985666e+00
1.138148677166208600e-01
-1.974785941439043624e+00
-9.472483416497958775e-01
1.909039862865073767e+00
9.339596613747160880e-01
3.823872658248239631e-02
4.257233688211190525e+00
2.023170273778719164e+00
2.463578045600406607e+00
3.303292820215304015e+00
3.955026171779433497e+00
2.732385698241893479e+00
2.876403493312658544e+00
3.783441134550400875e+00
3.847457889257997810e+00
4.810498041079970477e+00
9.359337871425985611e-01
3.144775011569301615e+00
2.110164309622654333e+00
1.612491571538649193e+00
-5.028913359051330190e-01
-1.889564145859917499e+00
-9.584158660754447112e-01
-2.965436025946340592e+00
-1.438918192702187460e+00
-2.349074986667490705e+00
-1.020097563463247425e+00
-2.148517749050027348e-02
-3.586079195760117688e+00
-2.653890814655657238e-02
-8.109053536634893700e-01
-1.024063596483008043e+00
3.271007560126917291e-01
-1.271539982038840000e+00
1.773835441729262552e+00
7.695640211041826495e-01
1.094894670940335768e+00
8.441756991371087704e-01
-1.422612540253673785e+00
1.070455731845916247e+00
-1.592778219521193694e-01
-1.030181177501999557e+00
-3.464311958515802203e-01
-1.771271575066682091e+00
-5.401126344400813961e-01
-5.921859322899758471e-01
-8.463328093963152776e-01
6.216733507411275061e-01
3.059437320253055592e-01
-9.061769351354387325e-03
5.999204102024968677e-01
8.174839879698920786e-01
1.207950908440529991e+00
5.442669905126862329e-01
7.363836056584432965e-01
2.536510421503370694e-01
3.270184272775811252e-03
7.078327924255567449e-01
1.944088264107138420e+00
1.087394186772935312e+00
-5.605289853555148749e-01
4.659811734466545730e-02
9.137129891110289392e-01
3.644006320110129149e-01
1.834323286369301087e+00
1.696144638423769058e+00
2.875763510263170453e+00
3.254001227862727053e+00
3.348423251423560565e+00
4.192091195463214071e+00
3.560643106133054570e+00
3.197709316026006832e+00
3.120280533959178371e+00
3.544994191335351097e-01
1.568079597405984238e+00
6.220558137698770640e-01
6.341271198032407685e-01
1.443830612402907221e+00
-8.128870853745022718e-01
1.387765289536506685e-01
3.114062490344954304e-01
9.706760299310809303e-01
1.205377358712413915e+00
-1.829585798256461171e-01
8.108861063436525463e-01
-3.623019905500111104e-01
-6.690029259344987267e-02
-7.544662380592510598e-01
-2.874197787217029898e+00
-1.777630874744004608e+00
-2.336319987247595709e+00
-3.224520407022493984e+00
-2.009142804938933047e+00
-3.319575716794968656e+00
-1.595631513325980633e+00
-2.407258015182780042e+00
-1.918852076286074571e+00
-1.253046231605180250e+00
2.835767489495665261e-01
-1.070402627237318383e+00
-2.915864571706380470e+00
3.847103440599664026e-02
-9.415510347000001223e-01
-1.363725816532562529e+00
-2.039796673904680446e+00
-3.363853638871216134e+00
2.053144648565274899e-01
-1.754699226692712832e+00
-1.616310830377059693e+00
-5.284341843406314965e-02
-5.955204180937332392e-01
-8.259841111337375974e-01
-1.864566132086470152e+00
-7.683548262211156166e-01
-7.304913263971888338e-01
-2.832384027365506096e+00
2.101486233641154389e-01
-5.757525827934352414e+00
-6.341882877732463619e+00
-1.071366673472348818e+00
-1.853796008948070950e+00
1.020692841566338549e-01
-3.099683194651295270e+00
-3.119757559858239659e+00
-1.983952646961093080e+00
5.073326039197820769e-01
-4.395077112402794306e-01
-4.486615794478194807e+00
-5.975719345673772054e+00
-8.785743202289397757e-01
-1.333411247756101758e+01
-9.804516209826264372e+00
-1.044003628884448709e+01
-1.393430373326706118e+01
-8.101435899614921610e+00
-1.261319473597067109e+01
-3.089535588894355200e+00
-3.879648220628517663e+00
5.452856265690457782e-01
-1.841088387039476082e+00
-4.892061582359641392e-02
3.252429919322750163e+00
1.340436601148776719e+00
2.995975813482003147e+00
9.521707495152553768e-01
-2.029756853967281671e-01
5.693475267296079778e-01
-2.042135055880897276e+00
2.284964660227478461e+00
-2.791069012719981757e+00
-3.626942462121347077e+00
1.313838556040046512e+00
-1.199829167721842671e+00
-1.508583864287080356e+00
1.319843761662316872e+00
-7.893099362570825672e-01
-1.030881259397604666e+00
3.025437923842229093e-01
6.311061438978620153e-01
1.388127218980595545e+00
-8.811308035212097600e-01
-9.011008623707523313e+00
-1.121763575881062813e+01
-6.261315624557545867e+00
-1.427128261203727266e-01
-2.158484171313603817e+00
-1.873195470108660610e-01
-2.565727642234888251e+00
-4.468471173212274827e+00
-3.715628896322031416e+00
-3.645446504800324838e+00
-5.000674101661970461e+00
-1.484614170140629019e+00
-4.298089827106430505e-01
-1.620952481888833896e+00
1.605282536707770547e-01
-2.378931498638039876e+00
-5.483106320284624857e+00
-2.165501565581948729e+00
-2.649073580919165671e-01
4.623254457523253702e-01
2.101599541588159425e+00
-1.698790458356274291e+00
3.507316655522840776e-02
5.127812123141733958e-01
-6.601398077242743856e-01
1.200124468499107255e+00
-1.884391615500925488e-01
1.037973943446767855e+00
1.445307017686277007e-01
-1.107983232956461395e+00
-1.211233053445073926e+00
-1.992091321638033818e+00
-2.792501579617312490e-01
6.509982228868311793e-01
1.455408659944358085e+00
3.215558362262826986e+00
2.295864083006782241e+00
4.789567761893767539e+00
3.041522033992317908e+00
4.466792524010341658e+00
5.145186131611471758e+00
5.729233592328911051e+00
5.485108524136703245e+00
5.732914878834131756e+00
3.832312167023855132e+00
3.643202414879471274e+00
1.853350638162758468e+00
1.578205968823975791e+00
3.940091303345521823e+00
-3.022884494493971452e-01
2.751374672156629231e+00
3.036502064079074081e+00
6.410239710396983259e-01
6.603361759101513684e-01
7.569774275027497668e-01
-9.159448804297317670e-01
1.018739494676200064e+00
1.316233450323993637e+00
1.365607938416281142e+00
5.305317465146566214e-01
1.088724370207536429e+00
1.252015194322536384e+00
1.483501971830082367e+00
1.807715669036846995e+00
2.012042297575398209e-01
-4.692305271763841379e-01
1.003546784619285370e+00
1.022845364818347313e+00
-6.666351882869907541e-01
-8.153995972833385508e-01
2.533852760157738970e+00
4.550914384672005042e+00
3.573815569300942130e-01
5.867159701023218155e+00
4.875946612963565130e+00
4.758498820529237783e+00
-1.297129289871450375e-01
4.574893554910913096e+00
5.724497807420970474e+00
9.564410323495764477e-02
1.920513621077795108e-01
-9.240486304538126916e-01
-7.696060869459309117e-01
7.695729284162307060e-01
-1.014572198464336772e+00
6.261749333758288572e-01
4.245019006568124809e-01
-2.058823017909332531e+00
-2.663410014068120280e+00
-1.478840779640592462e+00
-3.338134274420127667e+00
-7.309789377225117679e-01
-1.757448981582834691e+00
-1.799989095256261606e+00
-2.518143963778147754e-01
-2.430482649847859555e+00
-4.014731646343955518e+00
-1.560968237451941132e+00
-1.039757431756382910e+00
-3.209616395082825591e+00
-2.839174074313596030e+00
-4.191309256679811579e-01
-6.613975812882303629e+00
-2.677793648174223051e+00
-3.787981282942763706e+00
-2.345603468616451082e+00
-1.962849707946661137e+00
-1.812967726928700118e+00
-7.722768339135791527e-01
-2.323098686328882945e+00
-2.837611961835453833e+00
-1.280050907113304604e+00
-1.948658478819609297e+00
-3.500405587751945102e+00
-1.793530873553407679e+00
-3.730829024456123744e+00
-2.516744762284410797e+00
-5.593100880979994471e+00
-4.335051193093548250e+00
-1.079789720707150913e+01
-3.319886185120973998e+00
-3.562817282749026759e+00
-4.520090104004909293e+00
-7.856866605481756416e+00
-4.791024854981291270e+00
-2.397319946671083279e+00
-3.321093666609261419e+00
-2.475177949729822302e+00
-3.848572563109313283e+00
-1.464523574583199927e+00
-1.003092683138080643e+00
-2.512441176967169731e+00
-1.207272450603902758e+00
-2.012985965137494393e+00
-3.512299588095251668e+00
-3.007270043306507823e+00
-1.518518078088001655e+00
-3.042285566554247200e+00
-2.854236679410338873e+00
-2.607988835890851398e+00
-8.216282392796409040e-01
-4.216316715624417455e-01
-8.339123597261710596e-02
9.666690441322652871e-01
9.560175080724171437e-01
7.723438044314687723e-01
6.290889719844180439e-01
1.344641004537869167e+00
1.334403466972299723e+00
7.976265833044495768e-01
7.231325503539234312e-01
