-1.700195312500000000e+00
-1.617666617261613871e+00
-1.766846974842560147e+00
-2.409414872273301977e+00
-2.942965841445006614e+00
-2.849901285321697841e+00
-2.254502823388844668e+00
-1.823915605266953843e+00
-1.503864415940140198e+00
-9.419874477780699751e-01
-1.097892921308389225e+00
-1.204874787410934012e+00
-8.354871118441531408e-01
1.425975575330018508e-01
6.285072180455224533e-01
-9.240491042983811631e-02
-2.937680965533264743e-01
9.019168045948244838e-02
1.270575109604881181e-01
-1.000959660217060065e+00
-9.694183431194502987e-01
-4.571080356637096109e-01
-3.561322811318690107e-01
-3.518103268993679755e-01
6.990064427675712899e-01
2.408798178108629617e+00
2.566074081632633508e+00
1.068558047471663386e+00
-4.524699770265709908e-01
-7.935202296753622875e-01
1.131703224533859853e-01
1.394010097582910390e+00
2.378444177520891767e+00
2.964919119184620921e+00
2.347203225410750882e+00
2.381250109099814161e+00
2.508409638293304766e+00
1.758301858845830346e+00
-1.836182002838260274e-02
-2.185482196544366040e+00
-3.775060832789026932e+00
-4.226157859147419593e+00
-4.048203181690493757e+00
-3.410063215776948820e+00
-1.905593099720789718e+00
4.083187776016159454e-01
-9.589997064822082251e-01
-1.701345169989969985e+00
-1.750874671114577730e+00
-1.319366323332971547e+00
-1.082419027647351317e+00
-1.020588764811630966e+00
-1.049897749662891844e+00
-7.572357444751738331e-01
5.035828987994980244e-01
1.608066923802950132e+00
1.526019488576349836e+00
1.188584762683654317e+00
1.316608920627014179e+00
1.225033731946281179e+00
1.188405918328525601e-01
-1.159019996815446429e+00
-9.685913096351049800e-01
-8.945858680824916309e-01
-8.036046228068571828e-01
-7.516327176620221096e-01
-7.146913076760345040e-01
-1.390760786624956058e-01
5.650458645800121582e-01
1.307795477934939221e+00
7.691956005493120196e-01
3.286049128144232778e-01
1.423636367008115355e+00
1.341601999874094009e+00
3.961175265394247802e-01
-2.824257434161556723e-01
2.230881435678949032e+00
3.151644034494136104e+00
1.930707293162641447e+00
3.844805534914719214e-01
6.191254648971069585e-01
2.175138509561317157e+00
2.939715556724600276e+00
2.546236694684026247e+00
2.395683301957978184e+00
2.134475654045596915e+00
1.513582813593784548e+00
1.423870066604099760e+00
2.034632078437274672e+00
2.574174999853832801e+00
3.030885084892354087e+00
2.999766355580630428e+00
2.894962812907673211e+00
2.078400225332012852e+00
4.099466542469516472e-01
2.184380503376366356e-01
1.544793742906646283e+00
2.457139394277275013e+00
2.634279787605511292e+00
2.201614870187579065e+00
1.475587305984552788e+00
3.563714391853078922e-02
3.869964471448894550e-02
3.568952690372784176e-01
5.103475398509438321e-02
-8.193849186738382251e-01
-1.710398403229488107e+00
-9.852359461464617052e-01
-1.274410283093461160e-01
-9.520792999193397055e-01
-1.609006955711983933e+00
2.782975697267646709e-01
6.031727000969455688e-01
-7.687249742396256025e-01
-1.808903941357523415e+00
-4.999195601210333351e-01
1.141318138630373458e+00
1.072851840708312743e+00
-2.305665674049479641e-01
-1.127234853481477117e+00
1.788335007737238413e-01
1.938790141400903444e+00
4.030646154897699063e+00
6.275964384019105502e+00
6.503511427478774642e+00
3.642535752049203435e+00
4.240252045195558317e-01
1.111822514460131917e+00
2.866193397820969491e+00
1.637536707968102245e+00
3.031260672807118972e-01
3.218604079892894987e-01
-9.188856613112967864e-01
-3.601172825456808724e+00
-2.030942923565000058e+00
-7.918478962446826586e-01
-2.011741948856253792e+00
-2.386113283879848890e+00
-9.535726303313403207e-01
-2.656227769798396920e+00
-2.649090204838535634e+00
4.383517163050445475e-01
1.011285866878228745e+00
5.826970118394716458e-01
1.923282169398300878e+00
1.742844588152853591e+00
2.234603329136521488e+00
-5.424921909692286270e-01
-4.397141548813934264e+00
1.109086491517142559e+00
2.214077709217286305e+00
-2.691321875390868534e+00
-6.814270598906514209e+00
-3.680680955261259157e+00
9.551552265150284882e-01
-7.053003049359700682e-01
-6.662879552287728657e+00
-2.885969621316558431e+00
8.240079822614707616e-01
-6.557458825279551817e-01
-2.667745444421875334e+00
-1.268946490339211586e+00
-2.176941699250090068e-04
-5.404074203875508520e-01
2.219180029339875571e-01
1.112565984337759772e+00
1.337855436911671969e+00
1.003783412044758183e+00
2.004439010787845366e+00
3.838872152558049144e+00
3.781793399295574787e+00
1.911958929197437040e+00
5.135661746715323162e-01
9.102034875280402559e-01
8.097281034633279084e-01
-2.512725442006988885e-01
-5.432716119288820700e-01
-8.780876719871022473e-02
-7.808028319677817741e-02
-4.260377731833655535e-01
-1.161803343109844011e-01
4.644185137797764984e-01
-8.345239816173521952e-02
-9.079366161863786644e-01
-5.836172016655873929e-01
3.220147816825786879e-01
-6.264489576221381473e-01
-1.727432868701459512e+00
-8.241489552569581933e-01
1.561959420101859397e-01
-9.054555434368051214e-01
-1.072651763525833912e+00
-5.093621070734495326e-01
-5.697089414305627209e-01
-2.345522141707270247e-01
4.178912084783377168e-01
3.480876139727504537e-01
-1.120845658183244886e-01
1.611480014299988550e-01
2.694174152348116635e-01
2.100217085812048357e-01
3.947690108163944833e-01
-5.120219059328534605e-02
-5.193434666689420443e-01
-4.286854491389892052e-01
5.423737492095145329e-01
4.555988314350155610e-01
3.478695875968231821e-01
1.365886942498570233e+00
1.160949767311525216e+00
-3.517764335983541990e-01
-1.164961190691092163e+00
-8.273539996288896692e-01
-7.978330202262156057e-01
-8.195135463912784912e-01
-7.847481298595750943e-01
-8.134926453455691986e-01
8.015517153912010695e-02
2.567537765410341510e-01
-7.214893569464275735e-01
-1.547001930651744406e+00
-6.512837277229379662e-01
-5.627525113066056406e-02
-4.398844816387386114e-01
-3.458960924859713071e-01
3.339262495676371678e-01
4.158837121596932196e-01
4.572152315564530500e-01
5.348967001243538633e-01
4.925719903687157952e-01
4.934151264992792107e-01
3.814172031051339395e-01
2.877234470044411907e-01
9.747382451001862513e-01
1.917569817066610227e+00
2.380282109224140630e+00
2.036296643022148523e+00
2.350386830648722558e+00
2.988513441766726508e+00
1.902630152714313461e+00
-2.802380874750274309e-01
-1.470051821192332575e+00
-4.887443482585227539e-01
-4.888211142985092739e-01
-6.926246774506039650e-01
2.139015707056195481e-01
5.497184333471918372e-01
2.291379343931310153e-01
-2.270094984095963220e+00
-1.508283752967281899e+00
-1.313223443017144554e+00
-1.270768133567687919e+00
-3.066333218037142760e+00
-3.234321531252291493e+00
-3.317464600268780650e+00
-3.578877029058956438e+00
-2.681371821670080813e+00
9.834554235136065969e-01
-1.524451754653758595e+00
-1.865379664222772238e+00
8.759986024545729499e-01
1.523135935886877901e+00
3.018103164325052656e+00
3.195945855057307217e+00
1.712050075859536502e+00
-5.719288642409736667e-02
-2.377522457500321096e+00
-4.167436406205590416e+00
-1.496269264092513929e+00
-3.610290168802876565e-04
-2.405976893013193063e+00
-4.759338393640545561e+00
-2.525835937024574651e+00
-1.134767763182807254e+00
-6.322014845092778224e-01
3.161092048099241048e-01
1.569132978727100447e+00
2.120230711472948837e+00
2.438557387986494351e+00
3.988988441345975300e+00
5.488872265824008778e+00
5.414183895980364980e+00
3.987595653170583176e+00
1.963451828864610782e+00
2.486499877524384061e-01
-3.209458159675442346e-01
6.174502247246471676e-01
1.291868789649796234e+00
1.690214717168206260e+00
1.196193171314953396e+00
1.849220065905199384e-01
-3.089277651411403980e-02
-5.057082139446444913e-01
-1.845833338499841325e+00
-3.356081202435107436e+00
-1.921145362014967217e+00
-6.676043704783136690e-01
-1.110328559062345066e+00
-1.424885186679810012e+00
-5.100768757614018156e-01
-2.154305498499420324e-02
-3.110162648524603668e-01
-1.223452254019575358e+00
-1.560394679328196421e+00
8.400334601400660794e-01
3.202777253392644408e+00
3.908252993509819806e+00
3.005995145868640694e+00
1.401434090343930627e+00
-3.894978078531641241e-01
-2.985980886191421657e-01
1.634097250044139527e+00
2.542431586207037686e+00
2.347229421879233335e+00
2.247821614254657874e+00
2.452469015496421267e+00
2.323662641761452985e+00
1.463139423973170095e+00
1.613442611272888794e+00
2.413501321059076332e+00
2.629991403953796159e+00
2.461057038265454633e+00
2.394722385506287576e+00
2.196821162145374373e+00
1.627273672582476793e+00
1.374356181602884419e+00
2.252659596655351315e+00
2.329083616116560673e+00
1.268444047887192339e+00
5.448647992190569500e-01
1.659387568195657137e+00
1.005411329866310099e+00
1.064897879952149129e-01
-7.876693103270377971e-01
5.730643968255970666e-01
1.448741247628769102e+00
1.036611267660574764e+00
7.031577140885906241e-01
-1.071638313002682974e-01
1.321976787595235958e-01
3.394969545977992720e-01
-4.542183619565003383e-01
-1.561763250060986152e+00
-2.096329493516369435e+00
-6.520302177462460325e-01
2.927262683169711277e-01
7.858557218968575953e-01
1.524514426103684039e+00
1.608054433604993783e+00
1.120245224022642150e+00
7.601284694590234592e-01
6.736009248430989693e-01
7.083763519022875377e-01
5.311414651645780527e-01
-1.250400121670862674e-01
-1.207519599179549985e+00
-1.883267785314361564e+00
-1.219073283699783961e+00
-9.756044352731954028e-01
-2.200645466656425242e+00
-3.357695649498353418e+00
2.606362824757242347e-01
7.217799045660120427e-01
-2.005307423037947068e+00
-3.998983056692186899e+00
-4.074997296608307451e+00
-2.724576502796844935e+00
-1.162499457324353891e+00
1.166655146033690471e-01
1.036995024846064872e+00
1.523588661073332018e+00
1.897785259862734719e+00
2.702075742099204980e+00
3.647632936141656845e+00
2.585163511858626695e+00
1.103361028986543424e+00
2.553292004253084890e-01
3.075588591286164686e-01
7.274724851285512273e-01
1.085788402641528982e+00
1.322232304509646905e+00
1.301662502157924006e+00
7.970927919498920211e-01
-2.371409338990031479e-01
-1.910208141262158765e+00
-2.960585365316240392e+00
-1.505570528439906353e+00
-5.243537222435867839e-02
1.308765004925718234e-01
-3.914078389930588653e-01
-4.352389589591771912e-01
-5.449536124762399680e-03
4.403510412473965463e-01
-6.571381394073907423e-01
-2.109424129457434294e+00
-9.951604231406151468e-01
7.125503439921092586e-01
2.936826139310819705e-01
-1.129018862741491436e+00
-1.312151888279795564e+00
-1.438329112154025591e+00
-2.776310338533394262e+00
-3.833236792814441074e+00
-3.280514733990677279e+00
-3.934904285485555153e+00
-3.529272494131349358e+00
0.000000000000000000e+00
0.000000000000000000e+00
0.000000000000000000e+00
0.000000000000000000e+00
0.000000000000000000e+00
0.000000000000000000e+00
0.000000000000000000e+00
0.000000000000000000e+00
0.000000000000000000e+00
0.000000000000000000e+00
0.000000000000000000e+00
0.000000000000000000e+00
0.000000000000000000e+00
0.000000000000000000e+00
0.000000000000000000e+00
0.000000000000000000e+00
0.000000000000000000e+00
0.000000000000000000e+00
0.000000000000000000e+00
0.000000000000000000e+00
0.000000000000000000e+00
0.000000000000000000e+00
0.000000000000000000e+00
0.000000000000000000e+00
0.000000000000000000e+00
0.000000000000000000e+00
0.000000000000000000e+00
0.000000000000000000e+00
0.000000000000000000e+00
0.000000000000000000e+00
0.000000000000000000e+00
0.000000000000000000e+00
0.000000000000000000e+00
0.000000000000000000e+00
0.000000000000000000e+00
0.000000000000000000e+00
0.000000000000000000e+00
0.000000000000000000e+00
0.000000000000000000e+00
0.000000000000000000e+00
0.000000000000000000e+00
0.000000000000000000e+00
0.000000000000000000e+00
0.000000000000000000e+00
0.000000000000000000e+00
0.000000000000000000e+00
0.000000000000000000e+00
0.000000000000000000e+00
0.000000000000000000e+00
0.000000000000000000e+00
0.000000000000000000e+00
0.000000000000000000e+00
0.000000000000000000e+00
0.000000000000000000e+00
0.000000000000000000e+00
0.000000000000000000e+00
0.000000000000000000e+00
0.000000000000000000e+00
0.000000000000000000e+00
0.000000000000000000e+00
0.000000000000000000e+00
0.000000000000000000e+00
0.000000000000000000e+00
0.000000000000000000e+00
0.000000000000000000e+00
0.000000000000000000e+00
0.000000000000000000e+00
0.000000000000000000e+00
0.000000000000000000e+00
0.000000000000000000e+00
0.000000000000000000e+00
0.000000000000000000e+00
0.000000000000000000e+00
0.000000000000000000e+00
0.000000000000000000e+00
0.000000000000000000e+00
0.000000000000000000e+00
0.000000000000000000e+00
0.000000000000000000e+00
0.000000000000000000e+00
0.000000000000000000e+00
0.000000000000000000e+00
0.000000000000000000e+00
0.000000000000000000e+00
0.000000000000000000e+00
0.000000000000000000e+00
0.000000000000000000e+00
0.000000000000000000e+00
0.000000000000000000e+00
0.000000000000000000e+00
0.000000000000000000e+00
0.000000000000000000e+00
0.000000000000000000e+00
0.000000000000000000e+00
