-2.369659423828125888e+00
-2.036601707961398944e+00
-1.498973808436697031e+00
-7.270004937877840856e-01
-4.079046808201858276e-02
4.915122270337037858e-01
8.779537426432018066e-01
4.959510244434491844e-01
-2.799896226440667935e-01
-3.264198791377515008e-02
1.023814877947843982e-01
2.420471689827063955e-01
2.379350065255985136e-01
-1.238593296286492063e-01
-7.352889646834288584e-01
-1.479323747085042440e+00
-1.242974262114069361e+00
-1.104968243977157982e-01
-6.563530653823967942e-01
7.438478703612235732e-01
1.136930022000102403e+00
3.676574380190720248e-01
3.060827369194552006e-02
-1.318865031293938728e-01
-1.440308115811560041e+00
-1.442257255976684638e+00
4.857336693130256400e-01
2.109110645699145525e+00
1.892340879419780464e+00
-2.445540718444041417e-01
-3.491599810524848913e+00
-1.754581458585005027e+00
3.145212453086270621e+00
1.889751623982371065e+00
-1.544439086318111443e+00
-6.557793901148238902e-01
-1.025624065150068098e+00
-8.904679251540965623e-01
1.389226304739020312e+00
-9.907020817395828516e-02
-5.778853516345310304e-01
-1.293113962534899297e+00
-2.387668818246122093e+00
-1.898115571482901887e+00
9.514343709363770607e-02
-4.451098013713803425e-01
-1.097917557129484134e+00
-1.293068025395403886e+00
-1.461817561042364932e+00
-1.604480503049928952e+00
-1.579942591445605782e+00
-3.060112291307568455e-01
1.153051772937199182e+00
1.217135357053741984e+00
-1.430025316304242011e-01
-7.243349493839477127e-01
5.722739073320309844e-02
6.572872711249018174e-01
-1.819830309998093920e-01
-1.347749080661397425e+00
-3.695819195549854275e-01
2.951604264407472478e-01
-1.515170179358257707e+00
-1.398862545746781150e+00
1.520510898832024171e+00
1.389581215596938701e+00
6.317968487813285794e-01
5.939893553490921407e-01
8.598373422240866981e-01
7.023062530896375666e-01
8.662853651260761234e-01
8.239911768705009409e-01
-2.175872525412354541e-01
-9.190776616981466418e-02
-4.351991339522027769e-01
-5.518432468479659292e-01
-1.584485831877018303e-01
9.693316142549974757e-01
5.668207011908117376e-01
8.882309109336729014e-01
6.595535544310149323e-01
-2.191958820678610032e-01
-5.623771966053331406e-01
9.527372782778679161e-01
6.051388703339277697e-02
-7.415164164354994814e-01
-6.371247325425803965e-01
-1.071423383410269103e+00
-1.157872914671634446e+00
-1.199900184666344405e+00
-8.188848140176173684e-01
1.153279316169603996e+00
2.257860331622394412e-01
-3.709455323312673691e-01
-1.991101895795828192e-01
6.947957323052618150e-01
2.792968177220194193e-01
-1.234509209480140868e+00
-6.276332688331773824e-01
1.202181054662262216e+00
-1.361866536515345949e-01
-1.165570432728850747e+00
5.669907773562838926e-01
6.239132175219817000e-01
-4.572079665167469997e-01
-4.815051216318830818e-01
-1.518306111195695252e-01
-8.116573541731852970e-02
-3.399129426937697041e-02
4.616105259038540964e-01
3.323668077255117481e-01
-9.308400281448685476e-01
-2.726539288977899655e+00
-2.861192413581478355e+00
-9.451547394551469417e-01
-2.502990098370308836e+00
-6.700782054356757556e-02
3.126667774689360968e+00
1.176156696418550140e+00
-1.252587882408188413e+00
-2.469350013245087183e+00
-1.850769828771904990e+00
2.347201609938549538e-01
6.581221408559585484e-01
-1.046433882171758256e+00
-2.282728201809544721e+00
-2.812821950111634273e+00
-2.931501635807120643e+00
-1.575374183404842698e+00
7.420480076445947759e-01
8.694430693533266030e-01
-7.669821824269118515e-01
-2.617081304399607511e+00
-3.536591445137904355e+00
-3.147930788086193754e+00
-2.628354975420245765e+00
-2.167626612214116566e+00
-6.316508577819308634e-01
1.266782328095730215e-01
-1.970022027476181492e+00
-3.589264782721990343e+00
-3.741800485622377437e+00
-2.538598224615922216e+00
-2.526497891687689012e-01
2.293029085000876321e+00
2.917295683363402059e+00
2.776932236639426677e+00
2.207849917507791915e+00
1.976715495898597297e+00
2.024009351525465572e+00
1.809359155003923192e+00
1.869658853228180595e+00
1.798905883246207482e+00
2.193432630201110456e+00
2.096817551608926689e+00
4.514563726562588197e-01
-7.894715774024465560e-01
-8.231760527553908524e-01
-2.635670343089997480e-01
-3.863597112771621767e-03
-1.887349880263178292e-01
-7.871819137217820339e-01
-1.507598946169594223e+00
-1.727743459721794217e+00
-1.843450864662192323e+00
-1.578965192295602726e+00
-1.083455033866147499e+00
-2.576149138788312865e-01
2.085465819451259861e-02
-7.319128626297362050e-01
-1.387348808717576709e+00
-1.224791608667001652e+00
-6.215458167877507822e-02
6.081525565590868432e-01
1.254960392138943837e+00
3.155748187444804564e-01
-8.343692454483263576e-01
-9.446335346581776760e-01
-6.606520813497840372e-02
4.927942563736108506e-01
8.190222334122785330e-01
-3.328313776062217233e-01
-1.273084958059538696e+00
-9.799439042043989190e-01
-3.646597677596341569e-02
-2.744922224914982944e-01
-1.498376360917948125e+00
-2.364653435126766290e+00
-1.757619161246935846e+00
-5.211697116148645836e-01
3.889841616790925549e-01
3.037845714976092903e-01
-5.531824173050299276e-01
-1.079223050420410779e+00
-4.809876780449622302e-01
5.372235795571955741e-01
1.093052938067339941e+00
1.235215204911017883e+00
1.693040447624972966e+00
1.583930686751871209e+00
1.541591046475051519e+00
1.744600173007030408e+00
1.873221635424203058e+00
2.698786295697875204e+00
3.119023697444886167e+00
2.638636252404959137e+00
1.732373069393542631e+00
1.397147084291231689e+00
1.663969159290020983e+00
3.299303719031860815e-01
-1.821629519887236981e+00
-4.023176257024139169e+00
-4.903354212298710380e+00
-3.309049224761471564e+00
-5.964665664987398586e-01
-8.878361907189237234e-01
-2.466464972784902621e+00
-2.252759692411085091e+00
-1.582515271166694770e+00
-1.469289522136535631e+00
-1.678680776241571415e+00
-1.485506132774766952e+00
7.369513596289989366e-02
1.485633101676583578e+00
7.948412492297234344e-01
-9.666471257258013594e-02
-6.254803048994235226e-01
-9.505978706044251325e-01
-7.156591734548634065e-03
2.305752985118892262e+00
2.586132033469161762e+00
-4.130016037040640242e-01
-4.236462008047575445e+00
-6.956293249647005794e+00
-5.740677230775830253e+00
-1.052274843910383062e+00
-1.062951145625507410e+00
3.037058855898591148e-01
2.635502947258910655e+00
8.179958016342059324e-02
-3.654703959705249527e+00
-4.381871848900074973e+00
-1.637607001215863889e+00
8.593835655924961792e-01
1.142297485177684591e+00
3.857190926179931978e-01
1.128374129784804225e+00
9.533105877995420308e-01
-6.226089076290857172e-01
8.952186967221020808e-02
7.216646305396792194e-01
-8.288324833188105423e-01
5.417481116769407024e-02
2.539607465050051527e+00
1.447511908202460340e+00
-1.519789232526233658e+00
-2.285113627192019159e+00
-1.854093180841652089e+00
-2.116531191823889380e+00
-2.813617484103875910e+00
-1.516234469521059225e+00
2.803629259110551608e-01
-5.641283849012118656e-01
-5.979341908050814780e-01
-5.543909805626690002e-02
6.261627612281450705e-01
1.663096291370091961e-02
-2.270047528799474357e+00
-9.236581890673165596e-01
8.728531503500059907e-01
2.909180754903987198e-01
-4.914272978861666807e-01
2.772847074722337712e-01
1.469321551588397057e+00
1.586250306365713625e+00
1.529139460925706739e+00
-6.966378046344925412e-01
-2.308843248006893667e+00
-1.377521529367826458e+00
1.981795091579423573e-01
1.191717399623659190e+00
1.644385002596344236e+00
4.412504469010930519e-01
3.337114374589196242e-01
1.379598753532978339e+00
1.767462014426908201e+00
-7.627893733355217698e-02
2.879262735372914994e-01
1.218148304570549234e+00
-1.311224589349180958e+00
-1.718676529259479668e+00
3.621247728153056400e-01
5.031638291115474448e-01
-1.804180487990413084e+00
-1.320084094020179011e+00
3.112511404298796691e-01
1.422171274521939921e+00
7.999245298163752960e-01
6.439184894450951102e-01
6.477909359778435405e-01
9.789431473563761088e-01
5.240435015880584579e-01
-5.555697029037593992e-01
-1.469840238042099401e+00
-1.520704034845471675e+00
-1.884260988062428810e+00
-1.925957033081337366e+00
1.950018415680467854e-01
1.221038284607645963e+00
-1.263956613940436569e+00
-2.615727074463551904e+00
-1.778449869883965473e+00
1.930027082066714250e+00
4.467813242704103516e+00
4.432362665357204357e+00
-3.434200222124430546e+00
-6.045040779721766455e-01
2.146872782716481964e+00
-5.150616602544011435e-01
-2.865006108939155638e+00
1.399176631921125846e+00
1.417021796412866408e+00
-2.532143209450598675e+00
-3.732455453878420926e+00
-2.918975555373259922e+00
-1.268665330998275165e+00
1.044648117145706046e+00
1.715129653053412362e+00
1.202545737752615640e+00
-1.216543163451145659e+00
-3.091441780371757542e+00
-3.032983991071739549e+00
-4.833789553177170184e-02
-1.475089655377981313e-01
2.975163057066472216e-01
1.210307485539495520e+00
1.138512031803442959e+00
1.102472697596041940e-01
-3.508187901203161374e-01
1.139634437204497530e-01
1.086257828228993638e-01
-1.359837115449856526e+00
-1.819047809322005937e+00
-6.150806573647273900e-01
1.988316109106769147e-01
4.923586886080607572e-01
5.337607579972434291e-01
1.211581787591795134e+00
1.100557032604534635e+00
-2.515029434955620147e+00
-4.117399448419704733e+00
-4.444940452080788695e+00
0.000000000000000000e+00
0.000000000000000000e+00
0.000000000000000000e+00
0.000000000000000000e+00
0.000000000000000000e+00
0.000000000000000000e+00
0.000000000000000000e+00
0.000000000000000000e+00
0.000000000000000000e+00
0.000000000000000000e+00
0.000000000000000000e+00
0.000000000000000000e+00
0.000000000000000000e+00
0.000000000000000000e+00
0.000000000000000000e+00
0.000000000000000000e+00
0.000000000000000000e+00
0.000000000000000000e+00
0.000000000000000000e+00
0.000000000000000000e+00
0.000000000000000000e+00
0.000000000000000000e+00
0.000000000000000000e+00
0.000000000000000000e+00
0.000000000000000000e+00
0.000000000000000000e+00
0.000000000000000000e+00
0.000000000000000000e+00
0.000000000000000000e+00
0.000000000000000000e+00
0.000000000000000000e+00
0.000000000000000000e+00
0.000000000000000000e+00
0.000000000000000000e+00
0.000000000000000000e+00
0.000000000000000000e+00
0.000000000000000000e+00
0.000000000000000000e+00
0.000000000000000000e+00
0.000000000000000000e+00
0.000000000000000000e+00
0.000000000000000000e+00
0.000000000000000000e+00
0.000000000000000000e+00
0.000000000000000000e+00
0.000000000000000000e+00
0.000000000000000000e+00
0.000000000000000000e+00
0.000000000000000000e+00
0.000000000000000000e+00
0.000000000000000000e+00
0.000000000000000000e+00
0.000000000000000000e+00
0.000000000000000000e+00
0.000000000000000000e+00
0.000000000000000000e+00
0.000000000000000000e+00
0.000000000000000000e+00
0.000000000000000000e+00
0.000000000000000000e+00
0.000000000000000000e+00
0.000000000000000000e+00
0.000000000000000000e+00
0.000000000000000000e+00
0.000000000000000000e+00
0.000000000000000000e+00
0.000000000000000000e+00
0.000000000000000000e+00
0.000000000000000000e+00
0.000000000000000000e+00
0.000000000000000000e+00
0.000000000000000000e+00
0.000000000000000000e+00
0.000000000000000000e+00
0.000000000000000000e+00
0.000000000000000000e+00
0.000000000000000000e+00
0.000000000000000000e+00
0.000000000000000000e+00
0.000000000000000000e+00
0.000000000000000000e+00
0.000000000000000000e+00
0.000000000000000000e+00
0.000000000000000000e+00
0.000000000000000000e+00
0.000000000000000000e+00
0.000000000000000000e+00
0.000000000000000000e+00
0.000000000000000000e+00
0.000000000000000000e+00
0.000000000000000000e+00
0.000000000000000000e+00
0.000000000000000000e+00
0.000000000000000000e+00
0.000000000000000000e+00
0.000000000000000000e+00
0.000000000000000000e+00
0.000000000000000000e+00
0.000000000000000000e+00
0.000000000000000000e+00
0.000000000000000000e+00
0.000000000000000000e+00
0.000000000000000000e+00
0.000000000000000000e+00
0.000000000000000000e+00
0.000000000000000000e+00
0.000000000000000000e+00
0.000000000000000000e+00
0.000000000000000000e+00
0.000000000000000000e+00
0.000000000000000000e+00
0.000000000000000000e+00
0.000000000000000000e+00
0.000000000000000000e+00
0.000000000000000000e+00
0.000000000000000000e+00
0.000000000000000000e+00
0.000000000000000000e+00
0.000000000000000000e+00
0.000000000000000000e+00
0.000000000000000000e+00
0.000000000000000000e+00
0.000000000000000000e+00
0.000000000000000000e+00
0.000000000000000000e+00
0.000000000000000000e+00
0.000000000000000000e+00
0.000000000000000000e+00
0.000000000000000000e+00
0.000000000000000000e+00
0.000000000000000000e+00
0.000000000000000000e+00
0.000000000000000000e+00
0.000000000000000000e+00
0.000000000000000000e+00
0.000000000000000000e+00
0.000000000000000000e+00
0.000000000000000000e+00
0.000000000000000000e+00
0.000000000000000000e+00
0.000000000000000000e+00
0.000000000000000000e+00
0.000000000000000000e+00
0.000000000000000000e+00
0.000000000000000000e+00
0.000000000000000000e+00
0.000000000000000000e+00
0.000000000000000000e+00
