-3.784484863281240008e-01
-8.103456514503962760e-01
-7.379841020140316399e-01
1.654404772087458286e-01
-6.042141960523933486e-01
2.435446631001008111e-01
1.800200528985562709e-01
-2.122621621951048532e-01
-1.053960571597228890e-01
-2.781353219866322668e-02
-4.204979077352235528e-01
4.406090938788824740e-01
-2.114375203351759325e-01
-1.884238662541637410e-01
-8.028826342197032950e-01
-4.325385647592270288e-01
-1.491707115143861451e+00
-2.958542419448217942e-01
-2.218538749310522640e+00
-1.611731073012177440e+00
5.482398957139005269e-01
-4.142927126065876209e-01
-3.691047108560038925e+00
-8.796634838425045899e-01
2.515611816950324098e+00
-7.995557609388361797e-01
-3.864848206630957961e+00
7.605485813726335920e-01
-8.592538082157390456e-01
-6.145941870694007214e-01
-1.916226556660913793e-01
-4.293949881141296387e+00
3.474421282586730886e+00
-2.675303359012854543e+00
4.329097453376129501e-01
-5.535711026036920224e+00
4.002581100329013708e+00
-3.423807415007152244e+00
-1.772406983496715771e+00
-4.779100257033191745e+00
3.037155155604705392e+00
-1.202546787628476110e+00
-4.620021981838124958e-01
-4.991709845401656409e+00
-8.333034161504659920e-01
4.130510175924047900e+00
-7.180329117377914905e-02
-4.546216867288855212e+00
-1.605464393884306062e+00
1.202531129447113933e+00
-7.663926550970792118e-01
1.734328239856744336e+00
-1.152426427202704051e-01
-1.257330397286684942e+00
-4.852277297552327617e-01
1.411094819497253017e+00
-7.841854819113773800e-01
2.482279269864056115e+00
3.356126997401188028e+00
2.508981718684570872e+00
1.375981113058452499e+00
2.357247585190134664e+00
8.519690109603148542e-01
-3.235378472513328330e-01
7.758886674359188884e-01
5.030799622587744935e-01
5.397874775298010519e-01
2.649658936798346964e+00
-5.283238831709446970e-02
-1.749437397464453259e+00
1.959235190092058154e+00
2.917843819597900623e+00
-1.414813984573732197e+00
-1.612641449978261088e+00
5.218231504418011646e-01
1.628081539779801856e+00
-2.552753320439417717e+00
-1.130569389199165942e+00
4.939655609520412494e-01
3.249606963983642238e-01
-2.668813932916974108e-01
-3.056920546273602657e-01
-1.185820315394342961e+00
4.552837205917201757e-01
-4.495154026604168962e-01
-1.786334113198048135e-01
7.517661115136167194e-01
1.167985804252715365e+00
1.300478996215196137e+00
2.644862011072981467e-01
-1.077821523068891452e-01
4.962524815892058738e-01
-3.716569556953450149e-01
7.260614800606274288e-01
1.720717652457262048e-01
1.306937254754593214e+00
1.722252748094657004e+00
4.062121937716747233e-01
-1.257097557047512915e-01
2.022796194385753754e+00
2.507958984416498005e+00
-3.907804525351945557e-01
-1.199569439505616675e+00
7.103144664594753799e-01
1.342587586322356419e+00
2.368449383866124691e-01
8.043274329488778740e-01
2.404703242118576334e+00
-2.305763769339368441e-01
-1.053573255958999200e+00
-9.381243424161165301e-01
6.174133811694222373e-01
1.119535211657359586e+00
7.375234079763091088e-01
1.717348738345865655e+00
-2.836413720208046385e-01
-3.512843721363399396e+00
-2.547239409184093972e+00
-1.547039168732740944e+00
-2.243381209342086624e+00
-2.800565858109225204e-01
1.413467071099696826e+00
-2.280291544616932065e+00
-5.114032764882862736e+00
-6.412191410866569186e+00
-3.668683345491149161e+00
-5.018699022580099367e+00
2.693333803649640146e-01
8.432994456320308529e-01
-1.811341511116816960e+00
4.807554577523863060e+00
-9.833051463824480365e-01
4.369098440966414643e+00
-5.397920058636129781e-01
-4.379078370799930120e+00
-2.651771803921233683e+00
-1.193939448395513558e+01
-5.434149006180921226e+00
-2.233148279290819715e+00
-3.869730984330156609e+00
2.944524528969115984e+00
6.631086390741333325e+00
3.899991398364349493e+00
5.811496905794880874e+00
1.683890533031386916e+00
1.965906913890566043e+00
-2.687975963640335308e+00
-1.349477924720880795e+00
-8.989152724928368698e-01
-1.374546209639795347e+00
-1.487351531638393620e+00
1.840761792766319349e+00
-1.824066956790418415e+00
-3.738923667533817330e+00
-4.538458335879307803e+00
-1.418399774003216152e-01
-1.565748451673228070e+00
-4.930542231859102564e+00
-6.251512150770492937e+00
-2.143290795696174200e+00
-2.964298259484829501e+00
-5.577651316883947885e+00
-3.972643683016947591e-01
2.840358564948711972e+00
7.269284823125872208e-01
-2.628226510795412363e+00
-4.299622261216926589e+00
-6.692142532851210746e-01
3.346763047399630153e+00
3.117082535745128169e-01
-4.895316756259315838e-02
4.915181061968801224e+00
5.818514751675627039e+00
-3.996211021705338151e-01
-4.342607241571130317e-01
2.608640913834244124e+00
2.591581039521011487e-01
-6.812968031357580223e-01
-7.760166849410543577e-02
2.515709458529212128e+00
-2.062455620519242139e+00
-2.508548027121825896e+00
-1.388695453341028951e-01
7.655235989371114158e-01
-1.666103118873440536e+00
-1.920214538852934139e+00
2.560784838354950743e+00
1.904031912753166633e+00
-1.103946673347456553e+00
-2.801704359081813145e+00
-2.231596590399509417e-01
8.079182265853059874e-01
-1.185682810577479707e-01
-9.476682505386992972e-01
8.480883494745699025e-01
2.251615591046371545e+00
1.136694892627405640e+00
-1.214858728717397307e+00
-2.064028036896481400e+00
-3.659357384971813953e+00
-1.243768713702411155e-01
-2.447383041272033211e-01
-1.896288594713327225e+00
-2.562678333244203799e+00
2.460002056210461419e+00
3.410930949882241769e+00
7.718791538596541102e-01
-2.339366383407327277e+00
1.389198681595798401e+00
3.886000422376980179e+00
-1.941860933076019258e+00
-3.266379628476385300e+00
8.674548096823100352e-01
-6.099328632720295573e-01
-2.849157877939948236e+00
-3.567113041084748026e+00
2.838223414561565683e+00
1.186843111145328145e+00
-1.822622416722923244e+00
4.992988134678268963e-01
3.928422679559534725e+00
1.243843100274544256e-02
-2.606714349326421321e+00
1.246813474785795517e+00
2.305274295728893641e+00
1.393353442565117284e+00
-2.228631925693787430e+00
-1.180104283445264413e+00
6.590124331073319297e-01
1.293881132706147241e+00
-1.356792083702080376e+00
-2.203350185132330719e+00
-7.053168826939060221e-01
1.517008454394228600e-01
1.368367181153060663e-01
-3.139254855115227727e-01
4.016907792718411585e-01
1.377038315923613920e+00
-2.063168393574486004e-01
-3.173777002048277396e+00
-1.376624321098203207e+00
2.299335185246102142e+00
-1.638619112884391882e-01
-3.293905796633851857e+00
-3.002753742234812062e+00
6.756609944410527646e-01
-7.153333009824187627e-01
-2.551554092746953550e+00
-2.783148617706378225e+00
-3.007668384576805742e+00
-3.248174603889166789e+00
-2.318080409656041230e+00
2.058804864597860718e+00
-1.397006695048946368e+00
7.277155190024795495e-01
1.813748880913261363e+00
9.616751527216238493e-01
1.500539096328513455e+00
2.988838777762261589e+00
1.170486724755015473e+00
-2.797381035473649913e+00
5.242658703692164579e-01
-5.815936875448493026e-01
-3.384335859449105754e-02
-5.731943165468924573e-01
2.164371684061148660e+00
3.473729660527256957e+00
1.450000844461747818e+00
-2.949545623346439882e+00
6.467116063173854457e-01
3.395059272900868397e+00
1.223728755291136672e+00
-4.530538397608680157e+00
-2.913898288128384362e+00
7.459499543729410931e-01
1.552143055712009723e-01
-2.785994539979389728e+00
-2.056868609754236576e+00
-1.379354560336247593e+00
1.019184406723930181e+00
1.015510507738860646e+00
-2.629356031155309914e-01
1.480334401600413630e+00
9.160906112267812595e-01
6.867736461816771332e-01
5.048709125288695088e-01
1.924525475228164639e+00
1.367414810596232488e+00
1.979652970986454541e+00
4.238490890734684768e+00
-6.520151655278259017e-01
-2.048391369325367251e+00
6.070154070725104489e-01
-3.343928989050999334e-01
-6.090806801282380611e+00
-8.876546768458066339e+00
-2.946323075763541688e+00
-1.447550734022273744e+00
-7.395618886829232963e+00
-8.933003565090356091e+00
-6.597176501221408529e+00
-9.231597732776171128e-01
-6.772579556498462772e+00
-9.576197133013256035e+00
-3.325738905955132552e+00
2.188584322482417743e+00
-2.019280704313108910e+00
-5.016589555368849318e+00
-1.923177429140104699e+00
4.250636286227525318e+00
1.074827935592628236e-01
-1.277239187604044091e+00
7.339596239317921267e+00
6.238248810411938017e+00
2.024842509627525544e+00
-4.535179425593277358e+00
5.536831657490176362e+00
4.913039501744844273e+00
3.227450493102676621e+00
-1.161521945473641182e+00
1.735751848732932423e+00
-3.557671182899095896e-01
-2.894818053140499892e+00
-7.012257651406544667e+00
-3.897528007303357356e+00
-8.358579929312579537e+00
-3.259325151233066986e+00
-2.617920513858732257e+00
-5.455930844893063458e+00
7.442521883232133817e-02
-2.330101168904343378e+00
3.950724936879348004e+00
2.005144285751323530e+00
1.031569490210237916e-01
3.097864743519895825e+00
-9.310210528640627814e-01
-1.359301557040339503e+00
-3.311100027887644792e+00
-4.565737655388638849e+00
-3.839771320962776624e+00
2.408280755158513919e+00
-2.040711897056042723e+00
3.131766025475783977e-01
2.283159616601037278e+00
1.517107816624549965e+00
2.047030877376872837e+00
1.455678522413771603e+00
5.232692900086269638e+00
5.981660968018847058e+00
4.633599381464232891e+00
-3.961683480704909499e-01
-4.788756203851263216e-01
2.163313724130981441e+00
1.107728232391674617e+00
2.694648229483978863e+00
2.290453299625144989e+00
8.630419937301221367e-01
6.073336097786876664e-01
-7.656595451974161914e-01
-1.687740422073558122e-02
1.789525387123411582e+00
2.479813740225177199e+00
1.077922942865452427e-01
-5.564219173603675017e-01
8.074206058573576428e-01
6.461281232547809728e-01
-7.903012166908005565e-01
-6.572770049144021076e-01
1.960602720649436748e+00
1.452031917983337417e+00
2.523921884924976045e+00
1.054995894927182931e+00
-4.195486467727094215e-01
-2.372649633066007402e-01
-7.257555842613083730e-02
2.012419979960717420e+00
2.645422823555057867e+00
9.627143301160370203e-01
1.873990801074245205e+00
1.146141112162454068e+00
1.297472131384331151e+00
8.375118345947376586e-01
-2.652338579523476625e-01
-1.389779950430924726e+00
-7.395412229747148070e-01
-4.630492336265392694e-01
1.208059012141942778e+00
-3.779450387457816696e-01
1.873421968458550690e-01
-1.205349041777094232e+00
-2.795826216694530242e-02
4.867808431024506222e-01
-2.704043326583740026e+00
-3.254578999107047732e+00
3.223770113034679641e-01
-1.054717792294666889e+00
-6.311240957950046138e-01
3.069752830639613794e-01
-1.048391660786088142e+00
-1.720449514769452515e+00
2.186465596344516094e+00
2.023325850250538238e+00
-4.157104766233518656e-01
5.235424806969095624e-01
2.023716919812665882e+00
-7.738642842029901381e-01
-4.370701511539056838e-01
6.872459763476888028e-01
-7.299287764366817477e-01
2.836260117251183654e-01
-1.889192311613547837e-01
4.244091842668300529e-01
-1.686916400200030530e+00
-1.773788405405138935e+00
-3.652171011967157987e+00
9.098088789123612852e-01
8.578378030933104803e-01
-1.743897336330286763e+00
-4.618070211444631035e+00
-2.077012448747275197e+00
-2.810565372151459851e+00
-1.925336670244998327e+00
-6.361635827795056208e+00
-4.143122052541325928e+00
-1.007007658360643099e+00
-3.905250417329308998e-01
-3.340436154010289371e+00
9.979854387853137609e-02
-2.419904818976701844e+00
-1.363596086982988620e+00
-1.102601541327562273e+00
1.973342568235098682e+00
-8.352663014562855537e-02
9.187950732327556658e-01
1.418607748918149447e+00
1.462710104124661292e+00
2.683798458757694405e+00
2.295372694507062494e+00
-3.702312977638543501e+00
-5.572926242606879299e-02
2.856386186200532418e-01
2.237622642255403527e-01
-4.402691010037226071e+00
6.482255814552857487e-01
-1.306334971510229259e+00
-1.671829107225228039e+00
1.123656100655751278e+00
1.475641218073544536e-01
3.169028918625620861e+00
8.866977032042000495e-01
-7.729823106553237455e-01
1.613554407524143475e+00
4.309851133908937371e+00
1.093081096056339074e+00
-1.131916838542403880e-01
1.831124017847298502e+00
2.858939175795893739e+00
1.520655016200790133e+00
3.688489083532001001e+00
1.600794951860900595e+00
5.939957480392470401e-01
1.383791895436218500e+00
1.484748943847719049e+00
9.116193867589870159e-01
1.910441006944110010e+00
2.109268796168834115e+00
1.031933314563526327e+00
9.897884135019393570e-01
1.046090742337920210e+00
1.866305651420491873e+00
2.038833380456254396e+00
9.602062382867869728e-01
5.874465847641791028e-01
1.024905163233198468e+00
4.400983642192460854e-01
0.000000000000000000e+00
0.000000000000000000e+00
0.000000000000000000e+00
0.000000000000000000e+00
0.000000000000000000e+00
0.000000000000000000e+00
0.000000000000000000e+00
0.000000000000000000e+00
0.000000000000000000e+00
0.000000000000000000e+00
0.000000000000000000e+00
0.000000000000000000e+00
0.000000000000000000e+00
0.000000000000000000e+00
0.000000000000000000e+00
0.000000000000000000e+00
0.000000000000000000e+00
0.000000000000000000e+00
0.000000000000000000e+00
0.000000000000000000e+00
0.000000000000000000e+00
0.000000000000000000e+00
0.000000000000000000e+00
0.000000000000000000e+00
0.000000000000000000e+00
