-7.410583496093750000e-01
6.285547631969230498e-01
1.946334475720694179e+00
1.622399566988105057e+00
3.845714146665071276e+00
4.517912974232868528e+00
1.682826787775355104e+00
-2.108280067190427598e+00
1.895347787734153133e+00
3.661006707817390016e+00
5.245214026835929300e-01
1.504177501477621082e+00
3.020292893111972354e+00
1.474601998029558825e+00
2.920039872352548471e+00
2.312918369350073888e+00
-1.156363137807357777e+00
-3.346210341010604772e-01
6.421155342940085831e-01
-1.770372977491809330e+00
3.385772707904566303e-02
3.365337126821591252e+00
3.229063839941678893e+00
3.022260346182193302e+00
3.630053160690893677e+00
3.393076887213314130e+00
2.651728245371642423e+00
3.917972946820990732e+00
2.086831344165635649e+00
-2.471144132869785626e+00
3.471616026758371554e+00
5.995017700930213245e+00
2.877466576525676167e+00
-1.167722920555478439e-01
-7.609432031285034981e-01
6.513689259937427423e-02
2.786482217668584838e+00
-5.042519651938233149e-01
2.861458054413577035e+00
5.298895837081291305e+00
2.685123447814839359e+00
1.057095638650650038e+00
2.861111317469378967e+00
4.924770638094923214e+00
4.241196360189235293e+00
8.567380732650207165e-01
4.313614293941006039e-01
2.797460128504993815e+00
2.472884791668167104e+00
2.762202076353607261e+00
6.138128533077280125e+00
6.104475409748280512e+00
3.032467260242952989e+00
-2.883703271525566159e-01
9.720045103545182918e-01
6.768715521934787205e-01
4.474968442320186313e-01
1.643474354126107428e+00
-1.624843492873107031e-01
-1.337613240022163197e+00
1.359899815972139603e+00
1.752836059740785268e+00
-9.026279781252981582e-01
-1.397936457687595890e+00
4.676371449250276147e-01
-2.181187531450738959e-01
3.945361857622571300e-01
1.918043388208076738e+00
1.876489399274475556e+00
3.183582141343563876e+00
4.884319447717704321e+00
4.202553864392905680e+00
1.717231641440078338e+00
-6.770889941662416867e-02
-7.262607309124109456e-01
-4.637917510601328175e-01
4.901314081772856213e-03
5.308368343028078140e-01
9.264459027688511927e-01
8.313673013589832905e-01
2.507142982594718905e-01
2.216462436445906237e-01
1.235541671858515933e+00
1.362047280526822002e+00
1.231430484516865764e+00
1.738418724028933049e+00
1.017541731710930319e+00
-4.208005773404621674e-01
1.159751660205079249e+00
8.991143874659359714e-01
7.096633423393061690e-03
7.102704910331812949e-01
1.757594256459868332e+00
1.884257693297058500e+00
6.634931601886724373e-01
5.737357468798820470e-02
1.586845794139625676e+00
1.411005098719877227e+00
1.199507281663301228e+00
1.323971724116695059e+00
9.149925761394770429e-01
7.098077342052613314e-01
5.112061424782492480e-01
1.185717048787320316e-01
4.463652871107148812e-01
5.033920694525482187e-01
1.925662743826035417e-01
-8.965436892265044033e-02
2.596936007279323499e-01
1.181804034172906803e+00
1.908826348443093401e+00
1.576105151593822029e+00
-7.471424024208237480e-01
-4.719830386996199945e-01
4.689790811509904067e-01
1.453648663108432437e+00
1.047077946052839881e+00
4.055111418270596069e-02
-7.076023185676163507e-01
5.472179338104052881e-01
1.392516484987879943e+00
5.451052823890558674e-01
-5.504921705680532185e-02
1.676505188006158109e+00
2.502886893547825231e+00
1.564472869944513400e+00
4.665587647201227539e-01
8.468737316883983013e-01
8.352927078661434024e-01
6.963134512828637046e-01
7.843697970940856079e-01
7.317032429197944943e-01
1.498497465851507116e-01
-4.364609080982799760e-01
4.378824119284926430e-01
-6.826895864369575406e-03
1.757671775578317774e-01
7.021988705998872815e-01
-1.661476818329264971e-01
2.740958994989449726e-01
8.989746487383765139e-01
-2.803870723337131832e-02
4.101627890035171031e-01
1.527544521168080260e+00
1.682318937469054587e+00
4.691877535889289463e-01
7.210264923852016672e-02
3.301618834525322788e-01
-7.485881358706808486e-02
2.966631718278700536e-01
4.571686054105987829e-01
-1.507950064402356904e-01
3.561759837708126097e-01
7.041726724058287035e-01
-1.529640418762167609e-01
5.578933654162625544e-01
5.654687187124527448e-01
5.376311595685501210e-01
9.567429202422337298e-01
1.170590860175041215e+00
5.931209540271337177e-01
-1.621454085256393562e-01
-5.199723652032894883e-02
9.904542396165467721e-01
1.770338643954458169e+00
1.117532529300472310e+00
1.296690744424116248e+00
1.036266858878787334e+00
1.023967677572061419e+00
1.536627254232443729e+00
3.474908233551299297e-01
4.752393732288258121e-01
4.527543976095411704e-01
-2.403537253810339447e-01
1.346458459118734741e+00
1.312190849102982337e+00
6.534067342653738786e-01
1.688593700401526343e+00
6.425484272519562667e-01
8.872090135186719850e-01
9.861693370968586114e-01
1.021393736306588362e+00
2.712320356537984978e+00
3.345065857719447422e+00
2.603515524147397286e+00
1.625853375575055493e+00
1.072500243131769171e+00
5.303096604538669601e-01
1.821663824845057844e-01
6.155289388278142315e-01
1.730129635164518564e+00
1.754974558060065526e+00
-7.816628281757260766e-01
-5.274791257016371304e-01
1.693394518295702866e+00
2.551797618363249587e+00
3.280803478449070276e+00
2.367132517458630847e+00
-2.131084634564597291e-01
5.714813398642233366e-01
1.851533623821184804e+00
3.149561496807825822e+00
2.959587408534956943e+00
1.177992148695636843e+00
-1.894870518946945026e-01
-9.544765105010100115e-02
1.243801254005703960e+00
2.707534764575181718e+00
3.799627270156491932e+00
4.752066016579004071e+00
4.735336370765804936e+00
3.129298633397954443e+00
1.147286315518857513e+00
6.122868024424490407e-01
3.344288014924252650e-01
5.080022473505731995e-01
1.258991493301826026e+00
1.863425762544314690e+00
2.596622053535587060e+00
3.841384702069437829e+00
2.656798125652795939e+00
1.314819132339749563e-01
2.332463183149413144e+00
2.553656272870744370e+00
2.514877354961175815e+00
2.342917409317264443e+00
1.473568652094580766e+00
4.153778808949235568e-01
-5.341970857579569909e-02
7.704950376636512388e-01
1.481460998615352409e+00
2.353629289724324281e+00
3.964207330284681863e+00
4.427562599455651338e+00
3.556568004552096873e+00
2.580359572878851537e+00
1.484635922547884679e+00
1.404659554143261602e-01
5.314961806091034191e-05
1.852591131276779990e+00
3.536640104666666229e+00
3.181058836030202563e+00
1.706531472909168734e+00
8.114676982719575271e-01
1.090399760438384380e+00
2.019361957691066856e+00
1.598622277046431339e+00
1.047080653951393714e+00
1.103922770471727155e+00
2.203630364130537700e-01
1.585853256916758269e-01
2.217275403353098806e+00
2.539146362648198263e+00
1.604355167831035267e+00
8.770410428092977329e-01
4.801768007595595411e-01
2.965442306382579662e-01
1.071760179562052828e+00
2.772774426392330405e+00
3.809402593602698062e+00
2.623750285720148678e+00
1.277837983929178023e+00
1.443803472021943257e+00
8.019374006474097039e-01
1.055125429201835052e+00
1.027681210088617458e+00
7.006346400722808232e-01
9.798398791727795931e-01
5.528696813927478360e-01
-7.806977275590432086e-02
5.349020649391404980e-01
1.835352259548925780e-01
7.666156006671807077e-01
1.616223452191381416e+00
1.050693731129910491e+00
1.170620436263578812e+00
1.231696436496868552e+00
1.824126795325260231e+00
1.855762441900689730e+00
6.681324034281789226e-01
1.394500589931380041e-01
-5.284671985602755750e-01
5.276126288711795453e-01
1.574913702073746036e+00
1.478097835651019043e+00
1.931831156447680331e-01
6.053519406012319859e-01
5.397041975285599147e-01
-6.076123850734533871e-01
7.896657939986572172e-01
-2.998471200625911770e-01
-4.830141585208327371e-01
1.147705150299184185e+00
1.063972829234419715e+00
-3.389963340884976084e-01
5.357176051412143591e-01
-5.846351944847794080e-02
5.989023110743187939e-01
1.010763788321265677e+00
1.301269820132840316e+00
1.122401205030694182e+00
3.523431018870337716e-02
4.611467495585260812e-01
6.461908655568416870e-01
1.036785651256689755e-01
3.798336137103011101e-01
3.004057814140376204e-01
3.313267308993608218e-01
3.575371091078549668e-02
-7.183492401110529446e-01
4.572913654469459299e-01
7.055873261254351769e-01
2.601437929457679488e-01
6.736732756530410260e-01
1.244453725641098796e+00
1.089004214512348190e+00
4.903848343829204093e-01
1.172650001319653468e+00
1.545296902889649493e+00
1.365270030168453719e+00
7.342217024310548901e-01
2.674153171262245721e-01
9.827781068314749291e-01
1.259358996286930488e+00
-1.120472828276601884e+00
-2.859332995761294516e-01
1.902834433941793080e+00
1.391702782313962938e+00
-7.486228313567568904e-01
-5.892594596223088566e-02
-4.748154209718413732e-02
5.401161018821438731e-01
2.144270840225976915e+00
2.420805432444398164e+00
9.701504422118145676e-02
-4.226566687412957046e-01
7.013403064767853579e-02
1.416940957469030593e-01
8.378842238409027754e-01
1.359937050213173793e+00
-4.270279506052502283e-01
4.298136909729171062e-01
1.741689862368735797e+00
1.207849737194697903e+00
4.622849458340896334e-01
1.813876898515456082e+00
1.830385955670888354e+00
-3.707210515165492160e-01
4.426405497329184424e-01
2.180652676103373544e+00
2.373171567735371301e+00
3.683345517226266352e-02
-1.754741297516606569e-01
1.646950577293663009e+00
1.052744137812779979e+00
-5.055233570972484936e-01
1.284045164845332820e+00
1.354750591191349329e+00
1.068513828734221738e+00
1.704257415512520968e+00
1.196506468904861897e+00
6.039067269598241694e-03
3.116464131206939658e-01
8.131215795475694730e-01
6.180722023158444767e-01
3.254561004889535702e-01
3.281933008205939473e-02
-5.460847802598511880e-01
-9.121689493797182635e-01
-2.071312485295138117e-01
2.046501973670849850e+00
4.376525572697889110e+00
4.446392212546744993e+00
3.746129732006378887e+00
2.820253401952042438e+00
7.448703174781399206e-01
6.115073950235574429e-01
1.175723786151303685e-01
-6.034678529003538738e-01
-1.773376689310230514e+00
3.878797371447912923e-01
1.505941394316128612e+00
-4.378598257809063199e-01
-3.887001100051108438e-01
-5.263024575008756756e-01
-1.962099165153812663e+00
1.734097779770600312e-01
3.960323786948771296e+00
8.362835090889082501e-01
-2.303090231685857248e+00
3.738785407984424936e+00
7.828041039086764741e+00
7.482741374964533954e+00
4.045482499543300747e+00
6.217913683663471858e-01
6.654423558097510849e-01
-6.466073809622532309e-01
1.231420685391149128e+00
4.654547606309506591e+00
4.796389892442753933e+00
2.252848543405201909e+00
1.823018137658475091e+00
5.480867761682015171e+00
5.984945284312576774e+00
2.335753975854945708e+00
1.036110820810014266e+00
1.281653255664713331e+00
7.113225227694688346e-01
-1.981519511412048073e+00
-2.665077409037161171e+00
2.337532014003709691e+00
5.824664261027689527e+00
4.174637562743868990e+00
5.562547754631939068e-01
1.411216942587407708e+00
1.703470607594711694e+00
2.407189305615993646e+00
3.393930403756735714e+00
3.103735870005190023e+00
3.358165297279262163e+00
4.689621868435594365e+00
2.969069069461850674e+00
-5.484722814406493008e-01
-2.996867171672734642e-01
1.340381103605722046e+00
-8.715528914650523262e-01
1.018151413223449264e-01
3.452354269781010565e+00
2.402759151200679177e+00
2.207747118470130054e+00
2.272907084024925695e+00
1.037540715064779739e+00
1.550675170155016769e+00
2.452307643961528338e+00
5.200718606250229747e-01
-2.104860266955991488e+00
2.571621359819026509e+00
5.144159648021361164e+00
4.243050106004224276e+00
2.076882609012614456e+00
6.833551440190335224e-01
2.538118981462528456e+00
0.000000000000000000e+00
0.000000000000000000e+00
0.000000000000000000e+00
0.000000000000000000e+00
0.000000000000000000e+00
0.000000000000000000e+00
0.000000000000000000e+00
0.000000000000000000e+00
0.000000000000000000e+00
0.000000000000000000e+00
0.000000000000000000e+00
0.000000000000000000e+00
0.000000000000000000e+00
0.000000000000000000e+00
0.000000000000000000e+00
0.000000000000000000e+00
0.000000000000000000e+00
0.000000000000000000e+00
0.000000000000000000e+00
0.000000000000000000e+00
0.000000000000000000e+00
0.000000000000000000e+00
0.000000000000000000e+00
0.000000000000000000e+00
0.000000000000000000e+00
0.000000000000000000e+00
0.000000000000000000e+00
0.000000000000000000e+00
0.000000000000000000e+00
0.000000000000000000e+00
0.000000000000000000e+00
0.000000000000000000e+00
0.000000000000000000e+00
0.000000000000000000e+00
0.000000000000000000e+00
0.000000000000000000e+00
0.000000000000000000e+00
0.000000000000000000e+00
0.000000000000000000e+00
0.000000000000000000e+00
0.000000000000000000e+00
0.000000000000000000e+00
0.000000000000000000e+00
0.000000000000000000e+00
0.000000000000000000e+00
0.000000000000000000e+00
0.000000000000000000e+00
0.000000000000000000e+00
0.000000000000000000e+00
0.000000000000000000e+00
0.000000000000000000e+00
0.000000000000000000e+00
0.000000000000000000e+00
0.000000000000000000e+00
0.000000000000000000e+00
0.000000000000000000e+00
0.000000000000000000e+00
0.000000000000000000e+00
