1.060943603515625000e+00
1.877093690773896650e-01
-4.447136668700306661e-01
2.793261117222605172e-01
-1.504368193159602685e+00
-2.351411702628067424e+00
-2.412797610622397393e+00
-2.882831224686777105e+00
-1.381057907059832335e+00
-1.835133360534866087e+00
-2.175490589707750999e+00
-1.934735060000445150e+00
-1.296729275422788374e+00
-4.320782417262142294e-01
-1.402800220554963229e+00
-1.034713422827187923e+00
2.529742104255534585e-01
-4.957811704169992062e-01
-2.063220997638802956e+00
-2.342599809729891902e+00
9.562076905795691140e-02
9.128767398335662087e-01
-1.910846735065247159e+00
-2.256410418036623788e+00
-1.526802396888512270e+00
-2.971252072464882321e+00
-3.410283280761138514e+00
-4.202409029980003652e+00
-1.268086446259742317e+00
2.767520357753733506e+00
2.158341109989896367e-01
-2.341116314420489175e+00
-3.029979676624854346e+00
-3.243396045081406776e+00
-3.923107771410393241e+00
-3.473149807881070306e+00
-2.372860487541579300e-01
-4.439248068197660935e-01
-1.092211451119510013e+00
3.257081728176905999e-01
-1.676364654810317489e+00
-2.903739024851017092e+00
9.409126683361379584e-02
-7.113451948134679181e-01
-1.323469679094510409e+00
-2.580106723799926005e+00
-3.859363520573355189e+00
4.896609976268084807e-02
-2.617979416736326392e+00
-1.876018721312102677e+00
-1.213656910121982069e+00
-9.738121006787803235e-01
-4.356630395161669167e-01
-1.224641991250846385e+00
-1.581323199076264840e+00
-1.550205957927923928e+00
-2.240298653577172949e+00
-1.999102669729978743e+00
-2.225437495464818394e+00
-6.431181845988367396e-01
-3.314031057414124071e-01
-1.055140566392613000e+00
-1.798769288910098574e+00
-9.510130600524030475e-01
-1.065701584817989156e+00
1.697344720226150461e-01
5.683516624156970121e-01
9.021173728179121554e-03
-2.859688187969152140e-01
-1.549609143032590897e+00
-1.257917240848781981e+00
-5.375400294172028026e-01
-5.295313842610566146e-01
-5.151848559763696489e-01
1.393387695980443652e-01
-3.542768926808521623e-01
1.726588880372259105e+00
2.500833744496984146e-01
-7.067041475085272806e-01
3.326761025032676233e-01
-6.948341016318254626e-01
-1.827175662076183427e+00
-4.609005250319992975e-01
-4.958615296350634694e-01
-1.606505935885768288e+00
-1.505799249267990358e+00
1.412390137310959304e-02
-5.855867215324681574e-01
-2.695328171445146470e+00
-5.967956729589918297e-01
-1.236402964563652063e+00
6.165968877901759626e-01
1.354458348886566910e-01
-2.846355623161550774e+00
-3.206068304300412120e+00
1.094527994380420921e-01
2.786228574711637762e-01
1.984538266792732930e+00
3.554860635053938012e+00
3.244166836333079562e+00
8.452280073918843062e-01
-6.882258701858772199e-01
-3.652049238914143459e-01
1.045901219826838480e+00
1.160415961042702948e+00
3.424379625178615161e-01
-9.716554206522176607e-02
1.160336926557682613e+00
5.499904550223548849e-01
-1.770180865697152051e+00
-2.415028192518259509e+00
-5.238571532407445552e-01
1.114939626150717622e+00
1.143552061288128474e+00
-1.171444294010445697e+00
-3.393577636057882874e-01
9.507515650788449513e-01
-7.523965114417499045e-01
-1.093837714921839677e+00
2.232841137378605012e-01
2.681492778126339793e-01
1.021543768146324638e+00
9.599108461305676521e-01
5.818225332680766471e-01
5.948004214687618862e-02
-1.126299646226998963e+00
-1.773267247396182356e+00
-7.536565485838897516e-01
4.570757886157720051e+00
-2.403412328742168924e+00
-1.270031945752466207e+01
-6.437340764090256684e+00
-4.082624102467575788e+00
-3.661221992532621261e+00
1.303138873274534149e-01
-1.733915566910988026e+00
6.378428639942169021e+00
1.000642796277812074e+01
4.667815932221361486e+00
-1.786862305245229265e-02
-2.907291864840031881e+00
-1.492941873387210627e+00
3.735577825503007876e+00
4.380508968855211904e+00
1.573733182291350730e+00
3.471640496222434980e+00
4.746481414429693402e+00
5.830938384648723272e+00
5.010423963298347161e+00
3.698590617553740412e+00
1.757912019747138288e+00
-9.290679719200256592e-02
-1.002165474750014607e+00
-1.497618677291475908e+00
-3.920559773647973589e-01
7.328718882049760630e-01
2.228666411240053102e-01
-8.161257733809632597e-01
4.763837723946022784e-01
4.701061873203760122e-02
-2.483518084112039670e-01
-2.272361620921479197e+00
-2.953339927715842528e+00
-2.869022305041759147e+00
-1.735302406578640433e-01
-1.693109330980818283e+00
-3.454868630747797376e+00
-6.185605678468881763e-01
-2.112239774762498801e+00
1.321771288115852316e+00
2.162348930796427204e+00
3.771438968951614790e-01
-8.766761056636689364e-01
4.724984032337919970e-02
-2.504067527367731305e+00
-4.285225366704683125e+00
-8.250087204754397163e-01
-2.383501733027249436e+00
-3.583973689236546356e+00
-2.836069851591531688e-01
1.361053570554688008e+00
-1.045028822248111666e+00
2.732776121465235075e+00
-1.808079310835131182e-01
-5.037330405296160052e+00
-1.267273840129347295e+00
-6.185621798914269220e-01
-5.881745241007208413e+00
-3.419851634477586000e+00
-2.208318338291610949e+00
-3.568577230978440706e+00
1.445136472053340615e+00
3.956061233770979069e+00
2.498041628100529099e+00
-1.631237765519589100e+00
1.284579058687018716e+00
3.981926271457796318e+00
-2.000744806379972651e-01
7.606802948864213043e-01
1.443118369412148105e+00
1.046687301455516694e-01
6.344717139442532794e-01
-2.018641738120970253e+00
-2.040289501661574967e+00
1.175452314312557700e+00
1.410991027660275066e+00
7.043126968844124480e-01
-5.401110853173661797e-01
-3.120797896866123189e-02
-4.516152443039900710e+00
-5.080881033025882232e+00
-5.803286885767056091e-02
6.946667891380275961e-02
-2.166400102791764315e+00
-1.133588773247992343e+00
-4.660891971070956430e+00
-7.080190734765812621e+00
-8.350375399917004060e+00
-6.181754990751940682e+00
1.160556826206764036e+00
-1.012743018200048084e+00
-3.886779803876865280e-01
3.014142894739486600e-01
-1.357896288568613219e+00
-8.086679662663072143e-01
2.459089575094108859e+00
9.348616412125450026e-01
6.219338853890744367e+00
3.547155632026071093e+00
-2.167195945374805532e+00
1.197538904232695600e-01
2.502826659681978594e+00
1.219624667185908340e+00
-9.835597622781908633e-01
-2.626807308860945156e+00
-3.411403939340441394e+00
-2.496723288812525254e+00
7.481250613346743794e-01
3.856842079525639733e-01
2.193994134932234275e+00
2.136779242838566795e-01
-4.480358514509210632e-01
-6.726857822282766852e-01
-8.145931276494932094e-01
-1.541419895107524196e+00
1.392025012080031932e+00
-4.424708268207792727e+00
-5.666124358887556944e+00
-5.081515128654636726e+00
-5.036499363695083886e+00
-9.935202527913915560e-01
-2.398902172180378933e+00
-1.857198162893043847e+00
-8.674454580993669062e-01
-2.662688487606134302e+00
-1.658194571750270185e+00
1.101472126418342690e+00
5.754450657595567620e+00
6.453559207191513103e+00
2.081936566156818991e+00
2.040505783292600572e+00
-1.103378557312117536e+00
-3.231154683937323746e+00
-1.676725502714830895e-01
1.965572921045030119e-01
1.144128806356411676e+00
1.131277135163646808e+00
-7.693327633696638301e-01
-1.580878756816162856e+00
-3.761600805017137006e+00
-2.709185205045813838e+00
-2.054279058311965223e+00
-8.475423652462126256e-01
1.011117418637651255e+00
-2.102488067775809544e+00
-1.686747947223887545e+00
-2.436375569619192660e+00
-5.565785471152651098e+00
-2.898536574389964926e+00
-1.986850789447355048e+00
-5.047815001305133720e+00
-2.728880422104670522e+00
-1.885606909064059256e-01
-2.510490065695806905e+00
3.893931042070692961e-01
-1.676032203792535036e+00
-2.125983344824630805e+00
-4.566734431290893070e-01
-5.982875113450081273e-01
9.214111733756427114e-01
9.021354505327590090e-01
-1.044822033564239749e+00
3.801159913278223890e+00
3.704849031354118249e+00
1.139403723595342699e+00
-1.216471733358333029e-01
-2.056642009309004315e+00
-5.045854151538669008e-01
-2.179364574985319436e+00
3.664383286563661635e-01
1.926675721250602491e+00
1.929071520677991813e-01
2.152788048344283389e+00
2.127499587210365473e+00
2.056202081188797326e+00
2.103247925186592759e+00
2.193810691030347648e+00
1.201450037130610271e-01
8.932785056422521963e-01
1.833454704793950008e+00
-7.591515993736839274e-01
-2.330997286773683896e-01
9.044891832908557028e-01
-5.817842846256677802e-01
2.173282211053412905e+00
3.710205854887123067e+00
1.859271972298986775e+00
-1.002661458456215460e-01
-1.539347993468783704e+00
-1.802136621813218653e+00
-3.239397807318480371e-01
1.159033408044090052e-01
-3.032478695262152080e+00
-4.540258069330600499e+00
-5.483505307391122408e+00
-6.973650825551954924e+00
-3.649437878798237112e+00
-1.663024810141877641e-01
-3.942439970833591101e+00
-5.632784769786820078e+00
-2.311191858030656743e+00
-5.228813027882628361e+00
-9.330879829833000016e+00
-1.098017398908228337e+01
-1.124313955698435485e+01
-5.043834823655057420e+00
2.999222203523908448e+00
2.593101449874845699e+00
2.417439591276568933e+00
3.339676138524229287e+00
3.553073413708680128e+00
-2.702690796283233610e-01
1.478922560821958054e+00
4.552465034286872658e+00
1.725430220479935439e+00
1.903487350735884043e-01
5.891380149110376330e+00
7.647570734960302374e+00
9.817538432837224605e+00
8.691194917571385403e+00
1.631740198750847526e+00
2.711810816088075171e+00
1.331528939890926910e+00
3.636524778499106603e+00
2.269976620452909266e+00
-2.768359448314363647e+00
3.637625695293652761e+00
3.712493956509406168e+00
8.086056229251579186e-01
2.184144898213150388e+00
1.621308336083747026e+00
1.574319602202147728e-01
1.238584132278703898e+00
2.300179722993962006e+00
1.746268912967775977e+00
1.765919924347830960e+00
1.037061323363859477e+00
-1.162429911298131113e+00
-1.349480057980199543e+00
4.420715221316040555e-03
-2.271100002323977129e+00
-3.941347126902925879e+00
-2.461468317224973834e+00
-2.040837413441344061e+00
-4.004825687134164980e+00
-3.353201339430835759e+00
-2.348614427691694928e+00
-7.453421535641977513e-01
1.120732484629688219e+00
-1.518243305525607934e+00
-2.854588594095226917e+00
-1.248555343882889135e+00
5.595601757576944557e-01
-7.338665120166742994e-01
2.087496979665528496e-01
2.327830511950882642e+00
2.716152410816938811e+00
3.901599967831552274e+00
3.502326882825433696e+00
1.060553579721974948e+00
1.131901912950847411e+00
-8.913611148249940275e-01
1.356495443834915937e+00
3.117642003741013745e+00
3.917536718615130198e+00
2.962136218310868596e+00
3.762177661859890776e+00
-2.530023396742808739e-01
6.220897742859652357e-01
4.471070485386783311e-01
-3.843164949187087842e-01
3.980036854643476119e-01
-1.142270389755499771e-01
-8.065119385666301710e-01
-9.444163267156699959e-01
-1.091127357859798419e+00
-2.468915125819453049e+00
-2.271251913878191253e+00
-8.720267626325468591e-01
4.997563785545420245e-01
-3.043978725560387844e-01
-6.153009323713216627e-01
-5.889016835095770563e-01
-1.616308407615342446e+00
-2.097454428441836605e+00
-3.640043034466095229e+00
-3.320859017750901643e+00
-8.020492429369717735e-01
-3.489012825308556387e+00
-1.519673671929516079e+00
-1.020200724950679261e+00
-1.200483016556585403e+00
-5.072469017586734852e-01
-3.100987148467473808e+00
-9.018906277499216806e-01
8.259104579359469733e-01
-2.829431014393393173e-01
-1.301224854476456638e+00
-1.156602902451443704e+00
-3.892130477372133246e+00
-4.255633389677207390e+00
-3.944782118928253922e+00
-3.203474714660683009e+00
-1.718895434357508467e+00
-3.738648245237286005e-01
1.606776796411084618e+00
-1.925813272447959967e+00
-4.794386515520381309e+00
-3.217812147810459766e+00
-2.863836472950236356e+00
-1.853072554233476055e+00
-4.010234742798517438e+00
-3.995123143871301075e+00
-2.748332574238503412e-01
-8.785627882702391478e-01
-1.960061892608596423e+00
-2.787182493629837943e+00
-2.718631937109616370e+00
-1.497397900557859263e+00
-2.745271247158489913e+00
-2.659930123389546708e+00
-6.029470412979066607e-01
-5.305498669217352248e-01
-1.705759988782677983e+00
-2.669304321201943164e+00
-1.421596705237339497e+00
2.005176242170718659e-01
-1.360576255927870903e+00
-2.467004902339412276e+00
-2.972656561420262022e+00
-1.022504782342337659e+00
3.532215858062939251e-01
8.046381838644061091e-01
2.399545421042242666e+00
2.625713301828483281e+00
1.645605187456828711e+00
4.204803886707103033e-01
1.815861002926517642e+00
2.626031792652356422e+00
3.546751008618600043e+00
3.221586544923261908e+00
1.936559695257716207e+00
9.806600291923069923e-01
2.431090684606036778e-01
5.252175362948083848e-01
9.116342715376049011e-01
1.515073497367728228e+00
1.595002722035018916e+00
1.299365549493687100e+00
1.639895278342219820e+00
1.441527002976660254e+00
3.778369730028777185e-01
1.399685132483672101e+00
1.756397625023873088e+00
1.379914124825810440e+00
0.000000000000000000e+00
0.000000000000000000e+00
0.000000000000000000e+00
0.000000000000000000e+00
0.000000000000000000e+00
0.000000000000000000e+00
0.000000000000000000e+00
0.000000000000000000e+00
0.000000000000000000e+00
0.000000000000000000e+00
0.000000000000000000e+00
0.000000000000000000e+00
0.000000000000000000e+00
0.000000000000000000e+00
0.000000000000000000e+00
