-9.470214843750000000e-01
-1.056241387560883371e-01
8.706984013417885526e-01
-1.382836707907556750e+00
-1.484730773955790228e+00
-3.703585051072777468e-01
4.129269676525180177e-01
3.949799862019869323e-01
-4.770321771335368499e-01
-4.802516509882870377e-01
-3.706880293279124494e-01
-2.139561988617857402e-01
7.824101856943830313e-01
1.151762139767112947e+00
5.807650308065317457e-01
-3.672010971928807432e-01
-2.748087847077881118e+00
-2.706905575695331745e+00
-3.467878173873950587e-01
1.090365542969078394e-01
-2.249370618089785445e-02
8.874212827173466600e-01
-1.138476545426232667e+00
-1.044073590832599319e-01
-1.043509058647375198e+00
7.759722744816057727e-01
3.032842907744691008e+00
-7.109387244461240485e-01
-3.847961941182393986e-01
9.562921952928800096e-01
-1.505950385562485394e+00
-1.995945193486102553e+00
1.360664728897641673e+00
3.326077693866691387e+00
5.845262844105948652e+00
-2.311181735904342283e+00
-6.547642560508338150e+00
-7.336800648586319085e-01
1.414349938060464495e+00
-2.386402625661151689e+00
-5.938960063843813586e+00
-2.984434301578888338e+00
1.134860656601582640e+00
9.167010025639807935e-01
-7.245655228620702104e-01
1.312147140033542714e+00
1.677531666578948366e+00
5.785332846092698933e-01
1.989240248642304199e+00
1.804556203140521120e+00
-6.703532125138376152e-01
-3.677697252494928293e+00
-3.435348764585955283e+00
1.257174750595024371e+00
9.931103604067628154e-01
-2.307451308247724153e+00
-1.150487717296637680e+00
3.411075356071423315e+00
2.459952924373291605e+00
1.129702013515223369e+00
7.284309993747429823e-01
1.127336645682586846e+00
-6.049825817544707274e-01
-6.437157953829621970e-01
-9.304985587958574111e-01
-1.657852305110968150e+00
-6.029634159378118863e-01
-2.067687282482212896e-01
4.968661956123621160e-02
1.616799505576117957e+00
2.870047329702263283e-02
-1.146955763244448256e+00
-2.735023326704941748e-01
7.922393361326069972e-01
5.588591723909575038e-03
3.467658922845024527e+00
4.175037610122336318e+00
3.097022779468610487e+00
3.474944939897843810e+00
2.499115135014816413e+00
2.646838235684490392e+00
2.011252880580844504e+00
1.415912668424188503e+00
2.846125777701491444e-02
-1.263811091948326526e+00
-6.575199738002477368e-01
1.908324265585406021e+00
1.321075941806163945e+00
8.142076046486890206e-02
1.732869578732231020e+00
-7.833729622131861969e-01
-1.204566832376037899e+00
1.620813090308703908e+00
-8.811729197786686285e-01
2.856360373516126927e-01
2.455354115333014065e+00
4.271343300823109423e-01
-2.030102985969552964e-01
2.696217428465155219e-01
-1.122221497484563901e+00
-2.449548433710932116e+00
-1.993571875153886896e+00
-1.890635455565783385e+00
-3.336067698981678653e+00
-1.870811882040950946e+00
-2.820410543488273802e+00
-2.052612039659426291e+00
1.111564872459555264e+00
1.852424967663366395e-01
4.098424940717437792e-02
2.116716443939447245e+00
1.467348891038132264e+00
-1.875817941384111176e+00
-1.397179800991840359e+00
9.400185355553594135e-01
-3.800593390331785670e-02
-3.394251365299819856e+00
-5.997795019985314724e-01
1.581478891034265200e+00
-1.721422586053440895e+00
-1.523697673236552141e+00
-1.142052514228334648e+00
2.954524231522652755e-01
1.671861108196213808e+00
-1.348009301361349221e+00
-3.786943177887129863e-01
-8.382610597070665470e-01
-7.963887567093697051e-01
1.269686517620952415e+00
7.951424830710940306e-02
2.113718210674123910e+00
1.490959802970664327e+00
-1.918118568504586285e+00
-4.280677725575197101e+00
-5.117273504387230609e+00
-5.811089443228003582e-01
-1.311956334837196536e+00
7.192623712317036677e-02
6.460385083759289770e+00
8.339938014846696390e+00
5.656506396865419006e+00
4.857343510297797984e+00
3.984067140357911541e+00
-5.112039008149880104e-01
-5.705991833952422709e+00
-6.207515249418730008e+00
-3.193089944330221197e+00
1.792064786247102859e-01
2.986774010362120979e-01
-2.392820185562030133e-01
-3.252575253581409420e+00
1.268634064581615206e+00
2.280944299529463315e+00
-6.183744450028395789e+00
-5.482153706433814833e+00
-3.032027114729720196e+00
3.526652712312947635e-01
3.764414138485334238e+00
-1.182126556007861318e+00
-1.189387758992145550e+00
2.405912794139500654e+00
-1.644391118510738714e+00
-4.783439423630714060e+00
-2.433199734763282329e+00
-1.480860036999653850e-01
3.912278249941088859e+00
5.119747026606878748e+00
3.115244235203956435e+00
2.398075513877161669e+00
-2.895498032078442918e-01
-2.670392618473911739e+00
-3.198767283383330717e+00
-2.596157524036892372e+00
-1.757933905627083959e+00
-6.243481870280520596e-02
-1.659673173602278062e+00
2.007725412989807001e+00
5.437344034231591294e+00
6.200910670668686286e+00
4.528378888794076573e+00
2.278839538941239695e-01
-4.707077712682972148e-02
2.266423326291392648e+00
2.042128895256492438e+00
2.497316006725641913e+00
1.257746469370139009e+00
-7.853181605042778290e-01
-7.047650687687427862e-01
-4.778763087813775456e-03
5.506519304734194264e-01
4.559164684120955435e-01
-3.389786136373829084e-01
-1.088527342308003298e-01
-1.182583060114158702e+00
-3.213226643200712829e-01
-1.040968910009391513e+00
-1.471559196614531384e+00
1.721558849364801524e-02
4.652341926647796111e-02
-8.401869594843474065e-01
-7.278489584255460887e-01
-5.037850419693024051e-02
-5.487557750947085200e-01
2.092063017549941062e-01
9.159589381853676660e-01
-1.173735042464586709e+00
-6.093821766496234638e-01
-9.540463479675402869e-01
-8.616251211194992932e-01
1.148117574563491727e+00
-8.915445526864702597e-01
-1.501182769046082166e+00
-1.767514733384154990e+00
-2.348742688003446322e+00
3.910685960723470078e-01
-7.751100662677536945e-01
-2.397217463004170490e+00
-1.798769510683050132e+00
-5.607772506235466636e+00
-7.523645707503311186e+00
-2.260010865668841795e+00
1.971040507053692492e+00
2.534272391325803397e+00
2.963858111880458779e+00
2.437048569965625244e+00
-2.038963992954904825e+00
-6.356694019086884140e+00
-3.004832701955182372e+00
4.419810900232013395e+00
2.915606291718020771e+00
-1.738665673005831636e+00
-7.781847163921238320e-01
-1.450872637598107362e+00
-4.483117573579608717e+00
-7.150190825531796079e+00
-7.987653101331758876e+00
-8.844408685217652888e-01
1.400423420694406396e+00
-2.075788351826446387e-01
4.654598922713373277e-01
4.314553239834364007e+00
3.151999692653359553e+00
-4.766867259333176676e+00
-8.358333745347490407e+00
-4.604901306019849372e+00
3.244066049029354470e+00
2.926322263770347654e+00
2.866172030762061063e+00
3.878069624423588380e+00
2.840809998513952994e+00
-1.178669255216338918e+00
-3.850320640159948127e+00
-8.746836257628829436e-01
1.802210138894579927e-01
2.277640467336729202e+00
4.897562901746974617e-01
-2.982401971762747017e+00
-6.606099291211493529e-01
4.055851202196658623e-01
2.932150725468785080e-01
-4.138831119160522043e-01
2.295319077545978637e-01
-1.327113552913033345e+00
-1.965215914780961359e+00
4.088167958645049893e+00
4.603206355756022106e+00
3.818222274294465812e+00
8.334186797742054509e+00
7.589956101992331838e+00
3.143839232854049648e+00
3.878531343233020401e-01
-1.388434808298883549e+00
-3.382752184310317212e+00
-1.050348820142237294e-01
2.933930107328403647e+00
7.333720669059600183e-01
-8.444463207870480659e-01
2.537360606978540378e-01
1.534859179138751806e+00
-8.891014613159446967e-01
-5.195206215523682225e-01
1.832649623677710338e+00
-2.855549005348913205e+00
-2.185776674726085833e+00
4.746605690227201357e-01
-1.486498347052451763e+00
-1.147287100655437708e+00
-1.789160154491578059e+00
6.624065054335006586e-01
1.053138903927078207e+00
-9.706024649480861077e-01
1.122717006875259660e+00
7.306640579152525738e-01
2.107615353939960023e+00
3.820778406092522061e-01
7.560201830330002259e-01
4.082724586876029349e+00
7.493261072898689257e-01
1.096637002309823750e+00
2.602152429814588608e+00
-1.383109085519591552e-01
8.562393872876474799e-01
8.069981110205126651e-01
-1.437383489323729169e+00
-6.361745629087436349e-01
-9.834898687089591585e-01
-5.784539169878591958e-01
-1.179139421867375415e+00
3.769524802019448284e-01
4.330708232126669888e-01
1.447187788966468158e+00
2.855067557843013581e+00
1.802876990708717875e+00
1.384948939732805195e+00
2.044761464608816581e+00
1.247282865339875979e-01
-1.524570340379312050e-01
9.907213416694755637e-01
8.386213032360643194e-01
2.843291800961583515e+00
1.396492897123824850e+00
6.106549927596267580e-01
-1.544913212186252549e+00
-1.222016345723156316e+00
1.300179309429033259e+00
2.730973869447650859e+00
2.563596002756193482e+00
2.777441974197725649e+00
3.217261943308593164e+00
3.000286292118754083e+00
3.147256420753884232e+00
2.696631176022965981e+00
-2.300840596379832181e+00
-2.460427478771722409e+00
-1.765815634989203353e+00
-1.545753801813352979e+00
-3.122406754709801113e+00
-2.754510107317367229e+00
-4.536632647649301298e-01
-2.251813697856069885e-02
6.064721555800389741e-01
-3.088904814392343656e-01
-5.565330795677045916e-01
-1.243515768787040621e+00
-2.698206542467501912e+00
-2.282330151614249125e+00
-3.771517378978253454e+00
-5.365903031148953950e+00
-3.029212837522431201e+00
9.104430402246133092e-01
-4.935280761592539811e-01
-2.592790884787250061e+00
-3.381390426271962291e+00
-2.783038235389403869e+00
9.927010263229505416e-01
-3.063024945503429741e+00
-4.520973472800180026e+00
-5.666041585211302412e+00
-4.420454374790496743e+00
-3.365048577292876431e+00
-3.337635711516213188e+00
-2.366678419670634081e+00
-9.234225906682747009e-02
8.621484811991084740e-01
2.990645288864788753e+00
3.324923601490156422e+00
-1.033808492536001600e+00
-2.937161843691242780e-01
2.321906006279867540e+00
2.661475788403140808e+00
-2.995627292456583657e+00
-2.295695406822093609e+00
1.859616064205269481e+00
6.065665085914211829e+00
6.618252347958962112e+00
4.902689044289257225e+00
3.529870799191875186e+00
3.780942299852212418e+00
4.209359703393835694e+00
3.155228832841660669e+00
3.939939395028018154e+00
3.459694435572817639e+00
8.151665032742470007e-01
-1.516959618897397277e+00
-2.090708258064578828e+00
3.322689163168801585e-01
6.649553184724835697e-01
-9.638617614099898034e-02
3.865334684473959115e+00
3.473141212086954699e+00
1.668550170922763254e+00
7.971341624643901724e-01
1.070332078399108600e+00
2.239072669909381474e+00
3.182679636964009795e+00
2.520283453549526875e+00
7.630213210519924960e-01
1.189623056128598977e+00
1.658708360620304800e+00
1.934387312557856342e+00
2.055003497454804595e+00
2.177637479302519719e+00
1.910418318174645913e+00
5.720703258601343988e-01
1.764265302036674532e+00
1.883034857942798013e+00
0.000000000000000000e+00
0.000000000000000000e+00
0.000000000000000000e+00
0.000000000000000000e+00
0.000000000000000000e+00
0.000000000000000000e+00
0.000000000000000000e+00
0.000000000000000000e+00
0.000000000000000000e+00
0.000000000000000000e+00
0.000000000000000000e+00
0.000000000000000000e+00
0.000000000000000000e+00
0.000000000000000000e+00
0.000000000000000000e+00
0.000000000000000000e+00
0.000000000000000000e+00
0.000000000000000000e+00
0.000000000000000000e+00
0.000000000000000000e+00
0.000000000000000000e+00
0.000000000000000000e+00
0.000000000000000000e+00
0.000000000000000000e+00
0.000000000000000000e+00
0.000000000000000000e+00
0.000000000000000000e+00
0.000000000000000000e+00
0.000000000000000000e+00
0.000000000000000000e+00
0.000000000000000000e+00
0.000000000000000000e+00
0.000000000000000000e+00
0.000000000000000000e+00
0.000000000000000000e+00
0.000000000000000000e+00
0.000000000000000000e+00
0.000000000000000000e+00
0.000000000000000000e+00
0.000000000000000000e+00
0.000000000000000000e+00
0.000000000000000000e+00
0.000000000000000000e+00
0.000000000000000000e+00
0.000000000000000000e+00
0.000000000000000000e+00
0.000000000000000000e+00
0.000000000000000000e+00
0.000000000000000000e+00
0.000000000000000000e+00
0.000000000000000000e+00
0.000000000000000000e+00
0.000000000000000000e+00
0.000000000000000000e+00
0.000000000000000000e+00
0.000000000000000000e+00
0.000000000000000000e+00
0.000000000000000000e+00
0.000000000000000000e+00
0.000000000000000000e+00
0.000000000000000000e+00
0.000000000000000000e+00
0.000000000000000000e+00
0.000000000000000000e+00
0.000000000000000000e+00
0.000000000000000000e+00
0.000000000000000000e+00
0.000000000000000000e+00
0.000000000000000000e+00
0.000000000000000000e+00
0.000000000000000000e+00
0.000000000000000000e+00
0.000000000000000000e+00
0.000000000000000000e+00
0.000000000000000000e+00
0.000000000000000000e+00
0.000000000000000000e+00
0.000000000000000000e+00
0.000000000000000000e+00
0.000000000000000000e+00
0.000000000000000000e+00
0.000000000000000000e+00
0.000000000000000000e+00
0.000000000000000000e+00
0.000000000000000000e+00
0.000000000000000000e+00
0.000000000000000000e+00
0.000000000000000000e+00
0.000000000000000000e+00
0.000000000000000000e+00
0.000000000000000000e+00
0.000000000000000000e+00
0.000000000000000000e+00
0.000000000000000000e+00
