1.440277099609375000e+00
1.258646875949360089e+00
4.270839855679345320e-01
-1.479347128887200657e-01
-1.650962183690434237e-01
-1.913142639019180802e-01
-1.403172997384105614e-01
4.931794349591073212e-02
-2.337798433285518396e-01
-5.465346310823404608e-01
-6.450105711865644631e-01
1.123417394914921486e-01
-1.812222952218789374e-01
-7.314815352509483892e-01
-5.841335118022262796e-01
1.993005966102540105e-01
5.223828353867272511e-01
-3.674042910239156412e-01
-4.181481749589589514e-01
4.874335544796117858e-01
3.809299855789891609e-01
-2.008878226564427827e-01
-6.772762354182393363e-01
-1.030894542061684960e-01
1.782103385454242295e-01
5.577225777083638647e-02
-3.559618131754871406e-03
1.478428124037209912e-01
4.613139444649372312e-01
4.792785205571425955e-01
1.801507242901083661e-01
-1.529428660623349812e-02
3.645252548169492512e-01
8.917313000859385941e-01
5.172608056349887740e-01
4.701019853526622327e-02
-1.296673898504738798e-01
4.102927642858356094e-02
-1.333883886509612537e-02
-2.918583282395935674e-01
-8.276293155386162947e-01
-9.123600445269927084e-01
-5.709674020686705820e-01
-5.555110106768712530e-01
-6.257972005352208100e-01
-4.334757333655330225e-01
8.443674862641326051e-02
5.528247620714527022e-01
7.211950918137237654e-01
-3.901542620955000817e-02
-5.506364267731185258e-01
-2.261502886967274861e-01
-2.566878166401058703e-01
-2.036136664597725243e-01
3.811126103018904754e-01
1.029811172668663621e+00
1.310503459034396023e+00
9.357039768784081168e-01
-6.617949690361668580e-02
-1.147488380773991512e+00
-1.178114665664641292e+00
-5.832982753768826134e-01
-4.582861207417215921e-01
-4.928898447104045344e-01
-1.408963492608072965e-01
2.578625898806437000e-01
6.005750894863071121e-02
-3.966325651739842639e-01
-8.314495006473011651e-01
-1.384726858145023831e+00
-1.865772933125545263e+00
-1.665360201160421605e+00
-4.735865690468639144e-01
1.226614788980663784e+00
1.361325815363194192e+00
-3.176357214881369018e-01
-2.409562383229978622e+00
-4.182325216082915631e+00
-5.444962492283206501e+00
-5.845542068607299413e+00
-3.607137136225325058e+00
-1.886073560537952165e+00
-1.016166083944139986e+00
-4.194602805946054946e-01
-5.579061291265492439e-01
-8.217585843544357171e-01
-7.281944866774012759e-01
-6.417567137664517141e-01
-8.865723993965912708e-01
8.959815330588796201e-01
1.962681649037286924e+00
2.339275952505110112e+00
2.285754098731115125e+00
1.791787306596380525e+00
7.907722786885575950e-01
-5.933353435571302459e-01
-1.703342931929876958e+00
-9.211150305376282210e-01
6.002815504936781510e-01
2.026559082817158242e+00
1.851016931197025261e+00
1.407523526237474343e+00
8.369489311338591531e-01
3.052031515559353592e-01
-4.391336477369151003e-02
-7.027801706505498736e-02
2.927588472394391239e-01
4.010672809924653581e-01
-2.051777467330089255e-01
-1.480781377052491798e+00
-1.263625248345241481e+00
1.928598668937515637e-01
6.651099303112844030e-01
-1.369054032754619676e-01
-8.020865692815422054e-01
4.833834228750801820e-01
1.423414943502362640e+00
1.268304397024294872e+00
2.127428052217661403e-01
-9.706376870596908901e-01
-2.015170536182415706e+00
-2.583882189482574532e+00
-3.201086460643039810e+00
-3.011327421037627516e+00
-1.624029968184546480e+00
-4.710012776390533062e-01
-3.851243775735309072e-01
-1.325016207835893578e+00
-2.336926518421302390e+00
-2.900213918058641482e+00
-1.468605251475659124e+00
-1.478366498865406609e-01
-3.092809721435179071e-01
-1.976002483728929837e+00
-3.665288848450025228e+00
-3.525689321028622647e+00
-2.607426867005383730e+00
-2.329458163235239798e+00
-2.596247225066947273e+00
-1.926915071505396426e+00
2.485614159841338378e-01
2.478798253780699401e+00
2.859871408745615184e+00
1.704881419381254481e+00
1.264544324633738448e+00
2.367729018798632623e+00
3.691770169410280467e+00
3.022796777197505058e+00
1.816720184791935644e-01
-1.635283953458455786e+00
-3.642428786678027386e+00
-3.951994876516558453e+00
-1.272207622091333867e+00
1.662806573969069834e+00
1.318300880582347512e+00
-1.663989364233960710e+00
-3.311095410578540399e+00
-2.363483812672915629e+00
1.674724904479170107e-01
2.818991792062447210e+00
1.920890116085876898e+00
-1.897536095886427798e+00
-4.570585664680856475e+00
-2.850618381919931554e+00
9.216382116640797761e-02
3.151819296806284143e+00
4.631116139440880630e+00
2.294291520397477857e+00
-1.011038846632605903e-01
-6.871439506606340508e-01
7.289996990396807597e-01
2.635074238883611031e+00
2.973742541888521274e+00
2.389451165156195600e+00
1.287841118993824363e+00
-2.207394369377264631e-01
-8.820092698741310855e-02
2.923992448288698309e+00
4.708593672756243187e+00
3.755564038293588869e+00
1.651200395514189179e+00
-4.479639709281122428e-01
-1.067926424641347793e+00
8.793680223250455175e-01
3.262810477535509346e+00
1.756569312577282549e+00
-1.799710322517307226e-01
-1.015124302048849403e+00
-1.206101614722466353e+00
-6.157020223928304503e-01
-7.880898295529412678e-01
-9.627461307162654691e-01
-1.006585142123516352e+00
-6.498774555268916897e-01
6.135531137794214551e-01
2.152165822119953553e-01
4.577843013949012274e-02
4.110064872328993424e-01
8.847639912599374323e-01
1.128820100568910245e+00
1.183931071471995278e-01
-9.315714361518632192e-01
-6.935824180520655524e-01
-2.974211213582778068e-01
1.701285360903301846e-01
8.570451713508502323e-01
-1.454422143414106916e-01
-8.671419104684323642e-01
-1.008934883610977717e+00
-6.511650603075840316e-01
6.020154079397244118e-02
-3.233883294078703230e-01
-1.862566494950782303e+00
-1.304800772018251287e+00
3.586898578816333227e-01
1.827035822373675789e+00
-1.912603587243608683e-01
-1.919590174849679309e+00
-2.078215392475319945e+00
-1.073127609513544245e+00
1.260876316545516129e-01
8.862657447130092292e-01
1.160257360023666529e-01
-5.007540417228344420e-01
-1.323398152448187481e-01
2.402220959027698832e-01
3.094884052404416330e-01
5.534937657154943569e-01
6.077872029893285344e-01
-1.006012726800992407e+00
-2.447869187053204776e+00
-1.969909912239117489e+00
-3.183806283213681532e-01
9.497103889238722729e-01
-1.704145402770112838e+00
-5.227704110998236509e+00
-4.628226797806352266e+00
-2.916383168314249819e+00
-6.391329599739128398e-01
1.363403777157293550e+00
9.884226649937859488e-01
-1.608075999596017436e+00
-1.987433063047737480e+00
-5.769610364786146306e-01
1.688057946351153138e+00
3.602321127981058524e+00
2.153790021962390000e+00
-2.037240245947257833e+00
-2.625797212009238102e+00
-4.100858697547868914e-01
1.775788749342885886e+00
2.877391593490539190e+00
3.279613534205275016e+00
1.296678919720836598e+00
-9.757187574296608545e-01
-9.282052043935520302e-01
9.030502116221503783e-01
2.639437852619525238e+00
2.459709110103818208e+00
1.832777501267086606e-01
-2.894995604249384957e+00
-5.141730223368348618e+00
-3.516841603042625497e+00
-1.620981844067884481e+00
-1.193838538120884252e+00
-1.369235275865680279e+00
-1.378803061700096144e+00
-8.772072710003508966e-01
1.500554261559068348e-01
7.169447023461748003e-01
2.661972620362833553e-01
-1.027121995457522363e+00
-2.323062019021508551e+00
-2.120606527060641788e+00
-1.823348116512630179e+00
-1.967514697530883261e+00
-7.017694449292339876e-01
1.229364646169599062e+00
2.482437089468166214e+00
2.975084357405421986e+00
3.369146019806996684e+00
3.750953122419134811e+00
3.568720167867087234e+00
2.793733010335056832e+00
2.125637841830763541e+00
2.060489676052705388e+00
2.216538414643750343e+00
1.818499350254474178e+00
5.550195747124817558e-01
-5.450434474064382862e-01
-2.429833046122193974e-01
2.715530739451057496e-01
3.298916637819915287e-01
-1.791917302145762392e-02
-2.612383971228461887e-01
6.906354660114317756e-01
1.044873381676299395e+00
1.389191032645767931e+00
1.656145937709986526e+00
1.506029622939586865e+00
1.020885972052575363e+00
-1.053663927762216179e-01
-8.332633070176188594e-01
-1.264064310384716006e+00
-5.206463625679207397e-01
7.417405027316061883e-01
1.917982680675442531e+00
2.227564652034140114e+00
1.432220939544403437e+00
3.326590625791318034e-01
1.148266389585382852e+00
9.269592365578265269e-01
-2.717409421852170492e-01
-1.977174950145140553e+00
-2.021286631123679456e+00
-2.467767224116244051e-01
1.162003629808248117e-01
-1.602487686524025179e+00
-3.550438783530807108e+00
-4.704861188383495652e+00
-5.327503490027044819e+00
-5.434378320981250177e+00
-4.744315885688983769e+00
-3.571413971010232835e+00
-2.161439434904757206e+00
-8.219188794152811894e-01
-8.391830555271412306e-01
-1.991937507302361299e+00
-1.350257883786185387e+00
1.538740236377451609e-01
1.709116980328315272e+00
2.549866248395304069e+00
2.583596474047358704e+00
1.955591335534938580e+00
4.666188375689519496e-01
-7.342210735896146367e-01
2.836494933679776231e-01
7.788704714980814181e-01
4.344479424048131033e-01
-3.703372681832837188e-01
-6.117691585829410084e-01
4.770755526723302609e-02
5.838382756291951026e-01
2.061579310583927516e-01
-6.733321481756787685e-01
4.874122666075266785e-01
1.561052143862551089e+00
2.305521534783124160e+00
2.710312856025197448e+00
2.660301136540410116e+00
2.236856111336543940e+00
1.370002930388243279e+00
3.193986834176293366e-01
-2.612823423490895358e-01
-6.000102120010937234e-01
-8.705277811593240544e-01
-9.147416239721025688e-01
-6.338810004564661149e-01
-2.499028070928339673e-01
-2.173581795655117332e-01
-4.427397071906130632e-01
-2.660870811114509626e-01
1.037102626005387274e-01
-7.443338402562105216e-02
7.369354145897122343e-02
1.209468384246022543e+00
2.303560274969592925e+00
2.210558861116158180e+00
1.744962623010657410e+00
1.283659861289880411e+00
9.589848395917677237e-01
8.780339570771414914e-01
5.059604803320988387e-01
-3.593835944091272050e-01
-3.643137710631504378e-01
5.035891335145773473e-01
7.653334331052048523e-01
3.521733417368740904e-01
1.598533177364840352e-01
5.890462254685104870e-01
1.026977917891310099e+00
4.154076842558017679e-01
-3.247083324121792236e-01
6.640163747064853350e-02
2.260708964114522823e-01
-2.171952322470813712e-01
-4.502643724583728080e-01
-1.429861098703133493e-01
5.071586796915928952e-01
2.371752418575430177e-01
8.099814388307291502e-02
6.360263464320103921e-02
3.456369261953742278e-01
-2.306768578895499466e-01
-7.269019896766699684e-01
-8.047139858504633869e-01
-3.493549774503753591e-01
4.005064204045096221e-01
5.837118356952848419e-01
8.146601114297973290e-01
4.841749075615668363e-01
1.656866247670674697e-01
6.343026140646201849e-01
9.002660170280389895e-01
7.520466789638629024e-01
2.671944745626539941e-01
4.005497119632460135e-01
8.649843136036793334e-01
9.626599837847112928e-01
7.455027636515444422e-01
5.566583533675940609e-01
5.082304345568775528e-01
3.436911943564409100e-01
1.149626549929922276e-01
3.542009957202738590e-01
4.112044194965416288e-01
2.020526770253535664e-01
7.206175321699873626e-01
1.283895404979825239e+00
1.364599487514241760e+00
9.015349458153922857e-01
8.160886232133464091e-01
1.565806208017686441e+00
0.000000000000000000e+00
0.000000000000000000e+00
0.000000000000000000e+00
0.000000000000000000e+00
0.000000000000000000e+00
0.000000000000000000e+00
0.000000000000000000e+00
0.000000000000000000e+00
0.000000000000000000e+00
0.000000000000000000e+00
0.000000000000000000e+00
0.000000000000000000e+00
0.000000000000000000e+00
0.000000000000000000e+00
0.000000000000000000e+00
0.000000000000000000e+00
0.000000000000000000e+00
0.000000000000000000e+00
0.000000000000000000e+00
0.000000000000000000e+00
0.000000000000000000e+00
0.000000000000000000e+00
0.000000000000000000e+00
0.000000000000000000e+00
0.000000000000000000e+00
0.000000000000000000e+00
0.000000000000000000e+00
0.000000000000000000e+00
0.000000000000000000e+00
0.000000000000000000e+00
0.000000000000000000e+00
0.000000000000000000e+00
0.000000000000000000e+00
0.000000000000000000e+00
0.000000000000000000e+00
0.000000000000000000e+00
0.000000000000000000e+00
0.000000000000000000e+00
0.000000000000000000e+00
0.000000000000000000e+00
0.000000000000000000e+00
0.000000000000000000e+00
0.000000000000000000e+00
0.000000000000000000e+00
0.000000000000000000e+00
0.000000000000000000e+00
0.000000000000000000e+00
0.000000000000000000e+00
0.000000000000000000e+00
0.000000000000000000e+00
0.000000000000000000e+00
0.000000000000000000e+00
0.000000000000000000e+00
0.000000000000000000e+00
0.000000000000000000e+00
0.000000000000000000e+00
0.000000000000000000e+00
0.000000000000000000e+00
0.000000000000000000e+00
0.000000000000000000e+00
0.000000000000000000e+00
0.000000000000000000e+00
0.000000000000000000e+00
0.000000000000000000e+00
0.000000000000000000e+00
0.000000000000000000e+00
0.000000000000000000e+00
0.000000000000000000e+00
0.000000000000000000e+00
0.000000000000000000e+00
0.000000000000000000e+00
0.000000000000000000e+00
0.000000000000000000e+00
0.000000000000000000e+00
0.000000000000000000e+00
0.000000000000000000e+00
0.000000000000000000e+00
