-4.021606445312500000e-01
9.283493674623188863e-01
5.943104489540944613e-01
-5.610515373647251280e-01
9.266008939139582790e-01
8.730814148543151187e-01
-8.156439961296995111e-01
-1.830165652566848600e-01
1.594382270449353767e+00
1.331578981655924032e+00
-9.789032662773156090e-02
-9.882166854249540000e-01
-1.118843009244158804e+00
-3.703796810108721527e+00
-2.620949301766217321e+00
1.072601495650519876e+00
3.760540622166101521e+00
3.966231018198924652e-01
4.047536992508575793e-01
2.513624690192186151e+00
2.489379944096536512e+00
3.939086375908276150e+00
5.327022640402567788e+00
4.242692233660934953e+00
2.436692602957035270e+00
1.974934566717813311e+00
-7.886226902351554102e-01
-1.774887739921399810e+00
3.193959819576885906e-02
3.910784730177692570e+00
6.451544619279435899e+00
3.603889138959567973e+00
2.941313058772832001e-01
3.836692151697103093e-01
-4.442201775187211155e-01
-6.925374465424538606e-01
2.586595728189101884e+00
1.324290074320364496e-01
-1.983509935305705518e+00
2.829340253738629407e+00
6.849512769082848784e+00
4.495585223950378406e+00
3.058109969195240918e+00
2.625959048196671031e+00
4.775294686980999792e-01
-9.148937466585007616e-01
1.366740382355265293e+00
2.930131886643654759e+00
3.445389742568514713e+00
4.118674357890097504e-01
-2.631536296349360704e+00
1.301794663607990010e+00
1.540773257550864805e+00
1.669324883808382509e+00
1.766941744061883313e+00
3.189617471041922947e+00
6.748594411482319977e+00
4.951522178102116811e+00
-1.978962606797827206e-01
-4.068106838824149918e+00
-8.835604807667711835e-01
-7.947929335364896097e-01
-1.523903060527782571e-01
1.268753710942468249e+00
1.316763095085679680e+00
1.728127353965426494e+00
3.590529691119545674e+00
2.482169891254930150e+00
-2.495914629448945377e-01
-3.844909520589125940e-01
2.476028577854223034e+00
1.991874041686017671e+00
1.324681156457145015e+00
1.939072422473372193e+00
1.474630655509075794e+00
9.283372793613031693e-01
1.173299583606680629e+00
3.255478061173140425e-01
-3.868745562383346659e-01
7.786639391620433504e-01
2.495945048938850164e+00
1.636570895877237586e+00
-5.271547328445731484e-01
-1.082016210216432572e+00
-3.971981114504483656e-01
-4.280715691626979513e-01
-3.092932188210162359e-02
8.682602942869532825e-01
1.160951043515243253e+00
3.291337464044929439e-01
3.299535737309804428e-01
1.509535461659134548e+00
1.957899341619774525e+00
1.421211346305061296e+00
1.023614141704110025e-01
-9.906913849815872641e-01
-1.180860863754827461e+00
-8.602783297250644612e-01
-1.515243619405491460e+00
-9.247180997776569544e-01
1.393010900836689103e+00
2.192295737081784601e+00
2.573426750163744448e+00
2.348812545245172689e+00
-1.628045142307772419e-01
-4.096626026366674278e-01
1.232932567992348627e+00
9.089743610618775671e-01
3.764850111462012539e-01
1.570810348433413495e+00
1.747108101098551858e+00
7.276032379863082156e-01
-5.167038633200280451e-01
-9.708573105873383735e-01
-5.286415624874518659e-01
-1.421339868434052800e-01
1.147017807214034235e+00
1.986762047831727163e+00
1.128416452536326720e+00
-2.676823092683360272e-01
-1.324370567236289542e+00
1.367196411570036130e+00
2.150157308217638175e+00
7.437672231509102616e-01
-4.524403282262605686e-01
1.122291597773442007e+00
1.214787740505145486e+00
1.819401089697552099e-01
-2.001157517302716293e-01
1.070598679125436270e+00
1.970197972377560003e+00
1.600932843076654954e+00
8.930419870948209660e-01
8.918903745295592156e-02
-2.484610197505553453e-01
-3.190125562082352095e-02
4.227592626854156932e-01
-4.304033113294325474e-02
-6.184133271071287075e-01
-1.594443105327031374e-01
1.983882717802449291e-01
5.605416009026342739e-02
9.462576763414305425e-01
1.463737009662672728e+00
8.081681986649160709e-01
8.201183969080043656e-01
4.837881745395539168e-01
-2.499178372612413934e-01
2.188967201796976347e-01
3.822845128372622803e-01
-8.832913224372640482e-01
-9.354947831686398763e-01
-1.192135530646282859e+00
-1.905754006266476841e+00
-5.179123671683731889e-01
5.299059010596702812e-01
8.279275747548366926e-01
1.328948095317716405e+00
2.173772895593325760e+00
1.519293087918887730e+00
3.117685838264472320e-01
1.244227703609885216e+00
1.105689458003150438e+00
-3.972222539326022428e-01
3.417907121489422995e-01
1.226457777372768065e+00
-4.891344226211156165e-01
-8.605498485317166768e-01
3.249328361039953705e-01
1.116089288430690996e+00
1.741141443032994784e+00
2.323371912754240931e+00
1.802524033636046408e+00
8.125042512666968975e-01
-1.136428318254401049e-02
-2.387987878896027372e-01
7.857823604242453186e-02
2.910104726180992030e-01
1.227791907270255001e+00
1.976049640236272609e+00
2.434617339145181081e+00
3.006630761495314719e+00
3.259528891149325869e+00
2.345525671575730442e+00
6.949037626011391744e-01
-3.691303962299870012e-01
-2.777498525439365817e-01
4.857402291479906431e-01
1.979678347301508712e+00
2.488721699453426250e+00
1.871598457792345016e+00
1.414527923364919282e+00
1.117173433954683048e+00
9.463937667787458707e-01
1.233505300796685411e+00
1.237231067209420221e+00
-1.220070522513196476e+00
-1.454827026913029897e+00
-1.883596554675733614e+00
-2.397782492152668254e+00
-2.835767418051898137e+00
-2.649604824409288462e+00
-7.745621203529502452e-01
1.103552514129357398e+00
9.490844118242910410e-01
-7.902751042349770438e-01
4.044491056973646970e-01
1.861331203902377052e+00
2.242927776085403835e+00
1.780764257794478667e+00
1.080523302095622640e+00
6.001971355234045902e-01
9.554312404501958955e-01
1.029022257773398064e+00
-1.843424906410628950e-02
7.477535593537965042e-02
6.719075251199559951e-01
8.306983338845785880e-01
4.964192856986393565e-01
5.330184079106707884e-01
8.494697621954623301e-01
1.065687791711429355e+00
1.217147687926893873e+00
3.987005482709444770e-01
-5.575306501914845114e-04
7.863571608678667779e-01
8.771404385735110942e-01
6.350096725860776559e-01
1.274359738247811347e+00
4.997831417358902240e-01
-7.681758941159664289e-01
-8.193140280710489165e-01
3.301679579915077767e-01
2.037298053467544001e+00
3.450735774303570924e+00
3.106833241779791699e+00
1.152698259355441790e+00
3.069697352787437161e-02
4.273486156581365325e-01
-5.420972897332396734e-01
-2.720108632174215835e+00
-4.301229813197433138e+00
-3.282278224563193181e+00
-1.359730454369596053e+00
8.669491008120555620e-02
5.876547144599748584e-01
2.585506381148310329e-01
-3.238119711050344574e-01
-2.497072480328803579e-01
3.745907285120884112e-01
1.053114163850167095e+00
1.777497956038617488e+00
2.862519347999574304e+00
3.076543991492878494e+00
2.070133804291308888e+00
1.102753614192554465e+00
5.477867712201768269e-01
-2.102792216299785855e-01
5.332739214821689000e-01
2.281729728348295794e+00
3.275215616603773583e+00
2.973267227877916419e+00
2.359533834543384057e+00
2.186772566162188625e+00
1.288091845781316636e+00
-2.309963162080735932e-01
-8.055773645065200661e-02
-6.428201368141446270e-01
-4.311745841918923627e-01
1.190635698579420421e+00
2.278641012299816637e+00
2.054548500716404824e+00
1.443175756056149783e+00
5.287936243807291881e-01
-9.753504009074820402e-03
-1.270050551769958957e-01
3.861912171782551084e-01
6.047509916477766811e-01
3.873005638617370572e-01
3.879699459504862835e-01
1.072145829480904089e+00
1.203137326938091611e+00
9.353843308127423040e-01
1.369890533450357495e+00
1.563697884091085122e+00
1.046141605075808778e+00
6.061179249223500598e-01
2.029689311225120196e-01
-6.823903391219272585e-01
-1.645007495276466836e+00
-9.644076163657820944e-01
-6.956493627565055737e-01
-5.141935138648008330e-01
-2.404063793523822934e-01
1.394562871814863936e-01
8.862579060489638172e-01
2.026808419319994226e-01
3.963999580809416390e-01
1.620497637276848923e+00
1.313580465918841478e+00
6.186270479702945524e-01
6.916943818591430038e-01
-1.499237209271536697e-01
-5.324222250799972578e-01
-1.819107648731043136e-01
3.465084319938170343e-01
3.469732558788232168e-01
-2.526251119972874881e-01
-4.001789681804809318e-01
2.715708814564412599e-01
8.475916683885481584e-01
1.687529780150612613e+00
1.688975578254534593e+00
1.915602163187664075e-01
-3.933143521867150660e-01
9.599183567844138398e-01
1.693406018522954248e+00
3.209317399352409339e-01
-5.172740143517822187e-01
1.175753875933515769e+00
2.025789711994520736e+00
6.025300830101911753e-01
-1.896392830585459599e+00
-1.414572805949987355e-02
2.214988202713946475e+00
1.879470716755849757e+00
3.495297614633829930e-01
-7.877836341407040699e-02
-3.905418466228429697e-01
-1.187329254817351076e+00
-5.215329974917826128e-01
1.132280035346633129e+00
2.234379416400510632e+00
1.763403460453453420e+00
5.771114794822574945e-01
7.256957397463014159e-01
5.795007649826997564e-01
-2.505612665393077698e-01
2.617543690098504960e-01
1.749530326616504095e+00
2.922124265015020317e+00
2.590248210290109210e+00
-4.968202489847581838e-01
-1.280475884980160961e+00
-2.865827026794753873e-01
-4.461556685100356301e-01
-1.654264378322067630e+00
-7.794198702455494843e-01
4.029864910684046730e-01
1.159534377983808984e+00
1.927151155386017223e+00
2.068754529291118249e+00
9.952698698562523205e-01
-8.100852792435786487e-02
9.300710552993773916e-01
1.170173840456467218e+00
-3.034900504566439006e-01
-1.126235319668619006e+00
-6.257213709900684151e-01
-7.255392580169787164e-01
5.081816046634246575e-02
1.929813760625098684e+00
1.346675518754591794e+00
-1.172189564645265136e-03
2.614735329170647660e-02
1.442848391946605302e+00
1.284937084982785249e+00
1.017567071959560643e+00
1.971387615038344698e+00
1.159231283802179657e+00
9.881930997251393567e-01
2.710519253327190459e+00
1.607072588637752819e+00
-1.040724071150126218e+00
5.958188280225684696e-01
3.478735896987642739e+00
1.946710825607520068e+00
2.983803589898115227e-01
1.017522683874233724e+00
1.741934734725337552e+00
1.263132823728322585e+00
-1.033664410087634433e+00
-3.680565404358664416e+00
-4.769458886943165332e+00
1.745423740219651521e+00
7.502716648920666920e+00
5.618735984110832860e+00
6.721405618137401561e-01
4.448979459873125819e-01
2.745407608680086931e+00
4.110756458927658841e+00
8.210919385898209910e-01
-3.046119290582388395e+00
1.170720253502814057e+00
3.481790924931172704e+00
3.936420326411758097e+00
5.793234334761039328e-01
-2.323462809985390898e+00
1.327933696225483740e+00
2.414236174934157209e+00
2.429431544999861359e+00
6.671799710540901707e+00
5.912659000716897317e+00
-9.947601758084356760e-02
-1.548403429255930774e+00
3.453625049660407953e+00
2.549855957574638232e+00
-1.927940470327462519e+00
-2.909098246882990679e-02
1.121658807558301163e-02
6.169768721805777290e-01
4.740750098488680564e+00
4.711805300482012626e+00
2.250249369870524596e+00
1.385050018693716467e-01
7.600932156713913201e-02
1.864000212573560855e+00
2.612415759163866369e-02
1.377648277324380999e+00
4.116964552460531834e+00
5.310844058547013802e+00
4.758349301720100399e+00
3.603921892035911512e+00
1.778734187521555654e+00
6.796703772571910385e-01
1.939879737618493083e+00
1.143374678608472639e+00
-5.276802181207340681e-01
-1.887555930439700713e+00
-1.720331947402739869e+00
-2.802376301662444780e-01
-8.671500715564507411e-01
4.879516189948314153e-01
1.377097800809839345e+00
5.467972297909748924e-01
-6.870055137543538137e-01
-2.328156867167674449e-02
1.347322562463094897e+00
-7.158049219070516944e-01
-8.136073690427512162e-01
1.268918247128504762e+00
2.879327044794778967e+00
0.000000000000000000e+00
0.000000000000000000e+00
0.000000000000000000e+00
0.000000000000000000e+00
0.000000000000000000e+00
0.000000000000000000e+00
0.000000000000000000e+00
0.000000000000000000e+00
0.000000000000000000e+00
0.000000000000000000e+00
0.000000000000000000e+00
0.000000000000000000e+00
0.000000000000000000e+00
0.000000000000000000e+00
0.000000000000000000e+00
0.000000000000000000e+00
0.000000000000000000e+00
0.000000000000000000e+00
0.000000000000000000e+00
0.000000000000000000e+00
0.000000000000000000e+00
0.000000000000000000e+00
0.000000000000000000e+00
0.000000000000000000e+00
0.000000000000000000e+00
0.000000000000000000e+00
0.000000000000000000e+00
0.000000000000000000e+00
0.000000000000000000e+00
0.000000000000000000e+00
0.000000000000000000e+00
0.000000000000000000e+00
0.000000000000000000e+00
0.000000000000000000e+00
0.000000000000000000e+00
0.000000000000000000e+00
0.000000000000000000e+00
0.000000000000000000e+00
0.000000000000000000e+00
0.000000000000000000e+00
0.000000000000000000e+00
0.000000000000000000e+00
0.000000000000000000e+00
0.000000000000000000e+00
0.000000000000000000e+00
0.000000000000000000e+00
0.000000000000000000e+00
0.000000000000000000e+00
0.000000000000000000e+00
0.000000000000000000e+00
0.000000000000000000e+00
0.000000000000000000e+00
0.000000000000000000e+00
0.000000000000000000e+00
0.000000000000000000e+00
0.000000000000000000e+00
0.000000000000000000e+00
0.000000000000000000e+00
