8.509521484375000000e-01
4.354798471646095237e-01
-6.082266901744537435e-01
4.471937626316215830e-01
6.456072711116109808e-01
2.025137809739392392e-01
-3.284845914757100749e-01
-1.732043927110593629e-01
5.718734518983992210e-02
-1.978305901123307287e-01
3.038373832811469555e-02
3.086579815255587889e-01
2.558228631307983836e-01
1.437834046627373130e-02
2.093947966782720993e-01
2.321972748882537019e-01
1.938774888639653859e-01
3.657210994623123490e-01
3.049422646705330919e-01
1.621199860294741946e-01
1.159078501683108442e-02
-9.219084063290328146e-02
-2.457140327762037391e-01
-3.435127278730061295e-01
-2.067195710918419138e-01
-3.604533828070286550e-01
-5.948672654082813871e-01
-4.413704200299093383e-01
-9.007689203666451316e-01
-1.254237207294215839e+00
-8.518140409614693986e-01
-2.729535453112694743e-01
-1.014084168548276876e+00
-8.877601238223057356e-01
-4.186508969057424201e-01
3.081649459699156157e-01
-6.908161005867974325e-01
-1.329475750575203508e+00
-8.790502956668442280e-01
5.062318131480005867e-01
1.786081677730505302e+00
-8.298256341820460236e-01
-7.014061939208042773e-01
7.452359304204956292e-01
9.195523565711651859e-01
-2.937543545665142197e-01
-1.285875295652345596e-01
7.346263327126756337e-01
-8.870678052732375862e-01
-1.221642893329148327e+00
-6.412341345486609612e-01
4.345601500721798516e-01
1.147183381220195475e+00
1.210589517781871738e+00
9.151762702624992585e-01
-1.533057836965227017e-01
-6.069124833796570861e-01
-7.466897558696103943e-01
-4.834442155667075802e-01
2.463748855190637244e-01
8.743912770251442979e-01
1.164869084331990212e+00
1.110111967500011954e+00
-1.962555796386089568e-01
-6.577760101957252914e-02
4.079170517881742786e-01
7.043473842981933242e-01
-2.153682387696069789e-01
-8.037773948130035873e-01
2.641151842271316497e-03
8.782022779650702216e-01
1.575184388628992904e-01
-7.780512319254824227e-01
-6.016908080201615050e-01
-1.659234899286983200e-01
6.222038685463853191e-01
5.253060193920340293e-01
2.425234628810608584e-01
4.990651262542823430e-01
-3.018144886822851092e-01
-1.586612701567604589e-01
-1.864774840659630950e-01
2.685497635752025491e-01
-5.390045693503735524e-01
-1.564039036614763845e+00
-7.310064899439683295e-01
1.630714646799314771e+00
1.472138678277257640e+00
-2.108084819748738070e+00
1.359429245009668996e-01
9.244555022519871379e-01
-1.130649869032289700e-01
3.752393247880667637e-01
-5.722794486430662353e-01
-9.723248716639134592e-01
7.812950401755487384e-01
1.859557183117250823e-01
-5.577281914453613432e-01
2.394799259927811175e+00
6.075889421694760095e-01
-1.748678226938019220e+00
1.459962576198788886e+00
-1.870851967987161579e-01
-1.959986827665960663e+00
5.393405482363364811e-01
1.292250435564604727e+00
-8.355154994373870103e-01
-3.200451882273096516e-01
1.060119082935455426e+00
1.629470373794075666e+00
-7.703930940767844682e-02
-7.907334533473462379e-01
1.770053998504894643e-02
6.872314290639991441e-01
3.830951901963578488e-01
-5.979391344611388881e-01
-2.632114704522849902e-01
-1.766004072248937851e-01
2.680853063218857635e-02
-7.968704469653542510e-02
-1.299848795223023545e+00
-1.369970125964435903e+00
-3.340459259950434578e-01
4.419085325566181055e-01
1.002598173544001270e+00
1.580324667769119618e+00
7.688776625157157651e-01
-3.640965489091853025e-01
2.797580635969449947e-01
-3.512491937582368218e-01
-6.032975688500339384e-01
7.766257391600375204e-01
-5.502621628674133625e-01
-1.501021804371661439e+00
2.223912472996880663e-01
1.947769227221344490e+00
-1.098921448281786617e-02
-9.467134762116699020e-01
8.505416924610774698e-01
-8.918755892394583107e-01
-2.066899390523925018e+00
8.734674391091701295e-02
1.819422572525552617e+00
9.352688007992457919e-01
-8.496142739705774272e-01
-7.672627831839688994e-01
-9.676888656277584655e-01
-4.407011808283538556e-01
7.769908472709183833e-01
1.380608873003753123e+00
1.339638265991520694e+00
-5.552764414970490225e-01
-1.394036195250653254e+00
2.751465639077377290e-02
5.171910012931406619e-01
3.013542328941263282e-01
3.015936235993499359e-01
-5.394683203598016341e-01
-1.004909710277573476e+00
-3.362317434952268869e-01
-2.500744870154227861e-01
-6.926692220406893696e-01
-2.221214156335693524e-01
1.232450511246433456e+00
1.690191981625550843e+00
-3.144938680632465289e-01
-1.586576285973196665e+00
-6.859818196159266357e-01
5.040627932708523495e-01
9.920053448112606809e-01
5.542553023430147885e-01
9.739149149024008967e-01
6.265701892929189665e-01
-1.555453744301509067e+00
-7.661407147884153890e-01
1.229660854766723155e-01
-2.918399195153486669e+00
-2.804721147519022573e+00
1.838392659740453183e+00
1.975854141366161443e+00
-2.619489013216258932e+00
-2.127446936246574438e+00
2.790200271580695279e+00
2.958554715827418136e+00
6.632547116323173064e-01
8.990443384947699457e-03
-5.996161607748322631e-01
-1.967496755916097406e+00
-2.280037944575040054e+00
5.463389196299028860e-01
5.742919275249427358e-01
-3.160053910268241228e+00
-1.556280340385172600e+00
4.924095255602813026e+00
3.538388566808523095e+00
1.025695191388654282e+00
6.855444166646891269e-01
-2.404771983043187067e+00
-3.275893282970682829e+00
3.875147464772866535e+00
2.410975075436545545e+00
-4.090048182982312319e+00
-2.809261238815456974e+00
4.528611309923403105e+00
1.355123899094062168e+00
-2.101915703052874562e+00
1.733171808821188487e+00
-2.638048723008630247e-01
-2.342366078466985080e+00
6.602281981412774226e-01
6.307045544822131866e-01
-1.546606402124236279e+00
-5.585234463155819284e-01
1.794967890938705457e+00
1.728839788899054986e+00
1.008022680222230294e+00
-1.005454562744561020e-01
-9.595755137785297872e-01
6.587388397199537282e-01
1.225167540528843357e+00
-3.891824352053658842e-01
-1.329858096612841489e+00
5.261153752007332596e-01
6.774962241869826318e-01
-3.952200807725663179e-01
-1.581520942796068363e+00
-2.066605628200212763e+00
-1.310465750914591609e+00
1.352246173381990824e+00
-4.145522531793073284e-01
-2.052769789874323791e+00
1.950005804715627677e+00
-1.637859543234339021e-01
-1.524704313576543235e+00
6.367315155859500919e-01
-1.858537482380509864e+00
-4.163224282263042753e+00
-1.294409430497903690e+00
3.969986750249444363e+00
9.995986857502217049e-01
-2.331746948873548941e+00
-2.571285248818941938e-01
3.792124635355143880e+00
2.357539492909309864e+00
-5.693152894389212904e-01
-2.724792166111796643e+00
-3.574718776264649289e+00
-1.343413937597160324e+00
3.418710411851866304e+00
2.125139983360756268e+00
-2.797169943417152638e-01
1.049904855453224872e+00
2.772144870141270978e+00
1.421020401093908259e+00
4.389246633972345712e-01
-3.325684524706638001e-01
-3.135501860029579202e+00
-3.533082842064483753e+00
-3.459897926015274017e-01
2.067903338751829523e+00
2.361684240007555502e-01
-1.767592543090275470e+00
7.543010125948348410e-01
3.384958316079080376e+00
2.463554181109307351e+00
1.242761733550243219e+00
1.005792700319715127e+00
6.011225898463565809e-01
-9.417011190945854260e-01
-1.701804868513184354e+00
-1.385584888124900882e+00
-1.143401271981334455e+00
1.734867408200928551e-01
1.754501693890461622e+00
1.142550013873482095e+00
-5.500355574637745271e-01
-1.828083796194066135e+00
-9.719180341689817038e-01
4.393899466506283602e-01
7.973812620675819751e-01
8.305845357571359777e-01
1.241211676814276466e+00
1.033709917371525622e+00
3.057898788210273722e-01
-6.083569015694130222e-01
-8.194886390557689637e-01
-9.402897364649653866e-02
1.194706300146401556e+00
8.525558135743354082e-01
-4.992588264462816117e-01
-2.279290631529334643e+00
-1.848504353348682683e+00
-4.374272220738291139e-01
8.760276355216229938e-01
1.946856027188076155e+00
1.099050948030027008e+00
-7.922740126541285566e-01
-1.569869860168067177e+00
-1.102208655779525648e+00
1.341614541498850954e+00
1.755030446167435088e+00
1.549093851466720517e+00
8.178971721141407025e-01
-4.455319572063132227e-01
-6.417623518297435048e-01
-1.035079649491103204e+00
7.285120308115329291e-01
9.051415692912267996e-01
7.380092677727447814e-01
2.410157548193061494e-01
1.738633442986600164e-01
5.385972948436242858e-01
-1.859131233196807953e-01
-1.121476543890854050e+00
-1.922372598837694513e+00
-2.731137013711885331e+00
-1.763802787432871888e+00
-1.077442873492451270e-02
1.698156173801288471e+00
2.188333217301551947e+00
1.821700975693554492e+00
9.635323537981768105e-01
3.311687898967091703e-01
7.660099651666393283e-01
4.575506996858347275e-01
-2.890568361530240216e-01
-6.565451723064528178e-01
-6.391995134753152286e-01
3.529654177668485326e-01
-3.785453946382677515e-01
-1.312078923386344798e+00
-1.748028210482797329e+00
-5.636306210129828909e-01
-3.144402017218461687e-01
-4.267785806819928140e-01
4.571729364221359670e-01
2.808929585220873992e-01
-5.231477880697310567e-02
1.266603502902770462e+00
-3.599572472244754184e-01
-2.006556566573624245e+00
-2.695521123389745810e-01
-1.851657337617504284e+00
-1.256168117843611931e+00
1.279222688907373229e+00
9.228869897271376743e-01
5.088618111549263467e-01
9.941354331557041846e-01
-8.344983755682795490e-01
-1.322519764137402465e+00
1.229803606100323243e+00
-8.860486990366922555e-02
-5.834555330967203801e-01
2.045115054574715430e-01
-3.970966581105761506e-01
1.415810247622339757e+00
2.455484557304075111e+00
1.879416983514417661e+00
6.811952194481278866e-01
3.430444856196349646e-01
-4.394903346573708625e-02
-3.769870906710239833e-01
-1.101870672415772079e+00
-2.192032895913889057e+00
-1.285693237825054958e+00
1.710165106766747822e-01
2.002562706763177047e+00
1.896256163770811964e+00
2.427073831483936850e-01
-7.366530037944567511e-01
-7.511791897773005822e-01
-4.791238291271475713e-01
4.513587286489453287e-01
8.189938130024896346e-01
7.222465779094640048e-01
5.829401770442078634e-01
-4.061922706015124174e-01
-1.346513165114271882e+00
-2.358674249577328297e+00
-2.994611769979639959e+00
-1.165993438307411978e+00
1.464237477004389998e+00
3.462869730535083512e+00
3.818980373565646680e+00
1.900132857321064517e+00
-2.620828489994515564e-01
-1.968439390870578176e+00
-2.919241849568360081e+00
-1.719828269980534285e+00
1.087564256541422525e+00
3.377805689921151711e+00
2.073383369782970220e+00
1.085583078245749178e+00
5.343249322019172354e-01
-1.052277255999012784e+00
-1.200770939624947076e+00
8.671507969676373051e-02
9.378212558150330613e-01
-3.906769827449849686e-01
-7.357010667704493301e-01
-9.277832410554878173e-01
-4.744266695880146045e-01
2.064126652925789340e+00
2.002682686623237895e+00
8.484669189627500607e-01
-1.099056224712899876e-01
-1.825246060008263616e+00
-3.260245913470869006e+00
-2.995350427270200733e+00
-1.526129749308074768e+00
-1.951164796592007367e+00
-2.903154646794374738e-01
1.629025765388044666e+00
7.645103920648390616e-01
-5.070903306054896920e-01
1.050839286493454594e-02
-1.278128897411344056e+00
-2.704003522592467235e+00
-1.428180072924191135e+00
3.916383432742784887e-01
6.181643613293332784e-01
1.751060185681999393e+00
2.757633154512485252e+00
1.605726327340309068e+00
7.561163732852848041e-01
-2.836862689590269326e-01
-2.919906859581471004e+00
-3.625152672766156492e+00
-1.520586774152457910e+00
-4.366059789655445389e-01
8.776316273905000465e-01
3.223020029520042851e+00
3.149847413545388441e+00
6.917729317464043071e-01
-5.823957486110979964e-01
-1.280111991836187402e+00
-4.232849304006763624e+00
1.976806960107737599e+00
3.037741117826898041e+00
2.307111471216264142e+00
1.540755141625314018e+00
5.632561581620931790e+00
0.000000000000000000e+00
0.000000000000000000e+00
0.000000000000000000e+00
0.000000000000000000e+00
0.000000000000000000e+00
0.000000000000000000e+00
0.000000000000000000e+00
0.000000000000000000e+00
0.000000000000000000e+00
0.000000000000000000e+00
0.000000000000000000e+00
0.000000000000000000e+00
0.000000000000000000e+00
0.000000000000000000e+00
0.000000000000000000e+00
0.000000000000000000e+00
0.000000000000000000e+00
0.000000000000000000e+00
0.000000000000000000e+00
0.000000000000000000e+00
0.000000000000000000e+00
0.000000000000000000e+00
0.000000000000000000e+00
0.000000000000000000e+00
0.000000000000000000e+00
0.000000000000000000e+00
0.000000000000000000e+00
0.000000000000000000e+00
0.000000000000000000e+00
0.000000000000000000e+00
0.000000000000000000e+00
0.000000000000000000e+00
0.000000000000000000e+00
0.000000000000000000e+00
0.000000000000000000e+00
0.000000000000000000e+00
0.000000000000000000e+00
0.000000000000000000e+00
0.000000000000000000e+00
0.000000000000000000e+00
0.000000000000000000e+00
0.000000000000000000e+00
0.000000000000000000e+00
0.000000000000000000e+00
0.000000000000000000e+00
0.000000000000000000e+00
0.000000000000000000e+00
0.000000000000000000e+00
0.000000000000000000e+00
0.000000000000000000e+00
0.000000000000000000e+00
0.000000000000000000e+00
0.000000000000000000e+00
0.000000000000000000e+00
0.000000000000000000e+00
0.000000000000000000e+00
0.000000000000000000e+00
0.000000000000000000e+00
