6.850463867187499112e+00
5.073380503221608606e+00
4.100664593689506976e-01
2.648289205125502477e-01
7.013309968470995415e-01
5.266479127326404441e-01
3.325590156778343021e-01
-1.469019975538715217e+00
-2.120976192149871764e+00
7.263750955526226960e-03
3.241077014823163793e+00
2.676749828841407997e+00
-8.611549531054498718e-01
-1.322475963355101092e+00
1.431076306826775557e+00
-9.814967984483522478e-01
-1.610710252954669741e+00
-6.959361895679956334e-01
5.160502699034219543e-01
2.194531032313735697e+00
2.380074241206861174e+00
1.268848447256675005e+00
7.224069595133826294e-01
1.045894541158578717e+00
4.199500797933672924e-01
-4.330755869807010328e-01
-2.287065427375760684e-01
2.272509856519695504e-01
7.794651403881656115e-01
1.939643371718414500e+00
1.580268406121604574e+00
4.032666061183156625e-01
-4.001998832981266685e-01
5.908594733277772182e-02
-6.011899424186081253e-01
-7.333640646867436441e-01
-7.544521208757211106e-01
2.195542238157199844e-01
1.352401368764345246e+00
1.843009243792870677e+00
1.177866234068544848e+00
-1.670222431100544247e-01
8.744940960968768939e-01
1.004032989573287571e+00
-2.565081097326049608e-01
-1.666904268252970667e+00
-1.946179765880236889e+00
-2.136359025197668071e+00
-1.773856007405615109e+00
6.271942494471762775e-01
2.604183216387128574e+00
2.310989961158010253e+00
1.793221004148009889e+00
6.314292069671401109e-02
-1.501451474532949915e+00
-1.594824832157627048e+00
-1.383054159260286298e-01
1.413787585965041060e+00
2.737805569872209688e+00
3.896786165024263227e+00
2.864033879570244245e+00
7.136063728661516947e-01
-1.234281659236541095e+00
-1.654213989847373112e+00
-9.348494197172918518e-02
4.674508410874143038e-01
-5.263274139629297022e-01
-1.673862736059118284e+00
-6.260967791694709295e-01
1.503882463939273384e+00
2.500371422403613320e-01
-1.673310022150651610e+00
-1.329835623063004846e+00
-8.105904209640746316e-01
-4.138507144520966463e-01
5.187201161561638685e-01
1.265732925727453440e+00
1.898164251780141143e-01
-1.382184298537097344e+00
-2.298696012647366782e+00
-5.987813182857486538e-01
7.807676844988804543e-01
1.110887253950183506e+00
-2.321787455878339124e-01
-1.294018223911252541e+00
-6.852742008136805119e-01
-1.704836608928414599e+00
-3.580889538624123958e+00
-4.284281793316081277e+00
-2.057989284639735850e+00
-1.132847902710300225e+00
9.029004112682326166e-02
1.666876146758823118e+00
9.817578836424301070e-01
9.941179015333239111e-01
3.210543592687483461e+00
-9.622476950024823061e-01
-3.593817532246410540e+00
-1.105420209199661219e+00
3.954231648741490801e-02
-1.792072944787300282e+00
4.568341791995207402e-01
-1.175052040236284068e-01
-1.038821154343128716e+00
2.013637542596589558e+00
1.484787125951398279e+00
1.537152617563757317e-01
8.149363227525292519e-01
-3.843010210360864320e-02
-3.977987865633783038e-01
-1.350177750125978182e-01
6.137764506850462709e-02
5.283155796970572249e-01
-1.529740483944934670e-01
-5.175894535785767747e-01
9.608581170172733610e-02
-1.278852204194651065e+00
-1.488449736216590491e+00
-2.892484554457275259e-02
-5.201184564894536511e-01
-1.335133623688762983e+00
-3.532547475994023412e-01
1.120560549806937534e+00
1.967143671923008208e+00
1.575889638684601524e+00
8.546861244751542408e-01
6.774816510994184915e-01
-6.690818547517043413e-01
-3.438296966080491845e-01
4.976445703848026425e-01
-9.857419839730416911e-01
-4.883614669762696980e-01
-4.018436264133220526e-01
-4.968328438307467732e-01
1.467533733128172369e+00
9.209812368522296566e-01
-1.699122438233853671e+00
-2.525356715257589535e+00
-8.354570631647755263e-01
-1.109955155392531090e+00
-1.978068404257133928e-01
1.012938580187915827e+00
4.229910504819169859e-01
-9.964562408434924912e-01
-1.958234232938264041e+00
-1.322685018121780853e+00
-9.797215199599462743e-02
2.418082660575376686e+00
1.450467668082035644e+00
-2.173325538523838141e-01
-1.355592543751789503e+00
-1.419164131234690318e+00
-6.084570855402707812e-01
9.409357668628247628e-01
1.187585698765941444e+00
4.482723704224900185e-01
2.836019973249115367e-03
5.151573932585140625e-02
-3.584611708484586323e-02
-5.509331344612329318e-01
-1.131205282458820793e+00
-1.216750789990298731e+00
4.234876226696737689e-02
1.851783603149188107e+00
1.029270108201335132e+00
-3.946166493127647446e-01
7.888654966327002249e-02
9.442363259040214007e-01
1.171360691981782276e+00
1.470020883389560273e+00
3.302657227545990892e-01
-1.083594046415909951e-01
7.137162431993852030e-01
-1.284171994807742800e+00
-1.942949421496190432e+00
-4.803628740349519255e-01
5.309089810339102655e-01
-1.000629606605532018e+00
-1.664489442232400584e+00
-1.863152662577583385e+00
-1.256612792589083760e+00
2.422418858210593218e+00
1.278860519911292570e+00
8.879842803780819693e-01
1.915767382882608505e+00
-2.230199340182532186e+00
-3.247273071212078310e+00
-2.963178563747521643e-01
-1.025596424861478617e+00
-1.752634966936856831e+00
9.274533164592502210e-01
2.322038517474058317e+00
1.179244562885706227e+00
3.448767898702744805e+00
3.893232927001645916e+00
1.163453620681955680e+00
7.632116110295719125e-01
1.023844279963731951e+00
3.553953060085901505e-01
3.384182194028032331e+00
4.306469629297565938e+00
9.584477279529957094e-01
1.632978840938305254e+00
4.766265390099499122e+00
3.252533761262936363e+00
1.110730440017317910e-01
1.506380415728768352e+00
2.496670925592443968e+00
4.603364630912110123e-02
9.918347247597192329e-01
3.628152906588062443e+00
1.190295266648104366e+00
-2.049883924199025209e-02
2.212830343135585132e+00
1.989364515279461676e+00
-2.098271365069201977e-01
-3.038461007305428563e-01
-2.695109554157326670e-01
2.264237142431357874e-02
1.640355702606453026e-01
2.824076997742532846e-01
3.636509966292497675e-01
-4.629692121597805965e-03
3.500882006944165958e-01
3.258117167127290159e-01
2.449337661761926688e-01
1.401352311074477441e-02
-1.418515632674890448e-01
2.229783714859413735e+00
2.603031360204809186e+00
6.468224756001759168e-01
1.024024828548106614e+00
2.025806460370989548e+00
1.402387624248696341e+00
1.391080081121964795e-01
1.297878334703629566e+00
4.306042680045463200e-01
-5.841216292840505364e-01
1.882177884571721638e+00
3.017876259644999504e+00
1.491316618716760578e+00
-1.649925802059531765e+00
3.477664749338593708e-01
1.718152203466716710e+00
-1.045398366761981279e+00
-2.501498987910956817e+00
-1.101751090398407573e+00
2.007505070248426282e+00
2.292951930175306963e+00
2.900421830514439137e+00
3.328649843455333990e+00
-6.270935056567759069e-01
-2.175553044057351393e+00
-2.902382605645762670e+00
-7.433566524184036517e-01
9.001668567674800947e-01
-8.690296762125386820e-01
-8.674051988647861755e-01
7.391770777281205795e-01
4.106810794074021054e+00
3.415544980560651922e+00
9.965211318633588888e-01
1.525452470963343243e+00
3.310686036701297574e+00
3.408217129258306777e+00
1.005076377337597249e+00
-3.911872833838767605e-01
5.176764809218663554e-01
-2.498905803717432761e-01
-1.840592501619768617e+00
-2.042167080726672523e+00
-1.881497249100805957e+00
-3.337723590981882538e-01
1.598477135645224312e+00
1.744494993340089728e+00
8.166408509607760990e-01
-1.283892573395806203e-02
7.053647427735334485e-01
1.875077749367797253e+00
1.748970222041803080e+00
1.838023094335943242e-01
-8.262212315999799550e-01
-5.057630221206506071e-01
3.327382867239530029e-01
1.134629545111314197e+00
-7.458740551655718143e-01
-1.403096198074758050e+00
-1.253378476191729707e+00
-8.911972733406314795e-01
-9.449621315174840941e-01
-1.089131635741590998e+00
-2.424359578733852327e-01
-4.705004993409449554e-01
2.889278128052765737e-01
8.468369883931448072e-02
-4.025201375128415471e-01
6.272955520182781353e-01
1.109229623563617206e+00
-2.388304248109771599e-01
7.117920746710615365e-01
1.480498749891763444e+00
1.108632225899313095e+00
7.315693919953714097e-01
8.576348017414892055e-02
4.914408905027511931e-01
-2.856824220837448358e-01
-3.772605226908298803e-01
8.156117979675190366e-01
7.003789218168949837e-01
-9.752672451973665169e-01
-1.225433995627311701e+00
-1.229892196018143480e+00
-1.010992216849972980e+00
-2.234233705123039870e-01
-1.547233839524807530e+00
-1.462247521179943943e+00
1.360715531402286516e+00
1.140689352119985900e+00
1.546921414694466090e+00
2.527055231645079836e+00
2.409261696840946598e+00
9.612844020887605367e-01
-1.305099303380141906e+00
-1.555042335086196159e+00
-3.398824471278467652e-01
-4.092147804350406703e-01
-5.015355777752927846e-01
-6.765516485362046417e-01
-1.405139915312029864e+00
-3.983851113049878823e-01
-9.784081045305241808e-01
-2.216220481423838429e+00
-1.429472109844448280e+00
-2.949990521293621715e+00
-3.884861337082309518e+00
-1.860964074224191744e+00
1.065956389303302387e+00
1.097141285599349869e+00
1.842470459057091725e+00
3.902717598780273134e-01
-8.307576732575829848e-01
-2.028685557514062765e+00
-4.621770648774002233e+00
-3.297018723023378506e+00
-2.345072490529567677e+00
-2.896375464887542162e+00
-9.780530681194954390e-01
5.437033318197692644e-01
1.180835482124364955e+00
1.642462648541437531e+00
1.683543204970719964e+00
5.245912700214592217e-01
4.523553203103509723e-01
8.452505886097005927e-01
-3.506457321888656331e-01
1.508550408313169333e+00
1.637337680204198342e+00
1.635402556731824220e-01
-1.035708505694405535e+00
-1.063137949067524790e+00
-7.327087557117950567e-01
-2.552534492759004348e-01
2.832614116994967013e-01
-1.767100181011667992e+00
-1.786955372436684453e+00
-4.827248646026160994e-01
9.078950364949815999e-01
1.294739960772713694e+00
1.493941718436935240e-01
-1.190543656265017791e+00
-1.762920175309194537e+00
-7.614706350618827280e-01
1.661908046866572564e+00
1.790179945844221798e+00
9.710975154802159448e-01
-7.871052709634174249e-03
-4.206826191328068010e-01
-8.759671662482642063e-01
-1.079710777814143263e+00
-9.772374541045352192e-01
5.655965738874508819e-01
3.071379069325752553e+00
2.975397623219892207e+00
1.662971490994579860e+00
2.475294281711950539e-01
-1.070298571364789897e+00
-1.891520942886130374e+00
-1.909707674560743085e+00
-2.604568017491737386e-01
2.069474464222404553e+00
3.034665895503849242e+00
2.507988678462671039e+00
1.570908598091445896e+00
7.294461829896647931e-01
-1.584049603536968887e-01
2.044609152848941847e-02
1.507491873150512696e-01
1.687055625966840111e-01
1.557585228712401015e+00
1.923532665028951927e+00
1.252370495296748487e-01
-8.605909282648100955e-01
1.816686078673193983e+00
2.549512388719344713e+00
8.978399285205551639e-01
-6.038768081170886592e-01
-1.100845204170825209e+00
-4.877389570510459738e-01
2.310306032282941624e-01
-8.700871476194926846e-02
-1.196438420978265249e+00
5.490028311044328202e-01
2.104973809025056930e+00
1.528995630552867580e+00
-6.275477730348770766e-01
-1.009020047809477960e+00
-5.916841296553929652e-01
7.483714660050605483e-01
-5.390225330433253692e-01
-1.168698065929673069e+00
-2.063472327615680779e-01
1.161291329300292885e+00
7.173970337029822453e-01
-2.410160270398149507e-01
-8.124231468651244015e-01
7.485233132035900017e-01
-1.629868370368152686e-01
-1.067805939394882664e+00
-2.811319562821497087e-01
-3.469600464382032179e-01
1.360524781665816363e+00
4.515737051445311678e+00
4.924140592679187023e+00
3.083906778461691367e+00
1.277521959973544563e+00
8.688698399635803593e-01
9.642324304495587528e-01
1.976806960107737599e+00
3.037741117826898041e+00
2.307111471216264142e+00
1.540755141625314018e+00
5.632561581620931790e+00
0.000000000000000000e+00
0.000000000000000000e+00
0.000000000000000000e+00
0.000000000000000000e+00
0.000000000000000000e+00
0.000000000000000000e+00
0.000000000000000000e+00
0.000000000000000000e+00
0.000000000000000000e+00
0.000000000000000000e+00
0.000000000000000000e+00
0.000000000000000000e+00
0.000000000000000000e+00
0.000000000000000000e+00
0.000000000000000000e+00
0.000000000000000000e+00
0.000000000000000000e+00
0.000000000000000000e+00
0.000000000000000000e+00
0.000000000000000000e+00
0.000000000000000000e+00
0.000000000000000000e+00
0.000000000000000000e+00
0.000000000000000000e+00
0.000000000000000000e+00
0.000000000000000000e+00
0.000000000000000000e+00
0.000000000000000000e+00
0.000000000000000000e+00
0.000000000000000000e+00
0.000000000000000000e+00
0.000000000000000000e+00
0.000000000000000000e+00
0.000000000000000000e+00
0.000000000000000000e+00
0.000000000000000000e+00
0.000000000000000000e+00
0.000000000000000000e+00
0.000000000000000000e+00
0.000000000000000000e+00
0.000000000000000000e+00
0.000000000000000000e+00
0.000000000000000000e+00
0.000000000000000000e+00
0.000000000000000000e+00
0.000000000000000000e+00
0.000000000000000000e+00
0.000000000000000000e+00
0.000000000000000000e+00
0.000000000000000000e+00
0.000000000000000000e+00
0.000000000000000000e+00
0.000000000000000000e+00
0.000000000000000000e+00
0.000000000000000000e+00
0.000000000000000000e+00
0.000000000000000000e+00
0.000000000000000000e+00
