3.375244140625000000e-02
2.329766947058897752e-01
2.647134705076498173e-01
7.423901958348855246e-02
-2.319894404518407782e-02
9.961263104034090432e-02
2.529372700228342818e-01
2.441100100233963843e-01
-1.324848596771016629e-01
-9.083504727910934884e-01
-1.011011267534171143e+00
-5.433843011922130373e-01
-1.480523400396376310e-01
-6.830881391822307691e-02
-2.588265451691884600e-01
-4.930543305906045504e-01
-7.049912090339249815e-01
-6.492713105534131390e-01
-2.599836781460815871e-01
3.151111145570117955e-02
-1.122838521918612109e-02
-1.865245179478575155e-01
-1.286152796095021977e-01
-1.066839365048212196e-01
-4.373934155766376897e-01
-5.795431190310600389e-01
-5.375455739374918052e-01
-4.427091529497961808e-01
-3.930754624612105008e-01
-5.880311276191869663e-01
-9.614367230579196066e-01
-7.702098950087007401e-01
-3.629892486608388147e-01
-1.576940881817434637e-01
-1.148578192720359215e-01
-3.604254647049263127e-01
-1.507714072239216829e-01
1.289175455539621762e-01
2.294876408905357490e-01
-5.539378111464798859e-02
-5.880469187371607509e-01
-4.576685307390715440e-01
-2.570105480433799716e-01
-2.941612195690759268e-01
-5.812638608431158760e-01
-9.042377342256897599e-01
-9.499764176351557232e-01
-6.920989792219229830e-01
-3.833063933024052350e-01
-2.117383301197087730e-01
-2.598416538094699968e-01
-5.479132360341409935e-01
-9.752218059153174856e-01
-1.270511371084994456e+00
-8.868363425284226942e-01
-3.568590083081191189e-02
7.132370550691424782e-02
-5.189396252629543405e-01
-1.046097089930929647e+00
-6.751594601915416050e-01
-3.221849951885944474e-01
2.282419760470411063e-02
1.340470435114538006e-02
-1.873000016599823958e-01
-3.096803718493497115e-01
-4.656543552912846273e-01
-7.119424424161422404e-01
-8.891036542019765676e-01
-1.012627500382679679e+00
-1.021493942455818260e+00
-1.058717491527243260e+00
-8.360525270296210731e-01
2.560193616958583718e-02
8.928765622407246472e-01
1.466517038105171977e+00
8.708569660439815507e-01
-3.611652277482293449e-01
-5.080814071514547781e-01
6.747117688404480340e-02
-1.239223311716181497e+00
-1.098653238386209763e+00
1.030046550541752648e+00
-3.570379617977619269e-01
-1.573347753983286523e+00
-1.470335679339823898e+00
-4.350846032800514962e-01
1.976901262379036739e+00
4.041995428209972374e-01
-4.382809716546135270e+00
-4.703739885043891178e+00
-4.427750206949071732e+00
-6.110172669881976049e+00
-5.937085456089563174e+00
-2.615505528840657234e+00
3.476328237966999524e+00
6.784138471098335899e+00
1.132216849757675448e+00
-3.116994006020183061e+00
-5.158004364590350832e+00
-2.778764276057762217e+00
-7.532003375624660713e-01
-4.018214478503105980e-01
-1.940187362638834401e-02
2.052912608355278667e+00
1.090891433238573516e+00
7.401758810268530553e-01
3.661943260474798123e-01
-3.264796198260762061e-01
-1.166010352269340355e+00
-1.246133080144435690e+00
-2.936169262900728549e-02
8.585448111337771193e-01
1.755938716558592239e+00
2.350327187772660587e+00
2.004606726567697450e+00
1.487594594837944761e+00
2.179230488424395151e-01
-1.234933396146777884e+00
-2.709050621611386767e+00
-4.247348812381536831e+00
-4.865611667101001458e+00
-3.429837722222862872e+00
-1.239530593784816892e+00
1.368009997777759335e+00
1.044024068049661080e+00
-3.700421868797674207e-01
-2.546546487905481104e+00
-4.838933674333418367e+00
-6.211134568522882482e+00
-5.282626600668382189e+00
-2.707594713010098797e+00
-6.774441531599211253e-01
-2.116573684375331332e-01
-8.437189963198723497e-01
-7.224743566691271823e-02
2.082869834397930831e+00
2.139760280953635796e+00
9.260131066007462053e-01
-5.039248086978038721e-01
-1.206644956087520537e+00
-1.391309662792078239e+00
-1.643419682575642415e+00
-1.750802124225192102e+00
-9.529993716219906652e-01
5.624256510616219007e-01
1.305778761016143097e+00
-9.201391117467516700e-02
-1.707704661046294703e+00
-1.398149467292671089e+00
-3.457174005876919587e-01
7.190964688676222405e-01
6.757653649503209126e-01
-6.695973496949214621e-02
8.016260629896088119e-02
7.182224165463876320e-01
1.150700332048180785e+00
8.115528372792686351e-01
1.918733861096613147e-01
8.332912552444970977e-02
2.490569823175070585e-01
4.236478803764560652e-01
1.543442794602798429e-01
-9.746387082590468598e-01
-2.945500553951021505e-01
2.029500563403860980e-01
4.565535152921473827e-01
5.440385416745869840e-01
6.839801430423204653e-01
8.924818134897152255e-01
7.953353650610471837e-01
5.113915194143092702e-01
1.953885106657701209e-01
2.344011675100967640e-01
3.858322075682811825e-01
-1.411778618891275094e-01
-8.801476511897503574e-01
-1.195890812443330065e+00
-9.806548984088898635e-01
5.402914762804866822e-01
3.377849582681629048e-01
-8.689567080391973342e-01
-1.824539183267827713e+00
-1.869041264970555893e+00
-1.526181436862600993e+00
-1.461766966060170869e+00
-1.018644276980342767e+00
2.424386971228926768e-01
1.784631115378954025e+00
2.842808520081729462e+00
1.586733489739950098e+00
-1.160068965050180534e+00
-1.504883571524946451e+00
-7.998415272723295999e-01
-1.823737983219455128e+00
-4.077669622504661362e+00
-5.826066904699738203e+00
-5.267373265326613208e+00
-3.069901788060259484e+00
-7.149801515409111019e-01
1.211518188645989147e+00
2.163104214073480858e+00
-4.263461593965471863e-01
-3.131832195045586076e+00
-4.838780075139540671e+00
-5.113791004964468812e+00
-3.271631270140516357e+00
-9.923355301092253722e-01
6.991119736136914842e-01
3.986996231898952692e-01
8.385989199665611071e-01
2.120023118566984444e+00
2.636664843444504136e+00
2.208571937086868164e+00
9.167214842317337187e-01
-8.159566797034600860e-01
-1.845177371755782891e+00
-1.604287885374980682e+00
-9.085134435439834455e-01
1.800612938292291965e-01
1.560184079562960235e+00
3.096291906033525443e+00
-3.466345159336663428e-01
-1.393735049553656680e+00
-6.781586804112018640e-01
-1.394342178775372698e+00
-4.032994447215023648e+00
-5.892953249727796994e+00
-1.790599572683679863e+00
5.272666724249191361e+00
4.092821180734398823e+00
-6.776367217509182694e-01
-3.624987203444861805e+00
-4.256862725644452894e+00
-3.878016182766314213e+00
-4.652353641050011035e+00
-4.756073043189141814e+00
-1.351713822970972867e+00
1.106984066900302599e+00
-6.037100896670271055e-01
-2.124035976160512540e+00
-1.341448058920805764e+00
8.037550680694729444e-01
2.559517511924703115e+00
2.886060340494567278e-01
-1.482945292367053192e+00
8.723602274545305679e-02
-3.073997642961925347e-01
-1.112264632630467931e+00
2.449379037801551195e-01
9.947137361428565194e-01
7.915428712480625517e-01
5.202865742122542159e-01
-2.040594739440901861e-01
-1.181960113379394217e+00
-1.437027080184164474e+00
-1.037370372573419797e+00
-5.853484164331701489e-01
-4.767524653672432500e-01
-6.243544491625465653e-01
-7.238078222719626087e-01
-5.499846162547421535e-01
-3.496424295418698591e-02
1.398806727142671846e-01
1.248573779020833996e-02
6.236617521461074176e-02
-4.635352245205828225e-01
-1.020465338993234994e+00
-1.880647724036188517e-01
2.505209118288864723e-01
-3.500739563091981310e-01
-1.175508434608311115e+00
-1.229012714200922174e+00
-7.139396691870083522e-01
-3.323404503115026110e-01
-2.684975118990221565e-01
-4.136434407700589899e-01
-6.000853788571445246e-01
-7.445043116238190262e-01
-8.917333665029267831e-01
-8.682013036312834497e-01
-5.059137371977767694e-01
-1.912637897432705181e-01
-1.168379312315774854e-01
-2.257921245125323884e-01
-5.305598430993809789e-01
-3.293597276962866305e-01
1.623825221042984879e-03
2.660271733543302375e-01
3.165195410470071913e-01
-1.110715396895087803e-01
-5.365535646285328752e-01
-4.435968927668928474e-01
-4.759203931684223843e-01
-6.959824120835628181e-01
-8.040986771565455937e-01
-5.592431557718644530e-01
-5.499059822464549274e-01
-6.358651636759142800e-01
-4.418606310098344148e-01
-1.436075834204192381e-01
3.218034472905495491e-02
-7.431406197262702129e-02
-4.292967476995907528e-01
-3.457117271140743853e-01
-1.698918303137533226e-01
-2.198186029744495507e-01
-4.884345659709521392e-01
-8.431428423974194342e-01
-9.459256614114168737e-01
-8.670547728396094112e-01
-6.398155405776035920e-01
-1.385558726932822893e-02
3.595707909664436208e-01
1.883218078272852480e-03
-6.550673549592728184e-01
-7.255617810715683236e-01
-5.640006765412308720e-02
1.784312015534121887e-01
1.290305830940217113e-01
3.700489570581377841e-02
6.185192331830347001e-02
3.097475617275938786e-01
6.231266507630438545e-01
8.146924876862809972e-01
0.000000000000000000e+00
0.000000000000000000e+00
0.000000000000000000e+00
0.000000000000000000e+00
0.000000000000000000e+00
0.000000000000000000e+00
0.000000000000000000e+00
0.000000000000000000e+00
0.000000000000000000e+00
0.000000000000000000e+00
0.000000000000000000e+00
0.000000000000000000e+00
0.000000000000000000e+00
0.000000000000000000e+00
0.000000000000000000e+00
0.000000000000000000e+00
0.000000000000000000e+00
0.000000000000000000e+00
0.000000000000000000e+00
0.000000000000000000e+00
0.000000000000000000e+00
0.000000000000000000e+00
0.000000000000000000e+00
0.000000000000000000e+00
0.000000000000000000e+00
0.000000000000000000e+00
0.000000000000000000e+00
0.000000000000000000e+00
0.000000000000000000e+00
0.000000000000000000e+00
0.000000000000000000e+00
0.000000000000000000e+00
0.000000000000000000e+00
0.000000000000000000e+00
0.000000000000000000e+00
0.000000000000000000e+00
0.000000000000000000e+00
0.000000000000000000e+00
0.000000000000000000e+00
0.000000000000000000e+00
0.000000000000000000e+00
0.000000000000000000e+00
0.000000000000000000e+00
0.000000000000000000e+00
0.000000000000000000e+00
0.000000000000000000e+00
0.000000000000000000e+00
0.000000000000000000e+00
0.000000000000000000e+00
0.000000000000000000e+00
0.000000000000000000e+00
0.000000000000000000e+00
0.000000000000000000e+00
0.000000000000000000e+00
0.000000000000000000e+00
0.000000000000000000e+00
0.000000000000000000e+00
0.000000000000000000e+00
0.000000000000000000e+00
0.000000000000000000e+00
0.000000000000000000e+00
0.000000000000000000e+00
0.000000000000000000e+00
0.000000000000000000e+00
0.000000000000000000e+00
0.000000000000000000e+00
0.000000000000000000e+00
0.000000000000000000e+00
0.000000000000000000e+00
0.000000000000000000e+00
0.000000000000000000e+00
0.000000000000000000e+00
0.000000000000000000e+00
0.000000000000000000e+00
0.000000000000000000e+00
0.000000000000000000e+00
0.000000000000000000e+00
0.000000000000000000e+00
0.000000000000000000e+00
0.000000000000000000e+00
0.000000000000000000e+00
0.000000000000000000e+00
0.000000000000000000e+00
0.000000000000000000e+00
0.000000000000000000e+00
0.000000000000000000e+00
0.000000000000000000e+00
0.000000000000000000e+00
0.000000000000000000e+00
0.000000000000000000e+00
0.000000000000000000e+00
0.000000000000000000e+00
0.000000000000000000e+00
0.000000000000000000e+00
0.000000000000000000e+00
0.000000000000000000e+00
0.000000000000000000e+00
0.000000000000000000e+00
0.000000000000000000e+00
0.000000000000000000e+00
0.000000000000000000e+00
0.000000000000000000e+00
0.000000000000000000e+00
0.000000000000000000e+00
0.000000000000000000e+00
0.000000000000000000e+00
0.000000000000000000e+00
0.000000000000000000e+00
0.000000000000000000e+00
0.000000000000000000e+00
0.000000000000000000e+00
0.000000000000000000e+00
0.000000000000000000e+00
0.000000000000000000e+00
0.000000000000000000e+00
0.000000000000000000e+00
0.000000000000000000e+00
0.000000000000000000e+00
0.000000000000000000e+00
0.000000000000000000e+00
0.000000000000000000e+00
0.000000000000000000e+00
0.000000000000000000e+00
0.000000000000000000e+00
0.000000000000000000e+00
0.000000000000000000e+00
0.000000000000000000e+00
0.000000000000000000e+00
0.000000000000000000e+00
0.000000000000000000e+00
0.000000000000000000e+00
0.000000000000000000e+00
0.000000000000000000e+00
0.000000000000000000e+00
0.000000000000000000e+00
0.000000000000000000e+00
0.000000000000000000e+00
0.000000000000000000e+00
0.000000000000000000e+00
0.000000000000000000e+00
0.000000000000000000e+00
0.000000000000000000e+00
0.000000000000000000e+00
0.000000000000000000e+00
0.000000000000000000e+00
0.000000000000000000e+00
0.000000000000000000e+00
0.000000000000000000e+00
0.000000000000000000e+00
0.000000000000000000e+00
0.000000000000000000e+00
0.000000000000000000e+00
0.000000000000000000e+00
0.000000000000000000e+00
0.000000000000000000e+00
0.000000000000000000e+00
0.000000000000000000e+00
0.000000000000000000e+00
0.000000000000000000e+00
0.000000000000000000e+00
0.000000000000000000e+00
0.000000000000000000e+00
0.000000000000000000e+00
0.000000000000000000e+00
0.000000000000000000e+00
0.000000000000000000e+00
0.000000000000000000e+00
0.000000000000000000e+00
0.000000000000000000e+00
0.000000000000000000e+00
0.000000000000000000e+00
0.000000000000000000e+00
0.000000000000000000e+00
0.000000000000000000e+00
0.000000000000000000e+00
0.000000000000000000e+00
