-3.065185546875005551e-01
-3.418124428286872241e-01
1.748437061330068709e-01
1.512129956628048832e-01
-3.431570794172629224e-01
-1.097126031997347484e+00
-2.049526765368598014e+00
-2.752516432907025301e+00
-2.631389687723676651e+00
-1.036683282496315917e+00
-3.916175308491789409e-01
-1.452239651939961629e+00
-2.729308796182559504e+00
-1.644646734488564244e+00
-5.190628477070280411e-01
-1.287897707366267408e+00
-1.645418568643621793e+00
-1.335706118049935220e+00
-1.607100145158675497e+00
-1.944541778248044972e+00
-1.746066103891502630e+00
-2.199683268328662678e+00
-2.414696100638647369e+00
-5.621240042810615734e-01
-2.356529189265370583e-01
-2.575789294392301088e-01
1.033170518541539629e+00
1.522456615681615499e+00
1.157960231823825570e+00
1.510044767704316726e+00
2.144376066773316936e+00
2.338464799207840006e+00
-3.073827187833511054e-01
-2.969234905978028749e+00
-4.183300527942467539e+00
-4.128752370193470966e+00
-2.058949948444666056e+00
1.030181519854672656e+00
1.710882314485398625e+00
1.520964978542415746e+00
7.909110292025469668e-01
-4.329210671333338922e-01
-1.189637913764620913e+00
-1.291373606293153120e+00
-5.241636612452931221e-01
-6.148742196632875912e-01
-1.639357067388196532e+00
-1.536150569491635531e+00
-7.082249258568495964e-01
-2.627714549019972701e-01
-2.990185174273305435e-01
2.601844678446929571e-01
8.150042885051640429e-01
8.925996119619619140e-01
7.199485079652629960e-01
7.861995281449554174e-01
5.811859339349967346e-01
3.060042471295714162e-01
-2.521491352692009635e-01
-2.064499512873712916e+00
-3.770362106892540144e+00
-4.061551879680736832e+00
-3.099095226981653184e+00
-1.936665582146742892e+00
-1.528130709669383691e+00
-1.400905243069448858e+00
-2.882552493621046708e-01
1.462152106023632880e+00
2.606639892929104363e+00
1.600032891146824232e+00
9.319300815360781476e-01
1.227898311210381177e+00
9.374058778566434214e-01
4.518506362453129643e-01
2.976977038308659118e-02
7.317598084499212785e-01
1.957473125072332731e+00
1.532779606926933491e+00
-6.001265892665785806e-02
-1.434581365071965209e+00
-1.085277350316935063e+00
5.145212700997705557e-01
1.976924326468840309e+00
2.085966927378350988e+00
8.424799944206174951e-01
-2.341441719632664231e-02
6.010145027530791051e-01
1.042561991390689169e+00
1.329244416927684469e+00
1.580230036146256234e+00
9.078103575345365384e-01
3.468864773643980381e-01
1.700610796575807715e+00
2.405276061142372246e+00
2.080640323918435008e+00
1.828549260118692787e+00
1.858505565904463364e+00
1.809550865805716890e+00
2.270325975646250161e+00
2.357042669126148127e+00
1.694665313126122008e+00
9.175761407259690472e-01
1.350648263963940554e+00
8.950011393903866130e-01
-5.288874357114223823e-01
-3.572494425148228236e-01
4.304439976300473703e-01
6.726934902533225902e-01
-3.495115160982997793e-02
-5.230585968889167603e-01
-5.440042763536243609e-01
1.221918620289106361e-01
4.121538365198453846e-01
2.490206136953196925e-01
4.903552645039411240e-01
-6.296868357547522610e-01
-2.160495799037349229e+00
-3.181602215279266233e+00
-3.447468969510424586e+00
-2.596717500792476763e+00
-1.410566987203625722e+00
-1.994898097189100383e+00
-3.147832216785579895e+00
-3.266829557459958178e+00
-2.256816278170497903e+00
-2.626838312902399775e-01
9.311160821492406869e-01
-6.149880393132054479e-01
4.006291095072245234e-02
-4.833119034945632109e-02
-2.624007693576394740e+00
-5.901089090989728447e+00
-7.080788941071249454e+00
-4.564661013827279845e+00
-1.174397731240338416e+00
6.264729000832414130e-02
-1.959398872915141032e+00
-2.489214106963164141e+00
1.615492649635783096e+00
4.286270787837929142e+00
4.261468213955486029e+00
2.283916463362409388e+00
1.230113469671562321e+00
5.761146092237581229e-01
1.692322959555443873e+00
2.991405472546043498e+00
2.513211556565030591e+00
1.210213022299040153e+00
3.577171925110036010e+00
3.282076726476568673e+00
1.415791314755385111e+00
1.698102508387916210e+00
3.074835027625414607e+00
1.262257129706839232e+00
1.671970221520750588e+00
2.673407597764198673e+00
-1.050962028940408688e+00
3.086212180276233674e+00
5.075533315756755925e+00
1.180324019194642249e+00
1.620563798761282648e+00
-4.333570869015641591e-01
-2.473437744181191444e+00
-4.038641616960894076e-01
-7.469297242985026841e-01
-7.083954389063958912e-01
1.865824902310069477e+00
6.522503828259420544e-01
-2.957386839215045526e+00
-1.526007469473912970e+00
-1.467728170369484442e+00
-3.163614215128538909e+00
-1.926841024830252991e+00
-4.063969537529249720e+00
-6.851473974233908137e+00
-6.078831434152085045e+00
-3.161481935117282038e+00
-2.250889162024652723e+00
1.018031445988049066e+00
3.032785033028933430e+00
2.361129696960753144e+00
3.603402667723469843e+00
8.838107434096751369e-01
-3.882881569389816878e+00
8.610685878886314981e-02
-1.593566366531935508e-01
-8.652449826891051021e-01
5.462828726964001902e-01
-8.203408713126676410e-01
-5.304458598048396034e-01
2.014689371383651562e+00
2.547325398706073329e+00
2.438831780540426486e+00
4.742547442422883286e+00
5.991955325597035475e+00
4.323786405175325420e+00
2.137138233616671545e+00
2.143707652406582120e+00
3.027402397098432729e+00
4.182075211946130189e+00
4.962307736585739093e+00
3.481580667696572817e+00
2.625144551481692901e-01
1.304816604873121566e+00
3.272918911941711695e+00
2.608206610011770010e+00
1.253338589108307310e+00
2.779374757800529006e-01
1.390313644689664452e+00
2.440527056185918031e+00
2.203235331119055562e+00
6.525637040882814599e-01
-8.613060412470878724e-01
-3.305014399551255977e-01
-1.046727848423920637e-01
1.860887653441400946e-01
7.709588747509595885e-01
5.263945782190888600e-01
1.090278594865692341e-01
1.595359839564376436e-01
-7.497603355186877039e-02
-1.760566046213223323e-01
-3.075448527793178677e-02
1.675109296249516211e-02
1.122199874916036677e-01
-2.597559724914874080e-01
-1.013419470769535202e+00
-1.402756690175154697e+00
-1.280613314471449993e+00
-9.877571618065479342e-01
-3.550797847512289218e-01
-2.230683355564920811e-01
-1.640655403286215286e-01
5.110940954974818595e-02
8.378550913096549646e-02
2.512920481885664858e-01
9.184869130635614498e-01
1.041444858788270311e+00
1.041779808360005610e+00
6.609227196714353436e-01
2.569229972523112693e-01
-4.963830642326931830e-01
-8.283336757940664707e-01
-6.345509312772925625e-01
-1.108121089228053968e+00
-1.364249513951556914e+00
-4.619145469868577436e-01
5.912574977097646567e-01
8.145525680260750079e-01
1.071708741756795646e+00
1.399717998865440016e+00
1.449444951393494607e+00
1.069152421294477184e+00
1.902723921689228881e-01
-8.519285861801453308e-01
-5.455200869770227001e-02
1.309821237518204118e+00
1.190171406221907979e+00
-1.741317351061750784e-01
-1.463127333626891957e+00
-1.312340326820482961e+00
5.187467544590986801e-01
1.967034982124588272e+00
1.327746470001115231e+00
-4.795232496171601966e-01
-1.089265425018557165e+00
-2.873582919263424351e-01
1.608019100383619726e-01
5.926949379155694864e-01
7.261645525882611807e-01
-7.688531514651217869e-01
-2.013435311763089430e+00
-3.191392684443858041e+00
-3.841724906268518591e+00
-2.667114946828526012e+00
-8.083428477856773320e-01
-1.682615971549449085e+00
-2.495549678551157946e+00
-1.835183167767509005e+00
-2.949343743273926677e-01
-1.652800446194302886e+00
-3.688815083758895774e+00
-2.995805553437663971e+00
-1.652070124222942082e+00
-1.775019595603653855e+00
-1.230489261510060661e+00
-9.196529338012875421e-01
-1.230918180345919044e+00
-1.511173615447962026e+00
-1.517111040816729872e+00
-1.385981599515991647e+00
-1.672403680543395721e+00
-2.155525108236866494e+00
-2.819928575430901585e+00
-3.414839539097882959e+00
-3.771803218228619414e+00
-2.746764718908172753e+00
-1.482787212703209123e+00
-1.325423174896795064e+00
-7.690823423905874812e-01
1.213532526090554953e-02
2.692654672938838978e-01
2.619177391224332130e-01
2.839493943301902856e-01
5.600546966629199597e-01
1.516763334951425790e+00
3.037735101998217502e+00
3.774091527600263785e+00
4.427139783926222982e+00
4.958049756762257232e+00
4.958176974973185658e+00
3.920468887698473015e+00
2.598674224268856747e+00
3.300586888967084409e+00
3.878873185837508508e+00
3.606099206018340109e+00
2.506729755185699293e+00
8.965065855569304132e-01
7.685322066193789325e-01
1.626522435558813706e+00
1.918937594455677464e+00
1.766388986172599873e+00
1.156628422389484268e+00
8.081267360283860279e-01
1.490069419965169839e+00
2.221156635206814389e+00
1.406941141326455869e+00
1.312020747776287743e+00
2.721369072249145926e+00
2.619983770535756040e+00
1.481408885439777778e+00
7.387053532320885241e-01
9.443777047931863899e-01
1.132940939367052424e+00
1.338291747704168477e+00
1.175397284923439534e+00
6.865159079981071333e-01
4.727894413417924047e-01
1.996116203026895852e-01
0.000000000000000000e+00
0.000000000000000000e+00
0.000000000000000000e+00
0.000000000000000000e+00
0.000000000000000000e+00
0.000000000000000000e+00
0.000000000000000000e+00
0.000000000000000000e+00
0.000000000000000000e+00
0.000000000000000000e+00
0.000000000000000000e+00
0.000000000000000000e+00
0.000000000000000000e+00
0.000000000000000000e+00
0.000000000000000000e+00
0.000000000000000000e+00
0.000000000000000000e+00
0.000000000000000000e+00
0.000000000000000000e+00
0.000000000000000000e+00
0.000000000000000000e+00
0.000000000000000000e+00
0.000000000000000000e+00
0.000000000000000000e+00
0.000000000000000000e+00
0.000000000000000000e+00
0.000000000000000000e+00
0.000000000000000000e+00
0.000000000000000000e+00
0.000000000000000000e+00
0.000000000000000000e+00
0.000000000000000000e+00
0.000000000000000000e+00
0.000000000000000000e+00
0.000000000000000000e+00
0.000000000000000000e+00
0.000000000000000000e+00
0.000000000000000000e+00
0.000000000000000000e+00
0.000000000000000000e+00
0.000000000000000000e+00
0.000000000000000000e+00
0.000000000000000000e+00
0.000000000000000000e+00
0.000000000000000000e+00
0.000000000000000000e+00
0.000000000000000000e+00
0.000000000000000000e+00
0.000000000000000000e+00
0.000000000000000000e+00
0.000000000000000000e+00
0.000000000000000000e+00
0.000000000000000000e+00
0.000000000000000000e+00
0.000000000000000000e+00
0.000000000000000000e+00
0.000000000000000000e+00
0.000000000000000000e+00
0.000000000000000000e+00
0.000000000000000000e+00
0.000000000000000000e+00
0.000000000000000000e+00
0.000000000000000000e+00
0.000000000000000000e+00
0.000000000000000000e+00
0.000000000000000000e+00
0.000000000000000000e+00
0.000000000000000000e+00
0.000000000000000000e+00
0.000000000000000000e+00
0.000000000000000000e+00
0.000000000000000000e+00
0.000000000000000000e+00
0.000000000000000000e+00
0.000000000000000000e+00
0.000000000000000000e+00
0.000000000000000000e+00
0.000000000000000000e+00
0.000000000000000000e+00
0.000000000000000000e+00
0.000000000000000000e+00
0.000000000000000000e+00
0.000000000000000000e+00
0.000000000000000000e+00
0.000000000000000000e+00
0.000000000000000000e+00
0.000000000000000000e+00
0.000000000000000000e+00
0.000000000000000000e+00
0.000000000000000000e+00
0.000000000000000000e+00
0.000000000000000000e+00
0.000000000000000000e+00
0.000000000000000000e+00
0.000000000000000000e+00
0.000000000000000000e+00
0.000000000000000000e+00
0.000000000000000000e+00
0.000000000000000000e+00
0.000000000000000000e+00
0.000000000000000000e+00
0.000000000000000000e+00
0.000000000000000000e+00
0.000000000000000000e+00
0.000000000000000000e+00
0.000000000000000000e+00
0.000000000000000000e+00
0.000000000000000000e+00
0.000000000000000000e+00
0.000000000000000000e+00
0.000000000000000000e+00
0.000000000000000000e+00
0.000000000000000000e+00
0.000000000000000000e+00
0.000000000000000000e+00
0.000000000000000000e+00
0.000000000000000000e+00
0.000000000000000000e+00
0.000000000000000000e+00
0.000000000000000000e+00
0.000000000000000000e+00
0.000000000000000000e+00
0.000000000000000000e+00
0.000000000000000000e+00
0.000000000000000000e+00
0.000000000000000000e+00
0.000000000000000000e+00
0.000000000000000000e+00
0.000000000000000000e+00
0.000000000000000000e+00
0.000000000000000000e+00
0.000000000000000000e+00
0.000000000000000000e+00
0.000000000000000000e+00
0.000000000000000000e+00
0.000000000000000000e+00
0.000000000000000000e+00
0.000000000000000000e+00
0.000000000000000000e+00
0.000000000000000000e+00
0.000000000000000000e+00
0.000000000000000000e+00
0.000000000000000000e+00
0.000000000000000000e+00
0.000000000000000000e+00
0.000000000000000000e+00
0.000000000000000000e+00
0.000000000000000000e+00
0.000000000000000000e+00
0.000000000000000000e+00
0.000000000000000000e+00
0.000000000000000000e+00
0.000000000000000000e+00
0.000000000000000000e+00
0.000000000000000000e+00
0.000000000000000000e+00
0.000000000000000000e+00
0.000000000000000000e+00
0.000000000000000000e+00
0.000000000000000000e+00
0.000000000000000000e+00
