-2.216766357421875000e+00
-8.713802597813853357e-01
-9.966123439002716466e-03
-1.193533631524611005e+00
-2.915051375724095895e-01
1.980013277846355946e+00
3.465020467809529769e-01
-1.410794434153365362e+00
-1.558242368943577372e+00
-6.577352976907211435e-01
5.555440586693334293e-01
-3.657610368182062643e-02
-6.510709713859093029e-01
-2.697308117868009170e-01
1.221590947714249475e-01
1.733665662363902404e+00
2.117619522033245438e+00
9.671365763594104159e-01
5.332838727353332864e-01
6.057406197799629632e-01
8.045023052650541739e-01
1.987064561737142299e+00
9.389290488423185366e-03
-5.360930067454381387e-01
3.038514587292606706e-01
-1.420454022471169253e-01
-1.150809051591971999e+00
-2.527157085292102146e+00
-2.108795941321440992e+00
3.180034987606128460e-01
2.150726163083926501e+00
9.800879295718045725e-02
-2.239434161964674264e+00
-2.002358762738531528e+00
-1.802740591170910234e+00
2.456320879684241731e-01
1.221345324765752416e+00
5.434918081727984074e-01
-1.080337334360665924e+00
-1.479163467702941936e-01
1.980294067639241096e-01
-1.501834569931079555e+00
5.915907863511513654e-01
8.972148819432534950e-01
-4.678421627923339265e-01
-3.283512270077291184e-01
-2.022127764899623870e-01
-5.830968441460226970e-02
-6.620954600352082497e-01
-6.341956784934359437e-01
7.929076213465999778e-01
8.855665545016175866e-01
3.308506911337594225e-01
6.640017431987470520e-01
1.241296890640273265e+00
1.606492457256963213e+00
-1.357887062400843003e+00
-2.400717017268529041e+00
-2.146331474534333150e-01
-9.883159383016801858e-01
-2.398628247318976836e+00
-2.586150963743335751e+00
-1.636674086404326545e+00
1.190730247078035653e-01
1.282641715106445535e+00
1.503224194665079505e+00
1.357760645439055835e+00
6.118785702614530919e-01
-6.374246392305025211e-01
-1.360944065463411512e+00
-1.326714898350321414e+00
-1.784084474868445458e+00
-2.607933162966574514e+00
-3.451785950843709205e+00
-2.420284130445385706e+00
-2.286495582777584801e+00
-2.878569914890776182e+00
-2.596360421438057564e+00
-2.206628779538581941e+00
-6.944977518276694850e-01
2.809742453140087193e-01
-1.505946492541247128e+00
-2.243700187736632934e+00
-1.870491789299195240e+00
-7.240935035188829083e-01
1.150889119454473697e+00
2.097835799072625296e+00
-3.769594362821793165e+00
-4.471699369530785617e+00
-3.760869219887084114e+00
-2.040716264862226126e+00
-1.924410428016933849e-01
-1.341681116403723451e-01
-1.896797661445612126e+00
-2.208317588231056838e-01
1.207817164384541897e+00
1.178712825294296440e+00
-3.227347142293712778e-01
-1.303681422613055307e+00
-7.534811168313551022e-01
-6.551122681178129792e-01
-2.067402602497852016e-01
7.971751131614990271e-02
-2.213951885162218636e-01
7.800377394641846429e-01
1.186792728937752006e+00
-7.842384955947689917e-03
-1.620214311059665846e+00
-5.290426007875863590e-01
8.512388227910893113e-01
-2.158298180638694719e-01
-1.192352001051339094e+00
-1.282472340198831606e+00
-2.092057568098809606e-01
3.845869180650227648e-01
-3.427509247623046207e-01
1.080052107282902796e-01
6.637634005267321058e-01
5.489857004828146980e-01
1.376074127417004078e-02
-3.929396668215328070e-01
-5.899193517396204012e-01
-3.964165493881512958e-01
-8.609506234235901889e-01
-2.171907029802090161e+00
-8.745704784826726641e-01
-2.025908783433290061e-01
-3.427159084788744536e-02
7.794142082398991533e-02
-1.699876775731882228e+00
-9.735214789227399912e-01
2.877598673056443346e+00
6.273522097046708268e+00
7.081058402724448975e+00
5.130049480677241647e+00
5.672131666848289733e+00
6.688387157522984516e+00
4.259618068026167492e+00
-1.617472096670073967e-01
-4.387605664182816945e+00
-2.809350104641763934e+00
-9.494152815388829936e-01
4.902986029355107522e-01
7.789065971370328079e-01
8.933733305610088715e-01
2.416696245799850873e-01
6.957522676839561493e-02
8.394374456566203735e-01
-4.169882279202674624e-01
-7.856894890197485548e-01
-1.625184163547019889e-01
1.035199968060275033e+00
1.761161257266932179e+00
9.070882016303343232e-01
1.813658729790939006e-01
1.690772943736393197e+00
2.267942748984425716e+00
1.020971995229266849e+00
6.704896178223707093e-01
-3.006811206840509509e-01
-1.695822608362673733e+00
9.402771813847463633e-01
2.954567152185084478e+00
3.508079862424067219e+00
3.330848002666469299e+00
2.590910077764145392e+00
7.177474765847917659e-01
-1.273788588739515060e+00
-1.567835640188441904e-01
5.917974980717362055e-01
2.837621735046856886e-01
-2.118434761260183929e-01
2.391580969557983494e+00
4.283972309824783054e+00
4.503886705209302121e+00
3.801361863203455815e+00
2.609305688851186744e+00
7.362088074766570678e-01
-1.652925434969264362e+00
-9.574850769308820286e-01
-1.175592850375217324e+00
-9.975024231120654949e-01
1.410711196279758273e+00
2.175012188180972750e+00
1.260157852507364229e+00
1.388634331673964883e+00
1.194496765520425496e+00
-7.011930363667917554e-02
3.401249740522915843e-03
8.610042899675593997e-01
1.256507588324392355e+00
1.208557347666867621e-01
-1.980512442908521020e+00
-1.238332735587164724e+00
6.489342465601625198e-01
1.873287000879818365e+00
1.520284216590407134e+00
1.015335502852872551e+00
-8.392640515590965578e-03
-1.098538566336102917e+00
1.348112995555363458e+00
2.343906976343334669e+00
2.259517143310100451e+00
2.357691175128317163e+00
4.038508764297970899e+00
6.839383634260195244e+00
6.517894509954207827e+00
3.999637849956897639e+00
1.631733255663426974e+00
-8.157246240150928251e-02
-3.612502449067678256e-02
-8.886024713518509976e-01
-8.207352582292299914e-01
-1.014061725645605039e+00
-1.894685330258315759e+00
-2.556158649824780138e-01
1.466915091631815216e-02
-9.118532680231188348e-01
-1.718314086487521930e+00
-1.786125948016668463e+00
-4.477504009173984834e-01
1.071344790994036345e+00
1.395282093437112625e+00
1.781697812203131281e-01
-9.939775007018587516e-01
-1.545543408387662243e+00
-1.589518884828178269e+00
-2.162560557315434950e-01
-1.449166165844653076e-01
-8.177701611826959649e-02
-3.386928507376956166e-01
-3.069533648321712827e-01
1.634327664793936652e+00
8.941030408263375140e-01
-4.160715059408408578e-01
-1.208419610039180636e+00
-4.218262824930898436e-01
1.250499389157599950e-02
2.114247897272623078e-01
7.180640472392154638e-01
-4.836021000969928929e-01
-5.942261762801195335e-01
7.486955168154110218e-01
1.611507490759570338e+00
1.323180821636261495e+00
-5.039107976296459679e-01
-4.921649886575201194e-01
1.814296045579681937e-01
1.150224261095681655e+00
2.004693709264806945e+00
-1.038740438409602618e+00
-6.290552987379209426e+00
-5.235805465528924785e+00
-3.689422374824664175e+00
-1.564679771252411200e+00
1.281350608629242771e+00
3.231824358710033707e-02
-6.651395052399582397e-01
-1.821404828529066933e+00
-3.628849588588068276e+00
-3.196899295647034123e+00
-3.807456113495295558e-01
-1.726990495223232891e-01
-1.246296236531782453e+00
-2.617428347654199960e+00
-4.162687142474501556e+00
-3.128027091213711586e+00
-2.523721852506280339e+00
-2.212261008502922621e+00
-5.265208001977010888e-01
2.284459834016351110e+00
3.674404456410405473e+00
1.374675270273299610e+00
-1.615382144719642810e+00
-2.637598432281928584e+00
-1.911092998648378671e+00
-3.766659645495682440e-01
9.272138117861379314e-01
2.177222272195629138e-01
-2.411294152636592081e+00
-4.802992171429147916e+00
-4.736368629495295579e+00
-1.670589133543173510e+00
1.305324238372299384e+00
-1.833874695239030572e-01
-3.487179844185559485e-01
5.771912309258486751e-02
9.922655169194842806e-01
1.780770790601492237e+00
1.415479582994060070e+00
-2.099595185580740431e-01
5.511334792293927087e-01
1.053161434299513477e+00
9.699216931103793460e-01
-7.653943749045959422e-01
-4.684664610521651618e-01
-3.881699894910521920e-01
-2.119099865308230690e+00
-1.357954335161379866e-01
-4.962598382941818542e-02
1.477209000705559383e-02
2.410297194233282703e+00
2.267993613382843332e+00
-8.107485149996116469e-01
-3.158325124456749400e+00
-2.391837756869859000e+00
-1.813740173759792462e+00
-7.940044405394022231e-01
-2.416687340848433507e-01
2.157026788182236920e-01
5.719956501095113666e-02
6.674989438523404317e-01
-8.481897567099239144e-01
-1.469860783126330617e+00
2.551602962090759874e-02
2.321959078398845300e-01
-5.159193330082656459e-02
-3.958229934311052745e-01
-1.971067840934804583e+00
-5.520475468261427654e-01
1.447296919605981280e+00
2.821729510415028841e+00
3.302304318807411043e+00
1.318096800859891449e+00
-1.643636149829678761e+00
-6.869221931337798903e-01
2.458130625517009893e-01
8.197432023721300531e-01
-2.009038188457581420e-01
-8.584014549990000020e-01
-5.186500258723445445e-01
-8.184775770272023632e-02
-2.059790313285434493e-01
-1.854012387700354481e-01
-5.185599552439661419e-01
-1.971273807558329150e-01
8.279826517802728603e-01
-1.455609428216369627e+00
-2.565475826001613946e+00
-1.159856231947060667e+00
-1.508075839290193176e+00
0.000000000000000000e+00
0.000000000000000000e+00
0.000000000000000000e+00
0.000000000000000000e+00
0.000000000000000000e+00
0.000000000000000000e+00
0.000000000000000000e+00
0.000000000000000000e+00
0.000000000000000000e+00
0.000000000000000000e+00
0.000000000000000000e+00
0.000000000000000000e+00
0.000000000000000000e+00
0.000000000000000000e+00
0.000000000000000000e+00
0.000000000000000000e+00
0.000000000000000000e+00
0.000000000000000000e+00
0.000000000000000000e+00
0.000000000000000000e+00
0.000000000000000000e+00
0.000000000000000000e+00
0.000000000000000000e+00
0.000000000000000000e+00
0.000000000000000000e+00
0.000000000000000000e+00
0.000000000000000000e+00
0.000000000000000000e+00
0.000000000000000000e+00
0.000000000000000000e+00
0.000000000000000000e+00
0.000000000000000000e+00
0.000000000000000000e+00
0.000000000000000000e+00
0.000000000000000000e+00
0.000000000000000000e+00
0.000000000000000000e+00
0.000000000000000000e+00
0.000000000000000000e+00
0.000000000000000000e+00
0.000000000000000000e+00
0.000000000000000000e+00
0.000000000000000000e+00
0.000000000000000000e+00
0.000000000000000000e+00
0.000000000000000000e+00
0.000000000000000000e+00
0.000000000000000000e+00
0.000000000000000000e+00
0.000000000000000000e+00
0.000000000000000000e+00
0.000000000000000000e+00
0.000000000000000000e+00
0.000000000000000000e+00
0.000000000000000000e+00
0.000000000000000000e+00
0.000000000000000000e+00
0.000000000000000000e+00
0.000000000000000000e+00
0.000000000000000000e+00
0.000000000000000000e+00
0.000000000000000000e+00
0.000000000000000000e+00
0.000000000000000000e+00
0.000000000000000000e+00
0.000000000000000000e+00
0.000000000000000000e+00
0.000000000000000000e+00
0.000000000000000000e+00
0.000000000000000000e+00
0.000000000000000000e+00
0.000000000000000000e+00
0.000000000000000000e+00
0.000000000000000000e+00
0.000000000000000000e+00
0.000000000000000000e+00
0.000000000000000000e+00
0.000000000000000000e+00
0.000000000000000000e+00
0.000000000000000000e+00
0.000000000000000000e+00
0.000000000000000000e+00
0.000000000000000000e+00
0.000000000000000000e+00
0.000000000000000000e+00
0.000000000000000000e+00
0.000000000000000000e+00
0.000000000000000000e+00
0.000000000000000000e+00
0.000000000000000000e+00
0.000000000000000000e+00
0.000000000000000000e+00
0.000000000000000000e+00
0.000000000000000000e+00
0.000000000000000000e+00
0.000000000000000000e+00
0.000000000000000000e+00
0.000000000000000000e+00
0.000000000000000000e+00
0.000000000000000000e+00
0.000000000000000000e+00
0.000000000000000000e+00
0.000000000000000000e+00
0.000000000000000000e+00
0.000000000000000000e+00
0.000000000000000000e+00
0.000000000000000000e+00
0.000000000000000000e+00
0.000000000000000000e+00
0.000000000000000000e+00
0.000000000000000000e+00
0.000000000000000000e+00
0.000000000000000000e+00
0.000000000000000000e+00
0.000000000000000000e+00
0.000000000000000000e+00
0.000000000000000000e+00
0.000000000000000000e+00
0.000000000000000000e+00
0.000000000000000000e+00
0.000000000000000000e+00
0.000000000000000000e+00
0.000000000000000000e+00
0.000000000000000000e+00
0.000000000000000000e+00
0.000000000000000000e+00
0.000000000000000000e+00
0.000000000000000000e+00
0.000000000000000000e+00
0.000000000000000000e+00
0.000000000000000000e+00
0.000000000000000000e+00
0.000000000000000000e+00
0.000000000000000000e+00
0.000000000000000000e+00
0.000000000000000000e+00
0.000000000000000000e+00
0.000000000000000000e+00
0.000000000000000000e+00
0.000000000000000000e+00
0.000000000000000000e+00
0.000000000000000000e+00
0.000000000000000000e+00
0.000000000000000000e+00
0.000000000000000000e+00
0.000000000000000000e+00
0.000000000000000000e+00
0.000000000000000000e+00
0.000000000000000000e+00
0.000000000000000000e+00
0.000000000000000000e+00
0.000000000000000000e+00
0.000000000000000000e+00
0.000000000000000000e+00
0.000000000000000000e+00
0.000000000000000000e+00
0.000000000000000000e+00
0.000000000000000000e+00
0.000000000000000000e+00
