2.053253173828125000e+00
1.666384382452864354e+00
1.297672958730058390e+00
1.009052450375734544e+00
2.650222262131720630e-01
-1.246076557045453281e+00
-1.908396570352538291e+00
-1.263704780549542939e+00
3.300447918865441199e-01
-6.890961923026244218e-01
-3.519681650447560095e+00
-4.158312341599373241e+00
-2.716238046787821769e+00
-1.187307886844654270e+00
-2.986444284809278926e+00
-3.992224105593005667e+00
-3.348225456627289986e+00
-1.959665837401052491e+00
-1.085902820598294793e+00
-7.738180754329935240e-01
-5.721737868755012446e-01
-9.803786197021180371e-02
5.404230915970784643e-01
-2.783111795757507778e+00
-5.678392716351834402e+00
-5.851620876370624558e+00
-3.434188689564311225e+00
-6.787067938832320735e-01
-2.956234825510912323e+00
-4.876672619709361278e+00
-3.978410872810499210e+00
1.475857671200558441e+00
-1.028240769340472927e+00
-2.392729143668316016e+00
-2.122859910225501689e+00
-1.283698827943376752e+00
-4.008389453019827187e-01
-2.968726063499841361e-01
-1.586285564574166695e+00
-2.133577829203836984e+00
-2.482222141547264282e+00
-3.947292251906445948e+00
-4.656885674302622569e+00
-3.594308797160584490e+00
-2.073975996850973669e+00
-2.085988668527216205e+00
-4.799351442887187957e+00
-5.593924464846638855e+00
-4.383784158100022310e+00
-2.960126215503124936e+00
-2.759780792441698605e+00
-2.721691646479188265e+00
-2.505580474954451908e+00
-2.182020386197884410e+00
-1.049615421920180092e+00
2.128960329437035170e-02
-9.815692253520307275e-01
-2.009027697441976734e+00
-1.740690492785408772e+00
-3.175294862575159804e-01
-2.744082160326440256e+00
-5.084837386084359423e+00
-5.798645705235463410e+00
-3.992182352795071498e+00
-4.142446775536146042e+00
-6.440613023118401337e+00
-6.345603437210179720e+00
-3.470267341297230246e+00
-4.193156142425791266e-02
5.553476282542749720e-01
-5.523655265590983188e-01
-6.265420556799308205e-01
-1.530567694172755289e-01
4.228838740334704971e-01
-1.895032113601785584e-01
-7.239273976075384365e-01
4.575702280413962431e-02
-1.543767273119045491e-02
-2.876630424500739025e-01
-3.517725303285862415e-01
-3.652729409817796480e-01
-1.144611223307185899e-01
-2.539748530629777346e-01
-2.224210971449616103e+00
-2.771302920513829537e+00
-1.894622046398482418e+00
-3.834626031722712103e-01
-7.366205945820829548e-01
-1.076964384824827370e+00
-7.115229450419585655e-01
1.884145097807804481e-01
4.570072337143793462e-01
4.517640947199377255e-01
9.114613520133452162e-02
-2.468784277034394847e-01
-2.819274568416636484e-01
-1.021129790144474025e+00
-1.730871818073931312e+00
-1.750657470082836786e+00
-8.445794589204170810e-01
-7.864252999338452454e-01
-1.673320806895442381e+00
-2.373509457138634815e+00
-1.857506868118353527e+00
-5.729920820417109262e-01
-6.878531589978620353e-02
-8.337714922689720698e-02
-1.543712469470470694e-02
-4.050568396743292610e-02
-3.804687842251814889e-01
-1.779383927716796654e-01
9.239700808283829447e-02
-3.247753464024565329e-01
-2.836102209809032715e-02
3.263371481167079979e-01
-2.203781286056659128e-01
-2.102621158213517916e-01
4.838364285132235043e-01
1.271149097623667235e+00
1.653545686491564304e-01
-1.822254824835527476e-01
4.503943394083111951e-01
7.014212325015690697e-01
-3.678220776488185795e-01
1.822337627778451985e-01
9.105071234027929394e-01
7.621701961286726501e-01
5.658290611945723247e-01
1.286947641297840894e+00
1.205554938101242701e+00
8.479278566189337729e-01
4.648953344376560715e-01
-1.317870748873588571e-01
1.530579124846724870e-01
4.493906434568539776e-01
-8.939166968384590906e-01
-9.704466228321624310e-01
-2.549299866029204331e-01
4.743168605384242564e-01
7.431984855351367880e-01
2.642158248260385589e-01
8.228249444713744420e-01
3.952917432293489020e-01
-4.274113417092235689e-01
8.015993654536779367e-02
5.733659860437293476e-01
-5.527938527711151462e-02
-4.380361934320065598e-01
-3.955563594990063603e-01
-2.405895796217990545e-01
3.633245416566888153e-02
-7.313976489272173698e-01
-1.013778296533396572e+00
-7.628882981024699417e-01
-2.627377673886327480e-01
-3.198597306684404229e-01
-3.637586463346721422e-01
-6.639120432540379646e-02
5.416978217284096342e-02
-7.300886952384375572e-01
-6.269020204106572347e-01
-3.314122134213524640e-01
-1.067926455046336320e-02
-2.516341584484766969e-01
-3.774714882234992963e-01
-5.415633812176138262e-01
-7.243394557909315079e-01
-3.371261463390284874e-01
3.857502017382880566e-01
3.288021082833089137e-01
-4.166677219389564590e-01
-1.037472474389823374e+00
-1.012422853605563056e+00
-8.659168970211996719e-01
-7.963460095863862387e-01
-6.035225338268042083e-01
-1.485132767630389927e-01
1.831846770449442885e-01
4.171325108012629013e-01
-1.176497379694089740e-01
-2.195041235162858984e-02
3.149290585891323380e-01
-6.018816637501556155e-02
-3.087424538378141792e-01
-1.627025929036229612e-01
-9.029744747032668328e-02
-3.043271116064212301e-01
-1.754501958928133820e-01
-3.970880445030484651e-01
-6.679681228800022907e-01
-4.182594731431618085e-01
-6.055255160042422036e-02
-2.015327240248055984e-01
-9.258344744688218331e-02
8.884641500695067418e-02
-3.180730715078239901e-01
-7.588322542453060926e-01
-6.888623867182224192e-01
-3.959441448833347366e-01
-4.435166311453829779e-01
-4.435166311453829779e-01
-3.959441448833347366e-01
-6.888623867182224192e-01
-7.588322542453060926e-01
-3.180730715078239901e-01
8.884641500695067418e-02
-9.258344744688218331e-02
-2.015327240248055984e-01
-6.055255160042422036e-02
-4.182594731431618085e-01
-6.679681228800022907e-01
-3.970880445030484651e-01
-1.754501958928133820e-01
-3.043271116064212301e-01
-9.029744747032668328e-02
-1.627025929036229612e-01
-3.087424538378141792e-01
-6.018816637501556155e-02
3.149290585891323380e-01
-2.195041235162858984e-02
-1.176497379694089740e-01
4.171325108012629013e-01
1.831846770449442885e-01
-1.485132767630389927e-01
-6.035225338268042083e-01
-7.963460095863862387e-01
-8.659168970211996719e-01
-1.012422853605563056e+00
-1.037472474389823374e+00
-4.166677219389564590e-01
3.288021082833089137e-01
3.857502017382880566e-01
-3.371261463390284874e-01
-7.243394557909315079e-01
-5.415633812176138262e-01
-3.774714882234992963e-01
-2.516341584484766969e-01
-1.067926455046336320e-02
-3.314122134213524640e-01
-6.269020204106572347e-01
-7.300886952384375572e-01
5.416978217284096342e-02
-6.639120432540379646e-02
-3.637586463346721422e-01
-3.198597306684404229e-01
-2.627377673886327480e-01
-7.628882981024699417e-01
-1.013778296533396572e+00
-7.313976489272173698e-01
3.633245416566888153e-02
-2.405895796217990545e-01
-3.955563594990063603e-01
-4.380361934320065598e-01
-5.527938527711151462e-02
5.733659860437293476e-01
8.015993654536779367e-02
-4.274113417092235689e-01
3.952917432293489020e-01
8.228249444713744420e-01
2.642158248260385589e-01
7.431984855351367880e-01
4.743168605384242564e-01
-2.549299866029204331e-01
-9.704466228321624310e-01
-8.939166968384590906e-01
4.493906434568539776e-01
1.530579124846724870e-01
-1.317870748873588571e-01
4.648953344376560715e-01
8.479278566189337729e-01
1.205554938101242701e+00
1.286947641297840894e+00
5.658290611945723247e-01
7.621701961286726501e-01
9.105071234027929394e-01
1.822337627778451985e-01
-3.678220776488185795e-01
7.014212325015690697e-01
4.503943394083111951e-01
-1.822254824835527476e-01
1.653545686491564304e-01
1.271149097623667235e+00
4.838364285132235043e-01
-2.102621158213517916e-01
-2.203781286056659128e-01
3.263371481167079979e-01
-2.836102209809032715e-02
-3.247753464024565329e-01
9.239700808283829447e-02
-1.779383927716796654e-01
-3.804687842251814889e-01
-4.050568396743292610e-02
-1.543712469470470694e-02
-8.337714922689720698e-02
-6.878531589978620353e-02
-5.729920820417109262e-01
-1.857506868118353527e+00
-2.373509457138634815e+00
-1.673320806895442381e+00
-7.864252999338452454e-01
-8.445794589204170810e-01
-1.750657470082836786e+00
-1.730871818073931312e+00
-1.021129790144474025e+00
-2.819274568416636484e-01
-2.468784277034394847e-01
9.114613520133452162e-02
4.517640947199377255e-01
4.570072337143793462e-01
1.884145097807804481e-01
-7.115229450419585655e-01
-1.076964384824827370e+00
-7.366205945820829548e-01
-3.834626031722712103e-01
-1.894622046398482418e+00
-2.771302920513829537e+00
-2.224210971449616103e+00
-2.539748530629777346e-01
-1.144611223307185899e-01
-3.652729409817796480e-01
-3.517725303285862415e-01
-2.876630424500739025e-01
-1.543767273119045491e-02
4.575702280413962431e-02
-7.239273976075384365e-01
-1.895032113601785584e-01
4.228838740334704971e-01
-1.530567694172755289e-01
-6.265420556799308205e-01
-5.523655265590983188e-01
5.553476282542749720e-01
-4.193156142425791266e-02
-3.470267341297230246e+00
-6.345603437210179720e+00
-6.440613023118401337e+00
-4.142446775536146042e+00
-3.992182352795071498e+00
-5.798645705235463410e+00
-5.084837386084359423e+00
-2.744082160326440256e+00
-3.175294862575159804e-01
-1.740690492785408772e+00
-2.009027697441976734e+00
-9.815692253520307275e-01
2.128960329437035170e-02
-1.049615421920180092e+00
-2.182020386197884410e+00
-2.505580474954451908e+00
-2.721691646479188265e+00
-2.759780792441698605e+00
-2.960126215503124936e+00
-4.383784158100022310e+00
-5.593924464846638855e+00
-4.799351442887187957e+00
-2.085988668527216205e+00
-2.073975996850973669e+00
-3.594308797160584490e+00
-4.656885674302622569e+00
-3.947292251906445948e+00
-2.482222141547264282e+00
-2.133577829203836984e+00
-1.586285564574166695e+00
-2.968726063499841361e-01
-4.008389453019827187e-01
-1.283698827943376752e+00
-2.122859910225501689e+00
-2.392729143668316016e+00
-1.028240769340472927e+00
1.475857671200558441e+00
-3.978410872810499210e+00
-4.876672619709361278e+00
-2.956234825510912323e+00
-6.787067938832320735e-01
-3.434188689564311225e+00
-5.851620876370624558e+00
-5.678392716351834402e+00
-2.783111795757507778e+00
5.404230915970784643e-01
-9.803786197021180371e-02
-5.721737868755012446e-01
-7.738180754329935240e-01
-1.085902820598294793e+00
-1.959665837401052491e+00
-3.348225456627289986e+00
-3.992224105593005667e+00
-2.986444284809278926e+00
-1.187307886844654270e+00
-2.716238046787821769e+00
-4.158312341599373241e+00
-3.519681650447560095e+00
-6.890961923026244218e-01
3.300447918865441199e-01
-1.263704780549542939e+00
-1.908396570352538291e+00
-1.246076557045453281e+00
2.650222262131720630e-01
1.009052450375734544e+00
1.297672958730058390e+00
1.666384382452864354e+00
0.000000000000000000e+00
0.000000000000000000e+00
0.000000000000000000e+00
0.000000000000000000e+00
0.000000000000000000e+00
0.000000000000000000e+00
0.000000000000000000e+00
0.000000000000000000e+00
0.000000000000000000e+00
0.000000000000000000e+00
0.000000000000000000e+00
0.000000000000000000e+00
0.000000000000000000e+00
0.000000000000000000e+00
0.000000000000000000e+00
0.000000000000000000e+00
0.000000000000000000e+00
0.000000000000000000e+00
0.000000000000000000e+00
0.000000000000000000e+00
0.000000000000000000e+00
0.000000000000000000e+00
0.000000000000000000e+00
0.000000000000000000e+00
0.000000000000000000e+00
0.000000000000000000e+00
0.000000000000000000e+00
0.000000000000000000e+00
0.000000000000000000e+00
0.000000000000000000e+00
0.000000000000000000e+00
0.000000000000000000e+00
0.000000000000000000e+00
0.000000000000000000e+00
0.000000000000000000e+00
0.000000000000000000e+00
0.000000000000000000e+00
0.000000000000000000e+00
0.000000000000000000e+00
0.000000000000000000e+00
0.000000000000000000e+00
0.000000000000000000e+00
0.000000000000000000e+00
0.000000000000000000e+00
0.000000000000000000e+00
0.000000000000000000e+00
0.000000000000000000e+00
0.000000000000000000e+00
0.000000000000000000e+00
0.000000000000000000e+00
0.000000000000000000e+00
0.000000000000000000e+00
0.000000000000000000e+00
0.000000000000000000e+00
0.000000000000000000e+00
0.000000000000000000e+00
0.000000000000000000e+00
0.000000000000000000e+00
0.000000000000000000e+00
0.000000000000000000e+00
0.000000000000000000e+00
0.000000000000000000e+00
0.000000000000000000e+00
0.000000000000000000e+00
0.000000000000000000e+00
0.000000000000000000e+00
0.000000000000000000e+00
0.000000000000000000e+00
0.000000000000000000e+00
0.000000000000000000e+00
0.000000000000000000e+00
0.000000000000000000e+00
0.000000000000000000e+00
0.000000000000000000e+00
0.000000000000000000e+00
0.000000000000000000e+00
0.000000000000000000e+00
0.000000000000000000e+00
0.000000000000000000e+00
0.000000000000000000e+00
0.000000000000000000e+00
0.000000000000000000e+00
0.000000000000000000e+00
0.000000000000000000e+00
0.000000000000000000e+00
0.000000000000000000e+00
0.000000000000000000e+00
0.000000000000000000e+00
0.000000000000000000e+00
0.000000000000000000e+00
0.000000000000000000e+00
0.000000000000000000e+00
0.000000000000000000e+00
0.000000000000000000e+00
0.000000000000000000e+00
0.000000000000000000e+00
0.000000000000000000e+00
0.000000000000000000e+00
0.000000000000000000e+00
0.000000000000000000e+00
0.000000000000000000e+00
