3.785095214843752220e-01
9.390895247140756963e-01
1.623500163810374541e+00
1.278675966525796071e+00
8.056171503492868258e-01
1.057096048637522490e+00
1.350336667798071044e+00
-3.982121924365822352e-02
-2.757958696990490122e-01
5.778702522589662660e-02
1.333951634629439997e+00
3.960816269166856918e-01
1.462002590091196819e+00
5.500913311436395059e-01
1.203237344880437432e+00
-4.957638040593244089e-01
2.021689876284787246e+00
-2.621732854584917227e+00
-2.710115748269589453e+00
-3.379391161601121851e-01
2.116990951586912750e+00
1.487786189100327450e+00
1.411194431103577784e+00
1.140819436220853245e+00
2.860242028994841590e+00
1.609265387733515240e+00
1.819287622971507368e+00
1.562905448740719017e+00
2.948778432376845338e+00
2.544397101176595566e+00
3.202211462987690993e+00
1.657820915834979703e+00
-5.803581433925253386e-01
-5.283775924847908811e-01
-2.320183078298020618e+00
1.112407271119499885e+00
-5.863766742829894518e-01
2.904705350063551350e+00
5.899874262695936622e-01
4.640009646657763387e-01
-1.112160515972196784e+00
1.043177061741285216e+00
-1.013334172245687004e+00
-4.596643255064440936e-01
-4.071506920286966924e-01
-3.527839536508931673e+00
-1.833342671651267075e+00
-1.343772160923087711e+00
-2.074481146939556098e+00
-2.138667724651599489e+00
2.334756841443565545e+00
1.318323678773686503e+00
1.039089524644535301e+00
-6.107160585723070412e-01
-5.807512957152187738e-01
9.825839667852398485e-01
3.502465720727643284e+00
1.721519740843127755e+00
1.923289451235701275e+00
1.291261360326262153e+00
1.976969253709299768e-01
-3.702308380811847321e-01
1.506239787857202916e+00
-1.751497464078279886e-01
-2.619477210716605775e+00
-2.915664314024018822e+00
-2.001375407279160967e+00
1.497979864831698427e+00
-9.679332381125717033e-01
1.062921736925533489e+00
-1.414121926146583164e-01
1.989679974067871671e+00
7.948357919310256037e-03
1.173014783843002729e+00
1.841841151160001910e-01
3.618606558690191655e-01
5.734710451745521631e-01
-1.083871258843509544e+00
-2.763229488619350249e+00
-2.749446500868002907e+00
-3.938213823079242282e+00
-4.240728432616458043e+00
-3.623338606699848086e+00
-1.109848175837015116e+00
2.070002682425053919e-02
-2.514277097349784995e+00
-5.241291310900489719e+00
-6.125280557791043634e+00
-3.397254446402182992e+00
-2.598663049358359789e+00
-6.608859369080621882e-01
-2.914312262418951027e-01
-5.002618705224155526e-01
-7.627382689604549348e-01
1.415844675474258185e-01
-1.244672344454780699e+00
-3.938949719714166520e-01
-2.368754128114434754e-01
1.472500636964917842e+00
6.590824849957321874e-01
-1.189001104438909273e+00
-2.023575134538470710e+00
-1.817329937459175815e+00
-1.147720772798555888e+00
-1.119959861237350252e+00
5.121952167249026466e-01
2.887969008488601830e+00
3.315028811705614586e+00
3.011390994997618531e+00
2.814560617661458153e+00
2.574690593958165685e+00
1.175766832738979861e+00
-1.013896244026098570e+00
-1.902604186676084996e+00
-1.762647155950487488e+00
-8.921716854827077547e-01
-9.837500657284530270e-01
-9.620365341743606358e-01
-1.242721411032283729e+00
-3.157021696173689662e-02
8.129151123353395292e-01
-1.451424367164348528e+00
-3.910847819619924781e+00
-4.491915247522734411e+00
-3.293605384164467687e+00
-4.843055663986425285e-01
3.004287016221252049e-02
-2.096974339495683015e+00
-5.277231555935342655e+00
-4.756434238191502573e+00
-4.260241556364133819e-01
-4.602510787484642707e-01
-7.596829874786461545e-01
-1.976903500444836981e+00
2.496931351079683115e-01
-1.957793045247826713e+00
5.161806965827790972e-01
5.152589132930761595e-01
-1.321168661368682606e+00
-9.307914203641820539e-01
-1.988749528759936158e+00
-4.585753833824348646e+00
-1.242709355597515941e+00
-2.658259595946429243e+00
-1.626748570870086397e+00
-1.913259230726705784e+00
-2.093419440356745653e+00
1.240573559378912449e-01
5.727843880866414494e-01
-2.241748855464709145e+00
-1.911206302425618508e+00
-2.588050531121036890e+00
-3.160044932594471945e+00
-1.271661792061979490e+01
-1.440669246244300794e+01
-5.652465290194736092e+00
-8.253022048238850772e+00
-1.069359022629411626e+00
-5.491062024810764441e-01
-1.192375598243117452e+00
-1.194711830960003107e+00
-3.660166690338417794e-03
-1.965779965621258452e+00
-1.651660550129657068e+00
-7.041331597881606008e-02
1.209527382104105042e+00
1.287237934747023083e-01
3.514009215429008126e-01
-3.463852084828493716e-01
-5.907373290212014627e-01
-4.264566560410938401e-01
-1.778490365101390580e-01
2.395821755733560376e-01
-8.138063305587733831e-01
-1.494430516964615929e+00
-1.567980604098057951e+00
-9.758261450872600662e-01
-7.569557903713899361e-01
-1.755089437122375973e+00
-3.363796721273806689e+00
5.081259153871084955e-01
-1.608791621765107038e+00
-3.578588062100819034e+00
-2.466074267874190262e+00
1.282357965739331362e-01
1.204838204174430327e+00
3.027436639744093272e-01
4.313229740465065465e-01
1.779725280370792806e+00
2.683945652857389952e+00
1.250901341082933937e+00
-6.185600417232692827e-01
-1.180669611011842202e+00
9.118425936841458856e-01
3.554007398853962663e+00
3.016407872288276337e+00
3.157965871633915178e+00
3.708818332195022549e+00
2.159260071693911875e+00
2.917345949623297408e+00
4.181159632718215668e+00
4.404655030157476503e+00
4.726011276109155723e+00
4.118939878599258364e+00
1.156802328247978018e+00
-6.348485015232596673e-01
9.629333432641518087e-02
1.749256511353266985e+00
1.039998357838395782e+00
1.146667899626920395e+00
1.201525232458435788e+00
-3.146377587674094034e-01
-1.632958376846235460e+00
-1.048985065279563145e+00
8.287801961828233921e-02
3.995025752051474255e-01
-9.975212189241977612e-02
-2.195209571983828933e+00
-8.803328702985568910e-02
2.186472279450541567e+00
9.745373724886328137e-01
-2.498341525653389184e-01
6.273424578799637885e-01
1.694466163869427389e+00
1.719905834808695300e+00
-3.529378783744840931e-01
-6.812459483927606474e-01
1.287514072884059724e+00
1.648074350318540660e+00
2.014819412595651116e+00
2.083429367022273659e-01
-8.841583944566542286e-01
2.072017479186857969e+00
2.706277994227056283e+00
5.976273493773183176e-01
1.796665027907170975e+00
1.000677877429673623e+00
3.370187078329336394e-01
-1.270867281602877874e+00
-2.094008641786495595e+00
1.406154486005072313e+00
2.257885521972324838e+00
4.510148290477467015e-02
1.183129388730481235e+00
2.402218577976995562e-01
5.340244528834692250e-01
5.230154579387069624e-01
-1.438811855671705553e+00
-1.713840665167724264e+00
-1.982395036784356801e-01
-1.627948470208113507e+00
-9.015420105256224392e-01
-5.018330707549609748e-01
-6.488129668588271670e-01
7.288944932868246518e-01
-1.117994338879271243e-01
-7.039469859579499111e-01
3.452649028900972583e-01
1.665886651746273928e-01
-3.248674371656821158e-01
-4.973506997687184850e+00
-6.302849639595633491e+00
-1.947201725823679563e+00
-1.489107621355194588e-01
-3.703204308671028677e+00
-1.842158714575113487e+00
-1.023868784234245988e+00
-6.567183911089258253e-01
7.564065299802060771e-01
-8.806881656868821295e-01
1.546587114226551485e+00
-1.722831630311638662e-02
2.376724042507927237e-02
-2.509575598832696208e-01
-8.445384725601712272e-01
-1.505113116734808409e+00
2.242759347280903981e+00
8.393722409425745656e-01
1.160340585695221360e+00
4.544473773296178187e-01
-1.293133395026847543e+00
-1.964810188999706497e+00
3.281198838039940391e-01
-4.806117870049106955e-01
1.867983401775448193e-01
2.020383397040754758e-01
-6.992003163415052569e-01
-6.915379615611925601e+00
-3.100157037025237372e+00
-1.157637874865108074e+01
-1.094746002458911249e+01
-2.082606588564221983e+00
-1.930973757493688048e-01
3.819399843848529930e-01
-1.687577823058410198e+00
-7.291651056892844984e-02
4.548966640507934311e-01
-5.387066959863058280e-01
4.695273199619709459e-01
-2.890581977829187910e+00
-2.174723462899081028e+00
4.043188517811331373e-01
-2.980230758359302623e+00
-1.985470505903839555e+00
1.288293690706175942e+00
-7.000486842592936743e-01
1.701585076335133007e+00
-3.702563050516960441e-01
-2.016716123779639602e+00
5.958915825666539767e-01
-2.921500542695638636e+00
-8.244695074767771636e-01
5.978628692937870692e-01
-1.227745811020109601e+00
-6.093545728676418527e+00
-5.681154639050953747e+00
-2.535780794593518017e+00
8.088645284329842866e-01
-4.568517017370190558e-01
-3.384635394859201618e+00
-4.897628737654987852e+00
-3.751142217890736319e+00
-1.553034081424904622e+00
9.293751224499671171e-01
-1.130068810640128207e+00
-5.185963261450634576e-01
-2.342985729059932076e-01
-9.284338417058244364e-01
-9.466104845768781306e-01
-1.019301957182223717e+00
-1.365211464773388839e+00
2.119244401223960850e-01
1.128717477503196287e+00
2.956244903894579501e+00
2.338560104313101462e+00
8.085743592630210141e-01
6.769766939660180061e-01
6.791985403816673816e-01
-5.473684099327709163e-01
8.692915485094809824e-01
-3.690923049394743138e-01
3.731661177656131478e-01
5.447110145823086391e-01
7.784192222602848155e-02
1.861682799657366827e+00
2.349481070231186131e+00
1.583381118618671035e+00
8.348880133475018450e-01
-5.616040322315887234e-01
-5.355805251508887199e-01
3.506322471841119004e-01
1.347753092605949776e+00
2.554571716985191365e+00
6.331805666205148064e-01
-1.097609932402935584e+00
-2.258480408857812982e+00
-5.619856751389942673e+00
-7.040299196095517686e+00
-2.641902679807450305e+00
-4.813564686004987436e-01
-1.995440940951998421e+00
-3.376024399004199594e+00
-4.553396354425267134e+00
-4.346505972352913361e+00
-2.608053614481826710e+00
-9.717448506372092787e-01
-5.201950436163915725e-02
1.236966666337251830e+00
7.347562319833742528e-01
1.458012249170813845e+00
3.994338507062761501e+00
3.929028403873782160e+00
5.327972507685590386e+00
4.893914017198602195e+00
3.526890868419682690e+00
2.784133971237726435e+00
1.950147206975824554e+00
1.612597642010952459e+00
1.235374359076589101e+00
2.455011576934487572e+00
3.167700418732548151e+00
2.942008114527940865e+00
-2.767662364660863350e-01
-7.269083353013183757e-01
1.635214947455868817e+00
1.371850842314254137e+00
1.886534078895960365e+00
1.318815377544480416e+00
-7.909428870936030531e-01
-6.495066055972424923e-01
1.113597665694122218e+00
1.680036106208900870e+00
6.552599087455988069e-01
4.303053157037322052e-01
-1.011855107966769918e+00
-3.438909881594503837e+00
-8.020301737868900105e-01
-3.355432882914278103e+00
-4.083500029729199454e+00
-1.277182135929570306e+00
-1.362378656813262978e+00
-1.972699727237611889e+00
4.597848209566079980e-01
-1.852457430879859146e-01
3.914101272472205739e-01
9.794495061681296466e-01
1.292460230064076621e+00
5.021345477239098631e-01
-8.288436432541967935e-01
-1.703769310385007341e+00
-4.075525135819201061e+00
-2.236759422755154159e+00
4.960241143043682133e-01
1.415507340415839810e+00
8.513666208607275632e-01
4.660665699841197718e-01
4.817881895589612995e-01
2.058072178711008782e+00
7.847170542774306590e-02
9.306231009137511112e-01
-1.486616261987430576e+00
-5.872952106874043121e-01
-1.145956189441488249e-01
-2.321048801879417312e-01
-2.987486163863407373e+00
-4.150207756292845218e+00
-2.300959215100117916e+00
7.680402977280358368e-01
-9.735097093480077346e-01
1.054557131636240097e-01
1.334281041728760719e+00
3.725138553241253980e-01
-2.093648811672008669e-01
2.098451460939488311e-01
4.864562665497179639e-01
-1.196167999583645392e+00
-1.065360174257282466e+00
8.404040344039606092e-01
1.111370092598317871e+00
-4.088644715624978332e-03
-8.366956219277366102e-02
9.638315486024622292e-01
1.375556907349724689e+00
8.545794993934948680e-01
9.509497231498603709e-01
1.630384752000794135e+00
2.085242790699151083e+00
9.761675560509952554e-01
4.933463627954680075e-01
7.885284577950645302e-01
1.339332448602475134e+00
1.586194560728599212e+00
6.762129817598618864e-01
7.304718032796723159e-01
1.356430466182350969e+00
1.905586045190099664e+00
6.532014333838689346e-01
8.941333760652825369e-01
1.183566067549135514e+00
1.719887328998743747e+00
1.085014168331477791e+00
8.029891954079757532e-01
1.169961708192895911e+00
1.991702534776444322e+00
3.263483564499605638e+00
3.551864356393689359e+00
3.713993529614730615e+00
4.828553099333106502e+00
4.760010834194137175e+00
2.609365905340018443e+00
1.425496009149382681e+00
1.766456430832098246e+00
1.378421172707844145e+00
7.279363890714947161e-01
6.746458957139312984e-01
1.484848921828671342e+00
1.727386961867222848e+00
3.907614392832479688e-01
1.230930103997654124e+00
9.121958859846076573e-01
2.109211574348640372e+00
1.028711345695566770e+00
1.266457132576664923e+00
8.739918895730206527e-01
1.548751718826227641e+00
8.934901873688114726e-01
1.469874268937609862e+00
1.191527366593853943e+00
1.880308459811759425e+00
1.200072476997757986e+00
1.464502691024718750e+00
1.558018767271105443e+00
1.182807026812866757e+00
1.505356861798097023e+00
1.317859449511678216e+00
1.922771579777836637e+00
1.302640810958640705e+00
1.626228994345568335e+00
1.634885291443238575e+00
1.937619416466329181e+00
