2.327392578124999112e+00
5.367725803201072177e-01
-1.017328259381732769e+00
-1.529142169698169074e+00
-5.623813028365108657e+00
-1.613463177443028584e-01
7.646983179603169312e+00
1.941164723517717405e+00
-3.625770922371715166e+00
-1.286331024375986232e+00
-3.174992659894111391e-01
1.789927680720940550e+00
4.453013111704107629e+00
6.081198828042413851e+00
8.443971981229273283e+00
4.758447500172861666e+00
-2.077559481628685756e+00
8.922781469290361755e-01
-6.381816218630248727e+00
-2.753246349449043784e+00
2.914752713982289301e+00
-2.820910039237147782e+00
1.198744390602885623e+00
1.359740955254767236e+00
-1.812981394861341577e+00
1.690109938333820061e+00
3.251130516598787157e+00
6.610352328641451614e+00
5.093058088730833433e+00
-2.159809698447842319e+00
3.842033001974340500e+00
2.106063568019141741e+00
4.656132861083039920e+00
1.087955443065188099e+01
4.616838126762343286e+00
-6.545486161631828281e-01
5.743558798926024167e+00
4.396443446674165756e+00
-3.126909953646686446e+00
-3.920208103268933542e+00
-1.687579443601310292e+00
-5.989872308097403675e-01
-9.508024251525646342e-01
2.852282395724347275e+00
4.416320132349169647e+00
4.439524636314700068e-01
1.928154859157843015e+00
4.104308517981805515e+00
2.001619501151227887e+00
-4.513088007405987589e-01
1.966648824327391409e+00
3.112180234713879390e+00
1.447147305881844259e+00
2.826507879859889716e-01
6.777541575245430439e-01
1.223667929134252930e+00
1.103915906040122685e+00
-9.098503399896544774e-01
-1.588532290168679584e+00
2.225462730189096128e-01
1.865353106452850795e+00
2.012469431390387697e+00
7.241073259936419149e-01
4.465726271777937795e-01
1.459364998979018058e+00
1.283069998964822211e+00
5.457930531540919894e-01
-3.338726408368003495e-01
-6.464940242915659940e-01
-2.046811245251412892e+00
-4.004313360497184782e+00
-3.932045133093045486e+00
-3.811615426078446944e+00
-4.907127858580348168e+00
-4.626535836943878266e+00
-3.849516681930458262e+00
-3.439363997874588019e+00
-3.202784696894413141e+00
-2.121551429868675065e+00
-1.795822240356279575e-01
-6.214083103632321858e-01
1.108084758075900123e+00
1.526010333838589750e+00
4.760555305833452655e-01
3.550625119682961905e-01
1.037328250775065186e+00
7.806803537154124450e-01
-6.905480019383669621e-01
-1.366541050261668389e+00
-4.865686448938419950e-01
7.091143131955877088e-01
-2.519579375386245879e+00
-4.986154606422071645e+00
-3.473838558277652311e+00
-1.715362188932904486e+00
-1.941486117065268191e+00
-1.368657654364601406e+00
-4.319204121010677966e-02
3.765663838072306202e-01
1.303301951174888895e-01
1.051508663053050130e+00
2.740758653566369496e+00
2.906699419847525334e+00
1.233874327811792737e+00
2.255814841083264355e+00
4.159460863012154341e+00
3.107132889612491233e+00
4.289740824909118455e-01
-1.373166996951071805e-01
1.638191537812197840e+00
2.419588266661465425e+00
2.847408477230624069e-01
-2.123672114836924862e+00
3.931353820263803200e-01
2.580092921191717181e+00
8.356526160143011861e-01
-3.203937292092208233e-01
8.418927714168484844e-01
5.118326842431772938e-01
1.671759097236160674e-01
-3.360118708555642764e-01
-4.241867466447944990e-01
-9.388224377496821038e-01
-6.970949900176095504e-01
-2.305841389459213353e-01
-3.198376099541055950e-01
4.881665752047291695e-01
4.169765686592971088e-01
5.462965015957030879e-01
1.705966515410048512e+00
9.985003572977033670e-01
-1.796345304087054728e-01
1.832343810224708935e+00
1.678761332751319779e+00
-6.239518104135149956e-01
1.339220750758992162e+00
9.624405082848079829e-01
-1.571336659324885421e+00
4.135554664468115149e-01
-9.988906313872480958e-02
-1.040204500794425613e+00
2.941462684312947662e-01
-1.244083588861041534e+00
-1.649353800820542837e+00
-7.237781561203020519e-01
-2.949571536137711281e+00
-5.818824521269427841e-02
-2.259808221792686034e+00
-4.418775733932104544e+00
3.398694240963966440e-01
-1.938093680571895128e+00
-1.660188493773776752e+00
-3.263135058762064999e-01
-6.470379641533685611e-01
7.188266812456709509e-01
-3.169164595581074328e-01
-1.029054964917011539e+00
-5.044440664302609623e-01
4.549814273876335857e-01
1.126330632122547470e+00
-1.562393615193630181e-01
5.077056517279857628e-01
1.145407188185888048e+00
1.800516538277966427e+00
6.747769796691382993e-02
-7.446478405478078599e-01
-6.061680807002782778e-01
-1.033228488806447798e+00
-1.016174619672172152e-01
-1.384880824274580036e+00
-1.628769593676917093e+00
-1.381081779229700768e+00
-3.258137305313859144e+00
-4.249814616082570051e-01
7.002534333228538355e-01
-6.617168423206334360e-01
6.550128409471391855e-01
3.215363135900812797e-01
1.513856796814292416e+00
1.536454248772539666e+00
2.296380776578387461e+00
1.883535633708156354e+00
1.373451360630383755e+00
1.464311743471266469e+00
9.158504868799226539e-01
-1.238507655506191352e+00
-3.550067403286243373e+00
-1.823243990200594133e+00
-8.367920716652905710e-01
-2.549189389890614166e+00
3.105885984443812475e-02
-3.432095329786241322e+00
-9.567019289009279781e-01
-3.032284413816971558e+00
-3.704856263710643027e+00
-2.274153676562463033e+00
-4.212569105386197776e+00
-7.357324393513225980e-01
-4.232444918512577203e+00
-3.172506162437968680e+00
-4.583527977676717491e+00
-6.112188216867998847e+00
-3.298849863228134005e+00
-3.124539678790041464e-01
1.017077939106124651e+00
4.094873221798327467e-01
-6.904750829059935757e-01
-8.816412640242876630e-02
-1.065759172997231552e-01
3.937557922863841320e-01
-2.118117096954108547e-01
-8.921353674838605752e-02
-2.065162454750053111e+00
-2.488734054495804759e-01
-8.000471014655918811e-01
-3.882631532707981670e+00
-4.959178687423970722e-01
-3.602661279295795715e-01
-8.482609986544948910e-01
-5.413708834027805006e-01
-1.521330522220907255e-01
7.553536364088597743e-02
-1.157526145014736052e+00
-1.171881714590096157e+00
5.461596190402973061e-02
1.377300665770031518e-02
2.844077879250173080e-01
-5.168605467742817261e-01
5.653060429215421845e-01
1.415517654414499837e-02
-1.270594447847760877e+00
4.487254604024482063e-01
1.405314315582727680e+00
-1.735184459649186106e-02
-9.237155399198515582e-02
1.963111493642651695e+00
-2.491354485722878209e+00
-2.077279816356900177e+00
1.021516433925864442e+00
-4.018451080508834927e+00
-2.731339973905660301e+00
7.202784548488261329e-02
-2.333561131352544837e+00
-4.084184947042737157e-01
-1.434511521577722437e+00
-1.302486047298707872e+00
5.781376238837898640e-01
-1.350003276762847815e+00
-4.784891836658894393e-01
5.587765557571484631e-01
-4.341418557699359138e-01
-2.916683565505467923e-01
4.680477959444138136e-01
1.527875260047307338e+00
2.175584804438040365e+00
-1.979012026499826771e-02
1.376175705269969463e+00
2.096779829272979789e+00
1.478862664808358485e+00
5.541440670120325596e-01
1.051988343662559000e+00
2.640992840198794767e+00
3.160629985109458140e+00
2.039213544092046249e+00
7.922250780301354212e-01
2.221607271352731949e+00
2.664668409161135898e+00
1.723490146122992339e+00
1.494470208693064794e+00
1.161755177800230632e+00
1.132335250914796143e+00
3.855611660244326888e-01
6.170600636282987939e-01
9.788275444095697608e-01
-1.513383732449507857e+00
-1.879275336790328321e+00
5.821843456592012966e-01
1.903485545348684749e+00
5.820242349116619973e-01
2.733680130350821802e-01
6.520205982252533783e-01
1.247400848396639006e+00
1.431286462346593957e+00
4.557576289429598471e-01
2.564642921092343819e-01
1.527607805571125965e+00
7.169474031274962744e-01
-1.262940483717599482e+00
-6.727736732326725644e-01
1.239003610176365733e-01
1.582634736653034668e-01
-1.381348368873905219e+00
-2.228117371754528175e+00
-1.996922216469581901e+00
-3.560347938790945577e+00
-4.817108404417393075e+00
-3.841215362807340661e+00
-1.573780344996395852e+00
-7.753480734047060174e-01
-1.804009380979835875e+00
-1.645559615537349529e+00
6.646391749142691596e-01
1.283904280763183081e+00
1.110431926470537345e+00
6.378386729189758908e-01
1.197702588123250367e+00
2.353665513266046894e+00
1.942307534204066766e+00
-1.476090177945426074e-01
-3.616570817167335861e+00
-4.362265083677154820e+00
-2.948984647173294338e+00
-2.674268805236448276e+00
-4.199760924434217557e+00
-4.263047664434691519e+00
-1.994085424383326810e+00
-1.091749348565464128e+00
-9.163655918655768673e-01
-1.241362768477935141e+00
1.302819225966706851e+00
3.749409438031404473e+00
2.799279675135600165e+00
2.289890796953725438e+00
5.175791680353124313e+00
4.102618696660747410e+00
1.159672710201327117e+00
1.400492457370842825e+00
9.430601564406647652e-01
1.726743310463747516e-01
3.493704923881919555e-01
4.825409860694466424e+00
7.003270112182346629e+00
1.613083855122877885e+00
5.597876096667341983e+00
1.010715532871530620e+01
4.013221398346947133e+00
4.385101638142551828e+00
6.432826576137449237e+00
1.881683266277800470e-02
7.339191860966340464e+00
8.590645309621148584e+00
3.421302988261899714e+00
2.624864032983850848e+00
3.021045050665286613e+00
4.382612897512961680e+00
3.248446702629109062e+00
-2.326755602386083588e+00
4.659347186880376412e+00
1.731950349239321341e+00
-2.858444147944935398e+00
5.159806104429382145e+00
6.673187255338937085e-01
3.852586376544445468e+00
7.591245644119131164e+00
6.195508703242070148e+00
4.261450974554568560e+00
-8.060554734202605154e-01
-8.014244164462254183e-01
9.008152458991389722e-01
1.975215485086851963e-01
3.063910163102109507e+00
7.286798668053819483e+00
2.001598451046690208e+00
-4.622029134087921598e+00
-1.390517266076291225e+00
-3.871224664449578690e+00
-2.080617398433195930e+00
-5.078951694129322014e+00
-9.613829344221494821e+00
-8.901480112783954013e+00
-6.488717768285287235e+00
-4.917767170381792674e+00
-2.542422516404370114e+00
-1.057268526376508699e+00
-3.104039135998002408e-01
-7.313799903178064277e-01
-5.703171967166665857e-01
-3.602234541580006777e+00
-6.412255192201666176e+00
-6.907828804043123050e+00
-3.949605232655430065e+00
-1.786844101565848719e+00
-5.684156149261953672e+00
-6.820936808365460458e+00
-5.272875832859949874e+00
-2.763133221493977221e+00
-8.857547626749019409e-01
0.000000000000000000e+00
0.000000000000000000e+00
0.000000000000000000e+00
0.000000000000000000e+00
0.000000000000000000e+00
0.000000000000000000e+00
0.000000000000000000e+00
0.000000000000000000e+00
0.000000000000000000e+00
0.000000000000000000e+00
0.000000000000000000e+00
0.000000000000000000e+00
0.000000000000000000e+00
0.000000000000000000e+00
0.000000000000000000e+00
0.000000000000000000e+00
0.000000000000000000e+00
0.000000000000000000e+00
0.000000000000000000e+00
0.000000000000000000e+00
0.000000000000000000e+00
0.000000000000000000e+00
0.000000000000000000e+00
0.000000000000000000e+00
0.000000000000000000e+00
0.000000000000000000e+00
0.000000000000000000e+00
0.000000000000000000e+00
0.000000000000000000e+00
0.000000000000000000e+00
0.000000000000000000e+00
0.000000000000000000e+00
0.000000000000000000e+00
0.000000000000000000e+00
0.000000000000000000e+00
0.000000000000000000e+00
0.000000000000000000e+00
0.000000000000000000e+00
0.000000000000000000e+00
0.000000000000000000e+00
0.000000000000000000e+00
0.000000000000000000e+00
0.000000000000000000e+00
0.000000000000000000e+00
0.000000000000000000e+00
0.000000000000000000e+00
0.000000000000000000e+00
0.000000000000000000e+00
0.000000000000000000e+00
0.000000000000000000e+00
0.000000000000000000e+00
0.000000000000000000e+00
0.000000000000000000e+00
0.000000000000000000e+00
0.000000000000000000e+00
0.000000000000000000e+00
0.000000000000000000e+00
0.000000000000000000e+00
0.000000000000000000e+00
0.000000000000000000e+00
0.000000000000000000e+00
0.000000000000000000e+00
0.000000000000000000e+00
0.000000000000000000e+00
0.000000000000000000e+00
0.000000000000000000e+00
0.000000000000000000e+00
0.000000000000000000e+00
0.000000000000000000e+00
0.000000000000000000e+00
0.000000000000000000e+00
0.000000000000000000e+00
0.000000000000000000e+00
0.000000000000000000e+00
0.000000000000000000e+00
0.000000000000000000e+00
0.000000000000000000e+00
0.000000000000000000e+00
0.000000000000000000e+00
0.000000000000000000e+00
0.000000000000000000e+00
0.000000000000000000e+00
0.000000000000000000e+00
0.000000000000000000e+00
0.000000000000000000e+00
0.000000000000000000e+00
0.000000000000000000e+00
0.000000000000000000e+00
0.000000000000000000e+00
0.000000000000000000e+00
0.000000000000000000e+00
0.000000000000000000e+00
0.000000000000000000e+00
0.000000000000000000e+00
0.000000000000000000e+00
0.000000000000000000e+00
0.000000000000000000e+00
0.000000000000000000e+00
0.000000000000000000e+00
0.000000000000000000e+00
0.000000000000000000e+00
0.000000000000000000e+00
0.000000000000000000e+00
0.000000000000000000e+00
0.000000000000000000e+00
0.000000000000000000e+00
0.000000000000000000e+00
0.000000000000000000e+00
0.000000000000000000e+00
0.000000000000000000e+00
0.000000000000000000e+00
0.000000000000000000e+00
0.000000000000000000e+00
