1.617706298828125000e+00
-2.369745754919720948e-01
-1.172981452774345401e+00
-7.829115065421743402e-01
-8.034678003596135154e-01
-1.133473044059076784e+00
-5.193122772349315630e-01
2.737407586426701123e-01
1.379992856712764837e+00
1.854305219021758822e+00
8.362219156685450905e-01
5.753219559017992424e-01
1.679693717838231404e+00
-1.244062234829146352e+00
-1.628390588990567434e+00
-2.293673244357355756e+00
-4.357678376570230938e+00
9.522111944642883685e-01
-1.004790620613166041e+00
-5.965209744265235869e+00
-2.374581653325235742e+00
-2.232149886109501047e+00
-3.508608894454820160e+00
-7.061240736253658890e-01
2.018954377833320546e+00
3.244171916810379752e+00
3.142389651105849335e+00
-1.954982964260665312e-02
-3.521702400193682525e-01
1.457843058626500099e+00
-1.704448943929441018e+00
-1.670360746123352502e+00
-4.007128365289000627e+00
-6.104872102406270429e+00
-1.724938397079709196e+00
-9.537946333283049416e-01
-2.816158479775438650e+00
-9.961337389055535674e-02
6.313818106678814601e-01
3.575396973522120270e-01
4.956348885454082698e-01
6.487762494440296734e-02
-1.349403965110653747e+00
-2.506483599707065579e+00
-2.065752560108011338e+00
8.963437540564456185e-01
-2.231501314907973210e+00
-3.098050117136132542e+00
-1.087070032083177651e+00
1.751186200975496376e-01
1.158068433348112380e+00
-6.561702162261369153e-01
-2.734738052159872090e+00
-2.120304116525720595e+00
5.312741218103316232e-01
2.320683257255129917e+00
1.116386359658852800e+00
5.359076720446989128e-01
6.282477643251880295e-01
1.143498055672551361e+00
8.740239060512906555e-01
-4.655874460635757162e-01
-2.720248629941268703e-02
4.356603388652720010e-01
1.085854418343147554e+00
-9.009219930747077720e-01
-1.694405827713165280e+00
4.231560545296004783e-01
3.210317258456644396e+00
3.651742848095270944e+00
2.685694674332363974e+00
1.866600834644565277e+00
9.044746292964118695e-01
-1.606065214149807741e+00
-3.861624824522531974e+00
-4.546788810592231833e+00
-2.679564839722895719e+00
-1.710390081134183227e-02
4.097742730693365587e-01
2.620883408419802940e-01
1.431293487965804578e+00
-6.783944115304354483e-01
-2.795925094835799651e+00
-1.433988706109072364e+00
1.739163914520790666e+00
3.533979503870867678e+00
2.806552714371852275e+00
1.442019724757228394e+00
-1.018051170550888118e+00
8.364305171190564714e-01
2.322824868152269406e+00
3.326087029905775427e+00
3.444637536761336882e+00
3.183273756850385272e+00
3.904618177504169729e+00
3.051972579203900970e+00
-3.605897245699627440e-01
-1.617799090467631151e+00
-2.278918573454878249e+00
-4.095803424553593253e+00
-5.672734799898455194e+00
-4.473385664656371219e+00
-7.389670601423881102e-01
2.652893619913756496e-01
-1.561979758291542897e+00
-3.595228029247544033e+00
-3.301409728772876306e+00
-2.301526067418827037e-01
-3.560330093159410847e+00
-6.078717188157678031e+00
-8.180781065505478011e+00
-8.224418244140553114e+00
-4.350752736217170735e+00
1.164971796433869722e+00
-9.328063131177537493e-01
-2.885403620868809860e+00
-4.279196085483840228e+00
-4.758433642824115850e+00
-4.250593637380392309e+00
-3.134053774715063412e+00
-1.283964919738692423e+00
7.341610923191055349e-02
-7.013541190435725881e-01
1.610121776493544932e-01
7.641099720307962251e-01
4.911290588324024320e-01
-3.146709906317823879e-03
1.974315421955261662e-01
1.161537514583491859e+00
1.136525034413934154e+00
3.469978037489838130e-01
4.902638426338112310e-01
-6.335948017219894535e-01
-1.045775235837375750e+00
1.890859631115688888e-01
1.158705343650610065e+00
4.158730943841317806e-01
1.667638381982307072e-01
-2.240959400945546909e-01
-6.746247139414320859e-01
-5.383324753284668418e-01
-4.863736065058432700e-02
5.320896564930244210e-01
1.140894343061789495e+00
1.010182522919895520e+00
1.904508064034395876e-01
-4.383334245296512388e-01
-4.590899784562192387e-01
-3.387469232469599856e-01
-5.424837457082474224e-01
-8.167403988066225251e-01
-9.402539331391944755e-01
-9.234945254088529065e-01
-9.916359052585869138e-01
-9.695381703472301105e-01
-6.747369001876676320e-01
-3.566608274887265173e-01
-3.662186213659485157e-01
-7.371811064048708895e-01
-1.114851444195161134e+00
-1.136652096773166365e+00
-1.072325967446003059e+00
-8.104215835023594883e-01
-5.575983081883399972e-01
-9.899987672591034071e-01
-1.269024718720806577e+00
-1.329940572773981255e+00
-1.277562932965333076e+00
-7.600117780561017611e-01
9.811331761243735627e-02
8.272005666684911773e-02
-2.489892617325225044e-01
-7.223900335302685383e-02
1.026326244278258359e-02
-3.056351056995952886e-01
-8.101918999088558726e-01
-1.072431500251613823e+00
-7.284184470698940039e-01
-4.602447109755283261e-01
-8.901176839830318155e-01
-7.147090689037649547e-01
-2.452290495539388715e-02
9.675971715097591019e-01
1.588706083959632309e+00
1.259693507274929125e+00
1.197489903592289018e+00
1.103325088001791965e+00
5.110020783694881885e-01
-1.286680118063410205e-02
-3.893208378233148359e-02
-1.574625164349185980e-01
-2.358431490187349322e-01
-5.184115429244473550e-01
-9.612052177292376154e-01
-7.703864722692258526e-01
-1.337020601961611543e-01
1.004414326340494323e+00
2.249724425717603005e+00
2.339263429585918708e+00
1.972287704543696396e+00
2.028336632411574136e+00
2.437257764113971437e+00
1.399954597181316318e+00
-1.956340618716956303e-01
-8.831583063535989320e-01
-6.665416828999126686e-02
6.115676208813809467e-01
9.937735106808909258e-02
-7.588186177191376114e-01
-4.835160388367589768e-01
7.660918928971767183e-01
1.629904468328049472e+00
1.455115694680234384e+00
5.118972692549624837e-01
-4.670584929876303582e-02
-1.625681702350099678e-01
-8.854201067699217775e-01
-1.361528771082663125e+00
-1.060830383010204381e+00
-3.614318425475639973e-01
8.561442356399009412e-01
2.395676617541010245e+00
2.515794981971001043e+00
1.346760357736674463e+00
-2.080912312758145255e-01
-5.211609308720877021e-01
3.754669359367719395e-01
7.342816378939497346e-01
8.362676573176085482e-01
1.408178103074812615e+00
2.846681980975355408e+00
4.320962649543869105e+00
4.850401558118621281e+00
4.585345233071898008e+00
4.381849515386420535e+00
4.008211262400235952e+00
2.252534498066890212e+00
-4.003675618312754203e-01
1.931181981085556165e+00
3.442468601120808991e+00
4.308782268912366931e+00
3.880074038515115564e+00
2.134009492319452139e+00
3.945254844860945909e-01
-1.263977724369040878e-01
8.210446177519772348e-01
1.927844542858941024e+00
1.185036404188399839e+00
2.393332484309822483e-01
1.153690605626455534e+00
5.523875182711293075e-01
7.030417980158742974e-01
1.869675101493670333e+00
2.743696267667738997e+00
2.717165907007079717e+00
3.771971198503762945e+00
3.594806123747475102e+00
1.643191963508989772e+00
-1.990727226503632430e-01
-1.464002878424141674e+00
-1.255455915376581633e+00
-2.639457712401633849e-01
1.054852899953468981e-01
7.922905006388690774e-01
-2.228042579316216187e+00
-2.943209860011112067e+00
-2.768071287519791923e+00
-1.845280177139013489e+00
-8.877990074601900261e-01
-5.217552781453234090e-01
2.027295956978463209e-01
1.731053026092737035e+00
-3.578326269749411814e+00
-7.153155055335320256e+00
-7.058350180275423824e+00
-4.411020223545516927e+00
-1.395883905045245843e+00
1.470681530722155461e+00
-2.858648293457391354e+00
-4.275780540012890540e+00
-3.396722191328223950e+00
-2.479373757331739370e+00
-2.995478659729018833e+00
-5.360980681102080148e+00
-5.171274348043078284e+00
-3.041921762611412117e+00
-7.630650488464980619e-01
-7.556847086877320763e-01
-1.564096359383141399e+00
-6.702827844128633750e-02
-8.158653069579324679e-02
-1.515418039703633868e+00
-1.549083592954054733e+00
-1.156920793777370893e+00
-3.550819107710263545e-01
1.366625331576645230e+00
2.185392813439399617e+00
5.391529143071371877e-01
2.025817847484645995e+00
4.977344590644980471e+00
3.422251952779830741e+00
-1.166133957133260513e+00
-4.410982803594195367e+00
-1.599474886431990983e+00
3.234357734196420253e-01
-1.464754711371867524e+00
9.305532563257721268e-01
2.918508684203521497e+00
3.098742963210874279e-01
-3.034099396482546229e+00
-5.022389594040389760e+00
-3.326358379309669822e+00
7.249435662615910658e-02
2.073716978343708384e+00
2.915627496246895767e+00
3.341552927604000800e+00
2.624495644689524454e+00
1.892147644425672404e-01
-1.174124461672057640e+00
-8.498875569411753483e-01
-9.946182457351743222e-02
-7.248747172222157475e-01
-5.109688500270737066e-02
1.085302278346347293e+00
1.276304420119824146e+00
-1.510581503335936437e+00
-3.017094166210959827e+00
-3.725092954987793803e+00
-2.887378678713906854e+00
-8.691846061698778048e-01
-1.836037195057156124e+00
-3.993537527134346288e+00
-4.202382121577721286e+00
-2.142163462731446089e+00
-9.112269521649480897e-01
-2.185480843395003259e+00
-3.135371173165466985e+00
-4.521144351810424844e+00
-3.452537063726148325e+00
-2.443070170971761712e-01
-2.669424284719209339e+00
-2.724503581987629541e+00
-1.463109737347861428e+00
-1.108630154088521502e+00
-1.951013929234133748e+00
-2.785820836130785683e+00
-2.047904905041055823e+00
-1.504828528918085606e+00
-3.853298186606218145e+00
-2.554063869106157458e+00
-3.234833432777304729e+00
-7.205139835954471828e+00
-5.265638143735642984e+00
-3.961724557627109622e+00
-5.169686590710784735e+00
-2.059247237377665130e+00
-2.074345328052312531e+00
-3.246369197974551035e+00
-2.901190432888907100e+00
-2.818774170441832982e+00
-1.683233769523321932e+00
-1.625401971093302755e+00
-5.072452546629208747e+00
-4.158094089222491796e+00
-3.578402108534969983e+00
-8.468093607133344136e+00
-5.215769443969328734e+00
-3.501273294657067936e+00
-7.284205979001723286e+00
-3.287050538033925218e+00
-2.736541891498109447e+00
-3.521650522460042065e+00
-2.254726636999627054e+00
-4.271170471245193667e+00
-3.804302144822369502e+00
-1.779704516074456011e+00
-1.037927065591945031e+00
-1.151224556368191765e+00
-1.231746068669828054e+00
-1.596234631464297671e+00
-1.580276247622916186e+00
-2.064978702297785684e+00
-2.858783526167613331e+00
-2.156835231510299877e+00
0.000000000000000000e+00
0.000000000000000000e+00
0.000000000000000000e+00
0.000000000000000000e+00
0.000000000000000000e+00
0.000000000000000000e+00
0.000000000000000000e+00
0.000000000000000000e+00
0.000000000000000000e+00
0.000000000000000000e+00
0.000000000000000000e+00
0.000000000000000000e+00
0.000000000000000000e+00
0.000000000000000000e+00
0.000000000000000000e+00
0.000000000000000000e+00
0.000000000000000000e+00
0.000000000000000000e+00
0.000000000000000000e+00
0.000000000000000000e+00
0.000000000000000000e+00
0.000000000000000000e+00
0.000000000000000000e+00
0.000000000000000000e+00
0.000000000000000000e+00
0.000000000000000000e+00
0.000000000000000000e+00
0.000000000000000000e+00
0.000000000000000000e+00
0.000000000000000000e+00
0.000000000000000000e+00
0.000000000000000000e+00
0.000000000000000000e+00
0.000000000000000000e+00
0.000000000000000000e+00
0.000000000000000000e+00
0.000000000000000000e+00
0.000000000000000000e+00
0.000000000000000000e+00
0.000000000000000000e+00
0.000000000000000000e+00
0.000000000000000000e+00
0.000000000000000000e+00
0.000000000000000000e+00
0.000000000000000000e+00
0.000000000000000000e+00
0.000000000000000000e+00
0.000000000000000000e+00
0.000000000000000000e+00
0.000000000000000000e+00
0.000000000000000000e+00
0.000000000000000000e+00
0.000000000000000000e+00
0.000000000000000000e+00
0.000000000000000000e+00
0.000000000000000000e+00
0.000000000000000000e+00
0.000000000000000000e+00
0.000000000000000000e+00
0.000000000000000000e+00
0.000000000000000000e+00
0.000000000000000000e+00
0.000000000000000000e+00
0.000000000000000000e+00
0.000000000000000000e+00
0.000000000000000000e+00
0.000000000000000000e+00
0.000000000000000000e+00
0.000000000000000000e+00
0.000000000000000000e+00
0.000000000000000000e+00
0.000000000000000000e+00
0.000000000000000000e+00
0.000000000000000000e+00
0.000000000000000000e+00
0.000000000000000000e+00
0.000000000000000000e+00
0.000000000000000000e+00
0.000000000000000000e+00
0.000000000000000000e+00
0.000000000000000000e+00
0.000000000000000000e+00
0.000000000000000000e+00
0.000000000000000000e+00
0.000000000000000000e+00
0.000000000000000000e+00
0.000000000000000000e+00
0.000000000000000000e+00
0.000000000000000000e+00
0.000000000000000000e+00
0.000000000000000000e+00
0.000000000000000000e+00
0.000000000000000000e+00
0.000000000000000000e+00
0.000000000000000000e+00
0.000000000000000000e+00
0.000000000000000000e+00
0.000000000000000000e+00
0.000000000000000000e+00
0.000000000000000000e+00
0.000000000000000000e+00
0.000000000000000000e+00
0.000000000000000000e+00
0.000000000000000000e+00
0.000000000000000000e+00
0.000000000000000000e+00
0.000000000000000000e+00
0.000000000000000000e+00
0.000000000000000000e+00
0.000000000000000000e+00
0.000000000000000000e+00
0.000000000000000000e+00
0.000000000000000000e+00
0.000000000000000000e+00
0.000000000000000000e+00
0.000000000000000000e+00
