6.633911132812493339e-01
5.756428735859044910e-01
5.786654892517044679e-01
3.479970919257866502e-01
2.680210463856319558e-01
2.318516556359784264e-01
-6.046042026922271440e-01
-1.680024743276969046e+00
-6.950623314899644356e-01
7.157115988060700484e-01
2.780488306306430069e-01
6.638620656624638627e-02
7.143849192939475401e-01
1.078263015774727718e+00
5.522564852382836342e-01
-5.700800919333071093e-02
-6.992662292331836005e-01
-2.502742609176473287e+00
-4.453707093189628097e+00
-2.041163475069376343e+00
1.044138489423358962e+00
3.421003155395256456e+00
3.828366929562308840e+00
1.928642091779918522e+00
-9.805377113674234035e-01
-7.568470588618558814e-02
2.171382448525521980e+00
3.790853943800405190e+00
6.030231063103772549e+00
4.735372406212380092e+00
-1.044444386637215061e+00
-4.255451349108883008e+00
4.397787525886132087e-01
2.423720163428542129e+00
-4.581284951579600140e+00
-2.548512097833175893e+00
3.519237156542459388e+00
-7.298507331368817574e-01
-7.571288827739065752e+00
-5.404618647591570735e+00
-2.967638681332968265e+00
-1.259929188559187896e+00
6.569256032092924968e-01
-1.421884654042722795e+00
-4.135873785969799599e+00
-2.718847429734886134e+00
3.791743693831333140e-01
-1.604932231253101360e+00
-3.107451706508050915e+00
-3.871491169472258687e+00
-4.336889273552718471e+00
-3.386943419891236040e+00
-1.780261860989905021e+00
-1.050000930668707921e+00
-1.680911774361733224e+00
-1.424969658370343728e+00
-4.236057417463344743e-01
9.817027665518973656e-01
5.902918933467260487e-01
-3.046887321603384269e-01
-5.198017740109306395e-03
1.724796797745743238e+00
8.637879881022803019e-02
-6.478354285658445288e-01
1.103314153118063468e+00
-2.700320675426670647e-02
-1.417173690158046950e+00
-1.011033078496843540e+00
5.542369307142065438e-01
4.079574453732401906e-01
7.350315643738535298e-01
3.182978059395522585e-01
-1.338353649699008496e+00
-6.530403001920594974e-01
6.443488985312595396e-01
1.482886466963353911e+00
8.833072174049364511e-01
-1.021041525977731235e+00
-3.145144163186420538e+00
-3.559014377629978299e+00
-1.121086446679645521e+00
1.046444986013316703e+00
-1.325508079093512981e+00
5.365752029168895376e-01
1.574420966299024505e+00
5.914481353720713042e-01
3.661841979360080934e-01
-7.677673922376936355e-01
-9.356080350652480337e-01
-1.710250091518780158e-01
-1.449919355537916843e+00
-9.356651584086421725e-01
8.345089863243464468e-01
1.715358164231640226e+00
-3.848150723327092848e-02
8.246710720420260543e-01
2.777435428937923501e+00
8.163555407822062904e-01
-2.318521059906446524e+00
-2.150055576361873833e+00
-2.819010231622973706e+00
-4.500308567875828558e+00
-3.140111645879450020e+00
-1.197313528420965945e+00
-9.863866465304442777e-01
-1.358877732519735204e+00
-6.764068074375972905e-01
-5.378062903229707814e-01
-1.974983776490079723e+00
-8.296128032972109878e-01
1.884472903177194514e+00
2.560136150445798009e+00
1.086729344152240984e+00
-6.674897195503677327e-01
-8.637698261890607299e-01
-1.961385399230710203e+00
-2.736707540669609529e-01
2.953964190200179640e+00
4.201168490075859907e+00
3.762909399360697904e+00
4.220874822574392837e+00
3.802714698562791540e+00
6.513651224810175222e-01
-2.212034981528896438e-01
1.304679726329576628e+00
2.188110483221396230e+00
-2.158098720914117585e+00
-5.471885952873599912e+00
-5.744885154334649080e+00
-2.882718608437309982e+00
1.236128372704460299e+00
7.062399715231328923e-01
-2.069186836976383503e+00
-4.105546489876774174e+00
-5.736627041594279497e+00
-6.443709851277066747e+00
-5.715193991284824193e+00
-3.554399556562019225e+00
-6.760247750372145870e-01
1.112308379799181957e+00
8.264054634077686590e-01
-1.005158763677029832e-01
-1.323138618198412608e+00
-2.112672197482837966e+00
-1.497511373907035370e+00
-3.429927849722913535e-01
-2.813237531354406684e-01
-1.834609386700830846e+00
-3.099646319820780871e+00
-2.737540927821807024e+00
-1.389152921930302931e+00
3.125803136240121738e-01
2.518012127705583136e+00
6.745332249935911406e-01
-1.231264376787175596e+00
-2.328178901582233618e+00
-2.197993940216344644e+00
-1.045493308621203266e+00
4.390284742390737627e-02
4.167079629135350682e-01
6.189359625903376738e-01
2.159104801653141115e-01
-1.349498600425483419e+00
-1.379051880397217156e+00
-4.758789266119782813e-01
-2.372536401422924435e-01
-1.525399576351236464e+00
-2.220239102982616064e+00
-1.741965761969847648e+00
-8.886345981039251996e-01
-6.794319316702228662e-01
-9.612771669329269741e-01
-4.788217731399037058e-01
-6.324627035310138590e-01
-7.645762119196710671e-01
-9.497817930574425915e-01
-1.243470499810295671e+00
-1.151888311582478952e+00
-1.111698507086604559e+00
-1.099483608742990892e+00
-7.398682746296636470e-01
-1.612242851140592848e-01
2.561783545376539184e-01
1.855173871446410550e-01
1.727330246131310032e-01
-3.900570792495614558e-01
-1.243428418587807505e+00
-1.473518758664521311e+00
-3.042253758343050896e-01
8.237088699656111013e-01
1.437088827864813290e+00
1.416099234559634601e+00
6.798349598923270065e-02
-8.116873287917931723e-01
-4.271952179893467871e-02
1.369869137390053782e+00
1.539993964816231742e+00
4.816941192030435026e-01
-1.930168528386602134e-01
5.759576762714235798e-02
8.353870787111694618e-01
1.413092840260386618e+00
1.245782893308088557e+00
1.578553094929846079e+00
1.264411401751600383e+00
3.920402107555176485e-03
-1.121077094286468956e+00
-6.444711339932185368e-01
9.368932331947310566e-01
1.222740551768790818e+00
6.337665937412866324e-01
3.289607443409419130e-01
5.146088255541063639e-01
8.615349133662175696e-02
-5.245605994770392577e-01
-1.004550625343684445e+00
-1.512666711166993139e+00
-1.688307766290118694e+00
-1.593796213694364194e+00
-9.915354886441831717e-01
2.400954116080664669e-01
1.750112032990838395e+00
1.603383723605316113e-01
-4.705036978345997767e-01
-8.779107531308296686e-01
-2.919926576285707398e-01
1.207519002186803192e+00
2.235659808588246644e+00
2.361629966110839529e+00
2.761461524346365159e+00
3.800282403962039979e+00
4.339400957024729166e+00
3.020404952794064624e+00
4.530745365418737958e-01
-8.589546769007418980e-01
-1.452670793073429500e+00
-3.609584378933133664e+00
-3.540733866739290026e+00
-2.916553383290911405e+00
-2.592634537283502461e+00
-2.560412675487803380e+00
-2.368657472754595705e+00
3.148431499730357519e-01
1.111733303780704007e+00
-2.944300992926496274e+00
-4.950873197501579170e+00
-3.520328347502555744e+00
-1.528450490003867568e+00
4.465060663075608449e-01
-1.129909393836912024e-01
-1.624223059271455050e+00
-2.085631676227897024e+00
1.536128207231542753e+00
2.507650827580683028e+00
7.496459052121142719e-01
2.115337506306773641e-01
4.434417450949195150e-01
-1.321177941236406639e-01
-9.516072137258182462e-01
-1.638021604467185366e+00
-1.272013937208406276e+00
-1.583104844561583846e+00
-1.540016885429978721e+00
-1.061077314364479607e+00
-1.468848504668318400e+00
-9.265188469722356324e-01
-8.596270034669879490e-01
-3.241946660861321661e+00
-2.470873658549662011e+00
-1.854976315637635098e+00
-4.189762850653331760e+00
-5.959154697159107172e+00
-5.585766142829462488e+00
-4.695977565350844429e+00
-4.104342875650024425e+00
-3.180908737599410507e+00
-1.789162479211683587e+00
-2.271278281896944584e+00
-3.055184178102199333e+00
-2.068632228853310995e+00
6.403595504757051415e-01
3.239364750528779258e-01
-1.473429796009358972e+00
-4.508408331519615508e-01
1.580184393568843770e+00
5.730163766703999517e-01
-7.315210850830244915e-01
4.137726647358195287e-01
6.952761362308768067e-01
7.190852128795555132e-04
-2.730983756408023044e-01
3.738153805038255673e-01
1.329660929694413962e+00
-2.307307304638491097e+00
-3.851087253148741674e+00
-2.935732934382039971e+00
-4.600496531890587715e-01
1.534403180431772373e+00
1.459789111668352124e+00
7.618850357332429546e-02
3.621362587007441736e-01
1.225603726883732980e+00
1.716832694939087078e+00
1.594761112946729842e+00
1.503723695987980280e+00
5.411850313208732555e-01
-5.543080876508374999e-01
6.872990190268382094e-01
5.660783300575165100e-01
1.020725442428718877e+00
1.936654810516491576e+00
1.295779370332592384e+00
4.452483115019118642e+00
7.058537715822687630e+00
4.151354549881432376e+00
7.072815672752092997e-01
7.593812738626053438e+00
7.291521120455757732e+00
8.594985046422194408e-01
5.224765954859180717e-01
3.554146226579502521e+00
2.151550077820206575e+00
-1.011019470044853819e+00
-2.651299077262626369e+00
-4.576887039874364405e+00
-4.939358464077904465e+00
-3.848004756721752351e-01
2.696525143003295266e+00
-1.849013859937457482e+00
-3.409205728043600114e+00
-1.398544458534410673e+00
-2.513993899023517553e+00
-2.844423895678870995e+00
-4.469814279266143053e+00
-7.393610522517906070e+00
-7.349643317572471801e+00
-2.358452470853789507e+00
-1.447067152417291336e+00
-4.985532773721653044e+00
-3.428331618977074946e+00
-3.093013356411799197e+00
-6.401778380563732718e+00
-6.053304739686858227e+00
-2.388858843006981925e+00
1.186723277799228704e-01
1.057182081692537690e+00
1.142789901710429490e+00
1.762653312685172668e+00
9.039302481821724911e-01
-2.038854717927814253e+00
-1.657427131876118898e+00
-7.577437695188199429e-01
-2.801677047293099077e-01
-1.457274073910926671e+00
-3.505224120086801953e+00
-4.754236524223383498e+00
-3.818887254978884815e+00
-1.271970038351587506e+00
-1.311406811316129906e+00
-2.084692470501339212e+00
-1.875927087261188619e+00
-2.129584899673498288e+00
-2.955032923736489181e+00
-2.913964045754372290e+00
-1.998948996458676630e+00
-2.114597177360137081e+00
-2.950608322545194007e+00
-2.736826128506021583e+00
-1.666504423788937927e+00
-9.989701970472045778e-01
-1.440031849242049411e+00
-2.039760150731303234e+00
-1.832695870533485261e+00
0.000000000000000000e+00
0.000000000000000000e+00
0.000000000000000000e+00
0.000000000000000000e+00
0.000000000000000000e+00
0.000000000000000000e+00
0.000000000000000000e+00
0.000000000000000000e+00
0.000000000000000000e+00
0.000000000000000000e+00
0.000000000000000000e+00
0.000000000000000000e+00
0.000000000000000000e+00
0.000000000000000000e+00
0.000000000000000000e+00
0.000000000000000000e+00
0.000000000000000000e+00
0.000000000000000000e+00
0.000000000000000000e+00
0.000000000000000000e+00
0.000000000000000000e+00
0.000000000000000000e+00
0.000000000000000000e+00
0.000000000000000000e+00
0.000000000000000000e+00
0.000000000000000000e+00
0.000000000000000000e+00
0.000000000000000000e+00
0.000000000000000000e+00
0.000000000000000000e+00
0.000000000000000000e+00
0.000000000000000000e+00
0.000000000000000000e+00
0.000000000000000000e+00
0.000000000000000000e+00
0.000000000000000000e+00
0.000000000000000000e+00
0.000000000000000000e+00
0.000000000000000000e+00
0.000000000000000000e+00
0.000000000000000000e+00
0.000000000000000000e+00
0.000000000000000000e+00
0.000000000000000000e+00
0.000000000000000000e+00
0.000000000000000000e+00
0.000000000000000000e+00
0.000000000000000000e+00
0.000000000000000000e+00
0.000000000000000000e+00
0.000000000000000000e+00
0.000000000000000000e+00
0.000000000000000000e+00
0.000000000000000000e+00
0.000000000000000000e+00
0.000000000000000000e+00
0.000000000000000000e+00
0.000000000000000000e+00
0.000000000000000000e+00
0.000000000000000000e+00
0.000000000000000000e+00
0.000000000000000000e+00
0.000000000000000000e+00
0.000000000000000000e+00
0.000000000000000000e+00
0.000000000000000000e+00
0.000000000000000000e+00
0.000000000000000000e+00
0.000000000000000000e+00
0.000000000000000000e+00
0.000000000000000000e+00
0.000000000000000000e+00
0.000000000000000000e+00
0.000000000000000000e+00
0.000000000000000000e+00
0.000000000000000000e+00
0.000000000000000000e+00
0.000000000000000000e+00
0.000000000000000000e+00
0.000000000000000000e+00
0.000000000000000000e+00
0.000000000000000000e+00
0.000000000000000000e+00
0.000000000000000000e+00
0.000000000000000000e+00
0.000000000000000000e+00
0.000000000000000000e+00
0.000000000000000000e+00
0.000000000000000000e+00
0.000000000000000000e+00
0.000000000000000000e+00
0.000000000000000000e+00
0.000000000000000000e+00
0.000000000000000000e+00
0.000000000000000000e+00
0.000000000000000000e+00
0.000000000000000000e+00
0.000000000000000000e+00
0.000000000000000000e+00
0.000000000000000000e+00
0.000000000000000000e+00
0.000000000000000000e+00
0.000000000000000000e+00
0.000000000000000000e+00
0.000000000000000000e+00
0.000000000000000000e+00
0.000000000000000000e+00
0.000000000000000000e+00
0.000000000000000000e+00
0.000000000000000000e+00
0.000000000000000000e+00
0.000000000000000000e+00
0.000000000000000000e+00
0.000000000000000000e+00
0.000000000000000000e+00
0.000000000000000000e+00
0.000000000000000000e+00
0.000000000000000000e+00
0.000000000000000000e+00
0.000000000000000000e+00
0.000000000000000000e+00
0.000000000000000000e+00
0.000000000000000000e+00
0.000000000000000000e+00
0.000000000000000000e+00
0.000000000000000000e+00
0.000000000000000000e+00
