2.699188232421874112e+00
2.392925868348583229e+00
2.905018389578892801e+00
2.981978896756052322e+00
1.004052660563792720e+00
1.785419214818235289e+00
2.076630778822595502e+00
1.902361768865907132e+00
1.790919719346315331e+00
-3.194841463033388784e-01
-9.014212563501879938e-01
9.620638130310403824e-01
1.121808183225987188e+00
4.360319582348428646e-01
2.670118861854304804e-01
4.149890528874042861e-01
-2.297966620247822167e-01
-1.422344636862336698e+00
2.583875530976516011e-01
1.844847638804217427e+00
-2.347022496954452198e+00
-4.080844602739215787e+00
-2.987299866764425715e+00
-4.149344664647081515e+00
-8.609007294881139138e-01
-1.935436010669951301e+00
-1.487370692611119427e+00
-4.374163515499249755e-01
-3.758860113016632809e+00
-4.412628102828977106e+00
-4.725126866017257399e+00
-2.382074819319089709e+00
1.417522803975814538e+00
5.581654724294047298e-01
-2.182178581224365033e+00
-4.341540830638317416e+00
-2.403024649674574853e+00
-1.211997572104772658e-01
2.662372309282308169e-01
-1.983959923292432981e+00
-5.249166563441837852e+00
-1.808032542703720935e+00
3.109280746772610904e+00
9.254115277863661504e-02
-4.582551999351959005e+00
-6.471807677623101718e+00
-2.104202245993871401e+00
-1.658967035806674151e+00
1.252520123546830622e+00
3.211672756756270175e+00
-2.585189261727073529e+00
-3.281167957516241351e+00
2.220297358860140235e+00
-3.376883252609468755e+00
-8.665412843683018451e+00
-2.022324690136276359e+00
5.102175364227703014e+00
1.485034915684769086e+00
-1.356237621380325775e+00
-3.135313875445489007e-02
-4.166437923651677977e-01
-1.848360005931117822e-01
-1.881475707570054112e+00
-1.164895720304918392e+00
-1.494853050244905113e+00
-9.196549227113828273e-01
-1.521036084083064566e+00
-2.056951210425926213e+00
-1.383300706575003591e+00
-2.738426301224479609e+00
-1.130064187219593785e+00
9.198587082443252516e-01
-2.992808412715606270e-01
8.427098444244751629e-02
-6.482518119591980099e-01
-2.115687101575650653e-01
1.986040628876443170e-01
-3.829499398631769358e-01
-2.461692698682794722e-01
-3.101596297083519804e-01
-1.733909702086293692e+00
-2.915258394080552096e-01
2.890005273701423683e-02
-9.009590893415904134e-01
-5.474245245237867596e-01
-1.382350733873846771e+00
-1.601533075202885792e+00
-2.778580836918465913e+00
-1.913271075944825927e+00
-1.888062982204896656e-03
-2.448852122573841328e-03
-3.161718094279625024e+00
-4.910270516805220531e+00
-5.383443302375146899e+00
-4.129356485115954989e+00
-4.090073050237990060e+00
-3.394411056966353257e+00
-2.018553056262433643e+00
1.423965433202078579e+00
3.137445060366770289e+00
2.542411028831188524e+00
1.723600315616564460e+00
-3.085455098247480432e-01
-2.645629726650822633e+00
-4.514355067037170599e+00
-2.367476586342912803e+00
-2.823482471255398529e+00
-1.338375857704811711e+00
-1.338212600441213818e+00
-2.180999512063041657e+00
-1.196728879386085520e+00
7.335759996379279668e-01
5.301138551576982660e-01
1.045806258757004725e+00
9.653614411266498996e-01
-1.526762623271352037e+00
-2.301396112382667170e+00
-1.412000771328560722e+00
3.055216962996110119e-02
-4.599854190807750598e-01
2.030610046014830417e+00
-1.244307021888918507e+00
2.234453271735699076e-01
6.819452584571528142e-01
7.248520884122697794e-01
-3.976524484950338945e-03
-1.794117539327145572e+00
-1.006902670442331615e+00
-7.321852282988963179e-01
-1.347776990018303866e+00
9.223630297991043392e-01
-1.948573995458955821e+00
-1.670700185190655773e+00
-1.564254383328738562e+00
-1.370399293739517521e+00
5.608051753010837359e+00
3.921648805658115133e+00
1.744707495533326380e+00
6.762606082210274039e-01
-6.729242477378720722e-01
2.052501313425044049e+00
5.556988313687557302e+00
2.091206487941441594e+00
-1.472974760433916508e+00
-1.964003668408393466e+00
2.143700004946384574e+00
-2.757644598941322300e-01
1.875112028382166951e+00
3.955118609764245008e+00
2.526988941593089066e+00
1.635664082285876564e+00
1.503225426290197841e+00
8.625630283216878524e-01
3.114442343713630379e-02
3.408306697069961366e+00
3.048620725901429296e+00
5.010724739124529314e+00
-7.725074595275192024e-01
3.382894910395520149e+00
-2.829755762229826388e-01
1.204602283071822155e+00
1.069551782272282203e+00
2.300077057982568007e-01
8.138740643946551501e-02
3.613070875435102636e-01
-3.248176922817842094e+00
1.164535929742317899e+00
-2.700629120653457171e-01
6.749904287875254205e+00
6.014091912744605750e+00
2.369209761120815827e+00
-2.584211105731677449e-01
6.126589582959637070e+00
9.508051074556014726e+00
4.977569977689158875e+00
4.203377158152092008e+00
8.393552581387977440e-01
8.437915266056446484e+00
5.913652689479834024e+00
-3.038336020106617852e-01
-6.493577414379578805e-01
9.760622630044579751e-01
-5.760683736639911068e-01
7.917378502023806330e-01
-3.510994401830250577e+00
-3.412549932199564928e+00
-3.121513147436566271e+00
-3.047270746072937797e+00
1.401853960667463372e+00
-4.145915936918759925e+00
-6.013863978119692533e+00
-3.176591287026075072e+00
8.756040885372273763e-02
1.286812277838789154e+00
-3.154129984287337152e+00
-4.439432703573997330e+00
-7.461006493825141916e-01
6.405293758200327758e-01
1.202304100834023615e+00
1.372982924206642474e+00
4.349833365335603830e+00
2.183747382510250468e+00
-1.902579825503803335e+00
2.752799628245544916e+00
3.995818989279209532e-01
8.701768333593449256e-01
1.929637569218883630e+00
-3.236677010279249256e+00
-4.913158715898013895e-01
1.295426199945056034e+00
4.120252842364280355e-02
1.450238149689693223e+00
-3.396879437001145696e-01
3.276727298334448868e+00
1.741193548960947357e+00
-3.626113819976299446e+00
3.896600461368225243e+00
1.250552815346829050e+00
-1.984119287234725970e+00
-1.124844259799409274e+00
-2.685606356073143353e+00
1.773697410126154228e+00
-2.808888871559096945e+00
1.110210356436934331e+00
2.013291950722333468e+00
2.123899061294984847e+00
4.221921396548022898e+00
-2.632058950139336773e+00
-1.632883913301488299e-01
-1.133580628627748332e-01
-1.303076786703880163e+00
3.991853373417394657e+00
3.095836656360159367e+00
3.078332521370495733e+00
-3.251792776744011348e-02
2.118458552595319233e-01
3.158796690539913854e+00
6.870562225405287826e-01
1.202948772698455571e+00
9.891837864125863078e-02
-1.512363853549617332e+00
-3.467776398080133493e-01
-1.835148619467291020e+00
-1.229206154051042832e+00
-6.932453488998679969e-02
1.193052962367371350e+00
-8.496402392990236585e-01
-2.057024741614083219e+00
1.079994754368269083e+00
-9.585369760258188876e-02
-2.901915881975725142e-02
-1.485527069990955074e-01
-2.590248813796046878e+00
-5.629652280251276064e-01
-1.517683986389415596e+00
-7.433985785420782477e-02
1.423022030613023237e+00
-3.677171270457093577e-01
7.713839005735965149e-01
-1.552314692055828171e+00
3.918553549775618539e-01
-1.978882226732187721e+00
-3.131842571313509183e+00
1.404149130542124979e+00
-4.085917374345315878e+00
-2.703346280853016648e+00
1.091513413584872749e+00
-2.367461134090849573e+00
2.397556673158549589e+00
-2.515442685992219651e-01
1.420248483556264540e+00
-2.083143961311016312e+00
-2.112122761824855033e-01
4.283007589964437756e+00
-4.952328738310409761e-01
-1.500596572918133642e+00
-1.183307422990637070e+00
-6.620510623168223141e-01
1.821780013716600699e-02
7.591463794302493184e-01
4.941902339757433538e+00
2.680283020834421492e+00
-1.410619483416938991e+00
-4.203024135887085677e-01
7.956863118261994217e-01
-1.215545025468313556e+00
-3.261927180002679449e+00
-2.696861225490213787e+00
7.861113300753022060e-01
2.054206828013202202e+00
1.891294823889242416e-01
1.522047118872544402e+00
9.511404383740806878e-02
-1.667064878718036436e+00
-2.568243321622981856e+00
-1.861514346235702888e+00
5.397690004657667018e-01
1.174272165868306406e+00
-4.369586795471532170e+00
-3.457323966964932715e+00
-2.470821745755704235e+00
2.747448093717670403e+00
2.285914223685922231e+00
-1.201856488873402462e+00
1.250350600599040796e+00
3.869059484952350303e+00
1.710846478282461502e+00
1.573682908212156395e+00
4.202913920966684813e+00
8.748557756789123729e-01
-8.144159719431545152e-01
4.443462634827528568e-01
3.035504261152337513e+00
-1.598946337470430912e+00
-1.539375966666075346e+00
2.267818731100272878e-01
4.026613766697662022e-01
-1.959506390526548181e+00
-2.435622184656950573e+00
-9.310051913264760781e-01
-9.513629352558217178e-02
-1.644288035434394946e+00
-1.626164121310574640e+00
1.128249869886371881e+00
-1.239724507161313216e+00
1.143091914197585490e+00
-1.268882789519366838e+00
4.813238263263327710e+00
6.719674080771574687e+00
2.629639059530648026e+00
5.667641889179860115e+00
4.869393633396148502e+00
6.915626144897656147e+00
9.611142886274260277e+00
-7.751559489912556167e-01
2.916982498843550431e+00
6.415509655504118669e+00
7.727059707767466534e+00
1.766668310659105678e+00
1.120784991168576550e+00
-3.352032776103870848e+00
-1.476948991362174501e+00
7.783278802866870905e-01
1.488803774001255853e+00
7.908742169820000001e-01
-2.672464507562887892e+00
-3.908166179438039567e+00
-1.139642112731694468e+00
3.800174178494502009e-01
3.920240439503960950e+00
2.294580030336426546e+00
-1.305829490412034666e+00
-2.129296194070205761e+00
-6.168829058011278121e-01
2.978719317544006095e+00
-1.278004502290758904e+00
1.421033473803652747e+00
1.156875611747244292e+00
-1.337867429084471205e+00
4.803079016867424222e-01
3.036495085809225891e+00
2.712376864894848971e+00
1.859666531882332663e+00
4.664507648689777852e+00
5.599757919025362796e+00
2.965132837974045810e+00
3.202059557131132106e+00
5.575657135068079029e+00
3.918454392651199658e+00
5.945021274677673162e+00
3.546982343320890685e+00
1.755124893819740350e+00
1.689970184688593502e+00
2.293349033734424225e-01
1.339424979311162556e+00
1.869182299782597312e+00
-1.364904267250348635e-01
-9.388279217641253283e-01
7.331210260945365542e-01
-1.136118176540104940e+00
-1.031670179304490453e+00
-1.079797890273572314e+00
-2.249935930991090238e+00
-1.963880009777109859e+00
-1.969115178754969220e+00
-2.450818773379378701e+00
-1.805789496567006935e+00
-1.258566122376425511e-02
-1.293740887710308485e-01
2.464175338857730324e-01
-1.295130090224587693e+00
-3.118185565399493875e+00
-3.585209877787552735e+00
-5.702137044649528974e+00
-6.441641231861089167e+00
-4.765707978712616644e+00
-4.600288212655247122e+00
-4.675402205741337802e+00
-1.277603286668969940e+00
-4.450055203674054827e-01
-9.378161379211431559e-01
-2.179648039770885948e+00
-2.565872566420519973e+00
-1.617350474675956384e+00
8.814788976359828609e-01
2.427829510161916282e+00
2.697729669350778181e+00
4.675147593006245827e+00
2.785157060033508714e+00
1.398026993626687808e+00
2.147161478539460600e+00
1.553969869884374688e+00
-6.766675825964965085e-01
-1.320150176221520644e-01
-4.692746935340563752e-02
6.009985015844587775e-01
1.503788293155966294e+00
-7.411224317426530206e-01
-4.261657497736109912e-01
-1.884045024222811948e+00
-2.949017262896765690e+00
-9.308795248016212831e-01
-7.456232133165174858e-01
-1.012881584029744264e+00
-2.355879888237695230e+00
-1.977211382467631395e+00
-5.200857792167445925e-01
-2.589886356309849091e+00
-7.201252031808499376e-01
-9.494129103024855354e-01
-2.461154477465740120e-01
-2.711421392315482404e+00
-2.677451300078295571e+00
1.386845210846385790e-01
-3.973707397692746390e+00
-7.702436681047132971e+00
-5.492269483166058563e+00
1.781095808057650554e-01
-4.574452364821572914e+00
-3.730935935122646097e+00
8.676019990285197547e-01
-2.182785998377583248e+00
-4.791049192180421912e+00
-4.123603794991565152e+00
-6.458402337267068916e+00
-3.383963291286856023e+00
-1.632366928062830791e+00
3.583804484119301748e-01
-1.282711143099898976e+00
-1.132839248647125707e+00
9.279583153041470744e-01
-3.937516316987400566e-01
5.943981640740179095e-01
-1.988923983004698748e+00
-3.649441973614063528e+00
-8.548781577621356043e-01
3.475817246832976437e+00
4.280492573127704148e+00
6.361674967677273251e-01
-1.961567708085198980e+00
-3.440120534361745364e+00
-4.395248716484557505e+00
-3.918765848164267318e-01
7.070493956107268829e-01
-3.332403880628120874e-02
-3.840724469327687629e-01
-3.636820835455930379e+00
-3.020610293712247874e+00
-2.439862840335868643e+00
-1.664221265672929384e+00
-5.020239695798912605e-01
-2.013211637548416810e+00
-1.014544160987091770e+00
8.342848219248328867e-01
-1.174624821659439045e-01
-1.371469930173649932e+00
-1.782747641907691527e+00
-1.000772566539267494e-01
1.496316330255909932e+00
2.451363461487043871e-01
3.250560848752028775e-01
1.461280763571245478e+00
7.377440814026470228e-02
8.493651792546157431e-01
-7.700556287109594500e-01
-1.659604229981419987e+00
1.756599560443520280e+00
7.737462935368082384e-01
-1.174781477623415116e+00
1.086460395424601044e+00
1.468365524130274880e+00
2.325882731930956737e+00
2.553409103291010229e+00
2.345366425297231938e+00
1.809579956409076651e+00
1.233550763765028480e+00
1.628613457130544173e+00
2.158456533381537756e+00
2.574150892186933159e+00
2.790958261034045318e+00
