-2.124206542968750000e+00
-1.767978192862362352e+00
-1.175311578741471408e+00
-1.677793773587638260e+00
-2.035525429557691002e+00
-1.802807267663893986e+00
-1.285544123445112819e+00
-5.741993724252495435e-01
3.239872159913157468e-01
-5.663585787880114353e-01
-1.803732912161630564e+00
-2.181264146696671791e+00
-1.627803492308121713e+00
-9.832537391061417775e-01
-1.672958180774735126e-01
3.688754165407679420e-01
-2.306887547992857446e+00
-3.280143259123015742e+00
-1.469758268928157197e+00
-7.685191185016497784e-01
-1.312018774027335688e+00
-1.249336394300691211e+00
-1.058065379463259736e+00
-1.036852992514017746e+00
-7.781917758463073875e-01
-3.457045691035924850e-01
-1.309183528191947943e+00
-2.946357087138993691e+00
-1.631626250129743827e+00
1.288193004208723735e+00
5.860576317035219862e-01
-1.776193378195887185e+00
-2.285929940281201223e+00
-8.720673452181655350e-01
-3.844895201093936343e-01
-1.122946579645272225e+00
-2.036436570351386255e+00
-1.745931691277897713e+00
-1.005427849338479840e+00
6.799338978193806282e-01
-1.122053444410767042e+00
-1.572965121342909667e+00
-1.839711459044762298e+00
-4.016522081240914588e+00
-2.829714734634757534e+00
7.632475896932406911e-01
-5.532341619155849433e-01
-9.731243905603428335e-01
1.640590525650960751e+00
3.088376882291925973e+00
-4.969987031975109382e-01
-4.581618404733757366e+00
-2.817330871610743692e+00
1.636729947007749875e+00
1.015273185031594139e+00
-2.611941735625168626e+00
-1.542240873035298776e+00
1.154624207285435133e+00
1.184735760234745250e-01
-1.371427436221948071e-01
5.508072994756432195e-01
-1.714574087918868450e+00
-1.666938330291584336e+00
1.010009690699903206e+00
2.265727275180293265e+00
1.523350579191139031e+00
-1.402693359266155682e+00
-5.759912101310948884e-02
1.673440093045514665e+00
-6.728611976225749025e-01
-1.455577484339309002e+00
1.297783935203503880e+00
1.950501045210256024e+00
4.121242301035570321e-01
-2.849695850671060793e+00
-4.758857492073991224e-01
-4.216693482372022572e-01
-5.627940219202471894e-01
-6.281871345503311499e-01
1.394601624207743917e+00
1.647024793955913058e+00
9.315162038668680644e-01
-9.908279318834445348e-01
-1.675291735101540613e+00
-5.065451615708065347e-01
-1.918356411967095498e+00
-3.532292413553459021e+00
-2.950283905004093654e+00
-2.739587519894993051e+00
-2.660791485263469980e+00
-1.630100548129586713e+00
-2.767384127849534359e+00
-8.005484779576885757e-01
-7.365427601547436254e-01
-3.123905630926229193e+00
-1.759781041430556137e+00
2.579144196939486822e-01
2.189056120445940223e-01
-2.195090546369918627e+00
-2.290867167801635240e+00
-2.140576592147153789e+00
-2.226297122794169248e+00
-1.540787560790550792e+00
-1.489917678350929808e+00
-2.663436159793651115e+00
-2.275236934587682391e+00
-1.142619480276709787e+00
-2.851316921667394144e+00
-1.750794580648053600e+00
9.013292726750143924e-01
-4.374947694402171461e-01
-6.055242164482379508e-01
-1.624284083302804937e+00
-2.760912040881285279e+00
-2.307964312917556882e+00
-2.559539108060598700e+00
2.396000920598501116e-01
-1.628452287752924832e+00
-1.012634363044251362e+00
8.245959505182484106e-01
-2.293656903229903232e+00
2.640531817657065794e-01
7.538704716366999570e-01
-1.352709315094048126e+00
-2.767037187908217621e+00
-1.930385719631010133e+00
4.171482048018102518e-01
-8.129297698757569357e-01
-3.664351307511628963e+00
-3.240240746078546952e+00
4.090008676048697556e-01
-2.432717027988565928e+00
-1.515300710058222977e+00
3.462539798848198735e-01
7.832084577764653055e-02
5.253727462987169972e-01
-2.958666369734509694e+00
-4.464941300389565271e+00
-1.889043006781027323e+00
-1.638475504706976560e+00
2.896224096198184439e-01
-3.036857659618690697e+00
-2.880412728429100788e+00
4.775052371617041214e-01
-1.358627821688348725e+00
-1.004165127445806993e+00
-3.535732286754467157e-01
-1.621546578026050067e+00
-3.319725918676136089e+00
-1.846332475265745288e+00
2.604382805771369158e-01
-1.015313094083229117e+00
-2.561074367105224070e+00
-1.426547991932233694e+00
9.243548372162261328e-01
-1.137197943962381164e+00
-7.497166691116885495e-02
-6.623146250835474369e-01
-1.528729594746637721e+00
1.441498610756570375e+00
-4.085609552643911790e-01
-2.779342259458134290e+00
-2.291271953380988879e+00
-3.170207313970216489e+00
-9.096538216545797528e-01
-3.812050499796166392e+00
-4.881910890042352236e+00
1.229423311936657770e+00
-5.042726355793886839e+00
-5.269901379624539750e+00
-3.382119293814362493e+00
-4.402390489326765355e+00
-4.573583781130340142e+00
-7.906556013490925849e+00
-6.649455594318582463e+00
-5.123066188614453509e-01
-6.019780082044457359e+00
-1.055021701476309559e+01
-6.091658482036454991e+00
-1.667987168421445343e+00
-3.829498971262647711e+00
-8.154836578036722017e+00
-6.692795215773852391e+00
-5.108911806298595870e+00
-1.259561332103317177e+01
-1.274301958080650365e+01
-3.409457775778204969e+00
2.976322855417148361e+00
5.813769284263248238e-02
-1.722647540395551236e+00
-3.726164406410932273e-01
-4.490614655831352664e+00
-7.170604526039134896e+00
-4.553795842164459984e+00
-5.558658792071291543e-02
6.805097085132261192e-01
-1.172619792564365993e+00
-8.122508582803515953e-01
-1.257235583281285152e+00
2.236478741038561147e-01
2.143309339919866829e+00
9.117695158397998156e-01
-1.004318747557396030e+00
-3.213818788677870408e+00
-4.630139009650628523e+00
-3.953591408652858519e+00
-1.551155838595393188e+00
-1.493477845507023005e-01
-1.516805578931424314e+00
-3.677113290715393390e+00
-5.668081904835094775e+00
-5.558697705937655442e+00
-4.751496989445850971e+00
-3.584725896407057188e+00
6.119793166374374316e-01
-1.368297270413261657e+00
-5.073396150439069885e+00
-3.374576463734011877e+00
-4.205979106916530874e+00
-3.588629306993838419e+00
-8.090626728262944045e-01
-5.048371627118752869e-01
-2.426666392302261333e+00
-3.528182359155108916e+00
-3.067312832597496541e+00
-1.406085381397587319e+00
-1.047340090461917450e+00
-2.622591865317141835e+00
-1.944955591386040350e+00
-4.338064614265668695e-01
8.529500721910663330e-01
2.018849775781384359e+00
-2.274753183440220372e+00
-5.956103974729404449e+00
-2.504541878473875549e+00
1.263784295980455497e+00
2.165516895780303042e+00
9.702926906548834385e-01
-1.659825042270728579e+00
-1.417563980101927523e+00
6.274698874160984374e-01
9.274718562911643538e-02
1.605100157520891191e-01
1.137952397046276376e+00
2.058571459227749312e-01
-6.886823352529954922e-01
-4.168365187360438817e-01
-3.230808058470922006e-01
-2.842551053024569008e-01
2.824266297103512624e-01
5.990895820380801595e-01
-7.163514784117064327e-02
-3.515921704337406917e-01
4.289357429176553493e-01
8.785148489204130939e-02
8.003627014753647018e-01
-1.483743023811309847e+00
-2.716899668332432238e+00
-1.668405572629111600e+00
-4.669813094103807405e-01
-2.883829075945812948e-01
-7.713774281367546948e-02
2.485990089524811042e-01
1.469977485971933895e-01
1.138874730888428388e-02
1.138874730888428388e-02
1.469977485971933895e-01
2.485990089524811042e-01
-7.713774281367546948e-02
-2.883829075945812948e-01
-4.669813094103807405e-01
-1.668405572629111600e+00
-2.716899668332432238e+00
-1.483743023811309847e+00
8.003627014753647018e-01
8.785148489204130939e-02
4.289357429176553493e-01
-3.515921704337406917e-01
-7.163514784117064327e-02
5.990895820380801595e-01
2.824266297103512624e-01
-2.842551053024569008e-01
-3.230808058470922006e-01
-4.168365187360438817e-01
-6.886823352529954922e-01
2.058571459227749312e-01
1.137952397046276376e+00
1.605100157520891191e-01
9.274718562911643538e-02
6.274698874160984374e-01
-1.417563980101927523e+00
-1.659825042270728579e+00
9.702926906548834385e-01
2.165516895780303042e+00
1.263784295980455497e+00
-2.504541878473875549e+00
-5.956103974729404449e+00
-2.274753183440220372e+00
2.018849775781384359e+00
8.529500721910663330e-01
-4.338064614265668695e-01
-1.944955591386040350e+00
-2.622591865317141835e+00
-1.047340090461917450e+00
-1.406085381397587319e+00
-3.067312832597496541e+00
-3.528182359155108916e+00
-2.426666392302261333e+00
-5.048371627118752869e-01
-8.090626728262944045e-01
-3.588629306993838419e+00
-4.205979106916530874e+00
-3.374576463734011877e+00
-5.073396150439069885e+00
-1.368297270413261657e+00
6.119793166374374316e-01
-3.584725896407057188e+00
-4.751496989445850971e+00
-5.558697705937655442e+00
-5.668081904835094775e+00
-3.677113290715393390e+00
-1.516805578931424314e+00
-1.493477845507023005e-01
-1.551155838595393188e+00
-3.953591408652858519e+00
-4.630139009650628523e+00
-3.213818788677870408e+00
-1.004318747557396030e+00
9.117695158397998156e-01
2.143309339919866829e+00
2.236478741038561147e-01
-1.257235583281285152e+00
-8.122508582803515953e-01
-1.172619792564365993e+00
6.805097085132261192e-01
-5.558658792071291543e-02
-4.553795842164459984e+00
-7.170604526039134896e+00
-4.490614655831352664e+00
-3.726164406410932273e-01
-1.722647540395551236e+00
5.813769284263248238e-02
2.976322855417148361e+00
-3.409457775778204969e+00
-1.274301958080650365e+01
-1.259561332103317177e+01
-5.108911806298595870e+00
-6.692795215773852391e+00
-8.154836578036722017e+00
-3.829498971262647711e+00
-1.667987168421445343e+00
-6.091658482036454991e+00
-1.055021701476309559e+01
-6.019780082044457359e+00
-5.123066188614453509e-01
-6.649455594318582463e+00
-7.906556013490925849e+00
-4.573583781130340142e+00
-4.402390489326765355e+00
-3.382119293814362493e+00
-5.269901379624539750e+00
-5.042726355793886839e+00
1.229423311936657770e+00
-4.881910890042352236e+00
-3.812050499796166392e+00
-9.096538216545797528e-01
-3.170207313970216489e+00
-2.291271953380988879e+00
-2.779342259458134290e+00
-4.085609552643911790e-01
1.441498610756570375e+00
-1.528729594746637721e+00
-6.623146250835474369e-01
-7.497166691116885495e-02
-1.137197943962381164e+00
9.243548372162261328e-01
-1.426547991932233694e+00
-2.561074367105224070e+00
-1.015313094083229117e+00
2.604382805771369158e-01
-1.846332475265745288e+00
-3.319725918676136089e+00
-1.621546578026050067e+00
-3.535732286754467157e-01
-1.004165127445806993e+00
-1.358627821688348725e+00
4.775052371617041214e-01
-2.880412728429100788e+00
-3.036857659618690697e+00
2.896224096198184439e-01
-1.638475504706976560e+00
-1.889043006781027323e+00
-4.464941300389565271e+00
-2.958666369734509694e+00
5.253727462987169972e-01
7.832084577764653055e-02
3.462539798848198735e-01
-1.515300710058222977e+00
-2.432717027988565928e+00
4.090008676048697556e-01
-3.240240746078546952e+00
-3.664351307511628963e+00
-8.129297698757569357e-01
4.171482048018102518e-01
-1.930385719631010133e+00
-2.767037187908217621e+00
-1.352709315094048126e+00
7.538704716366999570e-01
2.640531817657065794e-01
-2.293656903229903232e+00
8.245959505182484106e-01
-1.012634363044251362e+00
-1.628452287752924832e+00
2.396000920598501116e-01
-2.559539108060598700e+00
-2.307964312917556882e+00
-2.760912040881285279e+00
-1.624284083302804937e+00
-6.055242164482379508e-01
-4.374947694402171461e-01
9.013292726750143924e-01
-1.750794580648053600e+00
-2.851316921667394144e+00
-1.142619480276709787e+00
-2.275236934587682391e+00
-2.663436159793651115e+00
-1.489917678350929808e+00
-1.540787560790550792e+00
-2.226297122794169248e+00
-2.140576592147153789e+00
-2.290867167801635240e+00
-2.195090546369918627e+00
2.189056120445940223e-01
2.579144196939486822e-01
-1.759781041430556137e+00
-3.123905630926229193e+00
-7.365427601547436254e-01
-8.005484779576885757e-01
-2.767384127849534359e+00
-1.630100548129586713e+00
-2.660791485263469980e+00
-2.739587519894993051e+00
-2.950283905004093654e+00
-3.532292413553459021e+00
-1.918356411967095498e+00
-5.065451615708065347e-01
-1.675291735101540613e+00
-9.908279318834445348e-01
9.315162038668680644e-01
1.647024793955913058e+00
1.394601624207743917e+00
-6.281871345503311499e-01
-5.627940219202471894e-01
-4.216693482372022572e-01
-4.758857492073991224e-01
-2.849695850671060793e+00
4.121242301035570321e-01
1.950501045210256024e+00
1.297783935203503880e+00
-1.455577484339309002e+00
-6.728611976225749025e-01
1.673440093045514665e+00
-5.759912101310948884e-02
-1.402693359266155682e+00
1.523350579191139031e+00
2.265727275180293265e+00
1.010009690699903206e+00
-1.666938330291584336e+00
-1.714574087918868450e+00
5.508072994756432195e-01
-1.371427436221948071e-01
1.184735760234745250e-01
1.154624207285435133e+00
-1.542240873035298776e+00
-2.611941735625168626e+00
1.015273185031594139e+00
1.636729947007749875e+00
-2.817330871610743692e+00
-4.581618404733757366e+00
-4.969987031975109382e-01
3.088376882291925973e+00
1.640590525650960751e+00
-9.731243905603428335e-01
-5.532341619155849433e-01
7.632475896932406911e-01
-2.829714734634757534e+00
-4.016522081240914588e+00
-1.839711459044762298e+00
-1.572965121342909667e+00
-1.122053444410767042e+00
6.799338978193806282e-01
-1.005427849338479840e+00
-1.745931691277897713e+00
-2.036436570351386255e+00
-1.122946579645272225e+00
-3.844895201093936343e-01
-8.720673452181655350e-01
-2.285929940281201223e+00
-1.776193378195887185e+00
5.860576317035219862e-01
