1.124176025390625000e+00
-4.028866957754568823e-01
-1.891152626286436433e+00
-1.322882662923994257e+00
2.570311985071938032e-01
9.630622330577010004e-02
-1.652392859788952340e+00
-1.863923314189265268e+00
-6.715296590721355763e-01
4.467796845752350365e-01
6.616597314901001559e-01
1.679259786513998653e+00
1.566896531983426044e+00
-3.568678062434704756e-01
-1.564812006311692372e+00
1.502853774931929287e+00
1.931172692415618286e+00
-2.130757246875791822e-02
-3.854125069891294331e-01
1.759372881869264438e+00
-3.205537704669847443e-02
-1.245432385316438406e-01
3.148753832667904540e+00
3.800502741761716319e+00
-1.904535597855498974e-01
1.583849719333496608e+00
5.331575986618828367e+00
2.177253666046315761e+00
-3.941390677271756182e+00
-2.002268707138666670e+00
2.974862346704496119e+00
1.030961774152837407e+00
-4.920708294824505558e+00
-3.289522639860844144e+00
-1.061311843495633234e+00
-1.806273795221856826e+00
-2.857929228979269709e+00
-1.277009209482351526e+00
1.520116741933160487e+00
2.438676744124437690e+00
-1.313468716360026711e-01
-7.132966996216416611e-01
-5.109831039894785487e-01
-3.774047778635806760e-01
7.921503755890162424e-01
6.744904251507715109e-01
1.485949949639557843e-01
-5.537336173668792050e-01
-2.781671742362252786e-01
2.409678549277096682e-01
-1.726222113195569285e+00
-2.915578338205134568e+00
-1.460504927644598050e+00
9.114747159539158261e-01
2.352984636287852371e+00
-4.359648635524600024e-01
-1.415587698338169442e+00
3.406703772716708212e-01
9.320628469565850338e-01
-6.136807702054751790e-01
-2.667341904947721498e-01
-3.561437846755112213e-01
-1.754964288936826433e+00
-8.656035136181858825e-01
6.551041635221395154e-01
9.283334531428374392e-01
-5.997938473494185407e-01
3.066313351241398699e-01
8.445869892736870277e-01
3.223214373883512840e-01
6.327125944902017851e-02
-2.944891597111225501e-01
-7.205197947353276788e-01
-2.925515040740049866e-01
8.504538518404778369e-01
1.908063450903287439e+00
2.154746495237256809e+00
9.510399714241717373e-01
-8.927439155307266283e-01
-1.376202656198537433e+00
-9.162025831061354486e-01
2.905737064100553102e-01
7.751594974818083461e-01
1.295641732745089758e-01
-2.523079342870196973e-01
5.162045525999674478e-01
5.459514719020064355e-03
-8.979602109492630380e-01
-3.747297989520058104e-01
-1.062623177191837520e+00
-3.324918252292470289e+00
-3.820995270229775365e+00
-1.285410402743184743e+00
1.832499548588522931e+00
2.829396795959890909e+00
-2.517138023704910132e-01
-3.194935509379698502e+00
-2.144726222659508519e+00
-9.154383107919361606e-02
1.226765408761201215e+00
-1.297675678824550261e+00
-5.261092025164576746e+00
-5.948053980739247848e+00
-1.787277271512578203e+00
2.289351289531045275e+00
3.753349520521366500e+00
2.445993669434893381e+00
5.210406285278952332e-01
-2.649364234492841419e-01
3.995660680700385825e-01
2.235859080905654661e+00
2.722095194159341425e+00
-7.222160360486105102e-01
-1.937722135079416264e+00
-9.568544315543863199e-01
-3.629102069699996491e-01
-1.218603287399689927e-01
5.256059238206319817e-01
-3.071319791985442915e-01
-1.386815497362363647e+00
-2.059805678031986886e+00
-9.464556162499708769e-01
-9.004032165360165152e-02
-1.000422352088684796e+00
-1.467661738268650318e+00
3.526077781387197962e-01
1.258300678682630513e+00
1.104890299075883542e+00
-4.158792308172103436e-01
-4.332263786284868967e-01
-8.219554341602948178e-01
-9.566658821821125702e-01
1.897196322037897565e+00
2.771624048582075339e+00
2.072335402744390098e+00
-1.421134200854110574e-01
8.870177468610407345e-03
2.031302792096523202e-01
7.637932183461224045e-02
4.658374783274953912e-01
-7.167530977446318063e-01
-2.130407746886809228e+00
-2.138539351110074538e+00
2.371483115945038911e-02
-1.240151838665883854e-01
-1.853835021039995645e+00
-1.854306721502680055e+00
-1.218157472753734982e+00
-6.837125406639192882e-01
-5.508937460960505739e-01
-5.774321219673308470e-01
4.847950914210952256e-01
9.010777403685845677e-01
-1.117930094424175902e+00
-2.248347516146286473e+00
-2.171850639402942429e-01
-2.066358915898685922e+00
-2.286337850370660618e+00
-8.520268986488854779e-02
-1.346353366177958089e+00
-2.109334886913504459e+00
-7.204036668773587948e-01
-1.221717164855523396e+00
-9.872198819152719906e-01
4.616616467790422007e-01
5.069371501271340286e-01
3.078188439240661101e-01
1.109522159200710512e+00
2.609318188476192901e-01
-8.678809918084491315e-01
-1.785747084207037094e+00
-3.366736474432254322e+00
-1.948096255579716773e+00
-1.681867116548354524e-01
1.059274156462158389e+00
1.533226496600046396e+00
1.262545429543191933e+00
7.443109982320452733e-01
5.499604837058057472e-01
2.153756956668685385e-01
1.669432467891618366e-02
4.622401115342160693e-01
9.456816052128710348e-01
4.439850520879617957e-01
-7.111963785090558154e-01
-1.638213261249222619e+00
-2.095742878675073584e+00
-2.541934242690824242e+00
-2.583367435300297998e+00
-1.089109923875259955e+00
8.261362186617700054e-01
5.650859090862445644e-01
-1.217674080980814644e+00
-2.559758043218252066e+00
-3.660963962413010364e+00
-4.468112867249681486e+00
-3.648627071608055772e+00
-2.761701558990223848e+00
1.591817269674105084e-01
-6.070561203035169662e-01
-3.445799620872520563e+00
3.210112321216076481e-01
4.439846236922185163e+00
-1.637750923324805541e-01
-1.071087927958914943e+00
1.905397744830931384e+00
1.490355054214375308e+00
-1.176263965100258213e+00
-4.218502645854096400e-01
1.660158389467061291e-01
-4.319300719139895772e-01
-2.890375231527826383e+00
-1.902478956909014585e+00
1.426272539560574426e+00
2.358181972965143647e+00
-2.279596870867650615e-01
5.730621427080651031e-02
1.985675947951683229e+00
2.153435871568577742e+00
6.672704363573872532e-01
1.287445005224088890e+00
1.116465655975512172e+00
8.212175836052713063e-01
9.817038977217509288e-01
-1.484741687665294130e-01
-7.050699963879898391e-01
-1.022559913973129397e+00
-1.615687424055511467e+00
-2.068240513399175029e+00
-7.874779471700625866e-01
-3.976330329779567130e-01
-9.563911324769855948e-01
9.184232192058889854e-01
1.255081155059301956e+00
4.918478537603765410e-01
-5.697023516440093971e-01
3.379882684931190262e-02
-3.492310421124538156e-01
-8.547080561334716720e-01
1.207473376676403864e+00
2.472454758119574159e+00
6.914739148744036834e-01
-1.013604864225331692e+00
-9.643978334132978780e-01
-1.859567703943685757e+00
-1.983083180036589122e+00
-4.334539918981992201e-01
-1.506770907886228805e+00
-2.672068840911548726e+00
-3.119593327414347694e+00
-3.047891723976459133e+00
-1.980230364361117434e+00
-1.921533403180541111e+00
-3.559144412859374107e+00
-4.818838309270038422e+00
-4.498899346055930337e+00
-2.730596785460501330e+00
-1.179051859440090055e-01
1.528891036895437150e+00
6.081093203899974320e-01
1.207815770455254345e+00
2.537942377707141262e+00
3.558941529720760055e+00
3.103463481380712707e+00
-8.998822821783807324e-01
-2.763481490874663216e+00
-2.236050891007035801e+00
-5.057622966255972408e-01
1.713881814685767946e+00
1.685558418248659596e+00
1.280531079814053452e-01
2.230453006546428973e+00
4.373031857681008105e+00
3.777420775261283836e+00
2.287804706599983806e+00
7.827602759545568833e-01
-4.621555100278207373e-02
-6.270456257076234552e-01
-1.289019972762614819e+00
-7.707443352639327117e-01
5.471611517911608713e-01
5.695269514312029102e-01
-2.303125760564467273e-01
-4.037526829191242506e-01
-3.167052697769949798e-01
-3.719906202780265403e-01
-1.826221415567087503e-01
1.529373513635415849e-01
-4.230553888238674509e-01
4.924409321142821927e-01
1.390228628669990973e+00
1.477864954181294932e+00
1.359671637405920119e+00
-2.974266469578425998e-01
-1.829849817626436392e+00
-1.742226461053169695e+00
-6.212553452952427335e-01
3.069793641464191314e-01
1.849163337107684324e-01
1.660657587986331674e-01
-1.093978448820430049e+00
-7.079149509330489032e-01
2.994910150346199451e-01
1.459706682054449089e+00
-1.112312901099407947e+00
-2.348483974830166687e+00
-2.717465251625749367e+00
-1.435689460029558440e+00
8.435021522198049571e-01
-1.159489316111073087e-01
-1.471577547275940923e+00
-6.507515509345709326e-01
9.777191504768341090e-01
1.785789153493869019e+00
5.481175069639740993e-01
-2.160943972358998710e+00
-3.067427390375135232e+00
-1.937520416080222851e+00
8.464008644968896711e-01
-3.748904410097049222e-01
-2.803191028440613408e+00
-3.505916089517389533e+00
-2.978768551796922903e+00
-4.803020516555770669e+00
-5.655097584715111481e+00
-4.036545592361946433e+00
3.092470914319513930e-01
9.488979438596105709e-01
-2.078771353543602096e+00
-2.223783067417301584e+00
1.507557057576405235e-01
1.260940974102869205e+00
1.210447658107891122e+00
2.569034941430727415e+00
1.003450168811853338e+00
1.946686824474991528e+00
3.607423680140329658e+00
1.354419313916899181e+00
2.157942175458382739e-01
3.101193184465429908e+00
2.335458076367872060e+00
-1.313484042813017894e-01
-2.128244013874634355e+00
6.199800323344977215e-01
9.301030306786115531e-01
-7.846397648652394530e-01
1.389439862881288734e+00
2.784534354095422160e+00
1.092356467372711970e+00
2.596580175159719506e+00
2.809808364578793238e+00
7.883141148537529119e-01
-7.032308661595019217e-01
8.621450309053995120e-01
5.010869016122789787e-01
-6.167829514857325890e-01
-7.566275093401801932e-01
8.620505480899606221e-01
1.177549277599344357e+00
1.995390290809204048e+00
2.675794243687879881e+00
3.427010357569906684e+00
3.244398004303602256e+00
2.326418975114666221e+00
1.678151174459338701e+00
1.955197617083883621e+00
0.000000000000000000e+00
0.000000000000000000e+00
0.000000000000000000e+00
0.000000000000000000e+00
0.000000000000000000e+00
0.000000000000000000e+00
0.000000000000000000e+00
0.000000000000000000e+00
0.000000000000000000e+00
0.000000000000000000e+00
0.000000000000000000e+00
0.000000000000000000e+00
0.000000000000000000e+00
0.000000000000000000e+00
0.000000000000000000e+00
0.000000000000000000e+00
0.000000000000000000e+00
0.000000000000000000e+00
0.000000000000000000e+00
0.000000000000000000e+00
0.000000000000000000e+00
0.000000000000000000e+00
0.000000000000000000e+00
0.000000000000000000e+00
0.000000000000000000e+00
0.000000000000000000e+00
0.000000000000000000e+00
0.000000000000000000e+00
0.000000000000000000e+00
0.000000000000000000e+00
0.000000000000000000e+00
0.000000000000000000e+00
0.000000000000000000e+00
0.000000000000000000e+00
0.000000000000000000e+00
0.000000000000000000e+00
0.000000000000000000e+00
0.000000000000000000e+00
0.000000000000000000e+00
0.000000000000000000e+00
0.000000000000000000e+00
0.000000000000000000e+00
0.000000000000000000e+00
0.000000000000000000e+00
0.000000000000000000e+00
0.000000000000000000e+00
0.000000000000000000e+00
0.000000000000000000e+00
0.000000000000000000e+00
0.000000000000000000e+00
0.000000000000000000e+00
0.000000000000000000e+00
0.000000000000000000e+00
0.000000000000000000e+00
0.000000000000000000e+00
0.000000000000000000e+00
0.000000000000000000e+00
0.000000000000000000e+00
0.000000000000000000e+00
0.000000000000000000e+00
0.000000000000000000e+00
0.000000000000000000e+00
0.000000000000000000e+00
0.000000000000000000e+00
0.000000000000000000e+00
0.000000000000000000e+00
0.000000000000000000e+00
0.000000000000000000e+00
0.000000000000000000e+00
0.000000000000000000e+00
0.000000000000000000e+00
0.000000000000000000e+00
0.000000000000000000e+00
0.000000000000000000e+00
0.000000000000000000e+00
0.000000000000000000e+00
0.000000000000000000e+00
0.000000000000000000e+00
0.000000000000000000e+00
0.000000000000000000e+00
0.000000000000000000e+00
0.000000000000000000e+00
0.000000000000000000e+00
0.000000000000000000e+00
0.000000000000000000e+00
0.000000000000000000e+00
0.000000000000000000e+00
0.000000000000000000e+00
0.000000000000000000e+00
0.000000000000000000e+00
0.000000000000000000e+00
0.000000000000000000e+00
0.000000000000000000e+00
0.000000000000000000e+00
0.000000000000000000e+00
0.000000000000000000e+00
0.000000000000000000e+00
0.000000000000000000e+00
0.000000000000000000e+00
0.000000000000000000e+00
0.000000000000000000e+00
0.000000000000000000e+00
0.000000000000000000e+00
0.000000000000000000e+00
0.000000000000000000e+00
0.000000000000000000e+00
0.000000000000000000e+00
0.000000000000000000e+00
0.000000000000000000e+00
0.000000000000000000e+00
0.000000000000000000e+00
0.000000000000000000e+00
0.000000000000000000e+00
0.000000000000000000e+00
0.000000000000000000e+00
0.000000000000000000e+00
0.000000000000000000e+00
0.000000000000000000e+00
0.000000000000000000e+00
0.000000000000000000e+00
0.000000000000000000e+00
0.000000000000000000e+00
0.000000000000000000e+00
0.000000000000000000e+00
0.000000000000000000e+00
0.000000000000000000e+00
0.000000000000000000e+00
0.000000000000000000e+00
0.000000000000000000e+00
0.000000000000000000e+00
0.000000000000000000e+00
0.000000000000000000e+00
0.000000000000000000e+00
0.000000000000000000e+00
