-2.635925292968750000e+00
-2.095980184541648583e+00
-6.884748046251227827e-01
-2.006945390167161669e+00
-9.831652759788652718e-01
1.784798783056418703e+00
1.691078579333866738e+00
-9.632739232906712967e-01
-1.509748834469487377e+00
3.955147762701770597e-01
-7.415011234870760859e-03
-4.810703512185756647e-01
-4.237219799521140473e+00
-3.621014742735633618e+00
-6.530538537756123141e-01
-7.400861294044966954e-01
-3.274723389869240719e+00
-3.097878288503128630e+00
-1.412292561842181549e+00
2.882251455840615151e+00
2.051228575970341694e+00
-1.909650949391437313e+00
-1.022961201385526930e+00
2.059590319799828428e+00
-9.011760772262444874e-02
-1.285235269752651233e+00
-3.581894788747878700e+00
1.894453278452822964e+00
-1.142411234061655456e-01
3.113967419695343963e+00
-1.485637519243084181e+00
-1.900512424225935249e+00
1.885598970243295369e+00
-3.999076238675464801e+00
1.423497052505876548e+00
1.778270963500780955e-01
4.124495733326615010e+00
-1.637755915249527128e+00
6.292764150684977409e-01
3.726570123754772812e+00
3.193886231077981641e+00
-1.335125314500178462e-01
-4.321636785302818140e-02
1.764809938789357879e-01
1.827861517538911240e+00
2.876565301606321512e+00
-3.468622010729346172e+00
1.043590933105861929e+00
-4.275035782127147854e-01
2.243658720980223897e+00
-2.621414808172521482e+00
1.049997831388426395e+00
-1.689937271059073876e+00
-2.458803612476947009e+00
-3.475138871691219045e-01
7.736244730619228349e-01
-1.811213467481894046e+00
-1.426661562857272969e+00
2.596411608250063452e+00
-1.757299647773762352e-01
-4.970913167393105070e-01
4.084236617964798199e-01
2.378219913502508831e+00
-4.525187128716741114e-01
4.405376143420052237e-01
9.740366639863351494e-01
1.099210200902470458e+00
2.719187633094507284e+00
3.291930844588075722e+00
1.072752026680634518e+00
1.147299451405716653e+00
1.637509900375246019e+00
-8.733396998119877797e-01
-1.337429994195970417e+00
1.408374335335336847e+00
1.932027661456170442e-01
-3.113097965030950487e+00
-1.202189016401462807e+00
1.119508402636369748e+00
1.424393445391491264e+00
-1.185498935461368308e+00
-1.673246195773605116e+00
-1.514544770664058904e+00
1.442127077719466133e-01
6.122048998723363944e-01
-6.243477352157537075e-01
-1.413854060847197225e-01
6.304582393639086568e-01
1.105758436216190743e+00
1.698696732440200474e+00
1.824089916412912071e+00
-2.068502338689023334e-01
-9.200529498535829909e-01
1.798357013560203388e-01
7.767307540355898876e-01
1.031741496496554777e+00
-2.200716789040719767e-01
-1.317089271232453562e+00
-8.809353472424881204e-01
4.016528143927229344e-01
-7.077509997015418719e-02
-2.157657034991313338e+00
-1.523747437188518905e+00
6.298899768902561647e-01
2.497485763605142850e+00
2.575490652734679919e+00
6.083162589658408503e-01
1.055046092466169760e-01
-2.605940847133749294e+00
-3.163093161765693662e+00
3.939415155945713565e-02
2.537892706167220958e+00
5.116321081549992655e-01
-2.034413686180678305e-01
2.944522816046932778e+00
1.363813851948899591e+00
1.109359996592292008e+00
-1.448761457085216975e+00
1.379395077526646585e+00
2.092703546291643679e+00
2.096458252617321882e+00
4.699480488413643187e-01
-1.317202057483587208e+00
1.043119142436408353e+00
-1.163890269649775711e+00
-4.392497190296654530e+00
-3.824663919932090650e+00
-9.684419982705279040e-01
3.667276787464644805e+00
-8.605478737693355029e-01
-7.559463849215042330e-02
-5.436321577158009788e-01
6.083772841440829637e+00
2.650354136407851779e+00
-9.668059405653666172e-01
2.487532131267414570e+00
-1.153635048994113399e+00
3.120272767441265138e+00
3.805465296506947759e+00
3.266250244027357752e+00
6.931504260454784294e+00
4.137260342268757718e+00
1.140971003401663353e+00
6.791924020034835863e+00
1.252197455385105407e+00
-5.884044892649418657e+00
-5.950953495622921530e+00
-8.264605906450268602e-01
-3.547893152005467954e-01
-6.963341836953320652e-01
8.198887559732530583e-01
7.961152660421975114e-01
-3.338665321741567826e+00
1.813383226104322343e+00
3.195682045163827478e+00
-7.769888445182928649e-01
-4.464248484020161278e+00
3.894625220732811144e+00
8.600953129425832344e+00
1.865570000376651549e+00
-7.218720332571352039e+00
-2.508366100029311596e+00
6.768436631398357051e+00
9.566021100646121766e+00
-4.950290756419370553e+00
-7.798932433164379674e+00
-2.784808765336446612e+00
3.159509836233178159e+00
1.812010146543999056e+00
-6.522438872578112168e+00
-3.385679976611173814e+00
5.168792253523541547e+00
4.599382920788182005e+00
1.197987627829914414e+00
-6.683687947461267598e-01
7.327202516844835145e-01
-9.403268645621820632e-01
-6.347847475816874585e-01
-7.667041950219259938e-01
-2.415389569444085893e+00
-3.387092846704057525e+00
-1.408840101178010507e+00
-1.408422644485739728e+00
-1.203367163943117379e+00
-1.283435625693014170e+00
4.985990620137619178e-01
2.466414694004780195e+00
2.391150898286523052e+00
2.253297532858461238e+00
-1.950401551830616143e-02
1.511965777725441384e-01
2.649805782437733015e-01
4.378414482435211141e-01
1.681820308610861847e+00
2.002491864369884134e+00
2.807166785536512776e+00
1.845978863803296122e+00
-1.266587012015971014e+00
-4.837410282000238482e-01
-5.675492740577342543e-01
-3.489730516088473955e-01
1.664711913236522012e+00
-1.548135167940504431e+00
-4.603463877794833792e+00
4.820324081334130817e-01
1.776872180388486377e+00
-3.059347515803624962e+00
-6.154048035232067448e+00
1.572687175093603784e+00
3.222549418058867410e+00
-3.107450317344278012e+00
-6.832156435502461100e+00
-1.476668818566650998e+00
8.537988339760276268e-01
-4.423598439937293847e+00
-6.439567951596768758e+00
3.116940803621754963e+00
4.187160296844854912e+00
1.264806561738835988e-01
2.777252576819989383e+00
2.828773171279033161e+00
7.548517291668126461e-01
-1.804618424877137306e+00
9.086900387652798727e-01
2.017816838747568564e+00
-5.751366478768726864e-02
-4.719198052641572438e+00
-1.655266907763094375e+00
-8.671878282672191851e-01
-3.120787977377710298e+00
-1.862667240263824020e+00
-1.175279069432613177e-01
-2.132121380638305475e+00
-1.648316031450040686e+00
3.710027670250677367e-01
6.165913117081567307e-01
-5.132165626430791328e-01
2.447317329477146863e+00
7.434127892822548489e-01
-6.024556800833262837e-01
8.729748145054461173e-01
1.529629663794641825e+00
1.442769766392134168e+00
4.469276430655799714e-02
9.609831113621765120e-01
1.864179305074100901e+00
2.335376355777232682e+00
1.386948269713077053e+00
5.599275842655444535e-01
-1.250813159070148117e+00
-3.764659202590305842e-01
3.375553309282426362e+00
3.051455124334726321e+00
-8.269499676543046185e-02
7.561717478053475716e-01
6.307644446128657378e-01
-3.623692298670846412e-01
3.808270336303745118e-01
1.480371511686065844e+00
-1.137937031889707740e+00
-3.333672566652359226e+00
-7.786110854770833534e-01
-9.443230882648609992e-01
2.177589387191330772e+00
-4.850287518621487770e-02
7.600151810073372260e-01
3.020186167157932200e+00
1.452708045237021572e+00
-1.482227244663926635e+00
3.351302601073022469e+00
2.874205224194794184e+00
1.455381343920298498e+00
-1.254099975555333701e+00
-4.671712585474779189e+00
-4.039836661782992167e+00
-1.091403839911767371e+00
-4.654680745876020431e+00
-6.609033037238214447e+00
-6.191653920028588054e+00
2.190022110880622819e-01
2.389172321003043109e+00
-2.991022311739229167e+00
-4.326600831885237142e+00
-8.636134798942318724e-01
-3.168470300431867059e-01
-3.230614134044011987e+00
-1.123566589122383608e+00
2.689876162792992353e+00
1.841513426665136954e+00
2.970582282265185725e+00
-7.657882760809469058e-01
-1.103371070042413749e-02
1.934330211826087886e+00
-1.323203040114400153e-01
-1.031690295941853908e-01
1.043448641892248396e+00
9.712430764658410709e-01
-7.820563154442692344e-01
-5.688648953904031913e-01
-6.212011188711197285e-01
1.552029935501733959e+00
4.565576547094221116e-01
-1.279434336619738044e-01
4.750974478151167801e+00
3.610947863041893857e+00
-9.325382013815541882e-02
-4.573244979029125190e-01
2.856887290439453331e+00
1.728358824732843857e+00
4.877882141496412416e-01
1.078486277889409983e+00
1.860728024382566126e+00
8.821301922629583459e+00
7.982646906514251128e+00
1.451564326987952125e+00
-3.984700287974101696e-01
5.054289692982774085e+00
7.178656424407083847e+00
-2.095538015543009891e+00
-8.871351149430797278e+00
9.593930737348834725e-01
2.481775899342923974e+00
-4.062027839534397167e+00
-1.128855445755672449e+01
-3.546300500635839015e+00
1.615444076798081330e+00
-7.198162271562544845e-01
-3.415128712441779513e+00
-6.431969158978467327e+00
-2.512972955100019057e+00
2.160250175778051229e+00
4.280143748806866100e+00
3.164272663895852489e+00
5.817149555422407303e-02
6.760268294873570838e+00
6.251687174866805918e+00
4.839059158887688561e-01
3.523236145585197931e-01
8.973703569135702551e-01
-3.513583313228211935e+00
-9.832474353855058524e-02
-1.200606256502865232e-01
-2.095266944953528387e+00
-2.396989882392386306e+00
-6.125605070273234531e-01
5.450225776061202509e+00
-1.085069893884540448e-01
8.172286369438808151e-01
4.367267499750570714e+00
4.591789154263461903e+00
5.395453735707498311e-01
1.112010731856226897e+00
1.956365997094535514e+00
6.222094307685457348e-01
5.600280397901036267e-02
2.012705736182613947e-01
3.088228358086464453e+00
-2.233571955314441748e+00
-6.861529467357739165e+00
-3.945634919615100600e+00
-6.166359637105589542e-02
-4.975286502180876980e+00
-7.545360270962805593e+00
-4.271640661416613582e+00
-3.151370803671360576e-01
-8.760965056853957655e-01
-2.983567767830763717e+00
-1.738865576924298439e+00
1.068666698551176575e+00
7.140519287154512007e-01
1.587852324162550399e+00
1.660899947668455168e+00
1.359273778123867293e+00
-1.164645334747170136e+00
5.506207542930298127e-01
1.061996931705441849e+00
2.220003827030365695e+00
2.075879667462964928e+00
9.461876507874040776e-01
-7.892972049576409965e-01
-8.367634767099203508e-01
-9.840152589935149408e-01
-1.678906690128469936e-01
-6.527831766853786633e-04
-5.698036963839248070e-02
1.100799322752964660e+00
5.928932275079448200e-01
-9.680664225069803841e-01
-1.252261043236531535e+00
-1.508566653830076376e+00
-2.427332024897600693e+00
-2.790123630627480367e+00
-1.808109884998525985e+00
-1.023662445697583356e+00
1.133951682875988798e-01
-7.795361541817371620e-01
7.176235501971235387e-01
1.128421244938468515e+00
4.137366417899790427e-02
-6.041328563899771575e-01
2.104677669028716558e+00
1.479255678356978354e+00
-1.862201127728112748e+00
8.002408863967169772e-02
3.423840036758523997e+00
1.562339775849052037e+00
1.839843799175708838e-01
1.076260658833901207e+00
1.582840632171954809e+00
1.469332305327489818e+00
2.007643449357889409e+00
9.930240130023166856e-01
-2.081256316917230897e+00
4.276917540734759271e-02
1.678307367805899064e+00
6.640063544291294750e-01
5.400017166491801746e-01
2.228664159170103964e+00
2.945042591353686845e+00
1.525951967930065933e+00
3.636878355030911614e+00
1.968938856104213153e+00
1.745642877861322440e+00
-5.140971885768341743e-01
2.783006747709666495e+00
-1.729613363665591930e-01
3.727090565533605737e+00
2.555320937334242259e-01
-4.738594023983591086e-01
-2.080597981546339792e+00
4.449840880837690804e+00
-3.834757339339844862e-01
-3.767887637825624303e-01
9.936696942236582508e-01
2.777925913899618848e+00
2.280841057232465552e+00
9.378996311070313396e-01
9.331576851768552672e-03
-1.504943592087459869e+00
4.026874709900138960e+00
-1.442231809729081604e+00
2.117856421823584689e+00
-2.719176466338407039e+00
2.537042281576339597e+00
-4.206514698670162922e-01
-5.716587671419399719e-01
-7.548694716409314331e-01
-3.299534776259760882e+00
6.987750387515028194e-01
1.556120911946701657e+00
-2.596955971506537786e+00
-4.138329069641422109e-02
3.670510301145770704e+00
5.210001111626538783e-01
-6.242737116962127075e-01
-2.344934578433229166e+00
5.879870820895636285e-01
-1.915451435207991437e+00
-5.587045531824141875e-01
3.077017207679606958e+00
-6.040400111605523925e-01
-1.563956554838461965e+00
-4.106900455198522870e+00
-1.070465485403568007e+00
-2.322997712206715804e+00
-1.200738864702464603e+00
-2.179293453540001924e+00
-2.065023756568282742e+00
-4.200902980609724224e-01
9.432921410905992232e-02
-2.458534631925897607e+00
-6.248167241303775654e+00
-6.050961022213192209e+00
-1.559620729880187628e+00
-1.596747384992584617e+00
-5.105763686583352445e+00
-5.148839186280127045e+00
-2.391511358162685674e+00
-2.116683807403704876e+00
-6.364185382933492674e-01
-2.499537247971426623e+00
-2.009364665628591506e+00
-1.752270720866251075e-01
-2.540345973998356932e-01
-1.943371514265652245e+00
-2.594391974931340883e+00
-1.713379967858321251e+00
-2.536078548760894780e+00
0.000000000000000000e+00
0.000000000000000000e+00
0.000000000000000000e+00
0.000000000000000000e+00
0.000000000000000000e+00
0.000000000000000000e+00
0.000000000000000000e+00
0.000000000000000000e+00
0.000000000000000000e+00
0.000000000000000000e+00
0.000000000000000000e+00
0.000000000000000000e+00
