-1.424438476562500000e+00
-2.207581668285754084e-01
1.710880609310533540e+00
1.010387532728554305e+00
1.206809985863506185e-01
-4.962086883276075611e-01
-6.982104987697310694e-01
-7.191605669727437755e-01
-1.404727056529057050e+00
-2.362963757123766051e+00
-3.028852431274383417e+00
-2.960070590284608727e+00
-1.694723491585994779e+00
4.357710416595463876e-01
2.196343758823747105e+00
6.383052149135322040e-01
-7.433272237110846170e-01
-6.006359018074349798e-01
5.943255370284412642e-01
4.512106749936013461e-01
-2.842808028794820085e+00
-3.794792782914940155e+00
-3.663132188356165386e+00
-3.230952415054544336e+00
-2.532058018498183127e+00
-1.589806493447694535e+00
1.290555802895732018e-02
-3.048476574157037433e-01
-8.974829449332446529e-01
1.100803624314847795e-01
2.764440142055877736e+00
4.020168459676304096e+00
2.434186285161194174e+00
7.563733159656456095e-01
-1.719048935705422831e-01
-8.244011727356252983e-01
-1.659146310389249868e+00
-2.478352678751318372e+00
-3.291938471043790226e+00
-3.636863479272652189e+00
-2.875715359641454416e+00
-9.692587314877076921e-01
-3.440685004914763034e-01
-1.685339329399363262e+00
-2.682044356389638118e+00
-2.210957971537615308e+00
2.817045213282987071e-02
1.417248835550048325e+00
5.797883247337978219e-01
-3.994900616302066165e-01
-3.248608085063777740e-01
-1.535147609899205623e-01
-1.020526104622851982e-01
-8.954286903179875523e-02
-6.842059906891018173e-03
1.882114989655814252e-01
2.402833581998243817e-01
1.200108162449267102e-01
4.666842462210374354e-02
-8.236803750715671057e-03
3.058784681034698583e-02
-3.765706041980143581e-02
-4.432118808369078788e-01
-7.953176627083811123e-01
-4.694218189806886876e-01
2.420871573611284022e-01
7.232753069045627647e-01
7.941204511543286104e-01
6.747643907421679854e-01
5.668358039410140714e-01
6.130787939140909248e-01
5.712585389901163602e-01
2.693632475443112906e-01
-6.163052841903315926e-02
-4.036153649648720476e-01
-7.420116761316972731e-01
-9.758752295556825107e-01
-9.624020797973876773e-01
-6.519218582315997601e-01
-2.328486678801356957e-01
-1.199972235126356424e-04
3.539509133498275339e-01
9.488291753753301805e-01
1.141817666061008207e+00
8.382793606728644598e-01
3.498121570489374221e-01
-2.939967286879614505e-01
-5.374221406803787460e-01
9.091300604346935765e-01
1.960031580274917529e+00
2.864504373010037686e+00
3.409030125687247725e+00
3.181846948187141422e+00
2.224114316194977903e+00
7.242001492758147752e-01
-3.484406540270142960e-01
1.252837562273484640e+00
6.408208920603324366e-01
-1.458613569332770865e+00
-3.584863693302370979e+00
-4.891620698916197441e+00
-4.909911207836214153e+00
-3.276126180782716890e+00
-1.198851477029595047e+00
4.957314855361545924e-01
3.769679693054786007e-01
1.648136191083317881e+00
3.340906489932590873e+00
3.712379802178610522e+00
2.689927942522256199e+00
1.219509911008908043e+00
7.607180318051676160e-02
8.317316569164662221e-01
1.162786960428323413e+00
1.450867137114614458e+00
1.987474122494512496e+00
1.933406727947541537e+00
1.177151834929634600e+00
4.437150222228524177e-01
2.688930473229578233e-02
-2.002765687135033001e-02
1.497956278455623569e-01
-2.945520057974312378e-01
-6.092070758548293608e-01
-6.326798280167769128e-01
-3.879493426616523188e-01
-2.142075913958406130e-01
-3.201110607139290298e-01
4.284389575847497023e-02
6.515459095827936808e-01
8.012721803567890433e-01
3.430489880810377867e-01
-3.560932724562027030e-01
-5.843552530073201634e-01
5.393310485030156087e-02
4.749554162016406678e-01
3.270292096664375037e-01
-2.725323456453264681e-01
1.110555497552982440e-01
2.957564581196053810e-01
4.246634647548052088e-01
8.059849378601954273e-01
1.094333712806282444e+00
9.240147351424006228e-01
3.286164813745414692e-01
6.528662560350979582e-01
1.308768640914330650e+00
1.542437933692072161e+00
1.223375527590754075e+00
6.105388408394187838e-01
2.171534781430390915e-01
1.351667396696245582e-01
-2.333749417809410920e-02
5.919240585790175313e-02
9.417783248300137799e-01
2.056603975844939036e+00
3.187418687577602494e+00
3.849640304601653629e+00
3.507936648668039226e+00
1.810855003101316418e+00
3.555596653071394497e-01
9.222495209227504764e-01
2.076267273320765661e+00
2.508768975459372719e+00
2.578498839379507857e+00
2.563620480128267598e+00
2.365616916281777282e+00
1.550211437847928364e+00
2.873411346060632532e-01
5.677335053232276385e-01
1.500392921355651055e+00
2.028839762622622889e+00
2.184866890854110011e+00
1.903315551342798839e+00
1.262042155360609819e+00
5.304170285632301418e-01
9.980901590415725000e-02
8.296049059345022014e-01
1.639592174797554369e+00
2.178787971767333076e+00
2.268025942373604664e+00
2.006497633377001488e+00
1.419224382282860297e+00
4.245982673628966864e-01
6.969299663265821065e-02
1.229493179787343626e+00
2.051756074631767568e+00
2.482347774338132584e+00
2.679495869404584951e+00
2.616425913215701282e+00
2.079856090091397824e+00
9.597164532477451271e-01
4.868980973956911207e-01
1.949452320139378303e+00
3.459166612597245560e+00
4.074425660053049292e+00
3.778303307013025858e+00
2.958496714729915489e+00
1.975570930086508081e+00
1.804014356405789221e-01
-5.332652775892838815e-01
-9.311841938580966982e-02
5.589584105832583472e-01
1.534592520312174191e+00
2.046391673872509642e+00
1.446869072257711109e+00
4.109373591454572594e-01
-7.338567543694424211e-01
-7.133418332350029978e-01
6.097805286110634659e-01
1.432212135087892690e+00
1.574260543836546011e+00
8.416311546667653021e-01
5.564392456446465296e-02
-4.480222446668857827e-01
-8.393987192429330779e-01
-9.740944449978106157e-02
4.954839211696885348e-01
4.420754037435833950e-01
-3.620736446808309195e-02
2.243398334780261627e-01
5.411098878053126615e-01
3.447915251095770017e-01
-8.142570561096162951e-02
-4.546144329418660979e-01
-5.185242115823376352e-01
8.472075141925011765e-02
2.158959061271029101e-01
-9.415192542595884895e-02
-1.691159812410523433e-01
-2.761946942600863597e-01
-4.847633265795237012e-01
-4.796283181270254437e-01
-3.818187390830429795e-02
8.789564095937074661e-01
2.065078856418864017e+00
2.333518023188990931e+00
2.016315333098265050e+00
1.317221033912757910e+00
6.994698512275925317e-01
1.921238590002020130e-01
1.832218180589141321e-01
1.781884380486313368e+00
3.585608095442625043e+00
4.579541011385953375e+00
3.391217070187021676e+00
1.541802725027900278e+00
4.934340236858458795e-03
-2.147836772206662692e-01
1.676954584896021005e-01
-1.424429374216817923e-01
1.069677018594812345e-01
1.627629139866151764e+00
6.496635037372522348e-01
-1.038324223572137939e+00
-3.201783334557770200e+00
-5.187323737354745390e+00
-5.589958496680018207e+00
-2.786191120489068584e+00
1.247861932218286896e+00
4.236466751256385166e+00
3.805218465377522286e+00
3.227077812880203567e+00
2.061397192800793476e+00
3.345344918646333543e-01
-1.149362568388327954e+00
-4.310482703704370255e-01
7.621834677246035472e-01
1.540121171540355771e+00
1.208216004580761949e+00
2.284622856956555204e-01
-6.085805971755933186e-01
-8.683774606263784390e-01
-6.250377491294581977e-01
-3.738736774639260241e-01
-2.507678948355503978e-01
-7.287425223034826871e-05
1.073266625472162339e-01
-1.900196326134208080e-01
-6.157528439380993701e-01
-8.843478016364753058e-01
-8.820084237237989511e-01
-6.092961922670040442e-01
-7.130440912473212656e-02
5.660389953667378515e-01
1.094435686047622092e+00
1.095187428565181031e+00
6.113394944428871547e-01
1.008781593521786979e-01
-7.132769254348431121e-02
1.689074627666620199e-01
1.096906252539026072e-01
-2.210069923914781409e-01
-3.164117022508966537e-01
-9.084856430903509583e-02
2.366089464427402200e-01
3.351037744910402294e-01
3.113941110463372963e-01
5.718652976390558029e-01
9.864017793565462711e-01
1.257011285900961894e+00
7.635616614938010027e-01
-6.581056879178954766e-01
-1.706921481377535077e+00
-9.368883179716345211e-01
-2.548474389111459182e-01
6.627443575938940512e-02
-3.757056803737050532e-01
7.672040744968700032e-02
1.421253306338338129e+00
6.674922791962285551e-01
-8.370692936996699807e-01
-1.252300464302517291e+00
-2.996797720488100225e-01
1.093354590356842237e+00
1.715691968398411760e-01
-3.234311821949896526e+00
-5.918179901734937687e+00
-5.280895437245276547e+00
-2.240306305570363143e+00
1.191060101735434529e+00
3.854161780054046638e+00
3.726373165307018009e+00
2.301674904822842649e+00
1.795764399244834220e+00
1.255547832767477168e+00
-1.877513113672063305e+00
-3.703236913271819031e+00
-3.528562375194644218e+00
-1.345161630954605059e+00
9.710643011218973442e-01
-1.462167518062672311e+00
-3.611053122512342561e+00
-3.503311759609328391e+00
-3.324225554764506541e+00
-2.894352056090650827e+00
-1.548191324734201402e+00
9.850175839536967626e-01
1.513232684967108055e+00
8.247815075896607340e-01
4.255442161912248444e-01
1.094074469414920037e+00
1.673448787977855456e+00
-8.611021245561349957e-01
-3.364188558214596725e+00
-4.638934962348885804e+00
-3.932747208929153082e+00
-2.312938540649281727e+00
-2.914466775255535325e-01
7.698447040366447336e-01
-3.090573005889791780e-01
-1.512294539085004219e+00
-2.136852210431583021e+00
-1.176984129467147255e+00
-9.994795445436163717e-02
-1.251498089629504706e+00
0.000000000000000000e+00
0.000000000000000000e+00
0.000000000000000000e+00
0.000000000000000000e+00
0.000000000000000000e+00
0.000000000000000000e+00
0.000000000000000000e+00
0.000000000000000000e+00
0.000000000000000000e+00
0.000000000000000000e+00
0.000000000000000000e+00
0.000000000000000000e+00
0.000000000000000000e+00
0.000000000000000000e+00
0.000000000000000000e+00
0.000000000000000000e+00
0.000000000000000000e+00
0.000000000000000000e+00
0.000000000000000000e+00
0.000000000000000000e+00
0.000000000000000000e+00
0.000000000000000000e+00
0.000000000000000000e+00
0.000000000000000000e+00
0.000000000000000000e+00
0.000000000000000000e+00
0.000000000000000000e+00
0.000000000000000000e+00
0.000000000000000000e+00
0.000000000000000000e+00
0.000000000000000000e+00
0.000000000000000000e+00
0.000000000000000000e+00
0.000000000000000000e+00
0.000000000000000000e+00
0.000000000000000000e+00
0.000000000000000000e+00
0.000000000000000000e+00
0.000000000000000000e+00
0.000000000000000000e+00
0.000000000000000000e+00
0.000000000000000000e+00
0.000000000000000000e+00
0.000000000000000000e+00
0.000000000000000000e+00
0.000000000000000000e+00
0.000000000000000000e+00
0.000000000000000000e+00
0.000000000000000000e+00
0.000000000000000000e+00
0.000000000000000000e+00
0.000000000000000000e+00
0.000000000000000000e+00
0.000000000000000000e+00
0.000000000000000000e+00
0.000000000000000000e+00
0.000000000000000000e+00
0.000000000000000000e+00
0.000000000000000000e+00
0.000000000000000000e+00
0.000000000000000000e+00
0.000000000000000000e+00
0.000000000000000000e+00
0.000000000000000000e+00
0.000000000000000000e+00
0.000000000000000000e+00
0.000000000000000000e+00
0.000000000000000000e+00
0.000000000000000000e+00
0.000000000000000000e+00
0.000000000000000000e+00
0.000000000000000000e+00
0.000000000000000000e+00
0.000000000000000000e+00
0.000000000000000000e+00
0.000000000000000000e+00
0.000000000000000000e+00
0.000000000000000000e+00
0.000000000000000000e+00
0.000000000000000000e+00
0.000000000000000000e+00
0.000000000000000000e+00
0.000000000000000000e+00
0.000000000000000000e+00
0.000000000000000000e+00
0.000000000000000000e+00
0.000000000000000000e+00
0.000000000000000000e+00
0.000000000000000000e+00
0.000000000000000000e+00
0.000000000000000000e+00
0.000000000000000000e+00
0.000000000000000000e+00
0.000000000000000000e+00
0.000000000000000000e+00
0.000000000000000000e+00
0.000000000000000000e+00
0.000000000000000000e+00
0.000000000000000000e+00
0.000000000000000000e+00
0.000000000000000000e+00
0.000000000000000000e+00
0.000000000000000000e+00
0.000000000000000000e+00
0.000000000000000000e+00
0.000000000000000000e+00
0.000000000000000000e+00
0.000000000000000000e+00
0.000000000000000000e+00
0.000000000000000000e+00
0.000000000000000000e+00
0.000000000000000000e+00
0.000000000000000000e+00
0.000000000000000000e+00
0.000000000000000000e+00
0.000000000000000000e+00
0.000000000000000000e+00
0.000000000000000000e+00
0.000000000000000000e+00
0.000000000000000000e+00
0.000000000000000000e+00
0.000000000000000000e+00
0.000000000000000000e+00
0.000000000000000000e+00
0.000000000000000000e+00
0.000000000000000000e+00
0.000000000000000000e+00
0.000000000000000000e+00
0.000000000000000000e+00
0.000000000000000000e+00
0.000000000000000000e+00
0.000000000000000000e+00
0.000000000000000000e+00
0.000000000000000000e+00
0.000000000000000000e+00
0.000000000000000000e+00
0.000000000000000000e+00
0.000000000000000000e+00
0.000000000000000000e+00
0.000000000000000000e+00
0.000000000000000000e+00
0.000000000000000000e+00
0.000000000000000000e+00
0.000000000000000000e+00
