1.065765380859375000e+00
7.859391904732386802e-01
2.680649114337392280e-01
2.371611497051518969e-01
2.630556924441372901e-01
2.140122549382522665e-01
2.880201122990354579e-01
1.125423474688076464e-01
-2.768816647202861914e-01
-9.944769385189000666e-02
1.421202469718252370e-01
8.442949463250104536e-02
-7.750129093096869148e-02
-1.240435842972782421e-01
-9.852510550664916877e-02
-4.459675115323324945e-02
1.701077767680057029e-01
2.165442784298188261e-01
-6.299408040792764396e-03
-5.801818434570638061e-02
3.311704773409939184e-01
7.648588909192937102e-01
9.883086246987954349e-01
1.075406105276613289e+00
9.323390168653277188e-01
3.920575180171489427e-01
-2.956566679250428598e-01
-7.696997273282411012e-01
-5.968039905650253107e-01
-8.194261750248854614e-02
-2.436959327360477268e-01
-7.840303955969316618e-01
2.072409675863662315e-02
5.220827732650377140e-01
1.781581112240291365e-01
-4.962928198058841334e-01
-4.202988620460880176e-01
-2.643370628258039368e-01
-2.454675998983160135e-01
2.177403824842635283e-01
1.894509257740013553e-01
-2.568718721753089351e-01
-6.127718261280041823e-01
-1.461572763726350366e-01
2.280865272641526553e-01
3.791165585065254806e-01
5.905076385642863412e-01
3.090921359616911612e-01
1.412438925452695893e-01
3.449970066569272298e-01
1.776510399700772513e-01
-1.599241034422365093e-01
2.021403979416898089e-01
1.034057837800041124e+00
4.397631004146509426e-01
-4.130707599895968585e-01
-4.674259006091903146e-01
-2.771447309782748558e-01
-5.573299830284563772e-01
-5.924761572307222224e-01
5.418878895917698113e-01
6.524917264852589938e-01
1.667492159492434123e-02
-6.761555978802431532e-01
-1.287168970683008951e+00
-9.811898357297834661e-01
-7.254799477392170903e-02
-2.490269379251075499e-02
-6.750019451586513064e-01
-4.886995344091347171e-01
4.304324937713185917e-01
5.663788954749999771e-01
2.657843970032881531e-01
2.821452840148475083e-01
3.771680455369638141e-01
1.688195306045947586e-01
2.446418589777860086e-02
4.678037063712510157e-01
-9.129616743959179104e-04
-1.110732244235792532e+00
-1.660306794697778976e+00
-1.328752498064687870e+00
-9.502229008768123819e-01
-6.008413643077830102e-01
-3.968988996555650184e-01
-8.360470259287098305e-01
-1.253007262375054109e+00
-1.279394364657611138e+00
-1.373831697168182764e+00
-2.133165588152382774e+00
-1.834486008014509562e+00
-1.749231209899214656e+00
-2.646570355188012424e+00
-2.215464163302049982e+00
7.842813499832339552e-01
2.303109665238991521e+00
1.882934107603461360e+00
1.623683147925164993e+00
4.007677828999860026e+00
4.508055391169216719e+00
1.301707721633040826e+00
4.164479176331754573e+00
5.420193938061644623e+00
3.466932266482679825e+00
2.076984050237044244e+00
2.333411986449192899e+00
1.684458991532839622e+00
2.925899915613272562e+00
2.876222192159517022e+00
-6.009782065656010808e-02
3.268862042704324011e+00
5.413552891624231478e+00
4.276170694655000659e+00
1.097702287400080134e+00
-9.130008372535569627e-01
1.806146671344834864e-01
9.325872250889122306e-02
5.396866381702922766e-01
6.130425043326114265e-01
-8.860054970243461669e-01
-8.626297633525629172e-01
-2.231098749844839801e-03
-2.006438527872627109e-01
-1.694388431758943270e+00
-2.273488000208823578e+00
-2.246480269625645398e+00
-1.851676662526300365e+00
3.672317771190896085e-01
5.891294120916679145e-01
-5.095372007031144790e-01
-1.797930576732334806e+00
-1.281426165291082775e+00
5.453592327838050480e-01
-6.894209228955421320e-01
-2.026168638031377256e+00
-3.067908761473301826e+00
-1.377212514047753134e+00
8.071524943620012049e-01
1.552863829784832062e+00
-1.640582485596042694e-01
-1.084676401678746460e+00
-6.349079315530219425e-01
-6.730082575974587478e-01
-1.371244491535625221e+00
-6.216165333060357234e-01
3.975813922966928704e+00
4.338485911315489219e+00
1.945351580023920945e+00
-1.585581489382394960e+00
1.638886614136559450e+00
3.727688593628635694e+00
2.571510942553692836e+00
-5.006025598814023425e-02
-6.842980806637637414e-01
1.118456646867759474e+00
1.426291198533302662e+00
1.040277649631779600e+00
4.586456581348019590e-02
-2.698663979706290572e-01
7.451083838955367966e-01
9.007513876761841232e-01
3.132748139244059260e-01
-2.540677391649512895e-01
-3.646906475062309250e-01
2.621403152414558679e-01
2.113189685242991001e-01
-3.341012928760345169e-01
-5.028187983596277277e-02
6.957488229591146656e-02
-6.445947536656728705e-01
-1.732745560953032893e-01
3.519389065513440773e-01
-1.430774478684273543e-01
-1.041716707942744069e+00
-1.214409364919277534e+00
-8.628473089859345357e-01
-7.429585261214624037e-01
-7.889025516304228880e-01
-1.115357164688826952e+00
-9.079220327516603906e-01
-1.427590403125680307e-01
6.353328087858711726e-03
-1.124889622183626869e-01
4.258304029892245879e-03
1.484443651325468849e-01
-2.673861893381073163e-01
-7.726870238929441914e-01
-7.648369363216869221e-01
3.532345297541407692e-01
-6.954363308209978722e-01
-2.257905397085139043e+00
-3.064283514934259323e+00
-3.035475642405898178e+00
-1.789922314803137571e+00
1.885185373379369977e-01
8.241228124803654520e-01
-5.650384523734841569e-01
-2.150655611511218090e+00
-2.234737280628588341e+00
-2.366766485366088801e+00
-1.544498336683460371e+00
6.591384263406054878e-01
-2.673982425091985249e-01
-1.646336352428098504e+00
-1.151460809231972693e+00
6.283272930744436824e-01
2.080002865031170600e+00
3.662403013460626688e-01
-1.684655233007196440e+00
-1.213946353214566454e+00
7.204661076669558462e-01
1.942823444134977651e+00
1.484785323905082111e+00
-5.451969348815441929e-01
5.752236469838143407e-01
3.490481896666654205e+00
3.839814362199184927e+00
1.570224928822510080e+00
-9.791584117664969833e-01
2.876801482853087677e+00
4.806516831686717950e+00
3.647609608385966595e+00
8.464548975512871110e-01
1.683897217422311909e+00
2.813796098599779416e+00
2.498899119598167573e+00
1.141978512972671389e+00
1.143227445495813566e+00
2.173776543016187279e+00
1.751769322702434684e+00
3.712191167862226582e-01
-5.194241783770797705e-01
8.702538090237688095e-01
1.565472240680551463e+00
8.814771035707860136e-01
1.532542639440315213e-01
4.384845521633784493e-01
7.059904048154499456e-01
-7.040458221217216206e-02
-1.759249934317050457e+00
-2.942457752031510054e+00
-2.540446894009938283e+00
-2.359324486576769964e+00
-2.097547903695103244e+00
-1.080213104673052538e+00
-6.399307925676669395e-01
-1.570328111016204176e+00
-2.214635938962466355e+00
-7.555875356335022275e-01
3.776904636022300199e-01
6.502601494066260202e-01
-3.463989354455909719e-03
-1.822264941270225647e+00
-3.245629740060351764e-02
3.235732857683792041e+00
4.608528520607819701e+00
2.971897356954348091e+00
1.121113832440983615e-01
2.896005745412115306e+00
2.439219136432705604e+00
7.724440710023676715e-01
1.906726353849307110e+00
2.326338464564858821e+00
3.892078346638668140e+00
5.387967484081662484e+00
3.813682131497670103e+00
9.352181946844013716e-01
4.112920374120927924e+00
2.787006131738815728e+00
1.368454673315839809e-01
1.627141523028542869e+00
3.587412159826998348e+00
3.258199975566219653e+00
7.473706210790256321e-01
-2.511353875161663751e-01
-2.385619757706167743e-01
-1.132182323863322182e+00
-1.818035396391837866e+00
-1.007650523972474232e+00
-6.079025165919560436e-02
1.034816719532219764e+00
6.324611117962768425e-01
-4.764790181070749364e-01
-1.143846034800399813e+00
-4.249238325349899981e-01
1.123214932044332981e-01
-5.669757328438707056e-02
1.470414757926145066e-01
7.678827276824101711e-01
8.679255230780593688e-01
-8.744571192267502902e-02
-2.346027205665264237e-01
3.830240605308521396e-02
1.238515282148093810e-01
1.301221457410494109e-01
2.392869006197406723e-01
2.009786545123198875e-01
-3.416106588809025846e-01
-7.396915784844473318e-01
-6.957855466616600371e-01
-4.015432490435216772e-01
-5.330537184648309612e-01
-5.690669920773193668e-01
-2.664960044017015139e-01
-1.185604923820648970e-01
4.034256641729005999e-02
-1.087981521129575135e-01
-4.995531223438394175e-01
1.315194143778265490e-01
6.948578453590735782e-01
5.126042605534366636e-01
3.789088095576874649e-01
7.751805503438020661e-01
4.837546019723671931e-01
-3.776532937476115848e-01
-3.719722764711683727e-01
8.189164819744210178e-02
2.089586635158924288e-02
-5.089089980055963025e-01
-5.712864600323575015e-01
-4.420712610428811917e-01
-7.403108188714745408e-01
-9.531608578716074254e-01
-9.314959960551592033e-01
-7.957935464225456279e-01
-1.361445322888821252e-02
5.196725966107174077e-01
4.272409108382079213e-01
-1.146435413585503715e-01
-7.371940047067049306e-02
-4.321324605327625523e-02
1.000192450992475335e-01
8.291408084978120208e-01
1.548298036767578045e+00
1.046761755967050567e+00
3.360236598119246687e-01
8.149344496745349886e-01
8.690545781631161537e-01
3.517068954590000796e-01
2.536098050961358985e-01
7.391933691989355237e-01
1.376562486715456446e+00
1.897561285620984695e+00
2.052896067946250014e+00
1.883570876477469902e+00
1.534507315196689925e+00
1.225520086024048938e+00
1.192097430635352007e+00
1.493202948297895016e+00
1.795206246924067051e+00
1.748828760827017881e+00
1.527297118219930416e+00
1.479338814814656677e+00
1.460425361699379199e+00
1.433174631783098008e+00
1.460701105654363285e+00
1.396244090587078324e+00
1.020281053742647215e+00
6.900081446646025851e-01
9.693304348236393420e-01
1.078402775412587999e+00
9.141606222584890418e-01
7.930189669003653297e-01
5.870630127803069254e-01
5.963888030422358488e-01
1.216919873127344953e+00
0.000000000000000000e+00
0.000000000000000000e+00
0.000000000000000000e+00
0.000000000000000000e+00
0.000000000000000000e+00
0.000000000000000000e+00
0.000000000000000000e+00
0.000000000000000000e+00
0.000000000000000000e+00
0.000000000000000000e+00
0.000000000000000000e+00
0.000000000000000000e+00
0.000000000000000000e+00
0.000000000000000000e+00
0.000000000000000000e+00
0.000000000000000000e+00
0.000000000000000000e+00
0.000000000000000000e+00
0.000000000000000000e+00
0.000000000000000000e+00
0.000000000000000000e+00
0.000000000000000000e+00
0.000000000000000000e+00
0.000000000000000000e+00
0.000000000000000000e+00
0.000000000000000000e+00
0.000000000000000000e+00
0.000000000000000000e+00
0.000000000000000000e+00
0.000000000000000000e+00
0.000000000000000000e+00
0.000000000000000000e+00
0.000000000000000000e+00
0.000000000000000000e+00
0.000000000000000000e+00
0.000000000000000000e+00
0.000000000000000000e+00
0.000000000000000000e+00
0.000000000000000000e+00
0.000000000000000000e+00
0.000000000000000000e+00
0.000000000000000000e+00
0.000000000000000000e+00
0.000000000000000000e+00
0.000000000000000000e+00
0.000000000000000000e+00
0.000000000000000000e+00
0.000000000000000000e+00
0.000000000000000000e+00
0.000000000000000000e+00
0.000000000000000000e+00
0.000000000000000000e+00
0.000000000000000000e+00
0.000000000000000000e+00
0.000000000000000000e+00
0.000000000000000000e+00
0.000000000000000000e+00
0.000000000000000000e+00
0.000000000000000000e+00
0.000000000000000000e+00
0.000000000000000000e+00
0.000000000000000000e+00
0.000000000000000000e+00
0.000000000000000000e+00
0.000000000000000000e+00
0.000000000000000000e+00
0.000000000000000000e+00
0.000000000000000000e+00
0.000000000000000000e+00
0.000000000000000000e+00
0.000000000000000000e+00
0.000000000000000000e+00
0.000000000000000000e+00
0.000000000000000000e+00
0.000000000000000000e+00
0.000000000000000000e+00
0.000000000000000000e+00
0.000000000000000000e+00
0.000000000000000000e+00
0.000000000000000000e+00
0.000000000000000000e+00
0.000000000000000000e+00
0.000000000000000000e+00
0.000000000000000000e+00
0.000000000000000000e+00
0.000000000000000000e+00
0.000000000000000000e+00
0.000000000000000000e+00
0.000000000000000000e+00
0.000000000000000000e+00
0.000000000000000000e+00
0.000000000000000000e+00
0.000000000000000000e+00
0.000000000000000000e+00
0.000000000000000000e+00
0.000000000000000000e+00
0.000000000000000000e+00
0.000000000000000000e+00
0.000000000000000000e+00
0.000000000000000000e+00
0.000000000000000000e+00
0.000000000000000000e+00
0.000000000000000000e+00
0.000000000000000000e+00
0.000000000000000000e+00
0.000000000000000000e+00
0.000000000000000000e+00
0.000000000000000000e+00
0.000000000000000000e+00
0.000000000000000000e+00
0.000000000000000000e+00
0.000000000000000000e+00
0.000000000000000000e+00
0.000000000000000000e+00
0.000000000000000000e+00
0.000000000000000000e+00
0.000000000000000000e+00
0.000000000000000000e+00
0.000000000000000000e+00
0.000000000000000000e+00
0.000000000000000000e+00
0.000000000000000000e+00
0.000000000000000000e+00
0.000000000000000000e+00
0.000000000000000000e+00
0.000000000000000000e+00
0.000000000000000000e+00
0.000000000000000000e+00
0.000000000000000000e+00
0.000000000000000000e+00
0.000000000000000000e+00
0.000000000000000000e+00
0.000000000000000000e+00
0.000000000000000000e+00
