-7.156372070312522204e-02
-2.409762401079754701e-01
-4.389025193694249816e-01
-3.529618573975205065e-01
-6.582054037472060415e-01
-6.609016723168226193e-01
-3.457645636131845279e-02
5.893297089620583851e-01
7.939984946314291303e-01
1.205969122415017636e-01
-2.631594798522817746e-01
7.270959304533874956e-02
4.489889308861219064e-01
8.471932490992193365e-01
1.209574875235287061e+00
1.436986194698485209e+00
1.322064638243320545e+00
7.522540991649879771e-01
-8.620702627346110702e-02
-3.539526483644781507e-01
5.849700566559770110e-01
1.694528568193964801e+00
1.814565756419132203e+00
4.298109788353547955e-01
-6.622884359914276153e-01
2.183652328742113902e-01
1.710162214584781903e+00
2.922200711843232490e+00
2.779999060050394544e+00
1.886697524560246642e+00
1.167287217093315732e+00
2.950511346823958547e-02
-1.808743836080746181e+00
-3.296902606830529159e+00
-2.377524966928342920e+00
-9.769978005623336514e-02
9.568064668804634465e-01
8.403977126415340670e-02
-6.878841179306252052e-01
1.467049572035495908e+00
1.891883757241416220e+00
8.511376065464756335e-01
-5.110078530083687065e-01
-1.348691080097955464e+00
-1.392972062338211359e+00
-4.757069980610802440e-01
5.502884071008893319e-01
5.695553000460180648e-01
3.760379638782187506e-01
2.829452416740623200e-01
-2.935431942813593320e-01
-5.651823507664142099e-01
-7.993859444302773287e-01
-1.573525116046404770e-01
1.012714034613346081e+00
9.628093189572578536e-01
-6.050033358225959113e-02
-5.046130546621225843e-01
6.527385051225600421e-01
1.294157596803324761e+00
6.072067995514623950e-01
-2.896031781558418006e-01
-5.623649800496561824e-01
-3.005862211349168422e-01
-4.653442881309103329e-01
-2.600057345678630227e-01
5.321892811108763777e-02
1.141712893682641505e-01
-1.344382720309701962e-01
-1.482065449561165149e-02
2.254821203223928983e-01
-3.764688731206277117e-01
-7.770855688762710045e-01
-5.091916998508464465e-01
-1.890899172072060264e-01
1.617481912571219760e-01
9.863194842830502740e-02
-4.004058140754988004e-01
-2.973444072310899022e-01
4.849474123105304013e-01
1.568072164276546054e-02
-1.418981546830349494e+00
-7.641362127073253463e-01
1.323809191151853470e-01
1.845045175441895058e-01
1.833739439032385787e-01
-9.600033673900738584e-01
-1.067585895847717570e+00
6.376128044083317903e-02
9.771057669568501414e-01
9.401368563287013647e-01
7.193098107986206635e-01
-4.138009722658904099e-01
-1.043258202926373057e+00
-1.835611053697570050e-01
1.353110212942854496e+00
7.523156942860759200e-01
-1.354078001247901675e+00
-4.090073196411827539e+00
-3.185707047045113871e+00
4.645551096019975290e-01
3.952764116949088358e+00
5.698270893478824206e+00
-3.184347638518811863e-01
-2.232703678542816039e+00
-3.688024566189810560e+00
-2.659699275779622951e+00
2.959153771904651009e+00
3.371687207217293203e+00
1.365266810889190996e+00
2.996965006340593263e+00
1.365678475042603868e+00
-3.108035568321414033e+00
2.847550902370845183e+00
2.944789609763646343e+00
-2.445208437615693953e+00
-3.427564550268277443e+00
5.393608701553649354e-01
2.524704836062841018e+00
4.703550286761340793e+00
3.141695979762741509e+00
-2.333926451905687927e-02
-1.576724992503714118e+00
2.726768467065175283e+00
3.379884716217959273e+00
8.247109184796987957e-01
-9.586016127224232797e-01
-1.084641576870303714e+00
-2.273377076754523163e+00
-4.807796618211668260e-01
-9.503668809646237392e-02
-4.804725095598660900e-02
4.799960243882732680e-01
-4.549776315275499972e-01
-1.503290801293641898e+00
-3.305119372012428336e-01
4.502275596471146946e-01
9.757143042589833115e-02
-6.960477749477417264e-01
-7.717413671820445575e-01
2.225497199155612726e-02
8.386076539360719506e-01
6.330713989490355242e-01
-2.425481170661337726e-01
-1.533032114395111445e-01
-1.357480582482391562e-01
3.507563912799069872e-01
-3.018581405264009199e-03
-1.027707418062167921e+00
-1.354909688225256481e+00
-9.284012518047444207e-01
2.007985074595306507e-01
1.254646370926610910e-01
-8.092146752062097104e-01
-1.436230640118572932e+00
-6.714376103828332276e-01
4.812677473624200619e-01
-6.304982957880378436e-02
-1.219610088363591194e+00
-1.848232646611996266e+00
-1.184561852109026425e+00
7.909786432795744560e-01
-4.083155021231594795e-01
-2.250736459682586510e+00
-4.809574544176902222e-01
2.439463921107537736e+00
2.062842410644849522e+00
-2.187281441358686074e-01
-2.801438962365950580e+00
-3.811179872059048179e+00
-1.333535929384692675e+00
-5.648101596954200332e-01
-1.504109933706187618e+00
-2.428598961725517036e+00
-3.083234156789242952e+00
-3.031399591710887798e+00
-1.096256684488909450e+00
1.651846386303457148e+00
2.513318817410750139e+00
1.398356897848581637e+00
-3.848063270961512572e-01
-1.364014021674412325e+00
-3.905242412458338475e-01
1.081546134906818057e+00
6.411256674431657920e-01
1.454714545471945453e+00
1.763854277730946274e+00
1.108377262326378787e-01
-6.128680407936089036e-01
-3.002941036221100646e-01
-2.051690665106608025e-01
2.607062177277947868e-01
2.546873537974079227e-01
-5.271296970815235738e-01
-6.269584993630927805e-01
1.029834634398345328e+00
1.010664686352585218e+00
1.760748082124954372e-01
8.333136467865269736e-01
1.753337725681971548e-01
-6.463198324312602328e-01
-4.332177096991449705e-01
8.687516669136405856e-01
1.895931170751278039e+00
9.934480976680993836e-01
-1.495693140750360639e+00
-2.713805968820304670e+00
-3.110949889403469726e+00
-2.498505649909295911e+00
-1.295241734041199244e+00
-4.306345749879900708e-01
-1.011032412477050890e+00
-2.690874741348509680e+00
-3.540036564191687773e+00
-2.140473229577576575e+00
3.958706475049955653e-01
2.156160211146390893e+00
1.090238241714222678e+00
-7.624639940822302009e-01
-2.136402600321475109e+00
2.560114523581620283e-01
9.816041366512955335e-01
4.060092413681157808e-01
2.120399357572200216e-02
-3.126334278345603845e-01
-5.289769615993494822e-01
2.516661030970690494e-01
-2.194063036007194434e-01
-1.097520959921121975e+00
5.384677149727088441e-01
1.507257063976349842e+00
2.654782912026831809e-01
-2.351273941386109456e-01
-2.683191585473476692e-01
1.830412463801294187e-01
1.012572612259702076e+00
6.146629956500071490e-01
1.303274798791437261e-01
5.752866130734168859e-02
2.721884594351579034e-01
2.030512997829747590e-02
-4.274297993324315259e-01
-8.443425282552946554e-01
-9.428958125779919319e-01
-5.995908240207956652e-01
-5.719445339908347803e-01
-3.132504031080125539e-01
-3.461116763953515640e-01
-8.402181490102522687e-02
-6.290166397854108915e-01
-2.140409411597734568e+00
-2.026769664332153109e+00
-1.105797674593019142e+00
-1.476560059268572145e+00
-2.205912369990899347e+00
-8.207427356408276697e-01
5.426857884355835715e-01
1.936814587832665913e+00
2.141528862471550720e+00
-9.958093513622818804e-01
-3.399067704014330449e+00
-7.888535694615199656e-01
2.858199411393498868e-01
-3.993363450467410924e-01
9.980826394994313233e-02
-1.710050334960330431e+00
-3.765731323541247733e+00
7.382051072489121957e-01
3.863836728901612450e+00
1.527530813193011205e+00
2.209923257119894568e+00
2.788419164060203848e+00
-1.109016028310444657e+00
1.138555972007249117e-01
2.730650987355752513e+00
-1.362076957080504691e+00
-6.108007236001665952e+00
-1.101233392231170782e+00
1.606346660569240026e+00
3.842142402470527518e+00
2.110528337878122773e+00
1.372941272301382298e-01
-3.056759433183959374e+00
-1.872281045416311240e+00
3.972582737400416342e-01
2.035691113712967848e+00
5.403844352554957986e+00
5.589868194770104992e+00
3.817509122459639137e+00
1.169866864882567192e+00
-8.054251186845995392e-02
8.308488090078081090e-01
1.186835765726692360e+00
9.149412291039493716e-01
1.860246422484506112e-01
-1.632113295667592112e-03
5.129871405251036354e-01
4.760057466095242162e-01
3.756261409520419425e-01
-5.130051039025618209e-02
-2.969418606581011311e-01
-7.795732891170814582e-02
-6.152157964096022225e-02
-9.619256612539139883e-02
3.687401967967460781e-01
7.559060176450164148e-01
1.533584321804846717e-01
-7.586834384641563123e-01
-2.940788499284550106e-01
-4.309494806063995931e-02
2.479377961584749990e-02
6.555085858306858304e-02
-6.101665156747543284e-02
3.156848059680481544e-01
4.581746257606795769e-01
-1.415827039226739137e-01
-1.042897598103354584e+00
-1.172879181284557815e+00
-5.793226602452421492e-01
-4.071425859254240165e-01
-6.409763373370507278e-01
-2.364946372427175758e-01
6.293851952383713311e-01
5.192626778989473113e-01
-1.207818007997939480e-01
-3.203316941831417797e-01
-5.023993435602120972e-01
-1.109191854408805300e-01
3.506993663638442449e-01
2.447192961937028066e-01
-3.208468076197423802e-01
-3.110091309577178720e-01
6.934424176907018067e-01
6.179084976157873665e-01
4.729934353761846566e-01
9.681051524998351976e-02
-4.416188496061383417e-01
-6.104146943247279467e-01
-1.141452457228111061e+00
-8.482687255935396076e-01
6.876389637168546232e-01
1.482494345760536625e+00
7.656763615918962262e-01
-7.205183577138556394e-01
-1.823073389592967830e+00
-2.533092721174949880e+00
-3.285484060390889027e+00
-3.719090588631699390e+00
-3.368154109373758143e+00
-2.617504497503392535e+00
-2.456823484697744586e+00
2.673173356699862779e-01
2.471416454084418568e+00
3.155487355001888705e+00
2.082651954133154959e+00
6.165008678282313248e-01
5.582391363262684258e-01
8.595885123475017764e-01
1.429467754276225966e+00
1.789830463108336822e+00
1.347718629725846995e+00
5.444805792882609907e-01
-2.433990447634770682e-01
-6.787385944038097918e-01
-6.722367021741870730e-01
6.704980890005909355e-01
2.239809397024350446e+00
2.879066622496110561e+00
2.576239460187011776e+00
2.013412913959376382e+00
2.005371251747726014e+00
2.221414658493753524e+00
2.349410465370902479e+00
2.284171906170005428e+00
1.692136234324939537e+00
1.054167736369037156e+00
5.624880535681935356e-01
1.199226561399840962e-01
-4.361511972312656638e-01
-4.823829520251255998e-01
8.745327512641232204e-03
1.314694822634679516e+00
1.053327694841269535e+00
4.536539947389048311e-01
2.729086419680805675e-01
4.575633772478133743e-01
4.426130880862108596e-01
7.807265769165531166e-01
0.000000000000000000e+00
0.000000000000000000e+00
0.000000000000000000e+00
0.000000000000000000e+00
0.000000000000000000e+00
0.000000000000000000e+00
0.000000000000000000e+00
0.000000000000000000e+00
0.000000000000000000e+00
0.000000000000000000e+00
0.000000000000000000e+00
0.000000000000000000e+00
0.000000000000000000e+00
0.000000000000000000e+00
0.000000000000000000e+00
0.000000000000000000e+00
0.000000000000000000e+00
0.000000000000000000e+00
0.000000000000000000e+00
0.000000000000000000e+00
0.000000000000000000e+00
0.000000000000000000e+00
0.000000000000000000e+00
0.000000000000000000e+00
0.000000000000000000e+00
0.000000000000000000e+00
0.000000000000000000e+00
0.000000000000000000e+00
0.000000000000000000e+00
0.000000000000000000e+00
0.000000000000000000e+00
0.000000000000000000e+00
0.000000000000000000e+00
0.000000000000000000e+00
0.000000000000000000e+00
0.000000000000000000e+00
0.000000000000000000e+00
0.000000000000000000e+00
0.000000000000000000e+00
0.000000000000000000e+00
0.000000000000000000e+00
0.000000000000000000e+00
0.000000000000000000e+00
0.000000000000000000e+00
0.000000000000000000e+00
0.000000000000000000e+00
0.000000000000000000e+00
0.000000000000000000e+00
0.000000000000000000e+00
0.000000000000000000e+00
0.000000000000000000e+00
0.000000000000000000e+00
0.000000000000000000e+00
0.000000000000000000e+00
0.000000000000000000e+00
0.000000000000000000e+00
0.000000000000000000e+00
0.000000000000000000e+00
0.000000000000000000e+00
0.000000000000000000e+00
0.000000000000000000e+00
0.000000000000000000e+00
0.000000000000000000e+00
0.000000000000000000e+00
0.000000000000000000e+00
0.000000000000000000e+00
0.000000000000000000e+00
0.000000000000000000e+00
0.000000000000000000e+00
0.000000000000000000e+00
0.000000000000000000e+00
0.000000000000000000e+00
0.000000000000000000e+00
0.000000000000000000e+00
0.000000000000000000e+00
0.000000000000000000e+00
0.000000000000000000e+00
0.000000000000000000e+00
0.000000000000000000e+00
0.000000000000000000e+00
0.000000000000000000e+00
0.000000000000000000e+00
0.000000000000000000e+00
0.000000000000000000e+00
0.000000000000000000e+00
0.000000000000000000e+00
0.000000000000000000e+00
0.000000000000000000e+00
0.000000000000000000e+00
0.000000000000000000e+00
0.000000000000000000e+00
0.000000000000000000e+00
0.000000000000000000e+00
0.000000000000000000e+00
0.000000000000000000e+00
0.000000000000000000e+00
0.000000000000000000e+00
0.000000000000000000e+00
0.000000000000000000e+00
0.000000000000000000e+00
0.000000000000000000e+00
0.000000000000000000e+00
0.000000000000000000e+00
0.000000000000000000e+00
0.000000000000000000e+00
0.000000000000000000e+00
0.000000000000000000e+00
0.000000000000000000e+00
0.000000000000000000e+00
0.000000000000000000e+00
0.000000000000000000e+00
0.000000000000000000e+00
