5.688258348433929967e-01 -6.263580775920460919e-01 9.481506350297319585e-02 2.327919173244179518e-01 6.468845892504428985e-01 -1.902699503281803928e-01 8.623441592893632546e-02 -4.341262287963603139e-01 -1.615502370590369274e-01 -3.056509032644167956e-01 -4.143152720752858453e-01 -6.948255670996061895e-01 -7.333891423838727608e-01 2.894438282532942885e-01 1.546413068200203078e-02 -3.379284470005379237e-01 9.604118122314804218e-01 -2.639142149789368563e-01 6.751586320320450696e-01 -1.219511190559603442e-01 6.951205919880527606e-01 -2.356528103528741092e-01 -3.390227030646411066e-01
3.106917595618570171e-01 8.416569475109692000e-01 3.454416742809049978e-01 -3.793889004697144074e-01 9.360326951176816124e-01 6.596622116744257358e-01 -1.981691064608201991e-01 7.472085811173025949e-01 5.638659701399113544e-01 9.892030670203784126e-01 5.248036832089193471e-01 -5.029443734649525766e-01 -1.213875676073359333e-01 2.185144866254962182e-01 -4.895920772863591175e-01 7.796454786524242841e-01 5.205899903284743058e-01 -2.608918278223557596e-01 1.504172650763537789e-01 4.680168960550123991e-02 2.066110276272263846e-01 2.140291434597900722e-01 5.318110216634455156e-01
3.607999531285044359e-01 -6.750883767621258524e-01 2.254932865736651859e-01 -2.846503486316040998e-01 -3.845819182306562389e-01 7.182273975934863053e-01 -4.505101278788437025e-01 -6.451521013022687434e-02 7.143138152825534437e-01 8.428457078741429243e-01 -5.815741021593900939e-01 5.285021269618224160e-01 1.315347663872052930e-01 3.180440000606508111e-01 -7.591478622652658714e-01 -1.231111590391538169e-01 -2.479172568781482511e-01 8.528040640202525502e-01 7.426273777350949068e-01 3.522865805279016271e-01 -7.705328486474605221e-01 9.006737081802944633e-01 9.031902733445806852e-02
-8.062410377182169796e-01 7.424990543237257601e-01 3.205508421962381949e-01 5.580083502288746278e-01 -1.342876903090421958e-01 -6.108769789608501366e-01 8.697115084759434733e-01 -6.920657732868753520e-01 -4.097696352492661287e-01 1.521151506704800926e-01 -1.789842992029588853e-01 7.814421284366712683e-01 5.196999807658342352e-01 5.725530102910492136e-01 9.107242552839829308e-01 3.982664571663026010e-01 2.503251783954245635e-01 7.529325657209144929e-01 -2.301973705075142096e-01 1.269439028153529492e-02 -6.496262517119431035e-01 -5.873695132073755154e-01 -5.476356888306539439e-01
9.730017166147009178e-01 -2.680707629654306423e-01 4.522189847646609362e-01 3.608422693950741333e-01 4.487317092596372348e-01 5.848782756663732929e-01 1.736541440584460361e-01 8.873314697440879417e-01 4.156482642770207292e-01 7.670343600625935121e-01 4.161260865088429739e-01 -4.402731989598429596e-01 8.469184649868533032e-01 -5.933165192298852642e-01 2.821967229536672672e-01 6.422575426081149619e-01 7.603981660496472728e-02 1.428077543788424109e-01 6.520847631590673821e-01 8.324970731914800304e-01 5.171999660149264599e-01 5.905721726993875542e-01 2.691165803924056021e-02
2.421619324976131971e-01 -3.169015986340046886e-01 -9.435354164980394032e-01 -5.123495084244897857e-01 3.933435364919235511e-01 -9.872515241823569543e-01 1.757811229968435640e-01 6.684454134564237204e-01 3.325598298523437801e-01 7.758576133861418977e-01 -4.365783874716377966e-01 -9.043415936635643693e-01 7.408444923370050006e-01 -9.436075587392129815e-01 -2.340891000977673997e-01 4.055395102983030409e-01 9.144620424349596544e-01 8.927590190403873471e-01 2.502406090672151251e-01 7.509342602021122914e-01 -7.959519619094543863e-01 1.146565003253776638e-01 6.866634911173914446e-01
-9.427613085846247021e-01 -5.643859733200473627e-01 5.275794435858933706e-01 3.898248685946408276e-01 3.316553474423959980e-01 -2.288651373313372872e-01 5.228562596843091548e-01 -5.805277526284835510e-02 8.198483533249902866e-01 4.405825718161990867e-01 -6.820846232256090325e-01 4.393107492362124944e-01 -5.944341343045824733e-01 -2.364559706682438645e-01 -7.866855678452493450e-01 -7.598595495683846401e-01 -9.317689250230130060e-01 -6.351347831748122008e-01 -2.450678614626262686e-01 1.764225906943646116e-01 -8.125627023334887067e-01 4.544882572557318312e-01 4.839770500378923757e-01
7.468855355653170047e-01 2.349310055816293819e-01 -5.186652655150458813e-01 7.972643641829222361e-01 -3.509492128546685130e-01 -4.755062975326396213e-02 9.320711915963293404e-01 -3.367120064509636634e-01 7.360811400476907629e-01 8.244872233350430957e-01 7.418069793774644261e-01 -3.958727382239921599e-01 6.192366746982960191e-01 2.399433983174705798e-01 -4.733557472939204924e-01 8.671521935629240563e-01 6.950092556828180168e-01 5.685763556178224931e-03 4.742416966810576451e-01 -9.446254756810856801e-01 5.912228093490525804e-01 -9.989513028746290768e-01 3.558589891912784520e-01
9.102195407044160191e-01 6.621975130212269800e-01 5.947846017795033191e-01 -5.552422845218707437e-01 6.851028862544426001e-01 8.481626355556648456e-01 1.662257334561147992e-01 3.744353646180889061e-01 2.046973010035790796e-01 -2.459164164967424515e-01 5.353460431806149611e-01 4.868206965664938490e-01 -1.378894867162618887e-01 2.909062687700636474e-01 7.142801222620402957e-01 8.754000876458816194e-01 8.685026226834615670e-01 -5.538787727143774653e-01 -5.109606547667242538e-01 4.534024909225751188e-01 -3.486437016569070568e-01 3.042424310653577546e-01 5.809687573785233816e-01
8.589255573771767960e-01 8.688221684715369264e-02 3.033341341571849092e-01 -1.314377353491706923e-01 5.873270939616557218e-01 -3.459379320837860927e-01 -7.400249051856353510e-01 -7.280547069335217003e-01 -7.311818719053957416e-01 2.983959099965323158e-01 -6.482295407254863306e-01 -6.409467175937020311e-01 2.094547726380162622e-01 3.055367959347159434e-01 -5.539315193385085934e-02 4.903941495028285580e-02 6.664284691833761709e-01 -2.515772613621463094e-01 4.929056244195271219e-01 -4.592019931161761548e-01 -7.572518637014906684e-01 9.451440801089037169e-01 5.218665495658481035e-01
-6.937599734625727876e-01 -8.740564881171186684e-02 -3.980934883021229886e-01 4.875671819598521584e-01 -5.262252091815748933e-01 1.500562962982860959e-01 7.018070952631239035e-01 7.466111942502238197e-01 7.788997618751383190e-01 -3.493746810111739709e-01 7.211592907260653273e-01 7.527040368162092321e-01 -1.511501607080854015e-01 -1.368695032170614834e-01 8.369283516898917696e-01 -9.491743246291717284e-02 -6.464393413728284354e-01 1.220419999502035946e-01 4.444812443501702237e-01 1.659745004349137965e-01 8.404798973611578017e-01 -8.263066954723259361e-01 7.354724645136674344e-01
-5.846528859041812964e-01 5.308672724586491753e-01 7.417254084314892637e-01 -9.379707676143900219e-01 4.064907779337629812e-01 -5.935155256416533298e-01 -6.943058460253759279e-01 -5.562218970564591913e-01 3.266184767711439729e-01 -4.777285020811643523e-01 -9.276170260297893488e-01 -3.901610962340851252e-01 3.665618961258167996e-01 -6.643658975871362671e-01 -5.346321810843539524e-01 -6.291336069582564861e-01 -2.987144732329971575e-03 -9.786990736395972945e-01 8.832051025501737040e-01 6.871883376444360980e-01 8.142976566215593959e-01 3.704126019755464849e-01 -9.999708284506836353e-01
-3.408640539224014887e-01 -5.887325429531509169e-01 -8.371434354918978471e-01 -3.735478011345787497e-01 -5.431194656600901727e-01 1.005985156777919887e-01 -1.446724650687591929e-01 5.802005832851973022e-01 9.332780057073879476e-01 -1.050918688166480042e-01 -7.955731833845458567e-02 6.789080096253825580e-01 2.680340709592168302e-01 -5.861186345326323544e-01 4.502077266178754478e-01 -7.814692038584927225e-01 -5.831042681077125422e-01 -1.701993887715704812e-01 -2.916489915349338435e-01 9.598158452475511471e-01 -5.783505352231588237e-01 5.856516124455359851e-01 -8.686166934996308875e-02
6.439542082223117525e-01 6.917247354709328278e-01 3.883187242658194815e-01 7.924122826800956698e-01 1.371704322056110925e-02 -3.560751140120452796e-01 2.458351246050576311e-01 -7.095254396511769812e-01 -7.631792436964415227e-01 -9.396332341301909530e-01 -4.281096532023864754e-02 3.210914081378619667e-01 6.210779981607390532e-01 2.353109684003853452e-01 -8.799280266146891627e-02 4.902836098426162081e-01 -9.908614798299439919e-01 4.670146880087047148e-01 -2.026224005277303952e-01 -7.479831779985883777e-01 -2.426815106799506960e-01 -5.716014931693151890e-01 -3.709302440277917334e-02
3.325856388741630365e-01 9.171053974161871292e-01 -4.491909388626500466e-01 -2.312365672080238799e-01 1.568962887360410008e-01 -9.796419783021632632e-01 5.134663996712691691e-01 9.557329067246322918e-01 2.867736917420948828e-02 -5.178824719202479443e-02 -3.108880569059739862e-01 9.395068656414795605e-01 2.697886512057356967e-01 3.088082493796955319e-01 -8.384280814881430732e-01 9.608842208637999871e-01 8.809510057258318483e-02 -1.434333981891648957e-01 -5.628735037953023213e-01 1.827847206558885773e-02 4.186141000684602265e-01 3.613004906463261889e-01 -4.110236227145658283e-02
-7.331989304503103710e-01 2.955030310745001554e-01 6.887586367231810502e-01 -6.271974404805935599e-02 4.950896947519540792e-01 -8.846315297909725928e-01 -8.811635430898696608e-01 4.259418568119153203e-01 -5.070298304398146438e-01 -8.929072935927584442e-01 7.947417794406290703e-01 5.218383912274124903e-01 6.056728923489327343e-01 5.128874560766119028e-01 -5.139436442997480370e-02 3.504275934014209337e-01 7.086089931735013447e-01 -9.621172098234729297e-01 3.209789669382010491e-01 4.196746180200188192e-01 6.071425536344587925e-01 2.950326761273858178e-01 6.369051491018582478e-01
6.618845922996943187e-01 -8.011298338484349468e-01 -5.638179516851051787e-01 -7.793336468124043570e-01 -8.154454438460521093e-01 9.273533432377136787e-01 7.729502145900157828e-01 -5.780080327090049153e-01 4.239044479841018731e-01 -1.338278020934620116e-01 1.098986277249291987e-02 1.143049066843571104e-01 -8.703291454189965304e-01 5.258365738793528976e-01 -3.216549832226665018e-01 -1.290140582907233213e-01 1.895156067000258737e-02 8.229676990394134695e-01 2.856979952270344292e-01 -2.836806761165522328e-01 4.675830813463912605e-01 8.766354444418831271e-01 -7.182254664362641705e-02
-3.970964502506455496e-01 -9.092613020671302948e-02 8.222161615936796064e-01 -1.425969977963237323e-01 9.767030738529083322e-01 -1.110402908695289348e-01 4.009316991578426581e-02 3.993748321762855547e-01 -4.529616613142684045e-02 -7.926752665266532105e-01 -2.213483214701252866e-01 -4.724588491826615666e-01 -5.686431683843711227e-01 9.996031655575920993e-01 -6.955723307640975239e-01 -1.667779784610903260e-01 -8.742553550592926381e-01 -8.972568978934356565e-01 4.547447720120338932e-01 7.552432857915798436e-01 -1.393371571469474990e-01 6.790269608869661244e-01 8.325013987490585965e-01
3.881290838224971118e-01 7.062721611666502586e-01 8.554663698124875815e-01 4.024029464654166333e-01 7.279837532403998779e-02 7.566913458094053357e-01 1.643230507551725061e-01 3.088938689797673387e-01 -2.044012034713109660e-01 -8.611996359921711974e-01 7.125969914401730776e-01 1.964903293400590556e-01 3.647101603252433932e-02 6.448121551169054833e-01 1.178074626224154819e-01 5.498737634663264373e-01 3.879804274231777317e-01 -2.084348823911237325e-01 2.014456114733571557e-01 7.649857635836965208e-01 6.279337213396685158e-02 -8.535523770896169538e-02 -9.350418955961667944e-01
9.993759386990161975e-01 6.827738291366987067e-01 -3.166012829568651821e-01 -5.613767177900017558e-01 8.198379714429109288e-01 3.596653449169642247e-01 -3.031710563205769482e-01 9.771838508327748141e-01 -3.974106185176033978e-01 5.815110771074105678e-01 -3.556588515708933862e-01 -8.968834703217631876e-02 9.737771641687222868e-01 -7.339634901041374171e-01 9.417717047864331281e-01 -8.473112442640018394e-01 7.783392161701387924e-01 8.970955183706368352e-01 -4.883407328029036876e-01 -6.175715906915391074e-02 8.906786698804562974e-01 7.009771542027785074e-01 3.101774419581393438e-01
3.220305314791174212e-01 8.638358174520726074e-01 2.545286280123915112e-02 7.069910546262172524e-01 -2.757847004298275007e-01 -3.407384767423591310e-01 8.006536978236202806e-01 -2.339742897719530035e-01 -5.462796333581021457e-02 5.050949095226298091e-01 9.441993383031435094e-01 -3.416553919421703167e-01 -3.693444763263935560e-01 5.739542967010158314e-01 -8.692693696987170426e-01 6.958366497436345721e-01 2.056001910120899279e-01 -1.216777136458140340e-01 6.111939003475275189e-01 -8.953400675855744950e-01 -3.103780738313197674e-01 -8.020893059952363124e-01 -9.575008999227192508e-01
9.619170032943888948e-01 -5.574904018512396586e-01 -6.466848349324987311e-01 -2.220003694428791530e-01 -6.611357200843899218e-01 3.596609120953180305e-01 -1.061973337322590361e-01 -3.445109083735298228e-02 7.756293626247172668e-01 -4.777952908263232157e-01 -3.115612844256721026e-02 -9.385678384829210241e-01 3.723018395791437563e-01 -9.188249672957904401e-01 3.019877829515476009e-01 -8.982489641898669941e-01 3.028698906873601437e-01 -8.351730547114866177e-02 1.793137027300526487e-01 -6.772021337432243548e-02 -7.015176172397745713e-01 -1.375150485378331400e-01 -2.520812636118496819e-01
-9.310185096400986904e-01 5.697654843177759609e-01 6.629545793287738853e-01 3.099022023139608173e-01 8.807444839297120520e-01 -2.599409167192077152e-01 -1.678371933542603944e-01 3.148661687823610666e-01 -6.690506377689808826e-01 4.616392271289559979e-01 9.737792996480454377e-02 8.116462974649876205e-01 3.156933263845829174e-02 9.489274516868668741e-01 -3.284448893681355397e-01 9.616010232514282663e-01 -7.642913831755548948e-02 3.024155464169768770e-01 -2.772836360050077165e-01 2.725986932027311127e-01 7.688757597877440286e-01 2.644672722195660075e-01 2.179973359988411907e-01
