-6.767272949218750000e-01
-4.248914195289887896e-01
-5.657579113220609912e-01
-7.947865513452925246e-01
-1.687193015954159492e+00
1.242844001295580814e+00
-3.569813131369281578e-01
-2.842013474976107013e+00
-3.513064194654857975e-01
-1.815104804964215779e+00
-3.041578955097800741e+00
2.757332258455342799e-01
-4.248489282138925294e-01
-1.012384558084268971e+00
8.956867516350438541e-01
1.543395466313569164e+00
1.655185494428241144e+00
-6.292494457261765817e-01
-1.220077931695292328e+00
1.346676517607171553e+00
1.530710970028509754e+00
1.479390918783683562e+00
5.118774671754291461e-01
8.054623833408416367e-01
1.432857815133405710e+00
1.449543404307870098e+00
5.762711272235705451e-01
1.327524501241771571e+00
9.916775025762678553e-01
5.242565267499212922e-01
-1.707507116920548906e+00
-2.186041468396000109e+00
1.103659514599403924e+00
4.709644136799693293e-01
-3.721324420284579659e-01
-1.342224780543914697e-01
-1.104680915598942104e+00
-2.000044329102020235e+00
-1.283635585162153037e+00
1.084252269418253256e-01
-2.075395252896819809e+00
-1.006883337833038849e+00
1.019372594977079327e+00
-1.136455398512027370e+00
-9.340918031154347156e-01
-4.962973859197818971e-01
-6.553440780111962072e-01
-1.008424348680658778e+00
5.432811847961482865e-01
1.711739090094266391e-01
-5.086589570418387218e-01
-6.758186756123001349e-01
-1.312688258685671405e-01
-8.482293392950683852e-01
-1.643939613133510447e+00
2.461203630210471172e-01
-1.763221670312279832e+00
-3.635111669277445223e+00
-2.765531034549454148e+00
-2.023984865819967283e+00
-8.091386569775893545e-01
5.394783807166418921e-01
1.365883410613850657e-01
1.106179016867991916e-01
-3.185848054900248805e-01
-7.840182420805410501e-01
-9.905593033568598216e-01
-1.222842466832856134e+00
-4.598208240406553293e-01
9.791363583931922410e-02
2.070496805454921097e-01
6.392422761343330428e-02
-2.996135328069164938e-01
-7.327495410056994452e-01
-8.059149836068082440e-01
-4.873778781425881501e-01
-9.673667717689860002e-02
-1.015478325165938278e+00
-6.189467374026222934e-01
-1.480829036727717707e-01
-1.432956120584794046e-02
9.082992641377283238e-01
-3.269426432473424571e-01
-1.368495358698367026e+00
-6.639432863451655287e-01
-1.427052680916693683e+00
-1.581168741148446744e+00
-3.177747713475183589e-01
-8.799310240518759541e-02
-2.437208874197120401e-01
-3.271296022507864665e-01
8.186087801842456546e-02
7.464028014358234930e-01
-5.680360204959128412e-01
-7.182571850243527622e-01
-3.495666868421768436e-01
-3.668619355593806808e-01
-1.050042162179755767e+00
-1.215563154000533608e+00
-1.106627126158310048e+00
-1.721564297029695600e+00
-1.023750745246109872e+00
4.127168259794511407e-01
-9.664171863907768945e-01
-1.302767321777601461e+00
2.837037850312379428e-01
8.370906003572430309e-01
-3.472132274942318908e-02
1.536429990682030233e+00
-1.816825334009586346e-01
1.649668238331444048e+00
3.102248561418388118e-01
-1.225164516684859928e+00
-4.443835443531374274e-02
1.975416068701533856e+00
1.374867725262965523e+00
7.976757912738319245e-02
1.831440131169918217e+00
1.379438123260184446e+00
1.282410507145570477e-01
1.103718103468537937e+00
-5.962071641355075613e-01
4.332826453779535236e-01
1.249558028582562041e+00
2.141491924057858043e+00
2.332986278744497710e-01
3.568266867712792667e-01
2.382961729652550709e+00
2.660320394612133654e+00
3.403007837234584443e+00
2.770876370684658418e+00
2.545049403386165476e+00
1.060258206174110152e+00
2.398552147050151184e+00
6.839413938290513251e+00
-3.755387139196191271e-01
-6.002002908103702516e+00
-2.245615041614122731e+00
2.395366138307000625e+00
2.289803272387465061e+00
-3.100505869537812931e-01
-3.142468954928100189e+00
-9.610116523744210326e+00
-1.057981535912653115e+01
-9.240455859914494141e+00
-9.627460763850024250e+00
-1.241579820354842312e+01
-1.008397475688729195e+01
1.024085650169079376e+00
-2.740300648242695036e+00
-1.140087421556778668e+00
3.080585477504427239e-02
-1.621728360173767536e+00
-3.153382593148304380e+00
-4.870006829216024791e-01
5.757548114404771322e-01
6.695735778560890639e-01
-8.719268761930059064e-01
-1.410354535105226237e+00
9.354338675423767846e-02
-5.759410516837513150e-01
-5.344019162186022243e-01
-8.934840864999697985e-01
8.563540317115605482e-01
1.526302758072594745e+00
3.756671103389161104e+00
1.337001763708546065e+00
-9.132821067058001230e-01
1.080456792232462604e-01
1.349743511119641637e+00
6.189747101386697814e-01
2.817739415188425856e+00
-2.026907893037153130e+00
-3.730032934600728822e+00
-1.819023125488072434e+00
-3.146267174365965369e-01
6.216593725031673845e-01
-3.121337382639134628e+00
-3.433257438895759517e+00
-4.123977086495784761e+00
-4.371905752042816395e+00
-4.590915618034308920e+00
-5.693036248720647841e+00
-4.887418778026932031e+00
-2.071174635485755200e+00
-1.555751025167422918e+00
-2.544514465331240594e+00
2.516840813404197519e-02
-2.276053178399608967e+00
9.315678625661849566e-03
6.157826928086593821e-01
-2.678712450593841998e-01
-1.231886588923452930e+00
-3.313268368604315395e+00
-1.917057955868403774e+00
-3.884312893130552613e-01
-2.846626838679269245e+00
1.217071591239069495e-01
4.109177721083299151e-01
1.032805209935552249e+00
1.495526037845650302e+00
-2.862540901494345924e-01
6.121173022585502110e-02
1.718023153129515368e+00
1.163807827673566386e+00
1.665697643826691277e-02
-1.049698562394832724e+00
-2.901398036031821448e-01
9.608004773216298755e-01
5.198742333765192791e-01
-1.638468528553764791e-01
-1.788134199041513384e-01
-1.055734751102974656e+00
-2.166841806890602129e+00
-1.209835773862131481e+00
-1.091272832397656600e+00
-1.189470706387693255e+00
-6.462105547948013839e-01
-2.333173647531183725e-02
-9.115669930069520976e-01
-8.483445047938036332e-01
-2.244517060016263166e+00
-2.064453446508707657e+00
-2.390786974846123236e+00
-6.197880603769512220e+00
-6.512293385661133804e+00
-7.406356910301576058e+00
-8.132843423506175284e+00
-8.576140992886818637e+00
-6.445927532920292968e+00
-5.734618601993837217e+00
-4.967777814077289911e+00
-2.878762425224998367e+00
-4.444708271307586500e+00
-2.689049504278262059e+00
-2.424287260458323878e+00
-3.995652052243378716e+00
-2.293822201259729354e+00
-1.624973143186868807e+00
-1.724603687618608383e+00
-1.013629109642613990e+00
8.817062220667541972e-01
-2.008453819281543762e+00
-1.330917457405065951e+00
6.610040341490929228e-01
-6.576070784410594783e-01
-5.253489551197170204e-01
-1.156893722284100701e+00
-1.555908607842299896e+00
-8.809825458310873714e-01
-4.148488209042766606e-01
8.440055945727809039e-02
-1.232247671092374652e+00
-1.397088476214753294e+00
-1.165981387416989978e-01
8.837180347298669858e-01
4.136762301771315098e-01
-1.266396235029978889e+00
-5.511501466651229642e-01
1.801544173323160081e+00
1.367548377425506390e+00
1.688470114586292592e+00
9.407544981530857608e-01
4.074269952205322731e-01
1.040050874327950181e+00
5.568326557296086055e-01
1.024162505231852593e-01
-1.254295714562785991e+00
-2.675503727196732573e+00
1.216892930763000980e+00
1.442641472125434365e-01
-2.225259142202593576e+00
-1.878584705839597913e+00
-2.798960147714381286e+00
-2.864960520487769724e+00
-2.436310996310939725e+00
-3.401588073263120737e+00
-3.954560364761913860e+00
-4.327979415664735541e+00
-4.603170200716613536e+00
-6.797755795586574834e+00
-7.648553788311305723e+00
-8.539342163118268658e+00
-8.511501137831789521e+00
-7.765854210081864828e+00
-6.879290391890106271e+00
-6.347066997046383996e+00
-3.432631750316452734e+00
-1.460010997130680499e+00
-2.721510755902149636e+00
-1.597484149382029539e+00
-8.163007940423261388e-01
-7.918320903957680734e-01
1.753376677356675684e+00
1.516522862655092396e+00
1.326295550982537375e+00
1.188690815117051880e+00
-2.008973544367465891e+00
-6.327628351608096668e-01
3.094027046514974622e+00
2.735771422573569644e+00
2.215156246041143362e+00
1.870385003094186427e+00
2.411903709941508378e+00
-5.034206622225489980e-01
-1.365638380489920367e+00
1.771564327047826737e+00
8.735879271197659612e-01
-1.215049134870966885e+00
-3.722357600110992593e-01
1.306883382088980250e+00
1.237856950889863139e+00
9.458744677083388286e-01
-2.474949822581464787e-01
-1.320628501005952860e+00
4.050270744149608859e-02
-3.788719712007404539e-02
-7.126279414668279522e-01
1.729351495457167598e-01
-6.370330352304925947e-01
2.574609098354896375e-01
-1.354058611555858382e+00
-2.820733776140504467e+00
-8.203409810299595595e-01
-1.072357625790311131e+00
1.725677667618018774e+00
2.945127845923516396e-01
-3.349791153016087542e+00
-4.082424037009315221e+00
8.024958947073494997e-01
3.476454163796129038e+00
-3.773627800748355909e-01
-1.784449795890362900e+00
-2.643670531905848442e-01
3.481435718453989026e+00
3.720875312637824450e+00
1.619592137524194619e+00
-3.072709297601230460e-01
-2.760810028796938376e-01
2.051247143007833174e+00
1.005945517840645120e+00
1.055666532096111387e+00
-2.358962197747276335e+00
-9.767301319568888474e-01
1.329777828584486787e+00
1.183010845780871012e+00
2.817433654308212354e-01
4.681988808137957925e-01
-2.410762631181102567e+00
-2.345771083997109763e+00
-2.902398434540223171e-01
-3.409774675835361979e-01
-4.290295035258641754e+00
-1.417499110002614637e+00
1.741947484669029489e+00
-8.751912863318900282e-01
-8.312492958401986876e-01
-4.470435797888870688e+00
-1.477910227418280709e+00
-3.031581773096891919e-01
-2.401807741152348186e+00
-4.203225675701503405e+00
-1.065986721147607286e+00
-1.200462762141342488e+01
-1.388114936754081086e+01
-9.583547959275966477e+00
-1.012237762528860685e+01
-1.046137087388019360e+01
-9.658416151332252397e+00
-3.411421572393447565e+00
-1.992520577912999080e+00
-1.876659982746533561e+00
4.035402173304108442e-01
-3.190031285182936216e+00
-7.561977135461861010e+00
-6.466452691276723286e+00
-1.109168782642071971e+00
-1.448805863353102463e+00
-8.330834375228668431e-01
-6.484436147881351697e-01
-1.428649303284295735e+00
-1.326080290199876721e+00
-1.084925993297173763e+00
-5.397390484560680157e-01
-1.091301913645029487e+00
-1.980924614897554337e+00
-3.442856874416251323e-01
-1.009902336024665948e+00
4.116183918171927858e-01
-1.111552913874725990e+00
-3.139958729027653161e-01
-1.420176535380035299e+00
-1.180588982063308201e+00
-2.357155485693753771e-01
-1.782248935785304411e-01
-4.054938717254178426e-01
-8.365998042015689862e-01
-5.280572682882820335e-01
-1.011741814905542602e+00
-1.103731630850815604e+00
-3.288214902469218659e-01
-6.864016314420600118e-01
5.156623848876051852e-02
1.010828589545896827e+00
5.126542883607919654e-01
6.982890813623134907e-01
-7.370877738477457086e-01
-1.248521278189484329e+00
6.694232709391334524e-02
-6.736945427074525483e-01
-1.851901541719199296e+00
-6.820478313754438915e-01
-7.819133127219622947e-01
-8.933709750187521781e-01
2.119802538789413715e-01
8.804898439947885791e-01
4.133285129040283890e-01
-4.316714074910861232e-01
8.565261696146559967e-01
3.578238160600777373e-02
-7.733315898127883781e-01
-1.147473822141144573e-01
9.765942861094001337e-01
4.592586292455200780e-01
-6.436596402305438946e-01
7.957014294359727735e-01
1.156630400414461635e+00
2.513048413310465801e-01
9.038423821235676003e-01
2.288325371404166475e+00
1.097562764660364287e+00
1.893261002834364826e+00
1.163751298125795586e+00
4.184133520395691974e-01
1.543612335439398464e+00
1.556737779324780302e+00
1.452202263995685527e+00
3.960062529620782534e-01
1.988508251565579865e+00
2.748313605339996801e+00
1.836267999561115083e+00
7.829542878265072225e-01
5.846211866082828834e-02
1.033023686940750085e+00
1.543333753477038606e+00
9.499479298991067022e-01
-2.789607064228681321e-01
9.975121934722837036e-01
2.288757404114631466e+00
1.874516577951157004e+00
-1.167712760375314796e+00
-2.408953286334412969e+00
-2.689323919255108386e+00
-2.734813191170482050e+00
-2.554001312769858423e+00
2.639233488668955019e-01
-4.435673365260091039e-01
-6.317967361126930470e-01
1.832769779024691514e+00
6.817605228481258273e-01
-4.704968091919407014e-01
3.992894894683982621e-01
-6.151197853534218218e-01
3.357370554016581021e-01
-1.646523725005269556e+00
-1.476894069867694448e+00
-1.138213382454629219e+00
-1.601236294850474140e+00
-4.098977218997130745e-01
-2.214611656057493771e+00
-3.394399773972052170e+00
-2.339679990048920022e+00
-3.173418477090854228e+00
-3.652990993252112517e+00
-2.886430622994249351e+00
-2.556981661937983485e+00
-2.228500327961994820e+00
-1.808571201832137376e+00
-1.344490955500607932e+00
-4.071950721023072539e+00
-4.155654985121023159e+00
-2.162161672972084503e+00
-1.814873683518850811e+00
-4.065066993937944129e-01
-1.910005591474425835e+00
-1.840987582754251228e+00
-9.640715380483777519e-01
-5.750960425604654258e-01
-2.578661694980384778e-01
-1.256411778458683459e+00
-1.624762383271610711e+00
-7.407649036499728279e-01
-1.632254119221903554e+00
-1.858137581147250694e+00
-1.254906001450766473e+00
-1.387036564521219040e+00
-1.482253292100311481e-01
-1.619183260642996558e+00
-1.468479785409831262e+00
-1.247375409288870696e+00
