-3.824768066406250000e-01
-3.133792048595597790e-01
-1.356529604287710078e-01
9.379203813556460934e-02
1.880696329646367737e-01
1.300422448481454440e-01
4.320779262933782672e-02
-1.438778862792779445e-01
-3.021970807189233721e-01
-4.349053691915713005e-01
-5.903810716758535193e-01
-6.278081149667880112e-01
-3.693495348613116125e-01
-6.562767644862299576e-03
2.056208669472703310e-01
3.667492702666879101e-01
5.540824406531293933e-01
6.913250294476314117e-01
5.657850822562564552e-01
1.044118417948709521e-01
-6.196570036043048679e-01
-1.300278237279172355e+00
-1.706750427701017481e+00
-1.501286594872535796e+00
-9.255228026470174729e-01
-5.492614155419988098e-01
-5.527668267634788801e-01
-3.366040806234338323e-01
1.282785535084806083e-01
1.479339561366699307e-01
1.177111209545113057e-01
1.489449303569788663e-01
4.283345508451069650e-01
6.114235897963308242e-01
4.111812354332632369e-01
1.359797286274747607e-01
-1.160272406850637594e-01
-6.963123375768764944e-02
-1.897743072154778332e-02
5.116807926975575072e-02
2.489899210999757528e-01
5.154957755322897572e-01
7.607764217869111834e-01
6.335867724171229121e-01
3.488959642117368531e-01
5.088251206810001648e-03
-4.480055348457682718e-01
-7.567066729317267759e-01
-1.057017916424046078e+00
-1.091417682746884887e+00
-8.232106094848238298e-01
-5.588154119608061965e-01
-4.011523529404290578e-01
-2.461996561494459446e-01
-5.568844720237153822e-02
1.606239000811726658e-02
-6.945067899685331003e-02
-1.545672643132334212e-02
-1.454534004166674332e-02
1.315329790618512407e-01
3.992285678356889411e-01
4.414499485621847241e-01
6.569368948907097217e-01
9.149407275411374219e-01
1.254415323735663002e+00
1.345369155414651186e+00
1.052282096735559280e+00
9.481232229064469053e-01
1.310606091040913856e+00
1.844504930374666340e+00
2.320244190913414162e+00
2.572073315363097912e+00
2.527867636101801541e+00
2.679679510381039798e+00
2.594219432292855565e+00
2.019281994325422325e+00
1.185266803829499782e+00
3.891636807119763786e-01
3.923300748419362716e-01
5.639264908699381795e-01
5.104586904078947107e-01
2.198789771064637577e-01
-1.512868222864596213e-01
-4.829928836859875840e-01
-7.737058503552988187e-01
-8.421144308148433844e-01
-8.237852507389300527e-01
-8.970745148963791271e-01
-9.914937323149312087e-01
-9.082271274846321907e-01
-5.263942480182058903e-01
-2.050417772124950577e-01
-1.332324834206031205e-01
-1.628302017185199180e-01
-2.471745580112654217e-01
-2.452932455672225398e-01
-1.181009155838046443e-01
-5.827511563998588606e-02
-6.859232839176421237e-02
-8.549340780279468532e-03
1.465845723855165872e-01
3.309693035901815072e-01
2.770852264262720910e-01
2.442503125410837583e-01
5.026673882935221993e-01
9.467321347700219381e-01
1.314962692792722265e+00
1.552460647630899970e+00
1.693325456360932790e+00
1.694552693344653083e+00
1.497629269059989277e+00
1.169197178637412238e+00
7.543758196478869138e-01
3.064684796764637342e-01
8.413972595143459632e-02
2.107843425256407111e-01
4.551781080044290384e-01
6.598067003496088656e-01
7.557862535062207510e-01
8.767351825811313670e-01
1.088898821562754193e+00
1.248143242658573016e+00
1.044157365439486673e+00
6.758596373472061103e-01
3.345368692641004227e-01
2.025598867233930900e-01
5.358895234673477503e-02
-2.481782884104581921e-01
-4.614249468833770962e-01
-5.124233102815802798e-01
-2.962091005045424108e-01
1.331617832384099920e-01
4.155945824184885673e-01
5.924885181476848839e-01
8.883461284297777816e-01
1.037718514752475896e+00
9.307591341953511677e-01
6.178226024349460221e-01
2.721483929346459885e-01
-1.201410837743588367e-02
-1.788905487856582432e-01
-1.305517709743946320e-01
-5.019216599148701441e-02
-2.228455518588368101e-02
9.858941869297321858e-02
3.009230923123981105e-01
4.411023480944119557e-01
5.598623222982506142e-01
6.724186422804858676e-01
6.551653291308145999e-01
5.239885518069907766e-01
4.550581756334514116e-01
2.773350315921291331e-01
-1.217565406782638027e-01
-5.539017051261804214e-01
-7.958670042263805700e-01
-7.683106269704985669e-01
-6.191553809807193165e-01
-3.803463526249489801e-01
-1.595071003301057333e-01
2.371734144972854619e-01
6.730468532234334944e-01
1.216045501601727530e+00
1.441415687565569925e+00
1.224913495746915881e+00
7.663243122173217792e-01
4.728951856543489596e-01
1.038938764570241702e+00
1.443169884782929957e+00
1.583708979077574908e+00
1.598549843290296923e+00
1.643206568142434154e+00
1.810731344637888540e+00
1.729227069693364705e+00
1.660832316552308008e+00
1.671884725048433440e+00
1.756817053147048391e+00
1.978845035867157431e+00
2.106938732630691202e+00
1.689902547663227672e+00
9.973618880519489194e-01
1.567058263337561819e-01
-5.510381014091823015e-01
-1.039455052467332941e+00
-1.272589335661570731e+00
-9.922675908120071053e-01
-5.713317403836429831e-01
-1.774154497819563359e-01
3.119714097688585097e-01
7.302797238752580800e-01
7.333015204845473312e-01
5.818314769397974207e-01
2.287640060016867816e-01
-2.270226649499723637e-01
-5.730336758043887979e-01
-1.282142099223702925e+00
-1.734413835895572964e+00
-1.994243824783906938e+00
-2.154288966852435649e+00
-2.212764428258312766e+00
-1.807923994681437829e+00
-8.670786053069909904e-01
7.282985027443333870e-02
8.326996048245358661e-01
1.211884979906338033e+00
1.117874990465623108e+00
6.592133260868718869e-01
1.574020143829772955e-01
-1.102534494203950555e-01
-4.623364737538673275e-01
-8.100836587873599948e-01
-9.345373310812408185e-01
-8.248719681379265145e-01
-3.218700192007020178e-01
1.713862769222931348e-01
4.713664183495873683e-01
8.121547958301413850e-01
1.121779016854157263e+00
1.441573652838165520e+00
1.406802546169899859e+00
9.120629739889370979e-01
3.829739106351245370e-01
9.636604603775821287e-01
8.506822378190778133e-01
8.809250631144331933e-01
9.837231150210519193e-01
1.107659870726988904e+00
1.213688606811532233e+00
1.309602056710829521e+00
1.417697872706645601e+00
1.504149913210102607e+00
1.428676001571541843e+00
1.192169373977445046e+00
9.508721622754612302e-01
7.584245008522741971e-01
5.689352245588805701e-01
3.906068736531108088e-01
3.034862364423842052e-01
2.888425416317776939e-01
2.604025398544518310e-01
2.680468191131247790e-01
3.675810256200588433e-01
4.787438340125952929e-01
0.000000000000000000e+00
0.000000000000000000e+00
0.000000000000000000e+00
0.000000000000000000e+00
0.000000000000000000e+00
0.000000000000000000e+00
0.000000000000000000e+00
0.000000000000000000e+00
0.000000000000000000e+00
0.000000000000000000e+00
0.000000000000000000e+00
0.000000000000000000e+00
0.000000000000000000e+00
0.000000000000000000e+00
0.000000000000000000e+00
0.000000000000000000e+00
0.000000000000000000e+00
0.000000000000000000e+00
0.000000000000000000e+00
0.000000000000000000e+00
0.000000000000000000e+00
0.000000000000000000e+00
0.000000000000000000e+00
0.000000000000000000e+00
0.000000000000000000e+00
0.000000000000000000e+00
0.000000000000000000e+00
0.000000000000000000e+00
0.000000000000000000e+00
0.000000000000000000e+00
0.000000000000000000e+00
0.000000000000000000e+00
0.000000000000000000e+00
0.000000000000000000e+00
0.000000000000000000e+00
0.000000000000000000e+00
0.000000000000000000e+00
0.000000000000000000e+00
0.000000000000000000e+00
0.000000000000000000e+00
0.000000000000000000e+00
0.000000000000000000e+00
0.000000000000000000e+00
0.000000000000000000e+00
0.000000000000000000e+00
0.000000000000000000e+00
0.000000000000000000e+00
0.000000000000000000e+00
0.000000000000000000e+00
0.000000000000000000e+00
0.000000000000000000e+00
0.000000000000000000e+00
0.000000000000000000e+00
0.000000000000000000e+00
0.000000000000000000e+00
0.000000000000000000e+00
0.000000000000000000e+00
0.000000000000000000e+00
0.000000000000000000e+00
0.000000000000000000e+00
0.000000000000000000e+00
0.000000000000000000e+00
0.000000000000000000e+00
0.000000000000000000e+00
0.000000000000000000e+00
0.000000000000000000e+00
0.000000000000000000e+00
0.000000000000000000e+00
0.000000000000000000e+00
0.000000000000000000e+00
0.000000000000000000e+00
0.000000000000000000e+00
0.000000000000000000e+00
0.000000000000000000e+00
0.000000000000000000e+00
0.000000000000000000e+00
0.000000000000000000e+00
0.000000000000000000e+00
0.000000000000000000e+00
0.000000000000000000e+00
0.000000000000000000e+00
0.000000000000000000e+00
0.000000000000000000e+00
0.000000000000000000e+00
0.000000000000000000e+00
0.000000000000000000e+00
0.000000000000000000e+00
0.000000000000000000e+00
0.000000000000000000e+00
0.000000000000000000e+00
0.000000000000000000e+00
0.000000000000000000e+00
0.000000000000000000e+00
0.000000000000000000e+00
0.000000000000000000e+00
0.000000000000000000e+00
0.000000000000000000e+00
0.000000000000000000e+00
0.000000000000000000e+00
0.000000000000000000e+00
0.000000000000000000e+00
0.000000000000000000e+00
0.000000000000000000e+00
0.000000000000000000e+00
0.000000000000000000e+00
0.000000000000000000e+00
0.000000000000000000e+00
0.000000000000000000e+00
0.000000000000000000e+00
0.000000000000000000e+00
0.000000000000000000e+00
0.000000000000000000e+00
0.000000000000000000e+00
0.000000000000000000e+00
0.000000000000000000e+00
0.000000000000000000e+00
0.000000000000000000e+00
0.000000000000000000e+00
0.000000000000000000e+00
0.000000000000000000e+00
0.000000000000000000e+00
0.000000000000000000e+00
0.000000000000000000e+00
0.000000000000000000e+00
0.000000000000000000e+00
0.000000000000000000e+00
0.000000000000000000e+00
0.000000000000000000e+00
0.000000000000000000e+00
0.000000000000000000e+00
0.000000000000000000e+00
0.000000000000000000e+00
0.000000000000000000e+00
0.000000000000000000e+00
0.000000000000000000e+00
0.000000000000000000e+00
0.000000000000000000e+00
0.000000000000000000e+00
0.000000000000000000e+00
0.000000000000000000e+00
0.000000000000000000e+00
0.000000000000000000e+00
0.000000000000000000e+00
0.000000000000000000e+00
0.000000000000000000e+00
0.000000000000000000e+00
0.000000000000000000e+00
0.000000000000000000e+00
0.000000000000000000e+00
0.000000000000000000e+00
0.000000000000000000e+00
0.000000000000000000e+00
0.000000000000000000e+00
0.000000000000000000e+00
0.000000000000000000e+00
0.000000000000000000e+00
0.000000000000000000e+00
0.000000000000000000e+00
0.000000000000000000e+00
0.000000000000000000e+00
0.000000000000000000e+00
0.000000000000000000e+00
0.000000000000000000e+00
0.000000000000000000e+00
0.000000000000000000e+00
0.000000000000000000e+00
0.000000000000000000e+00
0.000000000000000000e+00
0.000000000000000000e+00
0.000000000000000000e+00
0.000000000000000000e+00
0.000000000000000000e+00
0.000000000000000000e+00
0.000000000000000000e+00
0.000000000000000000e+00
0.000000000000000000e+00
0.000000000000000000e+00
0.000000000000000000e+00
0.000000000000000000e+00
0.000000000000000000e+00
0.000000000000000000e+00
0.000000000000000000e+00
0.000000000000000000e+00
0.000000000000000000e+00
0.000000000000000000e+00
0.000000000000000000e+00
0.000000000000000000e+00
0.000000000000000000e+00
0.000000000000000000e+00
0.000000000000000000e+00
0.000000000000000000e+00
0.000000000000000000e+00
0.000000000000000000e+00
0.000000000000000000e+00
0.000000000000000000e+00
0.000000000000000000e+00
0.000000000000000000e+00
0.000000000000000000e+00
0.000000000000000000e+00
0.000000000000000000e+00
0.000000000000000000e+00
0.000000000000000000e+00
0.000000000000000000e+00
0.000000000000000000e+00
0.000000000000000000e+00
0.000000000000000000e+00
0.000000000000000000e+00
0.000000000000000000e+00
0.000000000000000000e+00
0.000000000000000000e+00
0.000000000000000000e+00
0.000000000000000000e+00
0.000000000000000000e+00
0.000000000000000000e+00
0.000000000000000000e+00
0.000000000000000000e+00
0.000000000000000000e+00
0.000000000000000000e+00
0.000000000000000000e+00
0.000000000000000000e+00
0.000000000000000000e+00
0.000000000000000000e+00
0.000000000000000000e+00
0.000000000000000000e+00
0.000000000000000000e+00
0.000000000000000000e+00
0.000000000000000000e+00
0.000000000000000000e+00
0.000000000000000000e+00
0.000000000000000000e+00
0.000000000000000000e+00
0.000000000000000000e+00
0.000000000000000000e+00
0.000000000000000000e+00
0.000000000000000000e+00
0.000000000000000000e+00
0.000000000000000000e+00
0.000000000000000000e+00
0.000000000000000000e+00
0.000000000000000000e+00
0.000000000000000000e+00
0.000000000000000000e+00
0.000000000000000000e+00
0.000000000000000000e+00
0.000000000000000000e+00
0.000000000000000000e+00
0.000000000000000000e+00
0.000000000000000000e+00
0.000000000000000000e+00
0.000000000000000000e+00
0.000000000000000000e+00
0.000000000000000000e+00
0.000000000000000000e+00
0.000000000000000000e+00
0.000000000000000000e+00
0.000000000000000000e+00
0.000000000000000000e+00
