1.790771484375000000e-01
-9.322894853240945023e-01
-1.563685609377833519e+00
-2.172173281437594028e+00
-2.280357275973527997e+00
-4.350822223757326856e-01
5.655528719628437617e-01
-1.160595979193706606e+00
-1.768766728711994585e+00
2.884895644758569411e-01
1.056453035471877744e+00
1.193007235351604356e+00
2.195247885514340247e+00
3.767421071998728888e+00
3.948511493010159246e+00
2.030870711421718156e+00
-1.036129938121379546e-01
5.441629132513450262e-01
1.287121827323867151e-01
3.496280793523118824e-01
-2.923441709797813814e-02
-1.286107093564341497e+00
-2.710339186642761966e+00
-1.946929737446474906e+00
-2.024329345924400059e+00
-3.337438513359517245e+00
-9.687476822206302352e-01
8.226264250397810063e-01
1.352146752571148358e-01
-1.057371485358307162e+00
-3.086192396055333020e+00
-5.844424081475844801e+00
-6.917301091198187812e+00
6.552434164597054078e-02
1.993175281891628847e+00
5.983558100146129100e-01
1.972293853085835380e+00
-1.106948798920186494e-01
-1.616473695816498246e-01
1.957538718075063633e+00
2.032311939546111557e+00
9.390049609737205483e-01
1.536979638781357238e-01
3.905282796642125520e-01
-7.599296626126926801e-01
-9.764596443729902653e-01
-4.121338185148926136e-02
4.552915176897363025e-01
4.188018246562006386e-01
5.918587169457492081e-01
1.190428955430438140e-01
-8.501814965068569263e-01
8.687133600949792367e-02
-1.061003207936561665e+00
-2.195086557957576012e+00
-1.744627998642397371e+00
-1.414103497175970059e+00
-1.765303505077116197e+00
-2.459105140186650829e+00
-2.037567221889164948e+00
-8.805622903932732726e-01
-1.256559492000198119e+00
-1.326847490054735346e+00
4.248907041622076441e-01
2.173414698352307717e+00
2.183337288263517806e+00
-5.000308807569719960e-02
-6.657887706440103193e-01
1.621108646201748771e-01
7.245706006271097621e-01
1.288110742850474999e+00
7.771826755920483443e-01
-3.509910133539673183e-02
1.285816860338750311e+00
2.156194028553480635e+00
1.415158392849496849e+00
1.024905802000856347e+00
1.045976827961842437e+00
6.262096009969861932e-01
4.526791284493706380e-01
1.613794642363567178e+00
2.121563208601305650e+00
2.197208711699163430e+00
1.959351776959076696e+00
1.892682381179058737e+00
2.368607310116026099e+00
1.323188447093473830e+00
-6.250415396293518278e-01
-2.149128128628661205e+00
-8.879210766178393666e-01
6.220875324732544343e-01
1.289430330231337241e+00
1.485783941844988298e+00
7.906442494684132738e-01
-5.135016078383221050e-01
-1.709931955085864042e+00
-1.963730529154946947e+00
-1.194497901100048942e+00
7.425848331882800579e-02
1.685889349694642547e+00
2.729036322561962713e+00
2.242617576491602094e+00
1.178503316548340507e-01
-2.111969729208837521e+00
-3.519072539321172144e+00
-3.891029416193973134e+00
-2.859862874781424757e+00
-2.866826834509224042e-01
1.668156361764579820e+00
1.132866788752924236e-01
-1.753039433289493854e+00
-9.495795238817035244e-01
2.538315044990901548e+00
1.457855040763854859e+00
3.394622961816384787e-01
-5.854222273692943901e-02
9.713340036671258559e-02
1.900142814860448226e-01
1.085692711977679359e-01
6.992455437755153991e-01
1.969967699510060122e+00
1.543763784584442966e+00
9.984381291791387669e-01
8.080899569196691168e-01
1.422104772016755114e-01
3.345189700613365180e-01
8.889661350540917217e-01
6.975800767225786014e-01
1.426578982124214745e-01
-2.935926838519675730e-02
4.203294448214592860e-01
2.756882232940839339e-01
-4.445069665349541399e-01
-8.532272053377534249e-01
-6.590623638290922237e-01
-3.754601912635777694e-01
-3.737767107881686535e-01
-3.138079702279172878e-02
7.152528436604952411e-01
6.331804469322107609e-01
-2.848723133718650269e-01
-8.174739125563080799e-01
-6.406734478542462918e-01
-4.648877984209223158e-01
-5.582123170474918572e-01
-8.231700399340424745e-01
-7.602497235488108185e-01
-2.022460339857496958e-01
2.630222264553534472e-01
-1.610704167897338834e-01
-5.892828026292076249e-01
-9.890326044497232960e-01
-1.213840114448665242e+00
-8.887150464304180986e-01
-1.111470493563895823e-01
-4.024114518062030799e-01
-2.694613887084046366e-01
-3.795376728447150128e-01
-1.707816193906867897e+00
-2.348465837114164234e+00
-1.510907399450855060e+00
9.514488755966299394e-02
3.675160665167914731e-01
-3.858501525361990314e-01
-6.427198371640725494e-01
-1.837708166155301859e-01
6.456552900099350456e-01
5.815598399134418450e-01
2.655134217696345500e-01
-3.616642279985815556e-03
7.275863548011130000e-03
-7.195623565372594177e-02
-1.715452040032589553e-01
-9.858826508572203495e-02
-4.117172009617611761e-02
-2.388389803010704526e-01
-3.930635192671206868e-01
-4.388795906392073398e-02
2.349844733322359602e-01
-8.914144540945712070e-02
-2.544975554532620809e-01
-2.454157746934386153e-01
-3.146091499976920725e-01
-4.997207130927189822e-01
-4.867586217405865945e-01
-6.483089093042809781e-01
-6.643426336777460417e-01
-4.037785590415849946e-01
-1.015030937368646136e-01
-1.586933592220042266e-01
-3.759586660711501382e-01
-4.851800062939568003e-01
-3.238376548907001551e-01
-2.258841921730850300e-01
1.121853490536992848e-01
9.882827749205869150e-02
-7.138102252175210216e-02
-8.932000316302962650e-02
-6.405195086714363106e-02
-3.628799949164213112e-02
-1.524795400575790216e-01
-2.430566556726327376e-01
-1.289867295849856377e-01
-3.607652053277016213e-02
-8.781646338791421202e-02
1.948892048839045987e-02
4.755204668284719327e-01
6.663474207292763296e-02
-6.024565747713394037e-01
-8.915859462944046854e-01
-9.061911150593815467e-02
2.579642521811970068e-01
-7.752057751385923456e-01
-1.490437089827541861e+00
-1.380098140586388578e+00
-6.787093762940250574e-01
-8.153887136042511363e-01
-6.988054206131468771e-01
3.957859501843526973e-01
-7.514973103114565012e-01
-2.156848303325836103e+00
-1.866637093746352338e+00
-9.487273913225144906e-01
-1.927055047050354464e-01
4.681087845729212660e-01
2.992684755639007932e-02
-7.616208862974274130e-01
-6.572349157067780556e-01
1.415824341435913958e-01
6.235450010615406491e-02
-7.454096881319770551e-01
-6.722502730518440384e-01
-2.255650742800259234e-01
-2.624023148521021920e-01
-1.475292342353631270e-01
-7.794892641314166148e-02
-7.526483974622077966e-02
-2.010826969025087951e-01
-4.627390268995612566e-01
-5.940697831972410192e-01
-3.969211537944790091e-01
2.267835604944702377e-01
5.148214243322299932e-01
7.989387638811984438e-02
4.643943022951646515e-02
4.344987137874246619e-01
7.559854293319612228e-01
5.936005513630027153e-01
6.937417369747673757e-01
6.347898537541146746e-01
-2.600219958511679197e-01
2.531217132282942428e-01
1.393715881368103426e+00
5.809251481528019401e-01
-6.240295204609513924e-01
-1.625124679953960705e+00
-2.232031725859765281e+00
-2.200604214325984742e+00
-7.442132193168475851e-01
2.322504196906178819e+00
5.484985714457200956e+00
2.696460872389695229e+00
-8.309515573564558721e-01
-1.743643801817008621e+00
5.008417567644789514e-01
3.032489587327917846e-01
-2.546415349358324587e+00
-6.209985167350322577e+00
-7.428269583204309079e+00
-4.717513085530875117e+00
8.103831463762034559e-02
3.343636990330464798e+00
3.034073998239835035e+00
1.804095986339257607e+00
1.528019106657858117e+00
1.563667528803155626e+00
1.306618391721415584e+00
8.904413428860538104e-01
5.372304516680375119e-01
8.517772268585294126e-01
8.441231961449705556e-01
-2.376236235795503582e-02
-7.705259158314436974e-02
1.868593697912488416e-01
-4.838554336180722615e-02
-7.548489137894012213e-01
-7.852372461463322795e-01
1.061865692984573784e+00
1.338288668750670762e+00
1.668616130504376516e+00
2.185570002543365753e+00
2.654143198138905202e+00
2.902335309088059034e+00
2.299180883039853018e+00
7.693964062971958562e-01
-6.478557631108803339e-01
-6.601790344651070619e-02
7.607852967927506427e-01
1.456722312546758991e+00
1.762877445169716895e+00
1.175869917207487347e+00
2.540155666096555187e-01
4.744470026321980782e-01
2.348280584050622455e+00
2.400269623894510929e+00
5.541036671125487700e-01
-2.569634080426941303e-01
-7.597296345372239745e-02
1.511746836447500630e-01
8.745436236819039699e-01
6.353754934092163964e-01
-1.731409781669572823e-01
-8.994909700386579665e-01
-1.434193182652892418e+00
-1.795159166704749065e+00
-2.207223374261471083e+00
-2.315648914945612091e+00
-2.089099394098392182e+00
-1.275300259897468980e+00
-4.302818224329907348e-01
-8.900325520903666909e-01
-8.097743475576131278e-01
6.534816686996238744e-01
-9.676144510518668307e-01
-9.272462863852193315e-01
1.002708746547370522e+00
6.333187281357679499e-01
-3.188754574691692323e-01
2.257128315944592067e-01
5.738019909698615084e-01
-2.287737504985309922e-02
-3.153695461653048815e-01
-5.455652203951384394e-01
6.896509307095446406e-01
1.639903687358019502e+00
2.236954061581038822e+00
8.588918963865398437e-01
-1.203924751061990595e+00
1.482442086136867454e+00
2.195034497820995689e-01
-3.984551980209881439e+00
-6.441477785095088393e+00
-7.227409088694442652e+00
-9.213851915614985622e-01
2.773491061053334317e+00
1.954097653710402893e+00
-4.866814919856599087e-01
-2.114714473646872595e+00
-3.238271998838118115e+00
-3.087433891863843982e+00
-1.890425862241619903e+00
-3.053963697383758724e+00
-2.481562726714789058e+00
1.257265405534092828e+00
2.237712640038676426e+00
1.174518992176407872e+00
1.435635716163085274e+00
1.415718524633074349e+00
1.250080594839849124e-01
2.323369183286711159e+00
3.017686583948993917e+00
2.684272731382325361e+00
2.464667785635457076e+00
1.635424862135258062e+00
8.100396214050320509e-02
-7.613598712675362368e-01
-8.199584668699276824e-01
-7.056901665948585034e-01
-1.879346808695573801e+00
-2.802957904362179065e+00
-2.012138418493990777e+00
2.344017852259021595e-01
1.771655574507196462e+00
8.181604699695056437e-01
0.000000000000000000e+00
0.000000000000000000e+00
0.000000000000000000e+00
0.000000000000000000e+00
0.000000000000000000e+00
0.000000000000000000e+00
0.000000000000000000e+00
0.000000000000000000e+00
0.000000000000000000e+00
0.000000000000000000e+00
0.000000000000000000e+00
0.000000000000000000e+00
0.000000000000000000e+00
0.000000000000000000e+00
0.000000000000000000e+00
0.000000000000000000e+00
0.000000000000000000e+00
0.000000000000000000e+00
0.000000000000000000e+00
0.000000000000000000e+00
0.000000000000000000e+00
0.000000000000000000e+00
0.000000000000000000e+00
0.000000000000000000e+00
0.000000000000000000e+00
0.000000000000000000e+00
0.000000000000000000e+00
0.000000000000000000e+00
0.000000000000000000e+00
0.000000000000000000e+00
0.000000000000000000e+00
0.000000000000000000e+00
0.000000000000000000e+00
0.000000000000000000e+00
0.000000000000000000e+00
0.000000000000000000e+00
0.000000000000000000e+00
0.000000000000000000e+00
0.000000000000000000e+00
0.000000000000000000e+00
0.000000000000000000e+00
0.000000000000000000e+00
0.000000000000000000e+00
0.000000000000000000e+00
0.000000000000000000e+00
0.000000000000000000e+00
0.000000000000000000e+00
0.000000000000000000e+00
0.000000000000000000e+00
0.000000000000000000e+00
0.000000000000000000e+00
0.000000000000000000e+00
0.000000000000000000e+00
0.000000000000000000e+00
0.000000000000000000e+00
0.000000000000000000e+00
0.000000000000000000e+00
0.000000000000000000e+00
0.000000000000000000e+00
0.000000000000000000e+00
0.000000000000000000e+00
0.000000000000000000e+00
0.000000000000000000e+00
0.000000000000000000e+00
0.000000000000000000e+00
0.000000000000000000e+00
0.000000000000000000e+00
0.000000000000000000e+00
0.000000000000000000e+00
0.000000000000000000e+00
0.000000000000000000e+00
0.000000000000000000e+00
0.000000000000000000e+00
0.000000000000000000e+00
0.000000000000000000e+00
0.000000000000000000e+00
0.000000000000000000e+00
0.000000000000000000e+00
0.000000000000000000e+00
0.000000000000000000e+00
0.000000000000000000e+00
0.000000000000000000e+00
0.000000000000000000e+00
0.000000000000000000e+00
0.000000000000000000e+00
0.000000000000000000e+00
0.000000000000000000e+00
0.000000000000000000e+00
0.000000000000000000e+00
0.000000000000000000e+00
0.000000000000000000e+00
0.000000000000000000e+00
0.000000000000000000e+00
0.000000000000000000e+00
0.000000000000000000e+00
0.000000000000000000e+00
0.000000000000000000e+00
0.000000000000000000e+00
0.000000000000000000e+00
0.000000000000000000e+00
0.000000000000000000e+00
0.000000000000000000e+00
0.000000000000000000e+00
0.000000000000000000e+00
0.000000000000000000e+00
0.000000000000000000e+00
0.000000000000000000e+00
0.000000000000000000e+00
0.000000000000000000e+00
0.000000000000000000e+00
0.000000000000000000e+00
0.000000000000000000e+00
0.000000000000000000e+00
0.000000000000000000e+00
0.000000000000000000e+00
0.000000000000000000e+00
0.000000000000000000e+00
0.000000000000000000e+00
0.000000000000000000e+00
0.000000000000000000e+00
0.000000000000000000e+00
0.000000000000000000e+00
0.000000000000000000e+00
0.000000000000000000e+00
0.000000000000000000e+00
0.000000000000000000e+00
