-1.385894775390625000e+00
-1.216937024844891413e+00
-7.300067391158734376e-01
-5.182508190909662638e-02
4.371277949081538994e-01
2.072897106404625323e-01
-7.139075432239500030e-01
-9.931309403880068665e-01
-1.261470031428474359e+00
-1.434520658864028242e+00
-1.345721482523864809e+00
-1.284979957725973954e+00
-1.249129806427509148e+00
-6.614354094161662978e-01
-1.465325528610783579e-02
2.688671296300040314e-01
2.167265353336145228e-01
3.539205871498671274e-01
5.074553370926129237e-01
4.074150611900499985e-01
2.996860845335860279e-01
-1.795144428023676131e-01
-3.941676773631539454e-01
7.546012925064582433e-02
9.174192157135052650e-02
-1.131947792599224289e+00
-1.097334894265384664e+00
-8.714705501722532777e-01
-4.583783303398869524e-01
5.879576328861235712e-02
-3.380244461518899790e-02
-1.971181204178403812e-01
-6.505470975024119085e-02
6.179833144924512522e-02
-5.558713270689129571e-01
-1.519368501677023753e+00
-1.022481318323365640e+00
-1.645863689915929573e-01
8.390342617644019896e-02
2.622436095128111155e-01
8.713640338781017958e-01
1.002085662848005709e+00
5.860783436358917298e-01
8.269557686569484201e-01
1.309104529617827639e+00
9.359330916702122138e-01
7.014241800349780842e-01
1.083960941252502863e+00
6.489018939209155734e-01
3.087094375686327830e-03
4.311088992886801252e-01
5.397428681089302405e-01
-2.123757577863595314e-01
-9.202017172210945617e-01
2.213705713061153713e-02
8.982668240051308040e-01
7.923525633571741889e-01
5.478034995037939225e-02
-9.688023659677784671e-01
-6.238685097228613419e-02
7.020484325876248377e-01
1.267460282483092504e+00
1.485727494461094977e+00
1.962229682256100727e+00
2.158504944810745840e+00
1.474921431537594474e+00
9.576634729376494182e-01
1.659524792162683005e+00
2.622789988925172899e+00
3.000505889791352576e+00
2.322152460822890951e+00
1.235735583149763617e+00
1.438395322789029152e+00
2.383008694666417959e+00
2.460055213777828431e+00
1.759772499381247579e+00
1.815754089107258107e+00
1.002921887629285802e+00
5.131943267883256610e-01
1.560428746708530490e+00
6.922438022433117233e-01
-1.083959961091677249e+00
-1.274758699409894724e-02
-1.755162158929088889e-01
-1.619880632154421463e+00
-3.097285161626791794e+00
-3.631830193385003014e+00
-3.269535457468241368e+00
-3.134366006505327373e+00
-2.705296690233140122e+00
-1.269676585335058228e+00
1.106786255222599102e+00
9.122625811807960616e-01
6.859419683394962775e-01
1.814107397861115523e-01
-1.266928313052293253e+00
-2.064797585387984302e+00
-5.309345094561117584e+00
-3.231733892532131946e+00
1.721522909329227247e+00
5.943208736996671959e+00
8.132741560523767177e+00
5.973611581042959529e+00
1.405883139116619995e+00
2.199951754634339895e+00
2.103465658334802146e+00
5.546171257039755886e-02
-2.719058657766579845e-01
1.076993392063707589e+00
1.270629881591160970e+00
6.449457355594386820e-01
-9.400584277572368030e-01
-1.103554712641596769e+00
-1.149847264392865220e+00
-6.444126531985692186e-01
-1.339596325784286446e+00
-2.076309705868879085e+00
-1.112660090542550106e+00
-7.971505060864563230e-01
-1.059781537422595399e+00
7.836438736501303293e-01
1.151819164505240023e+00
4.950413923523289683e-01
1.105427456793216745e+00
1.299854289463637125e+00
-3.129462442979586978e-01
-2.567948373489822078e+00
-2.498652511114654473e+00
-2.804619536718667483e+00
-1.472491693359428089e+00
9.702892407270713448e-02
2.439167594175604137e-01
-3.935578369070218407e-01
1.113755183253002379e-01
8.239241546083428958e-01
3.102868313692277447e-01
4.393037795487675368e-02
1.648833510469519537e+00
2.296794969855306068e+00
2.742699515143268485e+00
4.325131667272890112e+00
5.574288142532831891e+00
4.651268929241207495e+00
2.632249299168840651e+00
1.143048171208802088e+00
8.469602772397499812e-02
6.547998830031565021e-02
1.707511854738231527e+00
2.133119892451114108e+00
1.692685086346492396e+00
4.008801538021704580e-01
-7.644110864495652358e-01
-1.300431113664234584e+00
-6.097213239948580110e-01
-2.339190166434984564e-01
-6.567085273816031243e-01
-1.032934527830376092e+00
-1.139717847271282114e+00
-1.041842170440644200e+00
-1.146907228100990883e+00
-9.499761192907056895e-01
-1.503611858727142980e+00
-2.279683382869087449e+00
-8.527785862951551277e-01
2.373510270042076264e-01
-1.449556545399381946e-01
-1.538187343895837778e+00
-8.424274739003110302e-01
-5.325824902874334299e-01
-1.025138504129236461e+00
-1.785425343595790526e+00
-2.080183751692518790e+00
-1.616366295151316912e+00
-4.740878338154834726e-01
-2.291177219309512569e-01
-1.212701505103025879e+00
-2.352982817869998300e+00
-2.188974455754173931e+00
-8.526031769163315843e-01
2.765984998775519177e-01
4.381347278672953482e-01
-2.943230383731829658e-01
-1.424500310397419867e+00
-1.739282601710907317e+00
-1.489832214737952132e+00
-5.408879133677044759e-01
7.331009505020761319e-01
4.429644787312807530e-01
-1.164358807967772691e+00
-1.836898512233628988e-01
4.259877029056324815e-01
2.846498313320744433e-01
-7.474913412676845725e-01
-7.753966792788963280e-01
-5.889165819803494628e-01
-1.001001273068157227e-01
4.926876907744650591e-01
-6.197656569950171779e-02
-1.164364280246885874e+00
-2.343460172707295897e+00
-2.623819857297645441e+00
-2.893682020025236667e+00
-2.898763259688309724e+00
-1.498111590460940556e+00
-1.257209167208990230e-01
5.908765677881442357e-01
2.428725932000563859e-01
-5.778782685165388955e-01
-1.413345719301407399e+00
3.366196971521291381e-01
2.520000069200131421e+00
4.323064217604164483e+00
5.354869631320281265e+00
5.893429151838029512e+00
4.506354462381807480e+00
2.005312770360625052e+00
4.940618732876043140e-01
-9.854053321660094511e-02
-7.054639048976596438e-01
4.618556010535939116e-01
1.555797526395537034e+00
1.522841848674049148e+00
1.911701837822643579e+00
2.849364992304053601e+00
1.771882241274004066e+00
-9.439252606154435732e-02
-1.609327107018726721e+00
-1.942313484487111719e+00
-2.343665496430924478e+00
-2.087781162985773431e-01
1.080349055218891907e+00
1.047330345279826380e+00
-5.931605657367412521e-01
-1.749210155283453361e+00
-3.927219751017008598e+00
-6.474992051387086889e+00
-5.016328082925847198e+00
-2.837564727169815448e+00
-2.081026221367580309e+00
-2.167623066697729861e+00
-2.227641194182869988e+00
-1.916201713303251175e+00
-2.254092227653792246e-02
-1.622446550695734846e+00
-3.100794581866204158e+00
-2.850796073982574175e+00
-2.588614457607938846e+00
-3.148717100529593527e+00
-1.183181086837135076e+00
1.798739187861886801e+00
2.104111895622309270e+00
1.411394131680810293e+00
5.243965165655396277e+00
8.151371654954781221e+00
8.553863694932619666e+00
6.335942503292995909e+00
2.688688499062210635e+00
4.413069262571058804e-01
1.799693557557650481e+00
8.710394226964612852e-01
2.743837583907898114e+00
3.705501703899059862e+00
3.251408463231965307e+00
1.737689562131756738e+00
1.763703213456154217e-01
8.373111242873034765e-01
1.255250893158702530e+00
1.070177713957994436e+00
7.021379954399022960e-01
7.764441194909982302e-01
1.287830201282709641e+00
1.731804944966878868e+00
1.416154068588736381e+00
-1.326359974892996618e-01
1.004480814223939644e+00
1.195692065495722600e+00
7.539261612119374512e-02
8.379233575913320742e-01
2.024242827590579719e+00
1.690226825203649863e+00
1.984484762921468359e+00
2.101401632230916583e+00
1.729177184375732867e+00
1.751865123592397655e+00
2.065414557163639309e+00
2.830972289463156155e+00
3.006534134221254817e+00
2.176677736135447017e+00
1.104477797782050352e+00
1.349768383168799213e+00
1.810961153290363557e+00
1.504878860183290090e+00
1.052689636173983923e+00
5.756125252820448734e-01
-1.117452454712737353e-01
-9.369159623067196963e-01
-1.767014501678193517e+00
-6.688557880411436507e-01
-6.062812019001606600e-02
-1.002555242663705215e-02
1.829879792382027581e-01
-4.865678556415067302e-01
-2.327869941625299033e-01
2.298860402805182890e-01
4.064479823789468593e-02
-7.364140624589374795e-01
-7.279972459973900190e-01
-5.753542665988291560e-01
-3.754197317099664533e-01
6.781924934959584483e-01
7.399227965050421130e-01
-1.230922987207749841e-02
-5.433846407197129302e-02
4.667428830579172239e-01
4.785853560048320965e-01
7.302470464256336502e-01
1.367836065897387821e+00
5.690696671340187418e-01
-1.044520275353485017e+00
-2.084345860874322387e+00
-1.682079734334035681e+00
-1.725733852334988105e+00
-1.590677515019252253e+00
-1.671522283099546868e+00
-1.885178285399865095e+00
-1.769391068941676304e+00
-9.397162919033401618e-01
3.523946910998865256e-02
3.174196341519464060e-01
-4.084729828805914731e-01
-4.064013553416190305e-02
2.747641257343591548e-02
-4.366007077557332305e-01
1.004071651274873300e+00
1.422793132413747497e+00
1.528323961685836618e+00
1.244826462083780338e+00
7.586048948498587130e-01
1.388954577666310142e+00
2.218749925546495305e+00
2.330833717619179346e+00
1.727757852077818956e+00
9.454898434230569748e-01
8.541471976454801940e-01
1.135866778722546711e+00
1.216133366682785599e+00
1.090671462534634317e+00
7.536382883246386388e-01
3.556581900417700171e-01
8.026863181658245860e-01
1.049314463237447370e+00
8.462736904462012655e-01
4.596677843601585378e-01
1.630805744946478009e-01
0.000000000000000000e+00
0.000000000000000000e+00
0.000000000000000000e+00
0.000000000000000000e+00
0.000000000000000000e+00
0.000000000000000000e+00
0.000000000000000000e+00
0.000000000000000000e+00
0.000000000000000000e+00
0.000000000000000000e+00
0.000000000000000000e+00
0.000000000000000000e+00
0.000000000000000000e+00
0.000000000000000000e+00
0.000000000000000000e+00
0.000000000000000000e+00
0.000000000000000000e+00
0.000000000000000000e+00
0.000000000000000000e+00
0.000000000000000000e+00
0.000000000000000000e+00
0.000000000000000000e+00
0.000000000000000000e+00
0.000000000000000000e+00
0.000000000000000000e+00
0.000000000000000000e+00
0.000000000000000000e+00
0.000000000000000000e+00
0.000000000000000000e+00
0.000000000000000000e+00
0.000000000000000000e+00
0.000000000000000000e+00
0.000000000000000000e+00
0.000000000000000000e+00
0.000000000000000000e+00
0.000000000000000000e+00
0.000000000000000000e+00
0.000000000000000000e+00
0.000000000000000000e+00
0.000000000000000000e+00
0.000000000000000000e+00
0.000000000000000000e+00
0.000000000000000000e+00
0.000000000000000000e+00
0.000000000000000000e+00
0.000000000000000000e+00
0.000000000000000000e+00
0.000000000000000000e+00
0.000000000000000000e+00
0.000000000000000000e+00
0.000000000000000000e+00
0.000000000000000000e+00
0.000000000000000000e+00
0.000000000000000000e+00
0.000000000000000000e+00
0.000000000000000000e+00
0.000000000000000000e+00
0.000000000000000000e+00
0.000000000000000000e+00
0.000000000000000000e+00
0.000000000000000000e+00
0.000000000000000000e+00
0.000000000000000000e+00
0.000000000000000000e+00
0.000000000000000000e+00
0.000000000000000000e+00
0.000000000000000000e+00
0.000000000000000000e+00
0.000000000000000000e+00
0.000000000000000000e+00
0.000000000000000000e+00
0.000000000000000000e+00
0.000000000000000000e+00
0.000000000000000000e+00
0.000000000000000000e+00
0.000000000000000000e+00
0.000000000000000000e+00
0.000000000000000000e+00
0.000000000000000000e+00
0.000000000000000000e+00
0.000000000000000000e+00
0.000000000000000000e+00
0.000000000000000000e+00
0.000000000000000000e+00
0.000000000000000000e+00
0.000000000000000000e+00
0.000000000000000000e+00
0.000000000000000000e+00
0.000000000000000000e+00
0.000000000000000000e+00
0.000000000000000000e+00
0.000000000000000000e+00
0.000000000000000000e+00
0.000000000000000000e+00
0.000000000000000000e+00
0.000000000000000000e+00
0.000000000000000000e+00
0.000000000000000000e+00
0.000000000000000000e+00
0.000000000000000000e+00
0.000000000000000000e+00
0.000000000000000000e+00
0.000000000000000000e+00
0.000000000000000000e+00
0.000000000000000000e+00
0.000000000000000000e+00
0.000000000000000000e+00
0.000000000000000000e+00
0.000000000000000000e+00
0.000000000000000000e+00
0.000000000000000000e+00
0.000000000000000000e+00
0.000000000000000000e+00
0.000000000000000000e+00
0.000000000000000000e+00
0.000000000000000000e+00
0.000000000000000000e+00
0.000000000000000000e+00
0.000000000000000000e+00
0.000000000000000000e+00
0.000000000000000000e+00
0.000000000000000000e+00
0.000000000000000000e+00
0.000000000000000000e+00
0.000000000000000000e+00
0.000000000000000000e+00
0.000000000000000000e+00
0.000000000000000000e+00
0.000000000000000000e+00
0.000000000000000000e+00
0.000000000000000000e+00
0.000000000000000000e+00
0.000000000000000000e+00
0.000000000000000000e+00
0.000000000000000000e+00
0.000000000000000000e+00
0.000000000000000000e+00
0.000000000000000000e+00
0.000000000000000000e+00
0.000000000000000000e+00
0.000000000000000000e+00
0.000000000000000000e+00
0.000000000000000000e+00
0.000000000000000000e+00
0.000000000000000000e+00
0.000000000000000000e+00
