6.921386718750000000e-02
-8.473726225663322786e-01
-1.744654542862840607e+00
-3.056223089756279876e+00
-4.085759881835453911e+00
-3.730645279216190602e+00
-1.827183375805982557e+00
5.400174626835223535e-01
1.294114032129477954e+00
-7.515050044635493975e-01
-5.677799834106567189e-02
7.986768308864921062e-01
-4.955415943880465690e-01
-8.748321517449668683e-01
2.311592966229998325e-01
1.848978325904651498e+00
1.734226506883286945e+00
-4.148932066754524861e-01
-1.416107075909643465e+00
9.592320592080025854e-01
2.131454233101278906e+00
-9.898468755880616143e-01
-2.237898482971371728e+00
-2.126185258120874000e+00
4.767229501050467277e-01
-1.134225602113291931e+00
-2.047151921093835814e+00
-1.531640258904533480e+00
-1.796708622623410800e-01
-1.639420417650831352e+00
7.937409440066800492e-02
3.376806594684831353e-01
3.222244081593124143e-01
1.432514725064012673e+00
1.507964984731325231e+00
1.931755673733386747e+00
-2.312352919941931262e-01
-2.697832249743911781e+00
-1.920805381808753598e+00
-8.398754380505992767e-01
-5.762085097070441808e-01
-1.396626936445481304e+00
-1.070709964143140347e+00
-1.112426031681520211e+00
7.069154518941731524e-01
1.393790939376931437e+00
5.677029915131781568e-01
-8.407199318822891065e-01
-1.273488546690324519e-01
2.780871884778468583e-02
-6.288107348642967276e-01
-7.568291644313307476e-02
-3.659258425130422765e-01
7.204537644783516326e-01
1.270846221115035757e+00
7.672820990227329219e-01
-5.820723472891122796e-01
-7.498011636990509210e-01
-5.428518005118032619e-01
2.349218938228125886e-02
1.321222444897307557e-01
1.035840182836186285e+00
3.832604216209516412e-01
-9.892680713070578502e-01
-9.430976594564852711e-01
-8.438696369253368967e-01
3.538637218628660763e-01
3.997953510124163667e-01
7.319919985455224376e-01
-2.184086677233727514e-01
-8.946033688265007111e-01
5.335864544683821542e-02
4.815759103046352574e-01
8.367677780137694477e-03
-5.782426671542384433e-01
-3.089061869828972906e-01
1.284299487512915727e-01
-5.150332905516479265e-01
-1.355954853287495432e-01
4.548971697814770954e-01
1.573488087021428505e-01
-7.224326630485042866e-01
-5.012385979681006631e-01
-2.959069659850210865e-03
2.445584119860599870e-01
4.207887400090042362e-01
5.786545409776455706e-01
-5.205452736961004856e-01
-7.954865368913370816e-01
-5.023088496044243456e-01
-3.182875744896129788e-02
-3.187661905426153464e-01
-1.929752466862799665e-02
-2.471144934111277891e-01
-9.643082301564271930e-01
-2.683408223857552954e-02
2.027736699559540501e+00
1.741394648944506018e+00
6.063202447075994872e-01
-3.044279621213727971e-01
-1.020763796873443763e+00
-1.804928158157784956e+00
-1.902785234456941588e+00
-1.876316169627868291e+00
-1.238479930544514440e+00
-1.505465632346119298e+00
-1.665671993336292012e+00
5.476670379277612799e-01
-2.372551881053994727e-01
8.318006730717837360e-01
2.704685011131996220e+00
2.430979483890634008e+00
1.866606429330587513e+00
4.131557107154506525e-01
2.234126186570994932e-01
1.177482883893117283e-01
-1.625870487252226937e+00
-3.189710082077741315e+00
-1.667460642827085504e-01
5.397117800350630379e-01
-1.318510177029610375e-01
4.899930925848032803e-01
1.471146136639062796e+00
9.867229557893297809e-01
1.324797716217857690e+00
1.819937629623421316e+00
1.896826352062694676e+00
-2.192280594163726892e-01
1.216345918930726300e-01
-6.999109958077061044e-01
-1.288704050003460777e+00
-1.936104378906550405e+00
-2.409172606713997133e+00
-1.670708576388169719e+00
-1.724583125284063101e+00
-1.106141868131986783e+00
1.185390380767557872e+00
1.921350878522775307e+00
-4.609038023050000099e+00
-6.157994781014384245e+00
-3.884315997560134015e+00
-9.459178814871922469e-01
4.326042027798395750e-01
-2.405449576609019147e+00
-2.114805002140162760e+00
-8.480540914182332912e-01
6.824919624858777345e-01
-2.383137756673416874e-01
-5.073568231683731611e-01
2.114424414873696811e-01
5.870461527660781886e-01
1.162381992419577292e+00
9.664407082500390267e-01
-2.411435667186752063e-01
-1.297852045055237991e+00
-1.195009940556078121e+00
6.224535911423100254e-01
6.883881950779491277e-01
-1.853863612882125089e-01
-6.946120991574908921e-01
-9.943206771124111221e-01
-1.285628581967369843e+00
3.318662956356634997e-01
1.055669907379191752e+00
-5.729390093371899972e-01
-1.132090423389232825e+00
5.182551633276386571e-01
-2.736089118981004376e-01
-3.462060999927798477e-01
8.954478105556606948e-02
-6.478722270300525388e-01
2.936191820272160413e-01
1.138979540551503078e+00
-3.505079523535865604e-01
-1.578832172835382686e+00
-1.170338977725790652e+00
1.839975438781664696e-01
3.340053299142382581e-01
9.363089523646443979e-01
8.747667729297878836e-01
-7.954272165148701390e-02
-1.019021803186452857e-01
8.202924186496094450e-01
1.075866721423393013e-01
-3.820969963969138572e-01
-4.086782606139789387e-01
-7.546178680402859662e-01
-2.481293708150005273e-01
-2.838493217009854241e-01
-3.866943866576473265e-01
5.305890040005263320e-01
-2.244617493629563754e-01
-1.771421799975270162e-01
3.196211048184398607e-01
-2.579621298389067618e-03
-2.239394674516530515e-01
-2.047456549021364758e-02
3.338541456748578273e-01
7.361166398557530410e-01
6.412821427521087081e-01
2.084722156685412386e-01
-4.054696254255341081e-02
4.951713670342137164e-01
9.366734914681988933e-01
-2.277750354417666934e-01
-1.260199355044451908e+00
-6.091333858116909639e-02
4.109307100198382745e-01
1.258402828243778693e-01
-2.030575517022490395e-01
-1.383656607054500665e+00
-1.708472258651318798e+00
9.205723510560335221e-01
9.693338232812551691e-01
6.261957817626351286e-01
2.476191887398377922e-01
1.692216253697020889e-01
-2.354068412225340801e-01
-1.217081969739775005e-02
1.120614357714947440e+00
-5.421181865079882645e-01
-2.938188118492037759e-01
-1.983214533918871147e-01
-6.709800157412129096e-01
1.233285877210361647e-01
8.542573931952079924e-01
-8.514063183715654404e-01
-1.448937890780429560e+00
9.641564622518681293e-01
-1.006072679888037058e-01
-1.676838999443558853e+00
1.188136200869668535e+00
3.813842342170832289e-01
-3.323645578250187249e-01
7.074292281198342192e-01
-1.791496586928293944e-01
-9.371731675739423117e-01
-9.303268389199947919e-01
-9.208484589567391687e-01
-8.366275008541697034e-01
8.086006916881963713e-01
-1.636514555720980368e-01
-6.447859346086071142e-02
9.352267984294115877e-03
-7.124832657533044511e-01
5.392325021371646709e-01
1.369770684564120655e+00
1.349343971962393418e-01
-1.145709925130172335e+00
-3.958823488444158656e-01
1.995716054508227977e+00
-1.176621162228088657e+00
-3.865391717667498561e+00
-3.593096091756953214e-01
2.037589927253066424e+00
-5.775144616963299171e-01
-4.836032285222826133e+00
-7.156743280624267456e+00
-2.734525769381537685e+00
3.719696186771417334e+00
1.160226739593354317e+00
-2.847111300429343572e+00
-4.497174388413242241e+00
-2.191981466984191051e+00
-1.283579363996623979e+00
-2.528164488023384671e+00
-2.632186263323170294e+00
-8.605727772138120901e-01
4.824896222630442044e-01
9.338672909211853668e-01
4.213461273173216171e+00
3.232200766883101650e+00
2.063402286984619138e-01
-1.404341399465733442e+00
1.139345793570198495e+00
8.655586215363997304e-02
3.944559663411459915e-01
3.115065249637405387e-01
-1.893804979096116892e+00
-1.088233732025561284e+00
2.478952056281489291e-01
1.573544401127069836e+00
-8.509056555817018364e-02
-8.686919599908944356e-01
2.677744819262095177e+00
2.170084637092013047e+00
8.187777654236039204e-01
1.134468340738209013e+00
-9.104797185289208450e-01
-1.359344364819856876e+00
-6.886403025259577593e-01
-9.770342930467725839e-01
5.614325401223658751e-01
-1.839624520812515485e+00
-3.225591885639363277e+00
-1.618416355621348224e-01
-1.096598647917699676e+00
-2.275020905517300296e+00
1.014095884076908982e+00
1.965805662403966592e+00
1.965544791629283417e+00
-7.105352968118778811e-01
-1.418180706836846161e+00
9.147601246759424765e-01
-6.966218678271667297e-01
-9.905242316925422230e-01
1.513085505963819077e+00
-9.685831735995984459e-01
-2.895845472276985966e+00
1.408723091284648454e+00
9.242209179302158795e-01
-6.171565806484786698e-01
-7.167763122056323155e-01
6.629267984582606354e-01
-7.328678835814161907e-01
-9.475230229469071563e-01
8.738864004179454081e-01
5.252310783906709579e-01
-9.056500876602076033e-01
-8.012276111238931797e-01
3.002944586525658766e-01
-4.389365931221213546e-01
-2.144372560107263848e-01
7.111752582140962176e-02
3.126468297708062116e-01
-1.200854919826581102e-01
-7.247651510895425364e-01
8.011722708010278193e-01
1.384566624549725677e+00
-7.028147164249789469e-01
5.738348864680654637e-01
-3.205571836360241456e-01
-2.534173431377566565e+00
1.026857875921663110e+00
1.811998877586045165e-01
5.058912736725875714e-01
1.714730936260286942e-01
-4.072408521482036026e-01
1.235501799318853511e+00
-2.154394620719352726e+00
-5.582365677877072496e-01
1.965127583429263192e+00
1.384059472448018191e-02
4.567560459999665534e-01
-9.561660558999821591e-01
3.916083202265896457e-02
7.852647531347032306e-01
1.258913979798711669e+00
-1.851229789210075527e+00
-4.189775818164238608e-01
2.220496440606238409e+00
-1.005270999856247682e+00
2.030056868346230559e+00
-5.290222792420693487e-01
-3.070534973097375442e+00
-1.531522842716973587e+00
-4.421728554658208576e-01
-1.050317038632091471e+00
-2.438499986410623599e+00
-1.996557224331199087e+00
3.048185889097692947e+00
4.799604338679030135e+00
9.039726225490456457e-01
-1.332347302363468877e+00
-1.095661370446717076e+00
-1.212159393432757470e+00
6.178929507388295495e-01
-1.922379898712601731e+00
-2.775809768858203963e-01
5.593148875097924133e-01
-2.205402001011691926e+00
-2.878135506748677130e+00
-9.353557508425114353e-02
-3.319964382947135917e-01
-2.458010091895041160e+00
-7.915046762952595572e-01
2.814410380944472045e+00
-1.320729241528343811e+00
1.257518657728007305e-01
2.221485552047455236e+00
1.904393973745361457e+00
-1.961324109588837850e-01
-3.868829791619097236e-01
-9.889207254343252984e-01
-1.605324343553493849e+00
1.631382330363430722e+00
-3.894669077290981996e-01
-7.746030421876470839e-01
3.777627299631573621e+00
2.012008282266330994e+00
-1.677343256134209426e+00
-3.888048328344485327e+00
-4.136883991167511709e+00
-4.661687342366493958e+00
-4.873970140001444129e+00
-2.040381190063019989e+00
0.000000000000000000e+00
0.000000000000000000e+00
0.000000000000000000e+00
0.000000000000000000e+00
0.000000000000000000e+00
0.000000000000000000e+00
0.000000000000000000e+00
0.000000000000000000e+00
0.000000000000000000e+00
0.000000000000000000e+00
0.000000000000000000e+00
0.000000000000000000e+00
0.000000000000000000e+00
0.000000000000000000e+00
0.000000000000000000e+00
0.000000000000000000e+00
0.000000000000000000e+00
0.000000000000000000e+00
0.000000000000000000e+00
0.000000000000000000e+00
0.000000000000000000e+00
0.000000000000000000e+00
0.000000000000000000e+00
0.000000000000000000e+00
0.000000000000000000e+00
0.000000000000000000e+00
0.000000000000000000e+00
0.000000000000000000e+00
0.000000000000000000e+00
0.000000000000000000e+00
0.000000000000000000e+00
0.000000000000000000e+00
0.000000000000000000e+00
0.000000000000000000e+00
0.000000000000000000e+00
0.000000000000000000e+00
0.000000000000000000e+00
0.000000000000000000e+00
0.000000000000000000e+00
0.000000000000000000e+00
0.000000000000000000e+00
0.000000000000000000e+00
0.000000000000000000e+00
0.000000000000000000e+00
0.000000000000000000e+00
0.000000000000000000e+00
0.000000000000000000e+00
0.000000000000000000e+00
0.000000000000000000e+00
0.000000000000000000e+00
0.000000000000000000e+00
0.000000000000000000e+00
0.000000000000000000e+00
0.000000000000000000e+00
0.000000000000000000e+00
0.000000000000000000e+00
0.000000000000000000e+00
0.000000000000000000e+00
0.000000000000000000e+00
0.000000000000000000e+00
0.000000000000000000e+00
0.000000000000000000e+00
0.000000000000000000e+00
0.000000000000000000e+00
0.000000000000000000e+00
0.000000000000000000e+00
0.000000000000000000e+00
0.000000000000000000e+00
0.000000000000000000e+00
0.000000000000000000e+00
0.000000000000000000e+00
0.000000000000000000e+00
0.000000000000000000e+00
0.000000000000000000e+00
0.000000000000000000e+00
0.000000000000000000e+00
0.000000000000000000e+00
0.000000000000000000e+00
0.000000000000000000e+00
0.000000000000000000e+00
0.000000000000000000e+00
0.000000000000000000e+00
0.000000000000000000e+00
0.000000000000000000e+00
0.000000000000000000e+00
0.000000000000000000e+00
0.000000000000000000e+00
0.000000000000000000e+00
0.000000000000000000e+00
0.000000000000000000e+00
0.000000000000000000e+00
0.000000000000000000e+00
0.000000000000000000e+00
0.000000000000000000e+00
0.000000000000000000e+00
0.000000000000000000e+00
0.000000000000000000e+00
0.000000000000000000e+00
0.000000000000000000e+00
0.000000000000000000e+00
0.000000000000000000e+00
0.000000000000000000e+00
0.000000000000000000e+00
0.000000000000000000e+00
