-5.874542236328125000e+00
-5.708398667943079374e+00
-5.367130403095659474e+00
-5.003470063308593119e+00
-4.696202081873746437e+00
-4.616045738913236995e+00
-4.520786987183000427e+00
-3.891356812235552187e+00
-2.996601739359591399e+00
-2.319555883868265056e+00
-1.708990814768261757e+00
-1.088657060816232924e+00
-7.105714691798583615e-01
-5.261939866587443948e-01
-2.730383237583204892e-01
1.267822165936149936e-02
1.328361555010428852e-01
-1.051051216297944624e-01
1.383129330996908379e-01
6.285238358494509292e-01
5.297172424103664401e-01
1.313639856866929412e-01
4.631251765627353301e-02
6.359255610725009222e-02
-1.085213249705420380e-01
-3.359660304106320550e-01
-5.164853749250082338e-01
-2.611739624770660351e-01
2.104047871992378860e-01
2.816511022052727853e-01
6.381531388054940690e-01
1.161679564321582703e+00
1.479595078038341782e+00
1.687304644828046207e+00
2.087339594749363147e+00
2.366928197165182546e+00
1.710596983950625427e+00
9.796588709299713926e-01
8.466649888600026319e-01
9.385712463419391138e-01
6.392000796608575675e-01
4.882298481297783210e-01
9.395740775890026875e-01
5.233241113644639952e-01
5.449567945907978217e-01
7.997754133662001719e-01
4.790962768675650074e-01
1.510776016645182795e-01
3.631067711219497784e-01
-4.844945682328526404e-01
-2.455423474236372305e-01
2.716311865908666578e-01
-7.185401588767792447e-01
-7.909674303403055884e-01
-3.373346668324489483e-01
-2.791635506344928297e-01
-2.453044705967146744e-01
-9.878120083046870725e-02
9.779056633531618692e-02
4.107792138467731835e-01
2.866709624939135503e-01
-1.206235371127159506e-01
1.000771040424970337e-01
1.337547497260613838e-01
4.085510184614912221e-01
-4.379307204843501111e-01
8.582069431807090032e-01
-2.238891703822282864e+00
-4.104670096602197837e+00
-2.050718837859421662e+00
3.476400608933833958e-01
5.184158464360464347e-01
2.681816217194565866e-02
7.510357703124834750e-01
-3.661812323877322584e-02
3.367286681740044862e-01
1.625077737075988127e+00
-1.824990706078980285e+00
-2.387466817954253528e-01
1.377620768901762327e+00
1.108647530438517048e+00
9.141331459304824492e-02
1.331897593022724369e+00
-8.298055189146169575e-02
-1.923173920970552953e+00
-8.167761680609042507e-01
3.760109632068902030e-01
-2.448301520069384729e-02
5.504577745273255829e-01
1.121195708604814323e+00
1.137454248283779945e+00
1.746288247924503656e+00
2.009063925078518054e+00
1.405287185171133268e+00
3.063220636915673367e+00
3.897639648634734666e+00
2.691708936071683933e+00
2.436349702802488526e+00
3.363506424877001688e+00
1.701215841195345746e+00
1.140861895467196074e+00
2.407750500238163838e+00
2.052780695413611856e+00
5.084270601002081058e-01
1.023207165968010202e+00
3.097736086753539730e-01
-1.328107705529987914e+00
2.535155150967378646e-01
1.167993643679622551e+00
6.452050383248268961e-01
1.349036803438635745e+00
1.036440424877387745e+00
-8.538292289286053549e-01
1.391224991430708213e+00
3.517864937587009688e+00
2.494234517190615286e+00
1.435986294218924320e+00
2.733145383757594082e+00
3.715597701983595513e+00
5.332349157491512059e+00
6.433427400859396350e+00
3.116797103027963978e+00
2.045032926779297267e+00
3.968599308193511810e+00
2.718830350558055109e+00
9.906900387686465859e-01
1.636505012942127468e+00
-7.598518060364733984e-02
-1.691641119110438130e+00
-1.074711868107266932e+00
-1.798972820560397201e-01
8.387967765005091003e-01
2.607054447049394152e+00
-1.675762145121589386e+00
-2.659698965105323332e+00
2.813430543348463431e+00
3.366295685682033856e+00
-2.550784168756113246e+00
-1.743198509569721111e-01
3.057676319827355993e+00
-5.500223082705737454e-01
-2.072761053864540237e+00
-8.580454133089383539e-01
-1.118016686351508859e+00
1.741250815851317135e+00
3.582292025083707365e+00
1.252687348340134177e+00
7.295937174993363250e-01
1.518630240506352980e+00
2.902762875192685943e-01
1.235346902161894578e+00
2.060815951120576806e+00
-4.780462187284846287e-01
-2.173107537501297148e+00
1.109555520325088640e+00
3.108919449522792533e+00
2.538228413125450000e+00
1.809579899487020027e+00
1.550159876963381089e+00
2.251564674588627746e+00
2.640510117446279281e+00
1.976167562495670715e+00
8.239473260055872883e-01
8.753701956437770493e-01
1.536240245788949021e+00
6.036026534663883059e-01
-9.582880594784182193e-03
-4.199716962970336809e-01
-7.697484126484755995e-01
8.831326614278400822e-02
4.950794552933120984e-01
-1.448172960053166758e-01
-5.199983845090715429e-01
-3.859203236185330121e-01
-6.033179583236156773e-01
-7.581536214394394291e-01
6.621159432071259676e-01
7.069777513846261519e-01
7.509727667362476877e-01
1.069363679892027186e+00
7.845101169518021722e-01
6.595348184187346252e-01
1.621473401945628057e+00
3.038427145744090119e+00
3.066721820475463378e+00
2.147885275747894340e+00
3.252068494593922665e-01
-1.301542761894869393e-01
1.070375092616007606e+00
1.542099938053977937e+00
-1.027439296975112271e+00
8.545528338714025729e-02
2.416424512999757912e+00
1.869870763229408261e+00
1.052372165411619376e+00
1.301572983724903265e+00
-1.814709398398825613e+00
-2.083662352975751642e+00
3.062757612554834807e+00
3.238828559330105605e+00
7.033280696942112442e-02
-1.633129047137160006e+00
-5.803922883719817349e+00
-4.688016980545645751e+00
1.125464791776123796e+00
8.546663301263661694e-01
-1.388836887423810396e+00
4.295853879704051081e+00
6.360495183089787119e+00
1.360671762450022637e+00
1.299358529027454079e+00
1.036511871428755338e+00
-1.007059088226780474e+00
-1.882613419812114941e+00
1.446595541346854308e+00
7.189102569620946515e-01
8.432649528355873336e-01
1.251292569440924707e+00
6.313184503037869710e-01
2.331818457237523567e+00
4.392950637457969876e+00
2.496827377797562253e+00
3.501215184017085313e+00
6.673212763333118858e+00
5.907977567929670215e+00
4.031127094928693921e+00
2.458657198758156248e+00
9.620547815512352496e-01
1.980936929818288839e+00
3.396420373136176174e+00
1.563347806899099135e+00
-9.665239544701362817e-01
9.460670326470852487e-01
1.569011378174471893e+00
7.793533394862282027e-01
9.945541488562585908e-01
6.307434360444615917e-01
-1.105204521344532509e+00
4.728527485875958503e-01
8.850068343815715721e-01
9.427490729280507686e-02
1.368679558647749595e+00
3.128281389515019217e+00
2.123555634371806278e+00
2.276711172001111727e+00
2.553446004254956492e+00
1.184822918573518180e+00
1.565699761251588606e+00
4.559281539522918258e+00
3.903324425915750240e+00
1.908350448056727489e+00
1.285436539511019882e+00
1.369173018154002719e+00
1.165030273498161462e+00
1.833863610209072625e+00
1.736420870719765919e-01
-1.070575412675758287e+00
-5.655968705888304582e-01
4.037598139047051671e-01
-1.105582733639700610e+00
2.428934701409715124e-01
1.056746230887088966e-01
-1.638329503850660007e+00
-4.263681689081542103e-01
2.014287891807684971e+00
-5.188818330498010667e-01
-2.302653274777181736e+00
1.157359074979582569e+00
1.451165717242586695e+00
1.728315050166044031e+00
-2.938403265850073609e-01
-3.675246124728167363e+00
-4.698122807664497635e+00
2.424413431759204762e-01
3.416773828344567221e+00
1.335420032269192481e+00
1.180650762650048424e-02
4.608616791163675508e-01
-1.786405347468225102e-01
5.527472485765415611e-01
1.038383096015350393e+00
6.196615307599188105e-01
-3.383345146231886424e-02
-3.259377173010115092e-01
-2.759163958255305138e-01
6.788051022852825689e-02
-4.312512187220821636e-01
-9.751695163582199122e-01
-7.781172683876578233e-01
3.459127545464507070e-01
-1.644402852500312928e-01
-3.730737579372964685e-01
6.474859447623905195e-01
3.437122885650712445e-01
-3.565681226763567357e-02
-4.300645905286337722e-05
-3.255836169498929067e-01
7.914586228335407370e-02
1.079859247714146653e+00
6.988207953086330582e-01
4.116196459348199221e-01
4.058577047170441876e-01
1.143525650995886878e-01
2.403200260722784254e-01
9.988672488860761423e-01
1.652811115821035459e+00
1.666629393166121798e+00
1.880803553718635612e+00
2.140184086898276661e+00
1.792500624846256496e+00
1.231951946168577283e+00
1.191737513075411758e+00
1.501233500422791023e+00
1.086965200248564578e+00
4.244154059195879292e-01
1.993747047251782645e-01
-7.463786271517122706e-02
-1.209705276306479171e-01
-3.317473095144733430e-01
-4.119861109396615317e-01
-2.185969295652583355e-01
-5.263236363974116427e-02
-6.909897828042854684e-03
2.348006163057034801e-01
2.846458335026862407e-01
-3.937272740116248837e-01
-9.210182512683033895e-01
-6.881419399120125568e-01
-1.805514648863408844e-01
-2.074406057320772323e-01
-1.001412933014532491e+00
-2.010277715584178893e+00
-2.912466670987685635e+00
-3.785522117626583860e+00
-4.406766862556267483e+00
-4.645293035423271988e+00
-4.918146576927479252e+00
-5.342954683476125233e+00
-5.801190246987759203e+00
-6.221524521885847037e+00
6.692653506998017532e-01
8.549512601721399596e-01
1.051038095995100008e+00
0.000000000000000000e+00
0.000000000000000000e+00
0.000000000000000000e+00
0.000000000000000000e+00
0.000000000000000000e+00
0.000000000000000000e+00
0.000000000000000000e+00
0.000000000000000000e+00
0.000000000000000000e+00
0.000000000000000000e+00
0.000000000000000000e+00
0.000000000000000000e+00
0.000000000000000000e+00
0.000000000000000000e+00
0.000000000000000000e+00
0.000000000000000000e+00
0.000000000000000000e+00
0.000000000000000000e+00
0.000000000000000000e+00
0.000000000000000000e+00
0.000000000000000000e+00
0.000000000000000000e+00
0.000000000000000000e+00
0.000000000000000000e+00
0.000000000000000000e+00
0.000000000000000000e+00
0.000000000000000000e+00
0.000000000000000000e+00
0.000000000000000000e+00
0.000000000000000000e+00
0.000000000000000000e+00
0.000000000000000000e+00
0.000000000000000000e+00
0.000000000000000000e+00
0.000000000000000000e+00
0.000000000000000000e+00
0.000000000000000000e+00
0.000000000000000000e+00
0.000000000000000000e+00
0.000000000000000000e+00
0.000000000000000000e+00
0.000000000000000000e+00
0.000000000000000000e+00
0.000000000000000000e+00
0.000000000000000000e+00
0.000000000000000000e+00
0.000000000000000000e+00
0.000000000000000000e+00
0.000000000000000000e+00
0.000000000000000000e+00
0.000000000000000000e+00
0.000000000000000000e+00
0.000000000000000000e+00
0.000000000000000000e+00
0.000000000000000000e+00
0.000000000000000000e+00
0.000000000000000000e+00
0.000000000000000000e+00
0.000000000000000000e+00
0.000000000000000000e+00
0.000000000000000000e+00
0.000000000000000000e+00
0.000000000000000000e+00
0.000000000000000000e+00
0.000000000000000000e+00
0.000000000000000000e+00
0.000000000000000000e+00
0.000000000000000000e+00
0.000000000000000000e+00
0.000000000000000000e+00
0.000000000000000000e+00
0.000000000000000000e+00
0.000000000000000000e+00
0.000000000000000000e+00
0.000000000000000000e+00
0.000000000000000000e+00
0.000000000000000000e+00
0.000000000000000000e+00
0.000000000000000000e+00
0.000000000000000000e+00
0.000000000000000000e+00
0.000000000000000000e+00
0.000000000000000000e+00
0.000000000000000000e+00
0.000000000000000000e+00
0.000000000000000000e+00
0.000000000000000000e+00
0.000000000000000000e+00
0.000000000000000000e+00
0.000000000000000000e+00
0.000000000000000000e+00
0.000000000000000000e+00
0.000000000000000000e+00
0.000000000000000000e+00
0.000000000000000000e+00
0.000000000000000000e+00
0.000000000000000000e+00
0.000000000000000000e+00
0.000000000000000000e+00
0.000000000000000000e+00
0.000000000000000000e+00
0.000000000000000000e+00
0.000000000000000000e+00
0.000000000000000000e+00
0.000000000000000000e+00
0.000000000000000000e+00
0.000000000000000000e+00
0.000000000000000000e+00
0.000000000000000000e+00
0.000000000000000000e+00
0.000000000000000000e+00
0.000000000000000000e+00
0.000000000000000000e+00
0.000000000000000000e+00
0.000000000000000000e+00
0.000000000000000000e+00
0.000000000000000000e+00
0.000000000000000000e+00
0.000000000000000000e+00
0.000000000000000000e+00
0.000000000000000000e+00
0.000000000000000000e+00
0.000000000000000000e+00
0.000000000000000000e+00
0.000000000000000000e+00
0.000000000000000000e+00
0.000000000000000000e+00
0.000000000000000000e+00
0.000000000000000000e+00
0.000000000000000000e+00
0.000000000000000000e+00
0.000000000000000000e+00
0.000000000000000000e+00
0.000000000000000000e+00
0.000000000000000000e+00
0.000000000000000000e+00
0.000000000000000000e+00
0.000000000000000000e+00
0.000000000000000000e+00
0.000000000000000000e+00
0.000000000000000000e+00
0.000000000000000000e+00
0.000000000000000000e+00
0.000000000000000000e+00
0.000000000000000000e+00
0.000000000000000000e+00
0.000000000000000000e+00
0.000000000000000000e+00
0.000000000000000000e+00
0.000000000000000000e+00
0.000000000000000000e+00
0.000000000000000000e+00
0.000000000000000000e+00
0.000000000000000000e+00
0.000000000000000000e+00
0.000000000000000000e+00
0.000000000000000000e+00
