1.276306152343750000e+00
1.796705986676667921e+00
-2.258072914597801795e+00
-2.445996200907590179e+00
2.813609828900038856e-01
1.640844638339573169e+00
1.099029711849933033e+00
1.499826318460568464e+00
5.140192861317935957e-01
2.917522115869921606e-01
6.060110233721464068e-01
-4.726301293229356881e-01
6.652398086216914086e-01
3.824591517941742236e-01
-3.599600593017955319e-01
-7.986727101786702532e-01
-3.776882806472503518e-02
1.556890567140825077e-01
-6.038727887174828446e-01
-7.303858151011703992e-01
4.748336446265539745e-01
8.692840139486402995e-01
-1.900945672273943732e+00
-3.074017517343610173e+00
-1.169713044884262310e+00
-4.735579747580684895e-01
-2.233890742290164155e+00
-2.223295515846460013e+00
-1.043540002611060169e+00
-1.286717825650356639e+00
-1.675292565770919895e+00
-2.162147756717691660e-01
7.694523962685334562e-01
1.676102190614190413e-01
4.346837944503367801e-01
1.120295032955326953e+00
1.329905815222514054e+00
1.436577945223200592e+00
-2.655269136141622521e-01
-1.401360075605708300e+00
-1.125223803160826819e+00
-1.047956485236426927e+00
-4.408886280936115121e-01
-1.866654731559503455e+00
-2.863305939440387693e+00
-2.174830548167054900e+00
-2.711348334798868720e+00
-2.429575537721948564e+00
-5.390313046014150178e-01
-8.665510927255697382e-01
-2.430240132651274365e+00
-3.781815147058300575e+00
-4.513283093626831111e+00
-4.295328751393573619e+00
-1.448276049378350194e+00
-5.776481701791682966e+00
-6.651249259367866706e+00
-2.554763491307350254e+00
-2.049848628994622501e+00
-2.679209537764033922e+00
-1.577125214861483382e+00
-1.362311757772675769e+00
-2.797702672781302802e+00
-7.123644234322481061e+00
-4.512773015511682750e+00
3.751371310268233117e+00
-1.377625752018730054e+00
-2.427532692114815482e+00
-3.857057405463115707e-01
-2.800175218920933240e+00
-1.911422406467842672e+00
1.860471339377300470e+00
-3.708178056673001599e-01
1.750090460771618339e-01
6.750226575394369100e-01
-1.341187999914573270e+00
-1.808544738823357312e+00
-3.940067001835356741e-01
-8.103552659493540311e-01
-2.858421921452363179e+00
-2.077048414872054494e+00
8.762669380794001484e-01
1.236079739924540011e+00
-1.597579970099899160e+00
-4.177968083003584354e+00
-6.104192190901410520e+00
-3.664701893840278224e+00
-1.509082960927742745e+00
-1.243812113377792183e+00
-1.983054726184790839e+00
-1.828412890885907416e+00
-8.551365174814415937e-01
-1.866518786955555509e+00
-2.016381944956727956e+00
-3.008690788108465686e-01
-6.296068070214626555e-01
6.077617144523224102e-01
1.041908821887041814e+00
8.722423108656234270e-01
1.647775977535649083e+00
2.443717927632560016e+00
-6.182999858049953446e-02
2.043145036721589758e-01
-4.546105734517640329e-01
-2.238978027259836079e+00
-1.626829781821863330e+00
-4.077590832676231791e+00
-4.425038135030653130e+00
-1.694830821644279784e+00
7.081341946019407141e-01
-3.805761409824601760e-01
-3.561940786677795234e-01
-6.793071074751111382e-01
-1.866150101333797107e+00
-1.873949874656394066e+00
5.077950659225183294e-01
1.642585103830381810e+00
3.563110049420590286e-01
-1.241438784867671341e+00
-2.454898269462089111e-01
2.620045901208007955e+00
-2.764932619216597942e-01
-1.113431447068843561e+00
-4.801016511930860098e-01
-1.805969661635780765e+00
-1.440080553130093088e+00
-1.250499226518223095e+00
-2.600614201294320083e-01
1.638539019760727466e-01
-2.074167150087524725e+00
-2.893278779396579736e+00
-2.141539979901985635e+00
-2.510191635893248119e+00
-1.635867037410227098e+00
1.341402805583576940e+00
2.230936889678499568e+00
1.584999154602559024e+00
1.146475223091814488e+00
4.091754460538465921e-01
-2.203136913126302332e-02
-1.333675357498063097e-01
-1.480633561046623914e+00
-1.704144366577006187e+00
-9.223713595851679159e-02
1.709392458716068708e+00
2.476406323378250285e+00
7.970360047478801668e-01
-1.155510770923193764e+00
-1.510393939650473971e-01
4.163880021029384704e-01
2.127468558400997800e-01
1.122201728787927566e+00
2.053501462542004052e+00
2.099152673145089132e+00
1.974808864873397241e+00
1.301611581583533850e+00
4.688818253463520325e-01
1.048564706541461167e+00
1.146956101454920329e+00
3.569685168310223755e-01
3.362410605048009593e-01
2.109598854126320866e+00
3.322596302513280975e+00
2.202133040793404550e+00
1.193445591063916567e+00
1.451574668270114277e+00
-2.689819609881536344e-01
-6.409849863601602138e-02
2.422506277249519613e+00
4.051855479880484445e+00
3.630663078672036193e+00
6.412217221716554061e-01
-1.956517187708020522e+00
-1.772375320412221900e+00
5.131401725131765623e-01
1.313124712058819643e+00
-7.919915679858968716e-02
-2.051276878226270028e+00
-1.873537212893936044e+00
-8.622375628309966178e-01
-4.174770704480852412e-01
-3.241667410692044005e-01
-1.961759059855708864e+00
-2.715442779804954299e+00
-2.516486213589358645e+00
-2.351596715641939284e+00
-2.134246625764627758e+00
-7.750266406734205304e-01
-1.294234755094175071e+00
-1.852559006997466673e+00
-1.704324336023007813e+00
-1.757189234731260985e+00
-3.557836380702408263e-01
-1.512508753611210732e+00
-1.469049483011239277e+00
1.155002360607715772e+00
-1.437356577626347498e+00
-1.882358092383424220e+00
-5.687346921138214384e-02
8.485249784571615717e-01
-6.649368707092953024e-01
-2.894091745249018910e+00
-2.088052575502216346e+00
-2.569467902410287330e-01
2.415451271890409757e-01
-4.448831007476816701e-02
3.148948472379210495e-01
-3.106132015541925639e+00
-5.980078382488985156e+00
-4.829407534323048701e+00
-1.429159811650814405e+00
-2.286554296645221473e+00
-9.449188605325153922e-01
-4.597703135552644316e-01
-1.063430918622948251e+00
8.344549936623456565e-01
-5.451457743140493140e-01
-1.211629877679551548e+00
-5.178856731561696236e-01
-7.656961549718566129e-01
-1.796599395273453581e+00
1.359466454045054062e-01
-1.638964430204366440e+00
-3.283992007824222181e+00
-3.558409181323717529e+00
-3.318508476211404101e+00
-1.136324505058351697e+00
1.163863584474971846e+00
-1.447551918774161450e-01
-2.182424338151613075e+00
-3.398169081514522016e+00
-3.298800062859442495e+00
-3.320520040855296173e+00
-1.307769152157360004e+00
-4.406202353814157036e-01
-4.815369498750024846e+00
-4.509131838677904014e+00
-3.193266351957094074e+00
-2.875309181104734879e+00
-3.347341347533568712e+00
-3.114138562713810732e+00
-2.788559981194268289e+00
-4.161747212502292292e+00
-3.661837449080980633e+00
-1.441183060199647537e-01
-3.880759813648048340e+00
-3.807189255764346303e+00
-1.976746095221247224e+00
-6.507271805466965375e+00
-6.390262764130167028e+00
-4.656658861228393231e-01
-6.955077870904581516e+00
-7.917502064914116566e+00
-3.797028842717318664e+00
-3.921692771478503925e+00
-4.819888831451671685e+00
-4.988646927808244591e+00
-2.746963977457441253e+00
-3.450519222415006304e+00
-8.135278513503219955e+00
-6.506147790071583614e+00
-2.337652615082581598e+00
-5.681299507977032093e+00
-5.471436610588316540e+00
-4.146560091058428377e+00
-3.441362540028094497e+00
-2.130381036805971462e+00
-1.598919418229513445e+00
-3.336865502507367243e+00
-3.643696794502845560e+00
-3.013200316562854475e+00
-3.667686042164519655e+00
-2.881211763691103211e+00
-1.863742279886147379e+00
-2.781350127053989763e+00
-2.871515721846102043e+00
-3.063489550587814580e+00
-1.996515184432782419e+00
-5.221451589577312813e-01
-7.300302850665106869e-01
-9.183084896984267109e-01
-1.471124197864180694e+00
-1.432418265105064759e+00
-5.431469399743035220e-01
-1.569553657348201847e+00
-3.113993947967326203e+00
-2.427886718469557170e+00
-1.573702108463575833e+00
-2.667023924665719914e+00
-2.805983460400851559e+00
-1.140668288551296872e+00
-1.861827953186377727e+00
-3.747113891136050423e+00
-2.948723634075460787e+00
-6.840611783659237277e-01
-1.293983469809716347e+00
-2.468730034820380670e+00
-2.435768767265714452e+00
-1.442084120985641427e+00
-1.030916136352083345e+00
-1.427951490708241566e+00
-1.362383063663175298e+00
-1.062515486729419090e+00
-5.754248528507811544e-01
-1.279833057417971931e+00
-9.666738323996436621e-01
-2.312795546518279899e+00
-2.395378476900407172e+00
-1.368600909935662413e+00
-2.075631843773237506e+00
-1.795688065797506283e+00
-2.531152820375414336e+00
-3.865444195314473141e+00
-2.827536651727164063e+00
-2.151994893432978562e-01
0.000000000000000000e+00
0.000000000000000000e+00
0.000000000000000000e+00
0.000000000000000000e+00
0.000000000000000000e+00
0.000000000000000000e+00
0.000000000000000000e+00
0.000000000000000000e+00
0.000000000000000000e+00
0.000000000000000000e+00
0.000000000000000000e+00
0.000000000000000000e+00
0.000000000000000000e+00
0.000000000000000000e+00
0.000000000000000000e+00
0.000000000000000000e+00
0.000000000000000000e+00
0.000000000000000000e+00
0.000000000000000000e+00
0.000000000000000000e+00
0.000000000000000000e+00
0.000000000000000000e+00
0.000000000000000000e+00
0.000000000000000000e+00
0.000000000000000000e+00
0.000000000000000000e+00
0.000000000000000000e+00
0.000000000000000000e+00
0.000000000000000000e+00
0.000000000000000000e+00
0.000000000000000000e+00
0.000000000000000000e+00
0.000000000000000000e+00
0.000000000000000000e+00
0.000000000000000000e+00
0.000000000000000000e+00
0.000000000000000000e+00
0.000000000000000000e+00
0.000000000000000000e+00
0.000000000000000000e+00
0.000000000000000000e+00
0.000000000000000000e+00
0.000000000000000000e+00
0.000000000000000000e+00
0.000000000000000000e+00
0.000000000000000000e+00
0.000000000000000000e+00
0.000000000000000000e+00
0.000000000000000000e+00
0.000000000000000000e+00
0.000000000000000000e+00
0.000000000000000000e+00
0.000000000000000000e+00
0.000000000000000000e+00
0.000000000000000000e+00
0.000000000000000000e+00
0.000000000000000000e+00
0.000000000000000000e+00
0.000000000000000000e+00
0.000000000000000000e+00
0.000000000000000000e+00
0.000000000000000000e+00
0.000000000000000000e+00
0.000000000000000000e+00
0.000000000000000000e+00
0.000000000000000000e+00
0.000000000000000000e+00
0.000000000000000000e+00
0.000000000000000000e+00
0.000000000000000000e+00
0.000000000000000000e+00
0.000000000000000000e+00
0.000000000000000000e+00
0.000000000000000000e+00
0.000000000000000000e+00
0.000000000000000000e+00
0.000000000000000000e+00
0.000000000000000000e+00
0.000000000000000000e+00
0.000000000000000000e+00
0.000000000000000000e+00
0.000000000000000000e+00
0.000000000000000000e+00
0.000000000000000000e+00
0.000000000000000000e+00
0.000000000000000000e+00
0.000000000000000000e+00
0.000000000000000000e+00
0.000000000000000000e+00
0.000000000000000000e+00
0.000000000000000000e+00
0.000000000000000000e+00
0.000000000000000000e+00
0.000000000000000000e+00
0.000000000000000000e+00
0.000000000000000000e+00
0.000000000000000000e+00
0.000000000000000000e+00
0.000000000000000000e+00
0.000000000000000000e+00
0.000000000000000000e+00
0.000000000000000000e+00
0.000000000000000000e+00
0.000000000000000000e+00
0.000000000000000000e+00
0.000000000000000000e+00
0.000000000000000000e+00
0.000000000000000000e+00
0.000000000000000000e+00
0.000000000000000000e+00
0.000000000000000000e+00
0.000000000000000000e+00
0.000000000000000000e+00
0.000000000000000000e+00
0.000000000000000000e+00
0.000000000000000000e+00
0.000000000000000000e+00
0.000000000000000000e+00
0.000000000000000000e+00
0.000000000000000000e+00
0.000000000000000000e+00
0.000000000000000000e+00
0.000000000000000000e+00
0.000000000000000000e+00
0.000000000000000000e+00
0.000000000000000000e+00
0.000000000000000000e+00
0.000000000000000000e+00
0.000000000000000000e+00
0.000000000000000000e+00
0.000000000000000000e+00
0.000000000000000000e+00
0.000000000000000000e+00
0.000000000000000000e+00
0.000000000000000000e+00
0.000000000000000000e+00
0.000000000000000000e+00
0.000000000000000000e+00
0.000000000000000000e+00
0.000000000000000000e+00
0.000000000000000000e+00
0.000000000000000000e+00
0.000000000000000000e+00
0.000000000000000000e+00
0.000000000000000000e+00
0.000000000000000000e+00
0.000000000000000000e+00
0.000000000000000000e+00
0.000000000000000000e+00
0.000000000000000000e+00
0.000000000000000000e+00
0.000000000000000000e+00
0.000000000000000000e+00
0.000000000000000000e+00
0.000000000000000000e+00
0.000000000000000000e+00
0.000000000000000000e+00
0.000000000000000000e+00
0.000000000000000000e+00
0.000000000000000000e+00
0.000000000000000000e+00
0.000000000000000000e+00
0.000000000000000000e+00
0.000000000000000000e+00
0.000000000000000000e+00
0.000000000000000000e+00
0.000000000000000000e+00
0.000000000000000000e+00
0.000000000000000000e+00
0.000000000000000000e+00
0.000000000000000000e+00
0.000000000000000000e+00
0.000000000000000000e+00
0.000000000000000000e+00
0.000000000000000000e+00
0.000000000000000000e+00
0.000000000000000000e+00
0.000000000000000000e+00
0.000000000000000000e+00
0.000000000000000000e+00
0.000000000000000000e+00
0.000000000000000000e+00
0.000000000000000000e+00
0.000000000000000000e+00
0.000000000000000000e+00
