6.826171875000000000e-01
3.787003201039748079e-01
-2.633300175164483559e-01
-8.081559608216613011e-01
-1.043132491637671633e-01
6.420797272668394839e-01
6.351871562386169900e-01
1.986694249288855074e-01
-2.306896569034002642e-01
-6.847140222638733453e-01
-8.522712575188216011e-01
-1.044327478990848324e+00
-8.207201291783057240e-01
-6.901541239301267616e-02
-5.344943748005540618e-01
-5.781278987979050488e-01
-1.309846740711588353e+00
-1.907949849090482708e+00
-1.166873842341324075e+00
-2.072539334420198109e-01
5.610511881696389480e-02
7.445313764496752640e-03
-1.386691942975940561e-01
-4.196465454654723093e-01
-1.260630980188039985e+00
-2.133430915626285174e+00
-2.040649856670410323e+00
-9.599660824939286741e-01
4.319120429833338548e-01
4.893201933633553047e-01
-5.836726991294387545e-01
-6.931040914458201918e-01
-3.272336357016278896e-01
-7.194150177499869514e-02
5.422251979456231830e-01
9.189730860488483088e-01
2.133266116579068949e-01
-3.638184590111372962e-01
7.820522508192420119e-01
2.094948726863236299e+00
1.103682558577303352e+00
-1.159289380978549389e+00
-1.440531569746764440e+00
-1.415760280589759335e+00
1.908106543512677611e-02
1.291029257959628307e-01
-3.684217417911481718e-01
2.279542683330850750e-01
5.319814757908940539e-01
-5.295128217460547404e-01
-7.711730270215649830e-01
-9.176160943212896548e-01
-1.089741846706537398e+00
-9.487196328456513061e-01
-7.151541122864593092e-01
1.751876136486962832e-02
-5.969581626488390524e-01
-7.003238855367732718e-01
-1.751133134040626427e+00
-3.549551002988397208e+00
-3.775099468218815701e+00
-2.068343098853641315e+00
1.666561634423734173e+00
3.030454181458803298e+00
2.166753148297670073e+00
1.893754998127414879e-01
-2.958351418841944636e-01
-6.695509929106675528e-01
3.125456231322440437e-01
8.632808942269495356e-01
-2.893788571686716216e-01
2.083854189744349661e-02
2.244662720659509336e-01
7.510336696014697777e-01
-5.481248339689481774e-02
-5.957815703102387062e-02
-3.668267243906277120e+00
-2.132400237553235822e+00
-1.730366650193353451e-01
2.263785220590349923e+00
4.851659867519937386e+00
1.353450754383421550e+00
-2.536258049781121571e+00
-1.519362540034416842e+00
-2.812496320487348989e+00
-5.026469595692436343e+00
-4.401376975562219407e+00
9.674632465470978104e-02
-2.228817350788534490e+00
-1.653928409867111426e-01
7.058047363366017457e+00
6.304796201516790433e+00
5.314254911479032728e-02
-2.770479395390150312e+00
-4.695622604619075879e+00
-6.430227702014883917e+00
-3.679473317306540814e+00
-1.022750265920335799e-01
-1.898131150602753170e+00
-1.383837574777329715e+00
1.268426529611194731e+00
-1.633235495736373721e-02
-1.158277168368173404e+00
-3.413090770673050667e-01
7.476700955746791166e-01
-9.759023145739509353e-01
-3.701233613907592979e-01
1.584307822475100380e+00
8.364421094646499188e-01
-6.142031606147208000e-01
6.220030975867796297e-02
4.412655254338795352e-01
1.087514244458246404e-01
4.008406088654005717e-01
9.265048871497224559e-01
1.197722078575166049e-01
3.795367126133525337e-01
1.322507608134281476e+00
1.667418893009503300e+00
1.444144620696481418e+00
3.604596860591682272e-01
-4.693650320046606206e-01
-8.855647627588674187e-01
-2.949566397326511602e+00
-2.894128950482937501e+00
-6.403147183644877227e-01
-4.831636915529782250e-01
6.071249132857878816e-01
-1.355652227906164686e+00
-1.349004071751303879e+00
-1.355805806520736123e+00
-2.667475012059105310e+00
-1.441246754287459853e+00
-8.574476414004112979e-01
-4.386510982900604372e-01
3.512957738629871596e-01
2.296752602765654849e-01
-4.743516274164663038e-01
7.404967524026011549e-01
-1.114460708497857500e-01
-2.279974738128323519e+00
-2.419118729197697437e+00
-2.774949369183450365e-01
-2.212953479840407134e-01
1.355573015402057324e+00
7.516117078203823354e-01
-3.420778371983089983e+00
-3.324322780703368174e+00
-5.881220956357925189e+00
-7.755099532257930584e+00
-3.133723214398125734e+00
2.969942930661240155e-02
-2.581487844625954597e+00
-2.050501082216686033e+00
-3.307717010980749883e+00
8.828933198606008226e-01
2.298993783137429414e+00
-1.271375209586782518e+00
-2.775075084422627292e+00
1.341834661513779725e+00
1.401173932025144619e+00
8.226917004245666298e-01
2.894697775152664576e+00
1.107584985338720740e+00
-6.053490643154659789e-01
9.185865637977996823e-01
1.725602698407593394e-01
-1.551304389525376415e+00
1.811988989412898876e+00
-6.673872737779027453e-01
-2.341430242069071799e+00
2.736716729185546093e+00
1.420332781923322907e+00
3.726345202956226732e+00
2.588231515566725705e+00
-2.723139055096054584e+00
-2.536083269962856157e+00
3.104682017402562000e+00
-5.580683323517843242e-01
3.335490247551970988e-01
-7.428192320990349984e-01
-1.440521824565037301e+00
-2.268109852006148230e-01
-7.538398765369167531e-01
1.976695183890901930e-01
4.837284073428493869e-02
-9.683874816982918077e-02
4.290466950674618474e-01
3.070157048236001884e-01
-4.486144862833021385e-01
1.170973007665985888e+00
-2.332361866360169511e+00
-4.599051930811561384e+00
2.987782249090766840e-01
2.880829665985529253e+00
-5.533740257974204546e-01
-1.339078080048741848e+00
-1.273250300018496928e+00
6.029907670570546774e-01
8.673873594172276658e-01
1.230944597838314891e-01
1.745221391801654587e-01
4.518450615850173602e-01
-1.183084467865517020e+00
-9.161059290076911665e-01
-2.407586888857466967e-01
-1.453217370483586013e+00
-1.895944108676963724e+00
-5.911716464110844171e+00
-6.902277810317896112e+00
-2.738065903881584440e+00
1.671555460654673642e+00
-4.826952394229531151e-01
6.214275254701620010e-01
-8.912619602210858361e-01
-1.788559151997855423e+00
1.796610046350654910e+00
-1.617120884879558851e+00
-2.790582534471518272e+00
4.188957051085488992e-01
8.956820134721432680e-03
-1.226007430380413599e-01
-1.257654068896058019e+00
-1.966152279368946543e+00
1.425108721619381846e+00
5.142216423608942932e-01
-1.168167235351524003e+00
-6.791432119322404759e-02
7.882624471696098034e-01
4.262116833112659542e+00
5.087790195553173689e+00
2.700023435734600685e+00
-5.411437315401221859e-01
1.160290835107621543e+00
-3.521636422428085389e+00
-4.976697620764745977e+00
-4.408237377906830012e+00
-2.486640665307533027e+00
-4.085770014756384683e-02
7.163529599720757091e-01
-7.396448908956720913e-02
4.850846406756064155e-01
4.914313112831160346e+00
2.058608646953940635e+00
-7.932628601483973085e-01
2.592816472805979711e+00
-2.095957985639467225e-01
1.706215529469240710e+00
5.373761336334193395e+00
1.728959327410102942e+00
-6.666567601267978649e-01
1.248047333898492095e-01
-1.425918840086691564e+00
-8.568728841862545131e-01
-9.631176064117361602e-01
-1.111415450976434460e+00
-8.485595463188626564e-01
-7.066939761109658491e-02
-5.945734733395071636e-01
1.069180820711041591e+00
-1.637295475348437002e-01
-2.317424333761634259e+00
-1.562475454230796590e+00
-9.979476721583405707e-01
-1.492314299337463623e+00
-3.446379595040001131e-01
1.273259378702211730e+00
1.009544587465218690e+00
2.555265402595504609e-01
1.791221359717144246e+00
1.533413027742928092e+00
2.034083550050423406e-01
7.771221329193775951e-01
1.921529563308443933e-01
3.853251530391882396e-01
2.621879531373449979e-02
-4.100908028553484908e-02
9.416486648752914190e-01
-9.403101287537052322e-01
-1.221117741609140106e+00
-7.100426009113649517e-01
-1.192898362719684080e+00
-1.607407544496596286e+00
-1.180004793223538240e+00
1.875639476185619436e+00
4.436560688080977144e-01
-1.898435875211714752e-01
2.596527885372836852e-01
-3.858972127939077623e+00
-7.062970171586942847e+00
-5.218824656517906391e+00
-2.682400698987905674e+00
-3.384406938461052228e+00
-1.752870791147391971e+00
-2.183922429365079410e+00
-5.312557513675387533e+00
-2.826554117262455534e+00
-8.174109238033260283e-01
-4.110975155039221285e+00
-6.424871896502595270e+00
-4.284673917402698429e+00
-1.652094984792600085e+00
-9.367660929141308213e-01
-2.224112468527672526e-01
1.576858390982743163e+00
-1.483493426126643033e-01
-1.710753975251435577e+00
-2.390730627393608643e+00
-2.810552957365415772e+00
-3.592598058312508336e-01
3.361873228788272439e-01
5.239730195445934102e-01
2.937127052331018895e+00
8.155147530402743428e+00
9.407439057671883376e+00
4.750815165627456871e+00
1.901883227765207129e+00
2.265990766847369109e+00
-1.128873695068832728e-01
1.106109958583754382e+00
1.795243401306156894e+00
2.850079485123213630e-01
-1.518231640738088473e+00
6.063148071816963913e-01
8.727864280965107469e-01
-1.953919946308264599e-01
3.769020056135587993e-01
7.088658021517824093e-01
-7.997684530600880359e-01
2.945155198538949026e-01
-5.925394891042388146e-01
-1.055515866664686886e+00
-5.572406232244497826e-01
-7.951715155838137150e-01
-1.168006114744786217e+00
-3.491910538568552269e-01
-4.349844216384433082e-01
-8.565579462399139921e-01
-2.299952272128202857e-01
3.434385945750610958e-01
2.314306244874942742e+00
2.992380350106403242e+00
1.013259383344763620e+00
-9.352802341993143864e-01
4.396958172006366072e-01
3.230007811604646006e-02
-1.588144918481039447e+00
-3.015946656186931030e+00
-3.260626298398791256e+00
-2.117656933807163799e+00
-1.744463335164747830e+00
-2.067110833729143060e+00
-2.821627282229933975e+00
-2.919909155507989240e+00
-1.914504559727189470e+00
-2.585681044211849411e-01
2.357196433565289517e-01
-1.655460746323570875e+00
-3.596160021492393444e+00
-2.815924942320822577e+00
-1.161954033236271666e+00
-9.235826137950591264e-01
-1.425183835627922280e-01
-8.829342301920102276e-01
-3.157077348999721700e-01
7.472436668288313655e-01
4.599454343635960285e-01
6.841743297566753590e-01
1.946595244478774855e+00
2.385270458488895962e+00
1.994662853994871643e+00
2.737827098777497525e+00
2.442889772421767969e+00
1.746782409542905423e+00
7.209374636679646287e-01
3.509399068337746286e-01
7.168054453345682475e-01
1.778508500661345693e+00
2.378384210805447374e+00
1.602573295692841793e+00
5.341880360201789468e-01
-2.366855622292514116e-01
-2.261231391307886307e-01
5.894562126312629102e-01
1.758921725357317500e+00
1.603930513654243217e+00
1.098681768990891872e+00
7.199638383227736638e-01
8.456447467101315674e-01
1.071484801214424465e+00
8.152698798157392845e-01
2.718777886705910918e-01
1.060403745471056036e-01
3.470044258180608465e-01
7.079465483996341124e-01
9.530851738223357072e-01
1.020160395234396278e+00
6.728539664134951526e-01
7.869421837405180531e-01
1.019844391922201332e+00
6.164093864011247481e-01
3.863387433649390634e-01
9.574669892436542540e-01
1.271697005744769182e+00
0.000000000000000000e+00
0.000000000000000000e+00
0.000000000000000000e+00
0.000000000000000000e+00
0.000000000000000000e+00
0.000000000000000000e+00
0.000000000000000000e+00
0.000000000000000000e+00
0.000000000000000000e+00
0.000000000000000000e+00
0.000000000000000000e+00
0.000000000000000000e+00
0.000000000000000000e+00
0.000000000000000000e+00
0.000000000000000000e+00
0.000000000000000000e+00
0.000000000000000000e+00
0.000000000000000000e+00
0.000000000000000000e+00
0.000000000000000000e+00
0.000000000000000000e+00
0.000000000000000000e+00
0.000000000000000000e+00
0.000000000000000000e+00
0.000000000000000000e+00
0.000000000000000000e+00
0.000000000000000000e+00
0.000000000000000000e+00
0.000000000000000000e+00
0.000000000000000000e+00
0.000000000000000000e+00
0.000000000000000000e+00
0.000000000000000000e+00
0.000000000000000000e+00
0.000000000000000000e+00
0.000000000000000000e+00
0.000000000000000000e+00
0.000000000000000000e+00
0.000000000000000000e+00
0.000000000000000000e+00
0.000000000000000000e+00
0.000000000000000000e+00
0.000000000000000000e+00
0.000000000000000000e+00
0.000000000000000000e+00
0.000000000000000000e+00
0.000000000000000000e+00
0.000000000000000000e+00
0.000000000000000000e+00
0.000000000000000000e+00
0.000000000000000000e+00
0.000000000000000000e+00
0.000000000000000000e+00
0.000000000000000000e+00
0.000000000000000000e+00
0.000000000000000000e+00
0.000000000000000000e+00
0.000000000000000000e+00
0.000000000000000000e+00
0.000000000000000000e+00
0.000000000000000000e+00
0.000000000000000000e+00
0.000000000000000000e+00
0.000000000000000000e+00
0.000000000000000000e+00
0.000000000000000000e+00
0.000000000000000000e+00
0.000000000000000000e+00
0.000000000000000000e+00
0.000000000000000000e+00
0.000000000000000000e+00
0.000000000000000000e+00
0.000000000000000000e+00
0.000000000000000000e+00
0.000000000000000000e+00
0.000000000000000000e+00
0.000000000000000000e+00
0.000000000000000000e+00
0.000000000000000000e+00
0.000000000000000000e+00
0.000000000000000000e+00
0.000000000000000000e+00
0.000000000000000000e+00
0.000000000000000000e+00
0.000000000000000000e+00
0.000000000000000000e+00
0.000000000000000000e+00
0.000000000000000000e+00
0.000000000000000000e+00
0.000000000000000000e+00
0.000000000000000000e+00
0.000000000000000000e+00
0.000000000000000000e+00
0.000000000000000000e+00
0.000000000000000000e+00
0.000000000000000000e+00
