-2.260467529296875000e+00
-3.397252090250958201e+00
-3.792744341428611943e+00
-1.640087294563561171e+00
-1.262090025600728360e+00
-2.246571654170132604e+00
-8.671370961790323406e-01
1.376924739463564418e+00
4.245907469242806709e-01
-1.787479854043632521e+00
-1.224152111310524482e+00
-1.051961491350184019e-01
-1.218384223594223936e+00
-2.810510552112756244e+00
-4.028067153342860252e-01
-1.730239035759764121e+00
-4.640149126801761170e+00
-4.752164646825917771e+00
3.528582510505540171e-02
-4.325631257565607513e-01
-2.955346374207213689e+00
-1.327314128855516806e+00
1.008846234992081037e+00
-7.890700437828330749e-01
-3.668578991454178428e+00
-4.657212244519207012e+00
-1.190709400837304699e+00
3.139670476648612762e-01
5.512372321865539604e-01
-8.672225449024502097e-01
2.926256710607435529e-01
5.048677906939248672e+00
5.784021710557683882e+00
-6.461633103942818757e-01
-5.367080070121252433e+00
-6.058268311687386110e+00
-1.982188767910760152e+00
1.213101338577686761e+00
1.273790385838755368e+00
-1.158070061431927700e+00
-1.447733744406386469e+00
1.041035642191392441e+00
2.952637113549005488e+00
1.697465826516648679e+00
-6.586801174935887904e-01
-3.243272618998500612e-01
-1.229873423955994749e+00
-2.107868623338197356e+00
-4.232052891492259494e-01
2.495850677630858661e-01
-5.301692011355855216e-01
-7.124380398229229749e-01
4.675110794644676826e-02
9.229892026937852600e-01
2.787756740438136482e-01
-3.411667592585275743e-01
-2.026989909097898779e-01
9.931294423913719083e-01
6.981888997298534294e-01
-1.401201037437225239e-01
-1.930970783388574752e-01
-2.289739291271265520e-01
-2.960895332478732378e-01
1.290090187791784748e-01
1.735389190692857575e-01
-5.898529074318834553e-01
-1.948004429453769060e-01
2.444151278047679288e-01
3.501629851900873724e-01
6.279670403128370104e-01
6.894593697755224682e-01
3.189036880932910600e-01
-2.108415766293469940e-02
1.586357551156334367e-01
7.213302845149843767e-01
1.212924230180686624e+00
1.500955296966187458e+00
1.684689083064072834e+00
1.726730882956810653e+00
1.369820350847271939e+00
7.504961639787333105e-01
7.339777671862744990e-01
1.100370945750024809e+00
1.521661655064867613e+00
1.467132703043492414e+00
1.257832947469813778e+00
1.438535802862865864e+00
2.214545279545314660e+00
3.463913420431668833e+00
5.026748431689656904e+00
5.860791873294248333e+00
6.258930136020799395e+00
5.517555696678739352e+00
5.385884828370939736e+00
5.793732876917630392e+00
5.498992496943547970e+00
4.561919997644729108e+00
2.688906178805325009e+00
2.521719063621125301e+00
3.318173492085679133e+00
2.858889413418287617e+00
9.288196863827700156e-01
-5.509368195240651467e-01
2.049311946638461723e+00
3.568861694862786482e+00
2.115859195691754735e+00
-1.707619346901978918e+00
-8.992872438316292794e-01
6.848319048583828561e-02
-4.714563559897415601e-01
-8.022205090033953656e-01
-1.733286980899069185e-01
-1.160929498774634361e+00
-1.401538254675778195e+00
1.213208420801161758e-01
-5.922401470605720419e-02
4.349172364521849410e-01
2.888740101289571260e+00
2.884004559247645538e+00
3.500682507845969127e-01
-2.397990641640497689e+00
-1.732287852259219108e+00
-5.079015408451938995e-01
3.346288682292191119e-01
8.591493889902733772e-01
4.414774596997722567e-01
1.194433307000870581e-01
-4.372651648723022699e-01
-1.124235436895629769e+00
-2.508473621007869525e-01
-2.854989564346903652e-01
-8.797406775894163200e-01
-8.578530059195886848e-01
-4.881962446069856298e-01
-7.599121641615302902e-02
-3.806075678893000025e-01
6.152280585794600576e-02
-4.298192345335127840e-03
-7.438115122726496331e-01
-2.038784670489234951e+00
-4.443406689414925559e+00
-3.667532978547115796e+00
-2.108354394896849726e-01
2.538214085954016319e+00
1.910113144764119752e+00
-2.226087867534018105e+00
-9.456806264462680467e-01
5.694228315381476335e+00
9.525141202081929492e+00
6.290928897384084451e+00
1.265233731616731250e+00
2.538624393943879287e+00
5.026648390100903363e+00
5.074292928490148569e+00
3.481702883502759693e+00
8.954157079898465987e-01
-7.280990734008345733e-01
9.335168153382094047e-01
3.377931690104597262e+00
2.714345603617817293e+00
6.968044892249958266e-01
-8.185103334852874557e-01
1.043812851609846604e-01
1.026121757534613099e+00
1.788054173286069526e+00
1.675414430837876001e+00
1.068572096950459516e+00
1.003880050036303651e+00
1.541918249752348924e+00
-5.039470214555175076e-02
-1.501808233198580922e+00
-1.857085345760602468e+00
-1.538069176805009652e+00
-3.876524167964414680e-01
-5.328744440727799514e-01
-1.817297081273431036e+00
-3.363571771444070269e+00
-3.741913293018624742e+00
-8.876172403069704231e-01
3.193318330952494399e+00
5.864163164461037248e+00
5.395206098758960955e+00
2.664100503824659238e+00
1.601462139724243450e+00
6.180046411927005323e+00
8.777954112723820757e+00
7.045825877076898003e+00
2.288711396603075876e+00
5.667763469625248796e-01
3.259436751742601945e+00
4.298088044191912260e+00
3.729938884849547165e+00
1.410784331705009720e+00
-3.993303712866340671e-01
4.337266042025325063e-01
1.860397415453562964e-01
-4.418530634889346054e-01
-1.201027297569739360e+00
-1.535637029629429717e+00
-1.406857551469634871e+00
-2.364588085027183872e+00
-2.666089593505354127e+00
-2.345812337599028741e+00
-1.431579141198489724e+00
-1.032774380760506761e+00
-1.545390755706470776e+00
-1.353296078758630783e+00
-1.776125617674146007e+00
-2.417166495483673572e+00
-1.916103626351398637e+00
-6.638011470401614655e-01
3.305890753531386395e-01
1.804725754240146252e-01
-7.585159792652237387e-01
9.557383289298051476e-01
2.441970012670032997e+00
2.496920485502759135e+00
1.046493756301830835e+00
1.542789288649381252e+00
2.478283352134436957e+00
9.969818298137181900e-01
1.919337706163657398e-01
9.195075100905192311e-01
9.871523602737909409e-01
2.291378315322306847e+00
3.361845680989801188e+00
1.876975311857918660e+00
7.419987387670864409e-01
3.471291269367013044e+00
4.233454173139505450e+00
2.737582834463644588e+00
5.346471666521982469e-01
2.768626821291362283e+00
5.136142176297566309e+00
5.050596959377633866e+00
3.487795386930987007e+00
2.752479611422159689e+00
4.256459455493144084e+00
5.934563586240961364e+00
6.437794298060982356e+00
5.846041892674661788e+00
5.377749474609561986e+00
5.584633718015016512e+00
5.511170808337421789e+00
4.399404844674777770e+00
3.074475260098069374e+00
2.068169048931331133e+00
1.779328468778965222e+00
1.408309159538061461e+00
6.426924409049559195e-01
2.900999517916427184e-01
6.411765372354517600e-01
6.818449035415974357e-01
6.058687755467481173e-01
1.064088335933060625e+00
1.200238253966615876e+00
1.031148233096462530e+00
9.698839695474675837e-01
1.267155413186137558e+00
1.464553000199241728e+00
4.700460519491173050e-01
-7.307423826401726608e-02
4.481967227434169310e-01
1.379767484506392528e+00
2.826142517250168629e-01
-3.580341168792378070e-01
2.615232101370554840e-01
1.519794296663762312e-01
-1.695995954035383502e+00
-1.907685953359371744e+00
-1.897578615480467246e+00
-1.898845455548148431e+00
-1.332427330225915973e+00
-5.745107927039875273e-01
4.253975033419077345e-01
5.114328038827210543e-01
-7.773207301743940700e-01
-1.491847100123277148e+00
-1.668553603799611817e-01
-1.688087696730884213e+00
-4.489833464726279644e+00
-6.288446704234914364e+00
-5.874984875572465626e+00
-3.389902962795635855e+00
3.192733484909366926e-01
-3.689433425297148350e-01
-2.939351986743676814e+00
-2.901856197420255246e+00
-3.171568812176446261e+00
-4.304508848998961135e+00
-2.269605267774702728e+00
-2.175899035232621515e+00
-4.725306222777984289e+00
-5.330204200539403914e+00
-3.342884871950523085e+00
-2.792853952308588461e+00
-1.293429415429000251e+00
-1.646766381690305536e-01
-2.009339527502913114e+00
-4.372833033134058134e+00
-3.631015315350406336e+00
8.091631912603727272e-01
3.220032146090132219e+00
8.676936333959739400e-02
-4.167637154917924747e-01
1.632354868859780872e+00
1.755397647523653681e+00
1.006259828485952745e+00
-4.469529265550010733e-01
2.366098113888039922e+00
2.752472171338212981e+00
1.640745796676292834e+00
3.650708947312657493e-01
-1.063080911898348191e+00
-1.124174150547241791e+00
-1.186151712645250988e+00
7.769248460302796699e-01
2.409917651245334191e+00
4.138566375751396187e+00
3.331183267480910981e+00
9.740136166753373681e-01
2.859469995133096187e+00
4.118737324718503956e+00
2.918865679037643268e+00
1.240122485225162663e+00
1.692419696945320462e+00
1.955034620267593226e+00
1.411018527333933292e+00
1.131013084185356954e+00
1.782992075534385545e+00
1.665363510065150043e+00
5.733363076662452151e-01
8.828942757172187905e-01
0.000000000000000000e+00
0.000000000000000000e+00
0.000000000000000000e+00
0.000000000000000000e+00
0.000000000000000000e+00
0.000000000000000000e+00
0.000000000000000000e+00
0.000000000000000000e+00
0.000000000000000000e+00
0.000000000000000000e+00
0.000000000000000000e+00
0.000000000000000000e+00
0.000000000000000000e+00
0.000000000000000000e+00
0.000000000000000000e+00
0.000000000000000000e+00
0.000000000000000000e+00
0.000000000000000000e+00
0.000000000000000000e+00
0.000000000000000000e+00
0.000000000000000000e+00
0.000000000000000000e+00
0.000000000000000000e+00
0.000000000000000000e+00
0.000000000000000000e+00
0.000000000000000000e+00
0.000000000000000000e+00
0.000000000000000000e+00
0.000000000000000000e+00
0.000000000000000000e+00
0.000000000000000000e+00
0.000000000000000000e+00
0.000000000000000000e+00
0.000000000000000000e+00
0.000000000000000000e+00
0.000000000000000000e+00
0.000000000000000000e+00
0.000000000000000000e+00
0.000000000000000000e+00
0.000000000000000000e+00
0.000000000000000000e+00
0.000000000000000000e+00
0.000000000000000000e+00
0.000000000000000000e+00
0.000000000000000000e+00
0.000000000000000000e+00
0.000000000000000000e+00
0.000000000000000000e+00
0.000000000000000000e+00
0.000000000000000000e+00
0.000000000000000000e+00
0.000000000000000000e+00
0.000000000000000000e+00
0.000000000000000000e+00
0.000000000000000000e+00
0.000000000000000000e+00
0.000000000000000000e+00
0.000000000000000000e+00
0.000000000000000000e+00
0.000000000000000000e+00
0.000000000000000000e+00
0.000000000000000000e+00
0.000000000000000000e+00
0.000000000000000000e+00
0.000000000000000000e+00
0.000000000000000000e+00
0.000000000000000000e+00
0.000000000000000000e+00
0.000000000000000000e+00
0.000000000000000000e+00
0.000000000000000000e+00
0.000000000000000000e+00
0.000000000000000000e+00
0.000000000000000000e+00
0.000000000000000000e+00
0.000000000000000000e+00
0.000000000000000000e+00
0.000000000000000000e+00
0.000000000000000000e+00
0.000000000000000000e+00
0.000000000000000000e+00
0.000000000000000000e+00
0.000000000000000000e+00
0.000000000000000000e+00
0.000000000000000000e+00
0.000000000000000000e+00
0.000000000000000000e+00
0.000000000000000000e+00
0.000000000000000000e+00
0.000000000000000000e+00
0.000000000000000000e+00
0.000000000000000000e+00
0.000000000000000000e+00
0.000000000000000000e+00
0.000000000000000000e+00
0.000000000000000000e+00
0.000000000000000000e+00
0.000000000000000000e+00
0.000000000000000000e+00
0.000000000000000000e+00
0.000000000000000000e+00
0.000000000000000000e+00
0.000000000000000000e+00
0.000000000000000000e+00
0.000000000000000000e+00
0.000000000000000000e+00
0.000000000000000000e+00
0.000000000000000000e+00
0.000000000000000000e+00
0.000000000000000000e+00
0.000000000000000000e+00
0.000000000000000000e+00
0.000000000000000000e+00
0.000000000000000000e+00
0.000000000000000000e+00
0.000000000000000000e+00
0.000000000000000000e+00
0.000000000000000000e+00
0.000000000000000000e+00
0.000000000000000000e+00
0.000000000000000000e+00
0.000000000000000000e+00
0.000000000000000000e+00
0.000000000000000000e+00
0.000000000000000000e+00
0.000000000000000000e+00
0.000000000000000000e+00
0.000000000000000000e+00
0.000000000000000000e+00
0.000000000000000000e+00
0.000000000000000000e+00
0.000000000000000000e+00
0.000000000000000000e+00
0.000000000000000000e+00
0.000000000000000000e+00
0.000000000000000000e+00
0.000000000000000000e+00
0.000000000000000000e+00
0.000000000000000000e+00
0.000000000000000000e+00
0.000000000000000000e+00
0.000000000000000000e+00
0.000000000000000000e+00
0.000000000000000000e+00
0.000000000000000000e+00
0.000000000000000000e+00
0.000000000000000000e+00
0.000000000000000000e+00
0.000000000000000000e+00
0.000000000000000000e+00
0.000000000000000000e+00
0.000000000000000000e+00
0.000000000000000000e+00
0.000000000000000000e+00
0.000000000000000000e+00
0.000000000000000000e+00
0.000000000000000000e+00
0.000000000000000000e+00
0.000000000000000000e+00
0.000000000000000000e+00
0.000000000000000000e+00
0.000000000000000000e+00
0.000000000000000000e+00
0.000000000000000000e+00
0.000000000000000000e+00
0.000000000000000000e+00
0.000000000000000000e+00
