-1.616821289062500000e+00
-1.706070314037597679e+00
-1.729538339255792145e+00
-1.953842016068567666e+00
-2.101173611059989010e+00
-2.301401683334578507e+00
-1.960218569549976753e+00
-1.270800369487671722e+00
-2.964658389938258587e+00
-4.581420669972850135e+00
-2.916457792061867504e+00
-2.456675267747421287e-01
-3.769082981449811687e-01
2.146964860173607992e-01
-9.276747442922550491e-01
-2.362642070058241117e+00
-5.484542942854155889e-01
3.708273795969718734e-02
8.200909727159471085e-01
-3.641275153802714826e+00
-7.285372948833394702e+00
-6.836763123560142041e+00
-3.217032697967892041e+00
-4.234468496282981498e+00
-7.520271942714994218e+00
-2.829692463009294112e+00
-3.886120100324875537e+00
-7.809303301430368105e-01
-1.078655782167370347e-03
1.391163789070736012e+00
3.722656010283160732e-01
2.302188893005098436e+00
2.385464126267408780e+00
1.163448987870892015e+00
1.176631692037813703e+00
-1.679795147938724087e+00
-1.540878650493468616e+00
9.383159857535383619e-01
-1.191698639633796741e+00
1.501343180903169205e+00
-5.093883825729308867e+00
-1.366221781114749234e+00
1.095241557051558345e+00
-7.274793907010250749e-01
1.965991720882819926e+00
6.861866683774016096e-01
4.302238170144514484e-01
1.757297382946784392e+00
3.592890383706239810e-01
-1.757363471463870397e+00
-1.112355140089805960e+00
2.514026462827041897e+00
-1.132059416361685056e+00
1.203009386940161463e-01
-1.857658262604391819e+00
-2.641816074229419886e+00
-1.138287627044545669e+00
1.221634099407149732e+00
-7.078292517954793972e-01
6.107178489247844233e-02
-9.679737754245485437e-01
-8.735412410863232502e-01
-2.093635576283886301e+00
5.796819436681897031e-01
1.942244181909698941e+00
1.209257836680839970e+00
-2.318547638691902169e+00
-1.665265238829825689e+00
8.319949149228977880e-02
-6.033765390223099212e-01
1.227184100843452086e+00
-2.182400838143250255e-01
2.742626401227445498e+00
1.024838649041684091e+00
1.380836735576241425e+00
-3.255939456132721510e-01
9.819096847812607276e-01
-8.353590146729938937e-01
-6.774462185109271228e-01
-9.896538265610874685e-01
2.147744213882223363e-01
-1.052879869760565690e+00
4.881022487795361187e-02
-1.104455955076972584e+00
-2.779866641376060876e-01
1.869837598203495377e-01
2.805432457625656184e-01
7.190654051748068820e-01
3.891014034763092821e-01
3.488745594979938414e-01
6.587299953570424638e-01
5.439383720186301563e-01
1.018072975494875632e+00
1.287139419732119539e-01
-5.131940047484726541e-01
-8.005300983843004481e-01
2.860355948636115198e-01
-1.490595275045061063e+00
-5.488181649569248144e-01
4.577306526454665292e-01
1.051232841696201792e+00
7.795752936638280506e-01
8.526881328000576188e-01
1.885244776513304688e+00
-6.068813911358652557e-01
-1.087824515124723446e+00
4.922523955495328174e-02
7.525255776018194842e-01
-3.006232645158161132e-01
1.834457934522250033e-01
7.291507914500396925e-01
-1.121533606110229897e-01
-1.677006030546714266e+00
-2.237742366201504129e+00
-1.902324105288097034e+00
-8.386801501499754341e-01
-9.252776004676155353e-02
-8.423668088865167158e-01
-3.946067789337253107e-01
-8.487998540203099962e-01
2.425570456451425772e-01
-8.049795260631458227e-01
-1.319251489041923797e+00
-5.660997917265038204e-01
8.402598743674134507e-01
-1.559282128170101922e-01
-2.512929772083083879e+00
-5.378239560988617995e+00
-3.901994548274391406e+00
-1.243012578433605908e+00
-1.131701199904055821e+00
-1.054428054396385539e+00
-1.041669845655079474e+00
-3.259208153832887866e+00
-3.539614198188723471e+00
-2.964143257995169201e+00
-4.090700657504033444e+00
-3.879916642548708161e+00
4.884237083972280402e-01
-3.032017998359417099e+00
-6.430562205805070430e-01
-4.783986994087195299e+00
-9.556926700781918527e+00
-9.435905535150647339e+00
-4.080191764459237369e+00
5.596388315264849700e-01
3.028863100726846280e-01
1.513417478482509182e+00
-1.316461554423137503e+00
-6.906913164673205152e-01
1.785207912500436533e+00
2.896664366294159798e+00
9.988150285151266017e-01
-5.798115228178657432e-02
3.163724069525986060e-01
1.652940967608054201e+00
-1.413294495172148668e+00
2.556554985358394205e+00
-1.131894452203474621e+00
1.988604222169019664e+00
8.358028014825755747e-01
1.816060576453851994e+00
1.034090598290120955e+00
6.726689816663176558e+00
2.523544317773005474e+00
4.233224956001023997e+00
-3.762108494599308628e+00
6.890728213584131900e+00
1.863496997813654410e+00
3.960869187751242748e+00
-1.355952373658591092e+01
-8.820976617900738503e+00
3.531890510097879243e-01
1.692240903871824020e+00
-6.219894397589371238e+00
-9.202029430560809686e-01
4.000546053708013972e+00
-3.020881729413331662e+00
-5.725797320956838021e-01
9.630430199306196926e-01
3.705910830918616394e+00
-9.804646363490592265e-01
-2.156087653523766967e+00
3.355269284912022698e+00
6.886262948617916102e-01
-9.257275591954903238e-01
-4.486463031611990893e+00
-6.623128126593062603e+00
-5.778309160288626067e-01
1.370132293549787939e+00
-1.576393411611152873e+00
1.161365356706136609e-01
-1.538060011526307669e-01
2.134396354139553864e+00
7.168340011602943207e+00
4.719709349077016114e+00
4.569115915141349404e+00
-2.193672201592831605e+00
-6.802778931734425605e-01
3.963462356039602952e+00
8.657703948086780343e+00
7.212811830646732147e+00
7.457568407483075035e-01
-1.549952662844115370e+00
4.864565348215503349e+00
5.738527428982864720e+00
5.774455350845100199e+00
4.582567418462918596e+00
1.420430162068288871e+00
2.253907743369210070e+00
3.962460793562377681e+00
3.957230915825604267e+00
3.895739315651256973e+00
5.910183021281745219e-01
-1.984730541965630035e+00
-1.865959212042356263e-02
6.367796514118204687e-01
2.750463399603698456e+00
1.902780627047064854e-01
1.299197233504389537e+00
1.948229935698034820e-01
2.415904330010939516e-01
2.080758996543539574e+00
1.070706675470817437e+00
2.271597789535904077e+00
-1.556276804125075852e+00
-4.217065312956114198e-02
8.190941009802489292e-01
-6.380652000931814616e-01
1.545401592307523053e+00
1.111546032475303258e+00
2.830131284855835760e-01
-9.016532004932730215e-01
-3.772509156964947152e-01
1.755309035250393945e+00
2.191573599602215872e+00
-4.435110936663569925e-01
1.216945587169776521e+00
3.234323371673382574e+00
1.629210485750732573e+00
1.456850097770656660e-02
6.711967841642532129e-01
2.877026395612162890e+00
8.456596696683167380e-01
1.343901693234534900e+00
-4.066093880745014211e-01
1.249532701612774854e+00
2.876307510160454051e-01
5.287087365566729424e-01
2.396398744611072829e+00
9.921443447366233848e-01
4.672116071375688406e+00
2.314719648780148020e+00
1.922200471360665075e+00
1.084207612952219346e+00
3.763252838282745039e+00
1.550848176259401301e+00
2.270287449305997463e+00
-3.198697290635656443e-01
2.233613219933559435e+00
-3.406121541073192649e-01
9.660760554618597062e-02
9.461639956050093003e-01
-4.255858192089490011e-02
1.122716242701629064e+00
-8.869827253885260721e-01
1.551004618004337754e+00
-1.687313783026548331e+00
-5.901464159170188850e-02
4.551704940561348556e-01
1.869061415602982112e+00
-8.286380080525046488e-02
2.323631767118700675e-01
1.178025426634534023e+00
5.302791607750172442e-01
4.017531592292700182e-01
7.859345995414873665e-01
-4.126655745043164014e-01
-9.364483052144971786e-01
-4.877321486342023338e-01
-1.718168383588041470e+00
3.908701794261343343e-01
-1.014128898571445836e+00
3.956603178605586635e-01
-4.577439859440851633e-02
-1.031340580339892510e+00
3.226011345088904969e-01
-3.324695692967811755e+00
-2.315727257518621407e+00
-2.776933513347025428e+00
-3.153594088753436164e+00
-3.231755164594634522e+00
-3.441557286399972160e+00
-1.351073290765169244e+00
-5.598116829383688930e+00
-3.477876815095960250e+00
-2.276425964001916213e+00
-1.031416966290851667e+00
-1.932592581161039158e+00
-6.710441166851948136e-01
7.087150205080272602e-01
-1.947781952284286300e+00
-1.523921190086409805e+00
-1.674766440133340639e+00
-2.022827240837766993e+00
-2.484582338581620586e+00
-7.700091666849728789e+00
-6.518250081652160688e+00
-7.527892136729279482e-01
-3.133892456156801565e+00
5.775863818012678674e-01
-4.243798563337065843e+00
-2.504876400363468480e+00
1.572302217604751640e+00
-8.558562425772351379e-01
-1.069500652719458378e+00
-4.137671581434790191e+00
-5.622638147878880055e-01
-6.421874965036346694e+00
-6.455892711465140543e+00
-2.573198513007088906e+00
-5.475743952027929851e+00
-1.657838765122802016e+01
-1.585342829291489863e+01
-1.394062488029761404e+00
-4.863902971223254212e+00
-6.660472765522396088e-03
-2.516849875431459882e+00
8.012759007844949544e-01
-3.495617894475877563e-01
9.384065480014700533e-01
5.199129423896695634e-01
2.380058505094274857e+00
2.023895904744962060e+00
-3.644239879201803145e+00
-2.564594803217810082e+00
2.345774006701197845e+00
1.469820217177021160e+00
-8.039500830885897287e-01
-1.941914106957983499e+00
1.503512001749383487e+00
3.648919932288435142e+00
1.416931369893295045e-01
-8.637318987472530907e-02
-4.598599003980874400e-02
7.546178143099089297e-01
1.042129465097432206e+00
-1.285761094683969930e+00
2.454768518013749734e+00
-3.035201740721851227e+00
-9.463977321017353006e+00
-1.110132707601513857e+01
-4.443115517564326211e+00
-3.566906711291037979e-01
-9.628543280838743890e-01
3.119517090837105044e-01
-3.339523902699260915e+00
-3.089654816333381238e+00
-3.341261712737946699e+00
-1.793589268086402289e+00
-2.634964081581882667e+00
9.236683459289065645e-01
-1.334730535881903490e+00
-1.479477370367770828e+00
-2.609196046621775622e-01
-3.687255593099972195e+00
-3.030388096069808856e+00
-6.132369963388444312e-01
5.173413400374028415e-01
-3.518365000801210174e-01
2.249833627388892143e+00
2.561842752307194271e+00
4.328629688102372697e+00
4.122206420497048107e+00
1.004234682856518068e+00
1.634768569114538828e+00
4.522536152846027058e+00
7.809782615603666045e+00
6.873374750610881101e+00
5.132279966755191936e+00
-4.943583186046822675e-01
2.162338568179970721e+00
9.775336771312302275e+00
1.034303253614602092e+01
9.008509029895051867e+00
2.600534334201761943e+00
-4.123704409823641948e-01
6.019766003956224409e+00
4.508225276484196797e+00
6.439806589174104978e+00
2.578864552337454263e+00
2.526819237996049239e+00
2.062726909372154083e+00
7.097391381606751315e-01
3.992098981484742293e+00
1.472918226340471648e-01
5.146791276016258188e-01
2.416917196393868039e+00
5.973260809498882606e-01
2.860686347897482662e+00
3.508552339698019384e+00
1.957438669980470225e+00
1.121533861893321715e+00
4.342645652460102923e+00
2.088746033569412575e+00
1.623496174161250138e+00
3.379769203308919945e-01
6.630382034875444752e+00
6.202326041572095328e+00
1.135247367144475827e+00
3.320125581936282266e+00
6.892623565690156440e+00
8.018550356753410213e+00
2.682058658574972831e+00
6.711453154772248908e+00
5.975376154526173877e+00
8.562498966241403053e+00
2.673369586289837674e-01
6.506205469702002198e+00
3.546479074698566158e+00
7.514091142086972930e+00
2.955590948369249293e+00
3.198986190614101943e+00
4.505228993797478765e-01
6.756456191605478168e+00
3.483547889354506211e+00
7.204128347218441419e-01
-1.233860782538595657e+00
3.663850204188630499e+00
3.807852809261695448e+00
-1.235164234050439624e+00
-2.573020890919434756e+00
1.324446016739260212e+00
1.384001294783131941e+00
6.671803489301078027e-01
5.519417339509258280e-01
1.064969772868007647e+00
-8.906112024574928121e-01
-4.512283223443672497e+00
-2.792764672023841044e+00
-2.008118263108658041e+00
-1.948154511339625472e+00
5.272712302647231120e-01
-2.066953609975229256e+00
-3.775331779422220979e+00
-1.470667447880351197e+00
-2.373128640898010122e-01
-2.288690667512017995e+00
-1.731108783069017498e+00
-1.158436883431391173e+00
-4.803316817869824895e+00
-2.577502244179444180e+00
-4.674550140053163716e+00
-6.386443106851681151e+00
-1.438398683520866639e+00
-2.918062022684524415e+00
-9.340298865727991728e-01
-2.617118790838961928e+00
-2.593566145746612150e+00
1.042447812337377044e-01
-2.089963459636867249e+00
-1.825881715556592066e+00
-5.323660719990783718e-01
-1.934546604121244684e+00
-1.104176717582123324e+00
-2.809153100355629817e+00
-2.632582977705935967e+00
-4.614000109751978052e+00
-3.877663258073803743e+00
-8.611770055425017389e+00
-4.685675374279911765e+00
-3.638205427682426496e+00
-6.009766705058050107e+00
-7.620754191865593441e+00
-4.731526304569493746e+00
-4.359409431330385498e-01
-7.398097648465247200e-01
-2.480702852496398769e+00
-3.686175923236956642e+00
-1.713220604114425560e+00
8.223541607753421800e-01
-5.359999676160467352e-01
2.820952502808744544e-01
-2.144781852286633317e+00
-3.244933499301057900e+00
-1.819267864505815346e+00
-1.058912063128938374e+00
-1.603456914795049926e+00
-2.705235796296102002e+00
-1.457103515557986118e+00
-1.308315670086030336e+00
-7.204058425159047818e-01
-7.353734754719480904e-01
7.423019704562400234e-01
1.180348157978609258e+00
1.068889285951998280e+00
1.579803481430264167e+00
3.956905564742502768e-01
5.552830035868168146e-01
9.906600318954605910e-01
