2.171722412109375444e+00
1.339083204314382769e+00
-9.367647347239818068e-01
-3.391883391964157113e+00
-2.924143098408084729e+00
-8.774804581335804432e-01
-1.909676357125160040e+00
-1.466973171995391567e-01
1.901260196900405264e+00
1.108406884618822863e+00
1.134138065655351468e+00
-9.153739974967978199e-02
-3.248785658289513822e+00
-1.545957807415880403e+00
1.463084383098197216e+00
-1.326933472920564627e+00
-9.201662127054124340e-01
-1.013386058681569502e+00
-1.967633890777363170e+00
-7.025257883124993441e-01
1.196887179852805794e+00
-2.495610256072641420e+00
-1.434711968161959561e+00
8.461711218458543016e-01
-1.135300112841772791e+00
-9.990687014044166148e-01
1.104675152973075836e+00
-5.717532603127204460e-01
-1.261990775123106978e+00
2.971206396088792445e-01
1.249183155316551108e+00
-8.241071545640938911e-01
-1.202219111492071058e-01
1.432459181578239260e+00
-1.938113210872842718e+00
-1.986682965290178959e+00
-5.561428596384101475e-01
-3.385906509714917689e-01
-3.965571479037270919e-01
7.955396265754073326e-01
1.037698237839173254e+00
6.299490793841051595e-01
1.750129028448788038e+00
-3.836039338746568550e-01
-2.265659535918044032e+00
1.414031250380811677e-01
1.077587837901962109e+00
-2.285815499495468028e+00
-1.008363847475755026e+00
7.642266758857201303e-01
1.130086247658441012e+00
-1.313811466071939549e+00
-1.025480382972860260e+00
8.526878033301370508e-01
4.438826724282594061e-01
-1.466397346835472071e+00
1.684227350550431268e-01
3.936811774008848186e-01
-9.200687696942664306e-01
4.546673137523247199e-01
5.047482509198653045e-01
-1.381648697795020864e+00
5.085947074156156322e-01
7.295165860061947338e-01
-2.349427931716270734e+00
-1.424064625781098492e-01
3.561412094614574197e+00
-2.818961974240904667e+00
-6.189396885844102414e+00
-4.447391110405973791e-01
-1.013031890187085615e+00
-3.656902598836346385e+00
2.983763675478798838e+00
8.888610379617881918e+00
2.834204811020095249e+00
-1.827685354176070254e+00
-1.244445099594075677e+00
-2.684645531832922760e+00
-9.841974250954594883e-01
1.342085682093822063e+00
1.711709639506233671e+00
1.617194602029852657e+00
1.258164060920315075e+00
4.949610308601117836e-01
-7.573906696587906495e-02
-6.546597101416088416e-01
1.639462329619036929e-01
1.203526529972220649e+00
6.131658044206655944e-01
-1.445127836419382028e-01
-8.081911194714908042e-02
2.044493038036965249e-02
-5.802800059474479966e-01
5.443611072470446732e-01
1.829898730433358267e+00
1.642643716243707752e+00
5.374786590913405160e-01
2.233654956586372808e-01
8.236887450886670736e-02
-5.945133002168903058e-01
1.385817624710115492e+00
1.559918884903277903e+00
4.986026055887662345e-01
3.673446719403357097e-01
6.472951201940884136e-01
-7.923393304943950888e-01
-1.130977496639596236e+00
8.507807632406021447e-01
2.605678740186579745e+00
6.017309979484768423e-01
-1.054079540216090738e+00
8.271579496893661787e-01
2.677298305924046495e+00
2.471486060857090106e+00
8.780887061039207575e-01
1.211797230303889084e+00
1.935929604841936547e+00
1.390959744214117277e+00
-3.873961183555141297e-01
-1.069876562758554916e+00
-1.308049225472627697e+00
-2.956636952797886408e+00
-3.800661237993506969e+00
-2.973387727786060530e+00
-2.197874967428615101e+00
-1.856347222841140621e+00
-2.164037778163041104e+00
-1.859539848363219283e+00
2.091971242178227719e-01
2.231087986449892480e+00
2.192879067915244118e+00
2.386022991666023607e-01
-6.736873352640335710e-01
2.402561048533360388e-01
-5.746208916471906569e-02
-1.242466224794664065e+00
-2.001072666885717055e-02
5.002154509391618653e-01
8.500076042190551906e-01
1.165107852744399208e+00
3.125965418184879496e-01
-6.985510748486272181e-01
-5.509841317445745013e-01
9.153142283119064526e-01
1.392284379884120682e+00
1.505690249843628203e+00
1.155330123827979172e+00
1.001301984058016181e+00
4.213089820826575460e-01
-2.634043315167483024e-01
-4.227056537807241110e-01
-3.403199139917523208e-01
2.321215698576799547e-01
5.691954136462400449e-01
6.382548360180528846e-01
8.651992350379740238e-01
9.532365383170262607e-01
-1.526142147272475658e-01
-1.571237906743085500e+00
-1.107021317151637207e+00
-2.922608232707193388e-01
1.676139644045235855e-01
3.998140083750061358e-01
7.230689383468518194e-01
7.293046488572949571e-01
-2.035360800760463995e-01
-6.099059604769244691e-01
1.152313790901128510e+00
2.031968731458122512e+00
2.513026431434645325e+00
2.196219407233553245e+00
1.567652504805558067e+00
6.756209263091046413e-01
-1.169182288368451061e-01
-1.900287532374574928e-01
-3.796526813374709874e-01
-3.387900061760761306e-01
5.565977349588671075e-01
1.324450861562246562e+00
1.206283891276269671e+00
7.060750965243378641e-01
-3.902643601944704166e-01
-1.340380480924010964e+00
-7.380283952826857119e-01
-1.484774989369641585e-01
-4.057309547755989509e-01
-1.003700941139177072e+00
-1.147350288787075234e+00
-2.208452856686700105e-01
8.283038525539255792e-01
6.679125981790670075e-01
-2.239263828383321053e-01
-5.402230438185627870e-01
5.542308377691317345e-01
9.869374403687332098e-01
4.149478278499187933e-01
-1.317596831272587199e-01
-2.450072591259704335e-01
-1.769783965324843722e-01
-4.369145111234842282e-01
-5.164147456278058712e-01
-1.625060896310699388e-01
9.787625184046635507e-01
1.458878854782817314e+00
9.981256168052135003e-01
3.290358988144284069e-01
1.299113157489850678e-02
-4.900660207655529454e-01
-1.844462237251596637e+00
-6.739918023148161463e-01
1.477469329144321053e+00
2.609752940158413193e+00
2.557985976942665829e+00
1.930759585182940441e+00
9.574493746399115324e-01
-2.223829965949004617e-01
-1.001870828424915150e+00
8.852559367247647693e-02
1.047839185043864196e+00
9.639392801010785439e-01
7.490085086708710982e-01
1.074040416304434142e+00
1.460866714864285765e+00
5.116138643640283368e-01
-2.568027849137919372e-01
-1.156756276474715239e+00
-9.051468027523279503e-01
4.781720276959529059e-01
1.291354954059339866e+00
7.888819435777993938e-02
-4.707577437435843670e-01
-3.076486723883986585e-01
-6.459133367743086218e-01
-1.951499790065538420e-01
1.842649992374922885e-01
6.372940379034108815e-02
4.384094063676404751e-01
4.357694213181164677e-01
-8.795253390953794437e-01
-2.967790452767109510e+00
-1.679309868349867951e+00
-5.442215807858277188e-01
-1.121745319860760315e+00
-8.413017078444084973e-01
4.080205048126410716e-01
6.471249005703905155e-01
-4.158815735925478485e-01
-1.668547701204244893e+00
-1.635666799357188950e+00
-9.166579466409809918e-01
-2.690679723255702260e-01
2.077378720463654016e-01
1.236875679657720717e-01
5.181316309079136984e-01
1.196567322510122100e+00
3.646931285662744493e-01
-3.120731962458458408e-01
9.778197878910921403e-01
2.047078393198827673e+00
1.812262900611818495e+00
-1.947869879362598144e-01
2.286748231366368955e-01
8.995503168276366424e-01
1.114281328449307829e+00
-7.802271896863877121e-01
-3.179683463608566907e-01
1.627654775140434218e+00
2.123409446139623569e+00
6.963352274276412013e-01
1.262936947915262564e+00
1.177936057982908791e+00
8.210606310189769719e-01
1.756892894168121666e+00
1.993646567268349656e+00
4.902583617804678884e-01
-8.267423723734345087e-01
-2.758113870683093216e-01
-6.612793090375899130e-01
-4.951453211582066416e-01
6.945836367819402390e-01
1.626030745218462803e+00
7.687316063313731629e-01
-7.201024160826652309e-01
-7.007892661135490808e-01
-1.365222149619182979e-02
9.293673385290455169e-01
1.734377736138589921e+00
1.607751783947045432e+00
3.145539636398053673e-02
-1.961201825127347753e+00
-1.354368230013921703e+00
-2.038139711129596243e-01
-1.304821387332451899e+00
-1.031309489013618297e+00
1.309997410353847869e+00
-3.802074224792821866e+00
-6.353868545861293349e+00
-3.480453690933235311e+00
-3.667319137705676191e+00
-6.460384670308072508e+00
5.566879568369325071e-01
8.898613600414234881e+00
5.680253134816355853e+00
5.553165596174958196e-01
1.433027535314451484e+00
2.808514811153554724e+00
-1.531092467708017324e-02
1.844780828991405830e+00
3.157274857110206057e+00
1.628912311441362615e+00
7.788022938234044901e-01
6.026189272656443663e-01
-2.272309864393964318e-01
-5.834888580174331096e-01
-1.708965743798758208e-01
-5.783419520834449656e-01
-8.348420099981086473e-01
2.974459014084367414e-01
-9.623280839359904526e-02
-2.125440729776237880e+00
-9.573965325514857128e-01
1.545203912900844578e+00
-1.111775536905669659e+00
-2.896501471612552336e+00
2.209225610228775505e-01
1.441647853316005534e+00
-1.442574176346476111e-01
-1.201449279837615070e+00
-3.942021684068668375e-01
-2.122178509135679292e-01
-1.295843625415929345e+00
-2.573417179654716502e+00
-2.084544570811778907e+00
-3.439728314306327306e-01
1.219417742466593069e+00
-3.071761793199225821e-01
-2.918449373937463953e-01
1.264476861506589778e+00
6.074422553242930789e-01
-8.217392569387036438e-01
-7.555499256111264383e-01
4.184864518422632962e-01
-9.569128834043434395e-01
2.494889024784785470e-01
-1.779695412470883031e+00
-4.394120663566468465e+00
-3.170256799846014495e+00
8.332330363742375123e-01
-1.513398951334725240e+00
-2.069619969478311283e+00
-7.535030627396656078e-01
1.343000436070649783e+00
3.180768311389135850e+00
1.102680163760324072e+00
-4.516367377246849557e+00
-1.830339174197058938e+00
5.397227377028102069e-02
-1.953011426044172216e+00
1.182393134399478685e+00
2.107854846168084606e-01
9.080487805781229937e-01
2.169351159786918615e+00
9.686071691284690033e-01
-3.856894448934560238e-01
-1.025133661027323395e+00
-1.224993749320716585e+00
9.891829776654610384e-01
2.302164742956324339e+00
4.742827755162799530e-01
1.107733988154362637e+00
6.710359463081787545e-01
9.715308505854816090e-01
2.654705009916953795e+00
3.502385666064361747e+00
0.000000000000000000e+00
0.000000000000000000e+00
0.000000000000000000e+00
0.000000000000000000e+00
0.000000000000000000e+00
0.000000000000000000e+00
0.000000000000000000e+00
0.000000000000000000e+00
0.000000000000000000e+00
0.000000000000000000e+00
0.000000000000000000e+00
0.000000000000000000e+00
0.000000000000000000e+00
0.000000000000000000e+00
0.000000000000000000e+00
0.000000000000000000e+00
0.000000000000000000e+00
0.000000000000000000e+00
0.000000000000000000e+00
0.000000000000000000e+00
0.000000000000000000e+00
0.000000000000000000e+00
0.000000000000000000e+00
0.000000000000000000e+00
0.000000000000000000e+00
0.000000000000000000e+00
0.000000000000000000e+00
0.000000000000000000e+00
0.000000000000000000e+00
0.000000000000000000e+00
0.000000000000000000e+00
0.000000000000000000e+00
0.000000000000000000e+00
0.000000000000000000e+00
0.000000000000000000e+00
0.000000000000000000e+00
0.000000000000000000e+00
0.000000000000000000e+00
0.000000000000000000e+00
0.000000000000000000e+00
0.000000000000000000e+00
0.000000000000000000e+00
0.000000000000000000e+00
0.000000000000000000e+00
0.000000000000000000e+00
0.000000000000000000e+00
0.000000000000000000e+00
0.000000000000000000e+00
0.000000000000000000e+00
0.000000000000000000e+00
0.000000000000000000e+00
0.000000000000000000e+00
0.000000000000000000e+00
0.000000000000000000e+00
0.000000000000000000e+00
0.000000000000000000e+00
0.000000000000000000e+00
0.000000000000000000e+00
0.000000000000000000e+00
0.000000000000000000e+00
0.000000000000000000e+00
0.000000000000000000e+00
0.000000000000000000e+00
0.000000000000000000e+00
0.000000000000000000e+00
0.000000000000000000e+00
0.000000000000000000e+00
0.000000000000000000e+00
0.000000000000000000e+00
0.000000000000000000e+00
0.000000000000000000e+00
0.000000000000000000e+00
0.000000000000000000e+00
0.000000000000000000e+00
0.000000000000000000e+00
0.000000000000000000e+00
0.000000000000000000e+00
0.000000000000000000e+00
0.000000000000000000e+00
0.000000000000000000e+00
0.000000000000000000e+00
0.000000000000000000e+00
0.000000000000000000e+00
0.000000000000000000e+00
0.000000000000000000e+00
0.000000000000000000e+00
0.000000000000000000e+00
0.000000000000000000e+00
0.000000000000000000e+00
0.000000000000000000e+00
0.000000000000000000e+00
0.000000000000000000e+00
0.000000000000000000e+00
0.000000000000000000e+00
0.000000000000000000e+00
0.000000000000000000e+00
0.000000000000000000e+00
0.000000000000000000e+00
0.000000000000000000e+00
0.000000000000000000e+00
0.000000000000000000e+00
0.000000000000000000e+00
0.000000000000000000e+00
0.000000000000000000e+00
0.000000000000000000e+00
0.000000000000000000e+00
0.000000000000000000e+00
0.000000000000000000e+00
0.000000000000000000e+00
0.000000000000000000e+00
0.000000000000000000e+00
0.000000000000000000e+00
0.000000000000000000e+00
0.000000000000000000e+00
0.000000000000000000e+00
0.000000000000000000e+00
0.000000000000000000e+00
0.000000000000000000e+00
0.000000000000000000e+00
0.000000000000000000e+00
0.000000000000000000e+00
0.000000000000000000e+00
0.000000000000000000e+00
0.000000000000000000e+00
0.000000000000000000e+00
0.000000000000000000e+00
