3.439453125000000000e+00
2.924432552726865531e+00
2.368197360049786315e+00
2.036200576090717362e+00
1.975445594505581770e+00
2.048911409641283932e+00
2.014507347467167975e+00
1.446885263202673189e+00
5.307168332237897079e-01
2.123821164777897064e-01
2.558080243619490490e-01
3.464327829668101266e-02
7.710534286975345708e-02
6.524225818351732098e-01
1.513135752084869390e+00
1.925950831858102230e+00
1.189073699579738186e+00
5.797509164263794368e-01
6.972648864058732521e-01
1.000874754547819601e+00
1.099178641030469139e+00
8.740807818241351779e-01
5.933701940487370319e-01
8.227192722965834815e-01
1.234001947637027641e+00
1.557808188363674962e+00
1.801754651969106780e+00
2.129555199171610624e+00
2.536949952236598360e+00
2.826615876905897107e+00
2.812763810915001716e+00
2.442527041941419341e+00
1.788987419988338434e+00
1.064007407078866096e+00
7.968287121886677982e-01
1.342291435381107068e+00
1.933552090545467728e+00
2.052630019177120957e+00
1.689752331418897358e+00
1.065125973694880823e+00
5.353411823967682004e-01
3.115513697707943397e-01
2.084626234910880171e-01
-6.852761752553315766e-02
-2.126356947318908119e-01
4.221621471040448714e-01
1.657632537917453019e+00
2.252437674895158004e+00
2.059170141904191453e+00
1.695126356691790903e+00
1.189843802687419627e+00
5.071078234262909046e-01
-3.392398423564647603e-01
-1.002110328429335340e+00
-6.556063786862469378e-01
-5.216258997047634738e-01
-3.227161685995481033e-01
-2.794370710224569621e-02
1.678297606653332830e-01
1.732785638814952067e-01
4.456783621877735690e-03
-1.619231382707082556e-01
-9.610646278224388439e-02
2.066952944767654898e-01
3.336106780311136610e-01
2.478442057423240197e-01
1.939305784417807432e-01
1.331005706624447393e-01
-1.561623183073799215e-01
-8.277144348894469594e-01
-9.447780403964840534e-01
-6.835291191204141414e-01
-4.445094058537104598e-01
-2.757871000544888096e-01
-2.452097174967807769e-01
-2.898506419770624509e-01
-1.261287108544811852e-01
-1.542935935038121098e-01
-2.729535709481603067e-01
-2.423598239357209194e-01
-2.821189044779237598e-02
-4.932616637631798140e-02
-7.918611924312790595e-02
2.373452254966357255e-02
-1.313060619965533693e-01
-5.916044489211897961e-01
-4.471528416426353569e-01
1.971219862625848140e-01
6.446643839643382279e-01
3.793503475041825057e-01
-3.202789399767597689e-01
-5.326838174604435761e-01
-1.278874107121299453e-01
-9.187127592602095660e-03
3.197668845639867197e-02
3.613533089692557709e-01
9.270469518532229447e-01
1.319547617547299323e+00
1.085257195037518940e+00
6.749462072832284054e-01
3.263167262706476723e-01
-3.237899269468788033e-01
-3.293405817404710945e-01
1.054766360706809181e-01
5.103369624647906555e-01
6.747592117291008051e-01
1.575084337978658766e+00
2.089577900803689214e+00
8.964342414988759611e-01
3.191106198749424916e-01
2.833345748164992628e-01
3.289773551697032783e-01
2.899591261569667289e-01
2.842442004988263715e-01
5.660325827935208665e-01
9.421595604053221162e-01
7.123270867922407712e-01
7.229006653347619382e-02
-3.606165704900143876e-01
-1.355046103614338193e+00
-1.480731173145366286e+00
-9.950144539734435689e-01
-3.999500846578740720e-03
1.064739946147804872e+00
2.020693348656997790e-01
-1.143826349374689189e+00
-1.233841950558706380e+00
-6.342614738064398239e-01
4.722678961773478790e-01
8.756703082231653834e-01
-1.148278161326229618e+00
-4.734994892643771269e-01
4.186445884046761101e-01
1.189833051038044598e+00
1.539174309480684677e+00
8.957989315271287500e-01
-2.113847912688242570e-01
-6.174757957708338907e-01
-9.264742591639851810e-02
6.088425295170507567e-01
3.982929788993991860e-01
-4.065653004558460459e-01
-4.076289576340154652e-01
6.080467711479398130e-01
2.700781473396459686e-01
-5.596082124640502364e-01
-9.487233095373960312e-01
-8.257008356195401078e-01
-5.265907773736229203e-01
-4.750783122151858162e-02
4.106688965629551324e-01
2.111334644728339871e-01
-3.281229017611411169e-01
-5.299346543488938632e-01
1.170010760493611413e+00
2.517568067458652692e+00
3.211614144462429987e+00
3.312223052129777745e+00
2.788882738577755038e+00
1.685862520505655437e+00
1.421286638204312336e+00
2.418867444882346618e+00
3.312869127458125007e+00
3.850734765554635786e+00
3.245611453584113626e+00
1.771488079560012974e+00
2.738835240771778645e-01
-3.428907539342218591e-01
6.216823307437528978e-01
9.003963290761596294e-01
1.165852327814903333e+00
1.793285767333014036e+00
2.395582506426546132e+00
2.236063618621472404e+00
1.118050692035245319e+00
-2.102065394533585152e-01
1.011286334046387569e+00
1.806559348969658307e+00
1.971061419494157141e+00
1.919823443827601395e+00
1.585652740208180811e+00
6.100781659238657673e-01
-6.344200160025197377e-01
7.389484793488959591e-01
2.009876487194451222e+00
2.432192520085934007e+00
1.834524500740860153e+00
1.076696840838024638e+00
7.637949789850367877e-01
7.321242028310843697e-01
-1.027017835268565493e-01
1.126752269542127260e-01
1.259182679844100372e+00
2.360136401393873040e+00
2.665521596917992397e+00
1.907567052170282995e+00
7.649762599547544895e-01
1.011862099276932270e-01
1.678644673224387818e+00
4.379679279333432262e+00
4.929232834200267810e+00
4.263619341799412155e+00
2.936341921820668333e+00
1.172447611163437209e+00
-1.179122950822035776e-01
-8.584813801078761131e-02
-2.348245392714098934e-01
-4.824342040915967633e-01
-5.211692702561675494e-01
7.162752297225072340e-02
5.955156306946647327e-01
3.028042917937445733e-02
-5.654787394616755947e-02
4.352744951065857792e-01
3.939903189234525427e-01
-5.830137933148911156e-01
-6.505892739704568495e-01
8.970334068675078765e-02
7.031266719128200782e-01
2.755884703852183870e-01
-9.890246219107099446e-01
-1.579886328040914556e+00
-1.101759765480966546e+00
4.361657752877750038e-01
2.233983773457451250e+00
6.564134045256468930e-01
-1.441734473700617469e+00
-2.967529396915741025e+00
-1.171275293428450937e+00
1.523023092049128557e+00
1.402674169155860184e+00
-7.506250060696948445e-01
-2.299755811606315703e+00
-2.059403129817648725e+00
1.975731748347908656e-01
2.066647478295895901e+00
2.494181749668931580e+00
1.621977222602799751e+00
2.863020947954894035e-01
-5.974458018915558277e-01
-1.166407920718713020e+00
-4.197292009750300812e-01
3.343242379859125979e-01
3.673499134866147209e-01
1.190390540150687571e-01
2.096349765133214138e-01
9.584870086622073737e-01
6.576571070308127043e-01
6.499978958598418011e-02
8.992068742506020840e-02
4.222635598893842435e-01
6.915606352996406248e-01
1.129544668571471622e+00
1.685006009971507179e+00
1.055058226085614059e+00
1.114328678113725157e-01
-2.909790818594101269e-01
9.378446525657668786e-03
6.927229990769323553e-01
1.561420622235203615e+00
2.056894648242235668e+00
1.641527179703912154e+00
7.656417007689291232e-01
1.679988507490275396e-01
3.956343702196707390e-02
-1.417691634194773176e-01
-8.019869625756474996e-01
-9.937830901839086462e-01
-4.899808924044053438e-01
2.615260327673399887e-01
5.677527162607312050e-01
4.194271542578050793e-01
4.195427893639908645e-01
4.906036212952846198e-01
6.395439846640982307e-02
-3.426476924345682740e-01
-5.082494182251895420e-01
-3.695107638615703904e-01
-2.073486093224948257e-01
-2.804192577989705892e-01
-5.626770986116645945e-01
-9.608449934190737007e-01
-1.181129257501301488e+00
-7.090300803503565286e-01
-7.153605804524743039e-02
2.335097713379992168e-01
-8.237582953894317939e-03
-5.220443710866520259e-01
-5.895108018915189430e-01
1.109442256785742043e-01
4.873789044342431431e-01
4.072291394240853402e-01
1.952508741096488087e-01
3.207083204214200567e-02
-1.486153311704181412e-01
-3.654254264441296751e-01
-5.119289136596458789e-01
-5.119327054402516008e-01
-3.207291506767212530e-01
-7.772399826481768415e-02
5.429186043120903804e-02
-3.133805486652851968e-02
-3.262706370625002572e-01
-6.989202908052862817e-01
-1.153031861079444109e+00
-3.036297779994462376e-01
1.106708329373835564e+00
1.934190685549532995e+00
1.874782800949007289e+00
1.684948302468236792e+00
1.307552515607368626e+00
6.498458932431883106e-01
-5.691012377454796045e-02
-3.210510473950665133e-01
8.586049239468773742e-02
5.949457161873021871e-01
8.069610166940686113e-01
1.018389451043807181e+00
1.433454982930769006e+00
1.798016289850613347e+00
1.894160973160379458e+00
1.562296077437222319e+00
9.273005905849318609e-01
7.243966574748486043e-01
1.562903791024052857e+00
2.636074715152510350e+00
3.000853197446025966e+00
2.558292721545156745e+00
1.731337355293583791e+00
1.064166136847202182e+00
1.063122498315627107e+00
1.690700444197456465e+00
2.132102562041731098e+00
1.688719902036496245e+00
7.527614088794216674e-01
-7.012919851725030185e-03
4.088491954054305211e-01
1.650507644077144231e+00
2.250959447790928714e+00
1.493322690996410129e+00
5.938213326711998530e-01
4.737129118253617932e-01
1.278864108843051683e+00
1.993640586049166163e+00
1.666081174796895770e+00
1.182205818931844288e+00
1.038231013172867145e+00
5.790091765575529070e-01
-1.606055541291973032e-02
-1.004800797125038336e-02
6.069783097214120904e-01
1.487407133110861146e+00
2.355425956901620488e+00
3.136863814927032479e+00
3.204917795263404035e+00
3.331597383775140031e+00
3.510535212727194487e+00
0.000000000000000000e+00
0.000000000000000000e+00
0.000000000000000000e+00
0.000000000000000000e+00
0.000000000000000000e+00
0.000000000000000000e+00
0.000000000000000000e+00
0.000000000000000000e+00
0.000000000000000000e+00
0.000000000000000000e+00
0.000000000000000000e+00
0.000000000000000000e+00
0.000000000000000000e+00
0.000000000000000000e+00
0.000000000000000000e+00
0.000000000000000000e+00
0.000000000000000000e+00
0.000000000000000000e+00
0.000000000000000000e+00
0.000000000000000000e+00
0.000000000000000000e+00
0.000000000000000000e+00
0.000000000000000000e+00
0.000000000000000000e+00
0.000000000000000000e+00
0.000000000000000000e+00
0.000000000000000000e+00
0.000000000000000000e+00
0.000000000000000000e+00
0.000000000000000000e+00
0.000000000000000000e+00
0.000000000000000000e+00
0.000000000000000000e+00
0.000000000000000000e+00
0.000000000000000000e+00
0.000000000000000000e+00
0.000000000000000000e+00
0.000000000000000000e+00
0.000000000000000000e+00
0.000000000000000000e+00
0.000000000000000000e+00
0.000000000000000000e+00
0.000000000000000000e+00
0.000000000000000000e+00
0.000000000000000000e+00
0.000000000000000000e+00
0.000000000000000000e+00
0.000000000000000000e+00
0.000000000000000000e+00
0.000000000000000000e+00
0.000000000000000000e+00
0.000000000000000000e+00
0.000000000000000000e+00
0.000000000000000000e+00
0.000000000000000000e+00
0.000000000000000000e+00
0.000000000000000000e+00
0.000000000000000000e+00
0.000000000000000000e+00
0.000000000000000000e+00
0.000000000000000000e+00
0.000000000000000000e+00
0.000000000000000000e+00
0.000000000000000000e+00
0.000000000000000000e+00
0.000000000000000000e+00
0.000000000000000000e+00
0.000000000000000000e+00
0.000000000000000000e+00
0.000000000000000000e+00
0.000000000000000000e+00
0.000000000000000000e+00
0.000000000000000000e+00
0.000000000000000000e+00
0.000000000000000000e+00
0.000000000000000000e+00
0.000000000000000000e+00
0.000000000000000000e+00
0.000000000000000000e+00
0.000000000000000000e+00
0.000000000000000000e+00
0.000000000000000000e+00
0.000000000000000000e+00
0.000000000000000000e+00
0.000000000000000000e+00
0.000000000000000000e+00
0.000000000000000000e+00
0.000000000000000000e+00
0.000000000000000000e+00
0.000000000000000000e+00
0.000000000000000000e+00
0.000000000000000000e+00
0.000000000000000000e+00
0.000000000000000000e+00
0.000000000000000000e+00
0.000000000000000000e+00
0.000000000000000000e+00
0.000000000000000000e+00
0.000000000000000000e+00
0.000000000000000000e+00
0.000000000000000000e+00
0.000000000000000000e+00
0.000000000000000000e+00
0.000000000000000000e+00
0.000000000000000000e+00
0.000000000000000000e+00
0.000000000000000000e+00
0.000000000000000000e+00
0.000000000000000000e+00
0.000000000000000000e+00
0.000000000000000000e+00
0.000000000000000000e+00
0.000000000000000000e+00
0.000000000000000000e+00
0.000000000000000000e+00
0.000000000000000000e+00
0.000000000000000000e+00
0.000000000000000000e+00
0.000000000000000000e+00
0.000000000000000000e+00
0.000000000000000000e+00
0.000000000000000000e+00
0.000000000000000000e+00
0.000000000000000000e+00
0.000000000000000000e+00
0.000000000000000000e+00
0.000000000000000000e+00
0.000000000000000000e+00
0.000000000000000000e+00
0.000000000000000000e+00
0.000000000000000000e+00
0.000000000000000000e+00
0.000000000000000000e+00
0.000000000000000000e+00
0.000000000000000000e+00
0.000000000000000000e+00
0.000000000000000000e+00
0.000000000000000000e+00
0.000000000000000000e+00
0.000000000000000000e+00
0.000000000000000000e+00
0.000000000000000000e+00
0.000000000000000000e+00
