2.689208984375002220e-01
2.425363368612710180e-01
1.973172593662089747e-01
1.275606322026254236e-01
5.179683912300425686e-02
6.896780577990357930e-02
8.926010573621201427e-02
2.500145923275109983e-02
-9.018636796501500186e-03
1.453281678525675247e-02
1.656695460584549640e-01
3.306429439848521667e-01
3.410496006394527768e-01
3.898350497500654432e-01
-8.024199652893956869e-02
-2.362902775535372091e-01
-1.749297356963934735e-01
-3.911543061349131989e-02
7.896374543933504242e-02
1.361098227455573850e-01
1.211965402612814879e-01
-1.667347911083942869e-01
-2.345373684414130411e-01
-3.439669057426719689e-02
2.674882231094111162e-01
4.794940340235499532e-01
5.467416495426010714e-01
4.620643599991630657e-01
2.362363434717587030e-01
-3.155153356170847800e-02
-1.954994307124764408e-01
-4.910740247329054009e-02
1.178783564304003439e-01
3.614933825614893292e-01
5.104250461578249132e-01
5.197548129218040325e-01
5.383883461673548698e-01
5.898437277658326039e-01
6.631301683173993489e-01
6.408201622095821559e-01
2.549537980019158101e-01
-2.512004435114822964e-01
-3.277528230489004102e-01
1.622574641565910358e-02
1.284157308739143355e-01
-7.251174739701760075e-02
-2.356781498505026162e-01
-2.970848983657770059e-02
-3.000300233846919795e-02
-3.499616611010467615e-01
2.120716132176085900e-01
8.750152197482474747e-01
9.472114872239449923e-01
1.003849741254891015e+00
1.322922216778068538e+00
1.538339623093164299e+00
1.636645606414108389e+00
1.818453991718236074e+00
1.921816227449447023e+00
-6.959207693878988188e-02
-1.761456936243273708e+00
-7.263854710366901557e-01
4.185388280800002025e-01
8.921467002129350732e-01
7.171604239282064475e-01
1.438526513414195573e-01
-4.900224981413988101e-01
-7.434638370418695796e-01
-6.718839486773501291e-01
-4.876557709362236981e-01
-3.242983866958342176e-01
-2.075351911374170299e-01
-1.635817231006675421e-02
4.151560721587082003e-01
1.109168220006597982e+00
1.692624421847943594e+00
1.398825690363232122e+00
7.942875814622799568e-01
1.848621863284864997e-01
-3.204586792937669237e-01
-6.158861561013917463e-01
-5.723075227558793721e-01
-3.117176502854437370e-01
-9.509914283352371989e-02
7.841652987362368599e-02
2.549336133960353745e-01
4.641915221344228293e-01
7.305338568510115760e-01
9.790850905636071522e-01
8.411247489340207828e-01
3.395981082904013793e-01
-1.301210352452719654e-01
-5.020164848831077942e-01
-7.753854506994987128e-01
-8.966310278753424345e-01
-8.219018741732726507e-01
-6.871723476287547872e-01
-6.495526200444072806e-01
-6.956921903662436346e-01
-6.376777772003425770e-01
-2.582900449459777370e-01
4.593245670391012947e-01
1.180682640945646567e+00
1.771823773889677600e+00
2.058636477576266444e+00
1.451893420909247778e+00
4.247178237768296505e-01
-3.291558955888409521e-01
-1.075379004913025627e+00
-8.497865844630078103e-01
-7.617240738112140974e-02
5.646792809766627563e-01
1.186319451162559435e+00
1.600434083588411882e+00
1.423706950065977361e+00
7.627893428206328208e-01
1.531837417146080238e-01
4.318220162177865973e-03
1.695237449363005133e-01
1.930298023341292524e-01
-1.628175745392630436e-01
-8.019066708511131125e-01
-1.453964282361972504e+00
-1.486861669854786294e+00
-6.335753606554033190e-01
1.575498388484171119e-01
5.975001944167475099e-01
7.660034215518274348e-01
4.396857934168202364e-01
1.637573682900450578e-02
-3.042675731278685625e-01
-5.780525918634218385e-01
-4.091190789186024412e-01
-1.655550256963143063e-01
5.294096571320938693e-02
4.411824798441111861e-01
3.752727368141524078e-01
4.602519477638677969e-03
-5.321493991317871597e-02
-3.990012613554790866e-01
-1.076042550234861395e+00
-1.076890721158023867e+00
-6.262963373329244465e-01
-5.769249340887627753e-02
7.019687898788412594e-01
9.804062402424048583e-01
6.051885027525891747e-01
9.304180419429597393e-02
-1.133076854702791958e-01
2.209816765686720141e-01
4.604545734726233075e-01
1.914535414597854368e-01
-3.253065886044740340e-01
-8.182951328250415157e-01
-1.129106960576062857e+00
-1.104632441797118503e+00
-6.590843525641356671e-01
6.160861280629070791e-02
9.799672380679662620e-01
1.331052596943796296e+00
7.600570703162776720e-01
5.508406650142783079e-02
-8.939486929694310247e-01
-1.328309800320334855e+00
-6.439211688768091690e-01
-5.078864801189553191e-02
4.538546628346202816e-01
8.913042660463150746e-01
1.132022936410608915e+00
1.047954386088184586e+00
9.146889729360823118e-01
7.946102389052549508e-01
7.557891202865077984e-01
8.838540953141900136e-01
1.052356869732971045e+00
8.597161745814024814e-01
3.189466344173750301e-01
-2.292221087576866712e-01
-6.794866524521000484e-01
-9.704164660053350433e-01
-1.085828573318100787e+00
-1.047522866726745105e+00
-9.219677312863521212e-01
-6.801510587750951853e-01
-2.377769941541323373e-01
3.158967302633766128e-01
8.099908930575762112e-01
1.260324211456786969e+00
1.428804033511012150e+00
8.360501386980598859e-01
2.391118713157600606e-01
-1.363714670451632305e-01
-3.134503882257209106e-01
-2.783378389992428037e-01
4.046445380175955897e-02
4.408496112575299719e-01
8.381608819316681558e-01
1.039742760626061191e+00
9.073569488914335901e-01
6.540627933495649637e-01
2.151558515900537927e-01
-4.210806400188380483e-01
-1.109607858704329209e+00
-1.347807685512425913e+00
-7.246221204012635031e-01
-8.564636827578653300e-02
-1.162631168070682453e+00
-2.019378351944455474e+00
-2.538087607635964194e+00
-3.236035188385158801e+00
-4.277318417994623090e+00
-5.068264719489459225e+00
-3.589555299154887358e+00
-1.450409618318946325e+00
1.031508171575460597e+00
3.693794679281879656e+00
5.154564108787424104e+00
5.529027861703217361e+00
5.632641948988283964e+00
5.377562556564676299e+00
4.616442802768580655e+00
3.179820060240085677e+00
1.802242378463491557e+00
1.043731619342568306e+00
7.007415739943378963e-01
5.236931877006198999e-01
4.563293827832308192e-01
4.377599911566981694e-01
2.514088866154213786e-01
-1.330839690373049056e-01
-3.019413838146999263e-01
-3.177515423768761949e-02
3.873806341889022842e-01
6.487610584382307310e-01
5.437457995185159820e-01
4.016711550720535318e-01
3.097519874410396001e-01
2.084315180275221335e-01
4.426666676947876855e-02
-1.952969979515142285e-01
-4.263719182336128677e-01
-4.761991101583311625e-01
1.310556602764008094e-01
7.083684379296630862e-01
7.422429686247564717e-01
6.228882814401864865e-01
4.204193301530443350e-01
1.951851805609559065e-01
2.535777756485668721e-02
2.624673881303651868e-02
6.350175873353261502e-02
-1.851793185815518439e-01
-3.462205607792300244e-01
-5.790455831087476524e-01
-5.285430274477038726e-01
-4.205491274326897955e-01
-4.479618764785148755e-01
-4.667337867428762443e-01
-1.483051784833800402e-01
3.011313004942227645e-01
9.257280198082642464e-01
1.296723733002671963e+00
1.099932721609856001e+00
1.208621710373525948e+00
9.476895304751692395e-01
8.017484305338062889e-01
7.159433009778567447e-01
6.246560184284999373e-01
5.763805278544970045e-01
5.952842721260436232e-01
6.782347498727571145e-01
0.000000000000000000e+00
0.000000000000000000e+00
0.000000000000000000e+00
0.000000000000000000e+00
0.000000000000000000e+00
0.000000000000000000e+00
0.000000000000000000e+00
0.000000000000000000e+00
0.000000000000000000e+00
0.000000000000000000e+00
0.000000000000000000e+00
0.000000000000000000e+00
0.000000000000000000e+00
0.000000000000000000e+00
0.000000000000000000e+00
0.000000000000000000e+00
0.000000000000000000e+00
0.000000000000000000e+00
0.000000000000000000e+00
0.000000000000000000e+00
0.000000000000000000e+00
0.000000000000000000e+00
0.000000000000000000e+00
0.000000000000000000e+00
0.000000000000000000e+00
0.000000000000000000e+00
0.000000000000000000e+00
0.000000000000000000e+00
0.000000000000000000e+00
0.000000000000000000e+00
0.000000000000000000e+00
0.000000000000000000e+00
0.000000000000000000e+00
0.000000000000000000e+00
0.000000000000000000e+00
0.000000000000000000e+00
0.000000000000000000e+00
0.000000000000000000e+00
0.000000000000000000e+00
0.000000000000000000e+00
0.000000000000000000e+00
0.000000000000000000e+00
0.000000000000000000e+00
0.000000000000000000e+00
0.000000000000000000e+00
0.000000000000000000e+00
0.000000000000000000e+00
0.000000000000000000e+00
0.000000000000000000e+00
0.000000000000000000e+00
0.000000000000000000e+00
0.000000000000000000e+00
0.000000000000000000e+00
0.000000000000000000e+00
0.000000000000000000e+00
0.000000000000000000e+00
0.000000000000000000e+00
0.000000000000000000e+00
0.000000000000000000e+00
0.000000000000000000e+00
0.000000000000000000e+00
0.000000000000000000e+00
0.000000000000000000e+00
0.000000000000000000e+00
0.000000000000000000e+00
0.000000000000000000e+00
0.000000000000000000e+00
0.000000000000000000e+00
0.000000000000000000e+00
0.000000000000000000e+00
0.000000000000000000e+00
0.000000000000000000e+00
0.000000000000000000e+00
0.000000000000000000e+00
0.000000000000000000e+00
0.000000000000000000e+00
0.000000000000000000e+00
0.000000000000000000e+00
0.000000000000000000e+00
0.000000000000000000e+00
0.000000000000000000e+00
0.000000000000000000e+00
0.000000000000000000e+00
0.000000000000000000e+00
0.000000000000000000e+00
0.000000000000000000e+00
0.000000000000000000e+00
0.000000000000000000e+00
0.000000000000000000e+00
0.000000000000000000e+00
0.000000000000000000e+00
0.000000000000000000e+00
0.000000000000000000e+00
0.000000000000000000e+00
0.000000000000000000e+00
0.000000000000000000e+00
0.000000000000000000e+00
0.000000000000000000e+00
0.000000000000000000e+00
0.000000000000000000e+00
0.000000000000000000e+00
0.000000000000000000e+00
0.000000000000000000e+00
0.000000000000000000e+00
0.000000000000000000e+00
0.000000000000000000e+00
0.000000000000000000e+00
0.000000000000000000e+00
0.000000000000000000e+00
0.000000000000000000e+00
0.000000000000000000e+00
0.000000000000000000e+00
0.000000000000000000e+00
0.000000000000000000e+00
0.000000000000000000e+00
0.000000000000000000e+00
0.000000000000000000e+00
0.000000000000000000e+00
0.000000000000000000e+00
0.000000000000000000e+00
0.000000000000000000e+00
0.000000000000000000e+00
0.000000000000000000e+00
0.000000000000000000e+00
0.000000000000000000e+00
0.000000000000000000e+00
0.000000000000000000e+00
0.000000000000000000e+00
0.000000000000000000e+00
0.000000000000000000e+00
0.000000000000000000e+00
0.000000000000000000e+00
0.000000000000000000e+00
0.000000000000000000e+00
0.000000000000000000e+00
0.000000000000000000e+00
0.000000000000000000e+00
0.000000000000000000e+00
0.000000000000000000e+00
0.000000000000000000e+00
0.000000000000000000e+00
0.000000000000000000e+00
0.000000000000000000e+00
0.000000000000000000e+00
0.000000000000000000e+00
0.000000000000000000e+00
0.000000000000000000e+00
0.000000000000000000e+00
0.000000000000000000e+00
0.000000000000000000e+00
0.000000000000000000e+00
0.000000000000000000e+00
0.000000000000000000e+00
0.000000000000000000e+00
0.000000000000000000e+00
0.000000000000000000e+00
0.000000000000000000e+00
0.000000000000000000e+00
0.000000000000000000e+00
0.000000000000000000e+00
0.000000000000000000e+00
0.000000000000000000e+00
0.000000000000000000e+00
0.000000000000000000e+00
0.000000000000000000e+00
0.000000000000000000e+00
0.000000000000000000e+00
0.000000000000000000e+00
0.000000000000000000e+00
0.000000000000000000e+00
0.000000000000000000e+00
0.000000000000000000e+00
0.000000000000000000e+00
0.000000000000000000e+00
0.000000000000000000e+00
0.000000000000000000e+00
0.000000000000000000e+00
0.000000000000000000e+00
0.000000000000000000e+00
0.000000000000000000e+00
0.000000000000000000e+00
0.000000000000000000e+00
0.000000000000000000e+00
0.000000000000000000e+00
0.000000000000000000e+00
0.000000000000000000e+00
0.000000000000000000e+00
0.000000000000000000e+00
0.000000000000000000e+00
0.000000000000000000e+00
0.000000000000000000e+00
0.000000000000000000e+00
0.000000000000000000e+00
0.000000000000000000e+00
0.000000000000000000e+00
0.000000000000000000e+00
0.000000000000000000e+00
0.000000000000000000e+00
0.000000000000000000e+00
0.000000000000000000e+00
0.000000000000000000e+00
0.000000000000000000e+00
0.000000000000000000e+00
0.000000000000000000e+00
0.000000000000000000e+00
0.000000000000000000e+00
0.000000000000000000e+00
0.000000000000000000e+00
0.000000000000000000e+00
0.000000000000000000e+00
0.000000000000000000e+00
0.000000000000000000e+00
0.000000000000000000e+00
0.000000000000000000e+00
0.000000000000000000e+00
0.000000000000000000e+00
0.000000000000000000e+00
0.000000000000000000e+00
0.000000000000000000e+00
0.000000000000000000e+00
0.000000000000000000e+00
0.000000000000000000e+00
0.000000000000000000e+00
0.000000000000000000e+00
0.000000000000000000e+00
0.000000000000000000e+00
0.000000000000000000e+00
0.000000000000000000e+00
0.000000000000000000e+00
