9.692993164062500000e-01
2.138372643882509472e+00
2.025205162782058199e+00
-8.235173062601530702e-02
-5.526260699886800243e-01
4.580371790946924371e-01
2.650425543994536781e-01
-1.593105309142169856e-01
1.434329478825557835e-02
-1.308727220711798811e+00
-1.943826620174113451e+00
-1.097772114429975243e+00
-6.715984746241518977e-01
-1.349922727987526105e+00
-1.090434130546735991e+00
9.726405628673451265e-01
-6.232596274241628542e-01
-1.621413984492432236e+00
-5.270790633422546279e-01
7.360567270389375416e-01
5.560220487346603235e-01
-9.532844501749226929e-01
-1.871289168423894811e+00
-1.551448337765705343e+00
2.245952979815523110e-01
6.525672668446981239e-01
1.103736634847908960e+00
1.043914862379821118e+00
8.812010657733867491e-01
1.104119844787975868e+00
9.562791922126256949e-02
-1.318490671608288034e+00
-1.407135617617029322e+00
-1.988956744499311258e+00
-2.738530044918211726e+00
-2.551144936329690527e+00
-1.533571148649385485e+00
-1.596492520806668258e+00
-2.740266341508325709e+00
-2.240474798990649496e+00
-3.225317489536880800e-01
1.179163612465945477e-01
5.097474143320837037e-01
1.441052026462346092e+00
1.252546131349531855e+00
-5.647267985388475520e-01
3.738684773157812113e-01
-1.099434977456068330e+00
-1.544466469060471248e+00
2.541938234461023072e-01
9.663863297433250565e-01
-1.600345245717662124e+00
-2.892238981104408690e+00
-4.868359879453315386e+00
-2.117752837622906892e+00
-5.825705870425705868e-01
-1.942999550966428846e+00
-2.892139750355237737e+00
-3.532629428174041131e+00
-3.281324411327852797e+00
-1.631923953700188168e+00
1.248770673203683845e+00
7.476910827194997999e-01
-4.564733358618489056e-01
-1.961561298350356530e+00
-1.766122269162853309e+00
-1.901634397464512904e+00
-1.902838507496983134e+00
-1.227364945927785111e+00
-2.235356048133421147e+00
-2.201626266415469768e+00
-7.871638732329611088e-01
-1.492051597987678058e-01
1.457871517923632343e-01
1.357473603415422669e+00
2.131229959784265660e+00
3.089381692829462622e-02
-3.964302668139039199e-01
-1.071165255989825482e-02
-8.285099628777433667e-01
-1.659831765529820036e+00
-1.097655234865955620e+00
-6.985896558780293475e-01
-7.753137106549141677e-01
-5.801683931456125265e-01
-2.342554091827699914e-01
-6.422717626619527387e-01
-1.907359627063940799e+00
7.469284101329032310e-02
2.297579985793605672e+00
1.492752351474092354e+00
1.060457368493596286e+00
8.933618148596910169e-01
-5.386615728993917607e-01
1.284233288405418616e-01
9.690608092154326947e-01
3.133490999674886091e-01
-9.386201533637450467e-03
3.165528626506053378e-01
1.109994735210344530e-01
-7.939267969895209553e-01
-4.292757155035981098e-01
-1.931767173565250850e-01
-1.484347024623716038e+00
-1.288126525660552524e+00
-1.260187714184114682e+00
-1.689153007179145405e+00
-2.360034474220116252e+00
-3.009233452472787729e+00
-2.092512312673329156e+00
-1.637566187884716973e+00
-1.715163179151033335e+00
-6.494358957367736274e-01
-6.758382538360327985e-01
-1.370667408135950671e+00
-1.115622893636625257e+00
-8.152528791359947569e-01
-2.679542008329207636e+00
-1.912197874623871030e+00
4.282389169848288546e-02
1.551222403056712995e+00
1.071610727080031022e+00
2.396844951169255777e-01
1.500154017294498265e-01
2.087288448881079450e-01
-8.746995224907334610e-01
-2.037676795773129435e+00
-2.332582868780408880e+00
-9.244123707950324675e-01
7.902891492674415375e-01
1.320918004334124429e+00
6.191081360303385406e-01
-5.942859810219560668e-01
-3.783117057033605901e-01
5.770790465227764177e-01
5.180550063671496286e-01
6.291623268516643996e-02
-1.643449016691962417e-01
-3.733153264784567771e-01
-3.082520791186735831e-01
1.103574112201100021e-02
-1.562465245047410800e-01
-4.353338553046131043e-01
3.715920199286015801e-02
6.925732201776392261e-01
7.100355669977280737e-01
5.613282610398123706e-01
-2.608306815296290715e-02
-3.002394968404478170e-01
-4.351905583474366956e-01
-1.936494643313771968e-01
-2.304430370329078048e-01
-4.758834418763229213e-01
-4.526366346800987372e-01
-8.220788178837468152e-02
7.312359118696207805e-01
-5.782801472750920269e-02
-1.303285958263074029e+00
-1.134193813729210021e+00
-2.287906818490119676e-01
6.922307396427331838e-01
-4.661878751521930653e-02
-1.324296914137374381e+00
-1.567312706331972505e+00
-1.521041159259084452e+00
-1.635895445295834083e+00
-1.877496615927545687e+00
-1.557602581622451465e+00
-6.914899500151125977e-01
8.382324272968031398e-01
1.960793506620831295e+00
6.920608201541291749e-01
-6.014145190906201588e-01
-1.719974105500128747e+00
-2.924819493843511253e+00
-3.208236315598516963e+00
-2.639413735307536868e+00
-2.132713928575587392e+00
-1.826352428528528193e+00
-1.481504535231696007e+00
-1.463891366198308397e+00
-5.425004471706411646e-01
1.157622591059102479e+00
1.845046052523104052e+00
6.865336188585560162e-01
-1.171722692589026948e+00
-2.391857238230372218e+00
-2.352456086285164893e+00
-1.812831563598603868e+00
-2.191611709814146103e+00
-2.682304948645377163e+00
-2.456283115671940465e+00
2.890777115917122497e-01
1.263374866472412261e+00
8.362674442843374134e-01
-3.580834955303648925e-01
-1.054853001052250550e+00
-5.389750367264627418e-01
1.400811052192116879e-01
6.473567467675699350e-01
1.832891790516069097e-01
2.079749719865264801e-01
4.263852108924088835e-01
-2.272123923005637813e-01
-2.726040886375852956e+00
-3.749418211426642333e+00
-3.289729230697832296e+00
-1.955137279129574246e+00
-1.145667706809652131e+00
-1.480930151535457151e+00
-1.723414453799517299e+00
-1.286822784832193811e+00
1.472855293595198845e-02
7.487349384540851194e-01
-7.837576356303601610e-01
-2.217685549275001833e+00
-1.810680448890070071e+00
-1.509505655804144197e-01
1.257461388496931232e+00
1.493314389984308210e+00
1.261360492263569721e+00
1.318721877375887530e+00
-5.130784179098569764e-01
-2.070862137013768312e+00
-1.125454223898260997e+00
-5.764887665217388601e-02
-5.669952854931326058e-01
1.302634018427774931e+00
4.286925703786715225e+00
4.821794631666552533e+00
3.131211598842052801e+00
1.655353746442661311e+00
1.530807925254379143e+00
1.465683516910167850e+00
4.508919947298359876e-01
-4.970848316526879085e-01
2.640377378294067601e-02
3.021955570589824891e-01
9.787486058162730984e-01
1.020063088133425611e+00
-3.744177309993999003e-01
-1.648705828982376609e+00
-2.194163552738659817e+00
-2.263060539450798103e+00
-2.498180080565131966e+00
-2.582053784649263939e+00
-1.842874929796626482e+00
-8.248161435913782258e-01
-4.016699617722996329e-03
-1.172609100491668332e-01
-6.076870233746287653e-01
-7.850790615202927203e-01
-5.327857708524645908e-01
-6.009152671860686912e-01
-1.347397303019199910e+00
-1.074502677949280782e+00
-6.521776108366035274e-01
-1.314446102243980175e-01
4.594651929685934499e-01
-1.438280630459891629e-01
-5.289337246757060962e-01
-2.864487324737177709e-01
-2.146913183671130820e-01
-4.856639208041419464e-01
-6.080651581033043040e-01
-6.613159179687500000e-01
-6.080651581033043040e-01
-4.856639208041419464e-01
-2.146913183671130820e-01
-2.864487324737177709e-01
-5.289337246757060962e-01
-1.438280630459891629e-01
4.594651929685934499e-01
-1.314446102243980175e-01
-6.521776108366035274e-01
-1.074502677949280782e+00
-1.347397303019199910e+00
-6.009152671860686912e-01
-5.327857708524645908e-01
-7.850790615202927203e-01
-6.076870233746287653e-01
-1.172609100491668332e-01
-4.016699617722996329e-03
-8.248161435913782258e-01
-1.842874929796626482e+00
-2.582053784649263939e+00
-2.498180080565131966e+00
-2.263060539450798103e+00
-2.194163552738659817e+00
-1.648705828982376609e+00
-3.744177309993999003e-01
1.020063088133425611e+00
9.787486058162730984e-01
3.021955570589824891e-01
2.640377378294067601e-02
-4.970848316526879085e-01
4.508919947298359876e-01
1.465683516910167850e+00
1.530807925254379143e+00
1.655353746442661311e+00
3.131211598842052801e+00
4.821794631666552533e+00
4.286925703786715225e+00
1.302634018427774931e+00
-5.669952854931326058e-01
-5.764887665217388601e-02
-1.125454223898260997e+00
-2.070862137013768312e+00
-5.130784179098569764e-01
1.318721877375887530e+00
1.261360492263569721e+00
1.493314389984308210e+00
1.257461388496931232e+00
-1.509505655804144197e-01
-1.810680448890070071e+00
-2.217685549275001833e+00
-7.837576356303601610e-01
7.487349384540851194e-01
1.472855293595198845e-02
-1.286822784832193811e+00
-1.723414453799517299e+00
-1.480930151535457151e+00
-1.145667706809652131e+00
-1.955137279129574246e+00
-3.289729230697832296e+00
-3.749418211426642333e+00
-2.726040886375852956e+00
-2.272123923005637813e-01
4.263852108924088835e-01
2.079749719865264801e-01
1.832891790516069097e-01
6.473567467675699350e-01
1.400811052192116879e-01
-5.389750367264627418e-01
-1.054853001052250550e+00
-3.580834955303648925e-01
8.362674442843374134e-01
1.263374866472412261e+00
2.890777115917122497e-01
-2.456283115671940465e+00
-2.682304948645377163e+00
-2.191611709814146103e+00
-1.812831563598603868e+00
-2.352456086285164893e+00
-2.391857238230372218e+00
-1.171722692589026948e+00
6.865336188585560162e-01
1.845046052523104052e+00
1.157622591059102479e+00
-5.425004471706411646e-01
-1.463891366198308397e+00
-1.481504535231696007e+00
-1.826352428528528193e+00
-2.132713928575587392e+00
-2.639413735307536868e+00
-3.208236315598516963e+00
-2.924819493843511253e+00
-1.719974105500128747e+00
-6.014145190906201588e-01
6.920608201541291749e-01
1.960793506620831295e+00
8.382324272968031398e-01
-6.914899500151125977e-01
-1.557602581622451465e+00
-1.877496615927545687e+00
-1.635895445295834083e+00
-1.521041159259084452e+00
-1.567312706331972505e+00
-1.324296914137374381e+00
-4.661878751521930653e-02
6.922307396427331838e-01
-2.287906818490119676e-01
-1.134193813729210021e+00
-1.303285958263074029e+00
-5.782801472750920269e-02
7.312359118696207805e-01
-8.220788178837468152e-02
-4.526366346800987372e-01
-4.758834418763229213e-01
-2.304430370329078048e-01
-1.936494643313771968e-01
-4.351905583474366956e-01
-3.002394968404478170e-01
-2.608306815296290715e-02
5.613282610398123706e-01
7.100355669977280737e-01
6.925732201776392261e-01
3.715920199286015801e-02
-4.353338553046131043e-01
-1.562465245047410800e-01
1.103574112201100021e-02
-3.082520791186735831e-01
-3.733153264784567771e-01
-1.643449016691962417e-01
6.291623268516643996e-02
5.180550063671496286e-01
5.770790465227764177e-01
-3.783117057033605901e-01
-5.942859810219560668e-01
6.191081360303385406e-01
1.320918004334124429e+00
7.902891492674415375e-01
-9.244123707950324675e-01
-2.332582868780408880e+00
-2.037676795773129435e+00
-8.746995224907334610e-01
2.087288448881079450e-01
1.500154017294498265e-01
2.396844951169255777e-01
1.071610727080031022e+00
1.551222403056712995e+00
4.282389169848288546e-02
-1.912197874623871030e+00
-2.679542008329207636e+00
-8.152528791359947569e-01
-1.115622893636625257e+00
-1.370667408135950671e+00
-6.758382538360327985e-01
-6.494358957367736274e-01
-1.715163179151033335e+00
-1.637566187884716973e+00
-2.092512312673329156e+00
-3.009233452472787729e+00
-2.360034474220116252e+00
-1.689153007179145405e+00
-1.260187714184114682e+00
-1.288126525660552524e+00
-1.484347024623716038e+00
-1.931767173565250850e-01
-4.292757155035981098e-01
-7.939267969895209553e-01
1.109994735210344530e-01
3.165528626506053378e-01
-9.386201533637450467e-03
3.133490999674886091e-01
9.690608092154326947e-01
1.284233288405418616e-01
-5.386615728993917607e-01
8.933618148596910169e-01
1.060457368493596286e+00
1.492752351474092354e+00
2.297579985793605672e+00
7.469284101329032310e-02
-1.907359627063940799e+00
-6.422717626619527387e-01
-2.342554091827699914e-01
-5.801683931456125265e-01
-7.753137106549141677e-01
-6.985896558780293475e-01
-1.097655234865955620e+00
-1.659831765529820036e+00
-8.285099628777433667e-01
-1.071165255989825482e-02
-3.964302668139039199e-01
3.089381692829462622e-02
2.131229959784265660e+00
1.357473603415422669e+00
1.457871517923632343e-01
-1.492051597987678058e-01
-7.871638732329611088e-01
-2.201626266415469768e+00
-2.235356048133421147e+00
-1.227364945927785111e+00
-1.902838507496983134e+00
-1.901634397464512904e+00
-1.766122269162853309e+00
-1.961561298350356530e+00
-4.564733358618489056e-01
7.476910827194997999e-01
1.248770673203683845e+00
-1.631923953700188168e+00
-3.281324411327852797e+00
-3.532629428174041131e+00
-2.892139750355237737e+00
-1.942999550966428846e+00
-5.825705870425705868e-01
-2.117752837622906892e+00
-4.868359879453315386e+00
-2.892238981104408690e+00
-1.600345245717662124e+00
9.663863297433250565e-01
2.541938234461023072e-01
-1.544466469060471248e+00
-1.099434977456068330e+00
3.738684773157812113e-01
-5.647267985388475520e-01
1.252546131349531855e+00
1.441052026462346092e+00
5.097474143320837037e-01
1.179163612465945477e-01
-3.225317489536880800e-01
-2.240474798990649496e+00
-2.740266341508325709e+00
-1.596492520806668258e+00
-1.533571148649385485e+00
-2.551144936329690527e+00
-2.738530044918211726e+00
-1.988956744499311258e+00
-1.407135617617029322e+00
-1.318490671608288034e+00
