-2.892211914062500000e+00
-8.785127425338763452e-01
-8.700757274092207894e-02
-1.133864863126567091e+00
-7.116698938771508498e-01
1.535105680615474144e+00
-6.005483100598842938e-01
-1.689306464694632748e+00
-6.332476389383034920e-01
3.538332778816195567e-01
1.129962396209268638e-01
-1.538615864380429965e+00
-1.340401802450648550e+00
-2.481859113610094703e+00
-3.853092869414895816e-01
3.864473424861925022e+00
-9.711813850039341389e-02
-4.612449609269708262e+00
-2.684793095708011279e+00
3.309961187763364787e+00
1.417719610444123646e+00
3.540362701700358272e+00
5.849685333342442561e+00
2.419975176475846368e+00
-1.388192016053235278e+00
-4.635482630032359275e+00
-5.461138761813520759e+00
-2.039489104702908673e+00
4.351024320846044624e+00
1.437265265021544280e+00
1.317486734515758151e+00
2.685488731558673958e+00
-1.510155627725196403e+00
-4.546114757077488022e+00
-3.963022634015240797e+00
-2.232047475376747414e+00
1.413980455944703341e+00
-1.206146048541389959e-01
-1.514214686666614185e+00
3.338034220640843319e+00
6.528258591835321312e+00
5.597551105227330126e+00
4.496619557934844913e+00
4.217646469372047235e+00
2.819215513188694899e+00
-5.384852649327871443e-01
-7.458958149396144321e-02
1.931180290914443987e+00
2.869497841959860018e+00
1.948018446694331551e+00
-9.126738350757443996e-01
1.395672658636484265e+00
3.415152008544676931e+00
3.904131040448062251e+00
3.124400981620308659e+00
4.449491317388462264e+00
5.900001536829464932e+00
4.413925075469142811e+00
4.842868309047316799e-01
-3.353683025871854184e+00
-1.932530555570708186e+00
-2.686110955101856490e+00
-9.984756915894377194e-01
2.245193224602784365e+00
1.769352547127845288e+00
-1.243881440154078977e+00
-7.240273503441185809e-01
2.012514349901730615e+00
4.028823737956890305e-01
-2.613163501836509361e+00
9.252938976890101586e-02
2.545275838219060560e+00
-3.969164184293303421e-01
-9.592028140794197633e-01
8.258441392315445384e-01
1.529988192917883794e-01
-7.731119757936735226e-01
-2.895793575478493587e-01
4.397910890996776789e-01
2.061277009464628662e+00
2.998575408244953611e+00
2.252252274307419810e+00
3.788231973424984744e-01
-5.427014721714262802e-02
1.123670799074397042e+00
-4.254925164101401869e-01
-1.380234106760831914e+00
-6.303897955338610970e-01
-5.502977426263329086e-01
-1.394836724249403970e+00
3.754088218885311967e-01
2.526723354472735661e+00
1.236378565620452896e+00
1.453423098135391278e-01
6.307755050152326071e-01
-8.868343718256910257e-02
-1.823689033148097716e+00
-9.092817015310028506e-01
-6.133118222857996127e-01
-6.030826446910972916e-01
7.657860425445461861e-01
2.015833181245556993e+00
1.854254653105150030e+00
1.187786610253317221e+00
-2.897000466456520762e-01
-5.362768228784626778e-01
-2.802319534425690151e-02
-8.746284705990763353e-01
-1.415207827000539931e+00
-1.927250985204942424e-02
1.156342335394575205e+00
5.970462882822897832e-01
-1.299438720781418866e+00
-1.957446918618751974e+00
-6.390294276342196600e-01
7.109937096192548989e-01
1.560723895990611787e+00
1.657600027190758940e+00
1.604373846851117058e+00
1.164135281170404213e-01
-2.384274336867888255e+00
-5.893430827694841057e-01
9.498762274479610745e-01
1.091319635607840954e+00
-3.563282462441037524e-01
-4.768032669428403647e-01
4.821449025803836719e-02
7.800270043042962786e-01
4.750558949510860218e-01
-2.656450695159784381e-01
2.784102437400375329e-01
7.167089512167468257e-01
5.831767179711792037e-01
2.471285299743652963e-02
-8.812088977939360745e-01
-1.035845452900447494e+00
-7.636758262415888066e-02
3.765658037603037411e-01
8.403587136270029845e-02
3.259405821342467036e-01
9.019907402496030180e-02
4.179752432336010237e-01
9.025366828185421575e-01
1.182679441872650283e+00
1.013716853930217265e+00
3.215755022455655254e-01
-4.592448367721742031e-01
-8.769077539639824614e-02
9.826194914050557783e-01
5.893014246146700552e-01
-2.243082935182524995e+00
-3.286828958075454832e+00
-3.409925250433777588e+00
-2.837316498023233713e+00
-9.806046749943542196e-02
9.152754458478291610e-01
1.007926630305241877e+00
1.764497910112131640e+00
7.592561072792227694e-01
-8.789194640289512694e-01
-8.002255581690704833e-01
1.283432358149500629e+00
9.987814714980525199e-01
-9.489332115068260798e-02
2.868505962064868964e-01
8.656930919987393391e-01
8.112859780092682715e-01
9.655913332238027502e-01
1.927394909568588943e+00
2.507804675910617398e+00
2.338242292762299890e+00
1.990876558429049537e+00
1.502796712090762377e+00
8.024448055714885619e-01
-4.808314348374722602e-01
-1.507276087748122162e+00
-1.752781802348438944e+00
-1.757622765311680713e+00
4.429297948047941080e-01
2.633716954027369272e+00
1.458754648314874558e+00
1.239902779635797536e+00
1.928252692041468208e+00
1.686299804064568031e+00
-4.118541044898060832e-03
-5.605825646101486592e-01
7.004662252448475845e-01
1.311865484144195237e+00
9.630864444300213378e-01
3.856983724548879167e-01
7.107067808137061959e-01
2.134076483365365373e+00
3.748656284707308384e+00
2.979315978363286987e+00
-3.970354335612111818e-01
-3.263316544595459945e+00
-4.577670175468227853e+00
-3.073553311827661005e+00
-1.531863851498894036e+00
1.111462282729673845e-01
1.202963474973875790e+00
-1.148533956117973709e+00
-4.490914275586995075e+00
-5.962808739868924235e+00
-5.523446508290835943e+00
-2.721440732621413616e+00
1.533064808577992544e+00
9.380600845075841576e-01
1.707333811187214501e+00
2.311156062907588904e+00
1.142887189983851748e+00
-8.658675080803170943e-01
-1.153659224601510935e+00
-1.100639809993779750e-01
-1.062286345333645965e+00
-2.329074615870128984e+00
-2.494000113484378112e+00
-1.511173914986419398e+00
4.025732746963495146e-01
1.087724776888724154e+00
-9.926719590273416216e-01
-7.764539295113745965e-01
1.771854056904947239e+00
3.048545372686546351e-01
-2.342429779521189470e+00
-2.379550477736467329e+00
-1.526709533231997540e+00
-4.088424236834620196e-01
1.352734994750353081e-01
-1.609307323315816607e+00
-2.234240537719688113e+00
-7.569501401828198084e-01
8.605597631046180140e-01
1.501704088569354667e+00
2.527464654908778030e+00
4.235448944660419102e+00
-7.784673690309946714e-01
-6.441833946587252946e+00
-6.639012638340144434e+00
-4.258449444967284947e+00
-1.219037763882901082e+00
-2.624989201716592113e-01
-7.733495041375575418e-01
-1.007997751192756475e+00
-1.532031374833425552e+00
-2.769944938495056519e+00
-4.241996973690048911e+00
-1.954352705462931050e+00
1.783214963551660537e+00
3.006073579264713747e+00
1.772662723850613187e+00
6.166062790599786680e-01
7.594960210010359702e-01
2.059952088621391120e+00
2.896259059287513260e+00
2.080969691981338521e+00
3.563346028400151688e-01
-9.093015252760158207e-01
-1.259519460289937332e-01
9.504535292404381330e-01
1.508487634744256400e+00
1.997404537047609896e+00
3.017201148334480720e+00
1.401910453696727732e+00
-7.605413921484631690e-01
-2.062356354598937180e+00
-1.349035036309171431e+00
-1.112287288469072877e+00
-4.412340298871006983e-01
8.909083770341363895e-01
1.946145657974625687e+00
2.651649350445709707e+00
2.834891143536076186e+00
2.131255697845322761e+00
1.816387677746444496e+00
1.173415345453387992e+00
2.542653180422638215e-02
5.498108757053212781e-01
6.896294966436566920e-01
2.810619594453884762e-01
1.111350484020519502e+00
9.114318494257389602e-02
-1.462828221135096696e+00
-4.462625486374527384e-02
1.999247698885500357e+00
1.226140660626213963e+00
9.914874697105089396e-01
6.228208307914497865e-01
-1.613952830878684352e+00
-3.862797215063961787e+00
-3.315741791272597272e+00
-2.055440975501766410e+00
-3.071766020873930580e-01
5.233163918729758501e-01
3.016833490463295409e-01
-5.677510526276430269e-02
-2.958620527304394177e-01
6.019486133462428334e-01
1.339440069486826257e+00
1.269859472395953093e+00
9.805481311136321487e-01
5.835051841038583209e-01
3.354611717397961712e-01
1.700269733898317481e-01
2.376953700201426822e-01
-1.526184133157575396e-01
-6.569709414008008119e-01
-8.853729900406681619e-01
-4.646551526360003237e-01
-3.829438766720050236e-02
-3.663222347135985935e-02
-4.257948486909857166e-03
3.527318296131198849e-01
8.667318630001240587e-01
2.047725431478260028e-01
-2.066548934626932787e-01
9.431115380667209891e-02
4.170438219173977501e-01
-1.697216018948515259e-01
-2.452720483616133151e-02
6.925021765500050108e-02
-4.573736866214077601e-01
-1.512296993200083151e+00
4.618116662552904650e-01
1.885826182072978252e+00
2.293176805532427309e+00
1.202657457926043172e+00
-1.891662285608382010e-01
-1.377131454654256570e+00
-1.970064112278741897e+00
-6.520899471958010452e-01
5.415142696426564761e-01
6.442965581150477128e-01
-2.828937769328776497e-02
-1.206491352178696408e+00
-5.352600235903042236e-01
4.528865447409045064e-01
-3.774567989541826041e-01
-8.992715659820049723e-01
1.030358229557909677e+00
2.745661709178793153e+00
1.963023351997966293e+00
-1.751847938981985209e-01
-3.785440878604691139e-01
-3.355860744854137767e-01
-1.088983837903305885e+00
-7.522564305230494686e-01
-2.510057794007278797e-01
-8.728825454231174952e-01
4.380136019844873552e-01
2.944339048199618336e+00
2.114209777448668781e+00
-7.287006007976446487e-01
-1.792257314065934137e+00
-5.685790345214369879e-01
-1.791309444222632941e-01
-3.009109977040861361e-01
3.946335908562265127e-01
4.020246920092216403e-01
1.804386721700929064e-01
6.664995388965245793e-01
2.432444119931202131e+00
2.629288589057177106e+00
8.254934557733670797e-01
-5.889798103734569246e-01
-5.035631674537488500e-01
5.095986249132704593e-01
3.687805556820293873e-01
-9.268876215144472575e-01
-5.623662910842956997e-01
1.541594896258182468e+00
3.270200652418684406e-01
-6.215999611398439484e-01
-3.882502344095426494e-01
1.261632866693691568e-01
-8.358211444760215159e-01
-1.025297968511985403e+00
7.509698110319771303e-01
1.993962197534549841e+00
8.958493491886780902e-01
-6.281851978370442957e-01
-2.082634484891571436e+00
-2.966141591406368683e+00
-4.087275795358650932e+00
1.207826637586677521e+00
6.654123774267811875e+00
6.878609830457373064e+00
2.029599799372165503e+00
2.679704102626992324e+00
4.619786359673899057e+00
4.204634453956153095e+00
2.539954399863437295e+00
-1.509968279677066816e+00
5.948283528941593623e-01
2.482839329201961931e+00
2.495090362562531361e+00
9.557319152018175501e-01
1.822323450520402233e-02
2.919621117400859944e+00
3.852745763673761203e+00
3.531397426276813523e+00
6.350545533293374234e+00
6.421352967619110785e+00
3.698192310582477660e-01
-1.801447041542106220e+00
2.281009777416009410e+00
1.010345928740345123e+00
-5.446742926823982422e+00
-4.958874954716027794e+00
-1.793070345526896592e+00
-3.014235352203162854e-01
-3.933077862749971843e-01
2.238285835325864781e+00
6.569334092520800361e+00
-1.260963629121372165e-01
-4.596506750011226217e+00
-4.746416984176612175e+00
-3.798760461418631884e+00
-4.450687798607075862e-01
4.639627245400406608e+00
4.912120384339096368e+00
3.686688968067687533e+00
4.400258389607090592e+00
-1.310812607437313204e+00
-4.329402333832409688e+00
-1.917779023048002074e+00
3.935246607819877784e+00
1.707959796703993671e+00
-6.656182339410738891e-01
-1.941890740609229615e+00
-8.306368091217205540e-01
-6.562635053077923164e-01
-4.897940847794730601e-01
-8.505321085778179135e-01
-9.594926696469729954e-01
-4.719098276845385964e-01
6.387426970894822809e-01
-2.909482253280142316e-01
-1.288618247668893657e+00
-1.494925390737767756e+00
-5.379438628676904699e-01
2.879327044794778967e+00
0.000000000000000000e+00
0.000000000000000000e+00
0.000000000000000000e+00
0.000000000000000000e+00
0.000000000000000000e+00
0.000000000000000000e+00
0.000000000000000000e+00
0.000000000000000000e+00
0.000000000000000000e+00
0.000000000000000000e+00
0.000000000000000000e+00
0.000000000000000000e+00
0.000000000000000000e+00
0.000000000000000000e+00
0.000000000000000000e+00
0.000000000000000000e+00
0.000000000000000000e+00
0.000000000000000000e+00
0.000000000000000000e+00
0.000000000000000000e+00
0.000000000000000000e+00
0.000000000000000000e+00
0.000000000000000000e+00
0.000000000000000000e+00
0.000000000000000000e+00
0.000000000000000000e+00
0.000000000000000000e+00
0.000000000000000000e+00
0.000000000000000000e+00
0.000000000000000000e+00
0.000000000000000000e+00
0.000000000000000000e+00
0.000000000000000000e+00
0.000000000000000000e+00
0.000000000000000000e+00
0.000000000000000000e+00
0.000000000000000000e+00
0.000000000000000000e+00
0.000000000000000000e+00
0.000000000000000000e+00
0.000000000000000000e+00
0.000000000000000000e+00
0.000000000000000000e+00
0.000000000000000000e+00
0.000000000000000000e+00
0.000000000000000000e+00
0.000000000000000000e+00
0.000000000000000000e+00
0.000000000000000000e+00
0.000000000000000000e+00
0.000000000000000000e+00
0.000000000000000000e+00
0.000000000000000000e+00
0.000000000000000000e+00
0.000000000000000000e+00
0.000000000000000000e+00
0.000000000000000000e+00
0.000000000000000000e+00
