1.251525878906247780e-01
-3.185085576963571086e-01
-5.997659109204729333e-01
-2.816520771287671643e-01
1.481558504355848793e-01
6.663900329406589051e-01
1.914041700304016658e-01
2.043281184710014076e-01
4.985892242984575340e-01
8.552620137657670485e-01
8.041815310511251091e-01
1.118627076581203195e+00
1.510838685967143880e+00
1.083074085931779784e+00
7.807590581601939750e-01
1.011790928522348754e+00
1.825582870338468888e+00
2.166345927948021721e+00
1.138019500057670275e+00
-6.369390556390697178e-02
-3.337849943409556541e-01
-5.917137677157746634e-02
-1.438125486607311210e-02
-1.685971727983961443e-01
-1.471134693457322840e+00
-1.900277854159915236e+00
-5.899165969839901269e-01
5.200534579867466256e-01
1.095422993131213829e+00
-7.500111163413656357e-01
-1.029239712484236957e+00
-1.544874264945481634e-01
1.178196211924775083e+00
1.113328405556150535e+00
-5.491365420007499054e-01
-2.613034492008169618e+00
-4.206278579452957800e+00
-3.698328389699209406e+00
-6.652831203626281553e-01
-6.634168649565428399e-01
-3.133656690633711328e+00
-3.796717984929780076e+00
-2.438149025781608081e+00
1.195069272227053947e-01
-3.470015924619713754e-01
-1.226154256998160719e+00
-2.202341746263919209e+00
-2.942973266302661983e+00
-2.545286330987938328e+00
-1.332866560010177448e-01
-2.859026928369701182e-02
-2.508456515486703342e+00
-3.112006986832559274e+00
-2.008946276278065213e+00
4.884234983009273501e-01
-3.601638279545230859e+00
-4.424364442564876931e+00
-1.684959934581556240e+00
1.194754384983216511e-01
7.823361407566300496e-01
-9.947558524562359894e-01
-2.762435759251313794e+00
-9.689379897464471814e-01
2.358496762667599000e-01
-1.442490909878523686e+00
-1.150789223823425189e+00
-9.319194308669076499e-02
-1.910586818472153503e+00
-1.309128215735063883e+00
-2.644475946750810547e-01
5.409993870327634014e-01
5.648793777057994348e-01
-7.900093470160642894e-01
-1.247747597610108006e+00
-3.358853533035490724e-01
-3.093376056807687347e-01
-3.663166535285824477e-01
4.956508846570835125e-01
2.071484575525657679e+00
3.026118986070064132e+00
1.407533414724962073e+00
-1.585804964198280764e-01
4.140706202076449571e-01
1.698291325847735012e+00
-4.187972704610716246e-01
-1.826238024669119886e+00
-5.306696751308765947e-01
1.327834587859383797e+00
-1.100003338523942054e+00
-2.877623077828368015e+00
1.305205499461672414e-01
1.240126114273264024e+00
7.715093868487721274e-02
1.076277962902132401e-01
2.328060575386781572e+00
4.602162059368281710e+00
5.150069325593625180e+00
2.466814311598652942e+00
7.210027192409932395e-01
8.062305897378401198e-01
8.597844636655205264e-02
-6.090212587366423680e-01
6.750645444475457113e-01
1.623311153755457870e+00
2.015518002320447977e+00
1.207175205565723886e+00
7.804250882965173552e-01
2.573440463958777791e+00
1.615216636846579012e+00
-9.298120159403655549e-02
-7.295922017993052844e-01
3.062083471844521121e-01
1.115920091834263550e+00
1.329569388633767613e+00
-9.291105955783290904e-02
7.872798576183608343e-01
1.742436106107439375e+00
2.030442528526704926e+00
1.507310485128956268e+00
-1.017609315883949650e+00
1.556670666686277293e-01
-5.430790792621653651e-01
-1.892353354025973822e+00
5.212494476014533085e-01
5.900812871773313262e-01
-3.887351830336882585e-01
1.078287036033663160e+00
-9.746833960743832570e-01
-2.164859178362407821e+00
-2.318383774352378524e+00
-2.169695661565664402e+00
1.116427009529203929e-01
-3.257851540110456412e+00
-3.711679965655641844e+00
1.470679256130390300e+00
-5.879771569149944810e+00
-4.292742842189598562e+00
1.411928629893984155e+00
-5.843795499915960256e-01
-5.272294961566670324e-02
-1.765539369211571064e+00
1.131666441939613410e+00
1.696342896250855325e-01
-6.705170818594441418e-01
-1.108151386755543033e+00
-3.335411180740945891e+00
-2.157049953065441450e+00
1.309128302885089967e+00
5.424636204276689355e-03
-8.955903154723634518e-01
-4.748088219860761017e-01
-7.150470376582425125e-01
4.015150311786712667e-01
1.912981310236078869e+00
9.274324715525816831e-01
1.068187517067100689e-01
-4.985590435937226061e-02
-1.880423721355656719e+00
-2.725648359298700640e+00
-1.298823599474964396e+00
8.242465781861521013e-01
7.184539631483544131e-01
9.469131016425982317e-01
1.480605983149322347e-01
2.927193510740873639e-01
-5.151732105051307631e-01
-3.374881633867751196e-01
-1.870843204043437069e+00
-3.160468247003207942e+00
-2.241578052175157598e+00
-6.696146536497784574e-01
-9.772461853365120854e-01
6.593613588176761020e-02
1.492184548130320643e+00
1.241732893222000644e-01
-8.526848498693816447e-01
-9.060488246863185324e-02
-1.020640170348325881e+00
-5.468818001493211955e-01
6.548375282136558173e-01
-2.754803189005038622e+00
-3.460322990869447946e+00
-4.337502592264743662e-01
-1.092859419170983060e+00
-2.412161999156119840e+00
-1.469795000713606470e+00
-3.259357648202149349e+00
-6.564056843801484575e-01
-1.498531293599357106e+00
3.540139785053737498e-01
-4.972567773083090614e+00
-7.645440672821282035e+00
-1.651729207377674591e+00
-7.717837518295903365e+00
-7.234985630708839821e+00
-2.648820181558070974e+00
-2.665832558883788561e+00
-1.591562933499293564e+00
-2.800263435310627713e+00
-1.144045143123017194e+00
3.282938193443350361e+00
3.825519845554508969e+00
5.223879975233892914e+00
3.763945910506244275e+00
-4.991466141096365661e-01
-2.951362304874587394e-01
1.532595919819255137e+00
1.514149828017517407e+00
2.839970413198594557e+00
2.230849419613839757e+00
1.881128359462329591e+00
2.319930768520600761e+00
2.397221177860692887e+00
1.855160600158305639e+00
-4.586222706722529185e-01
-1.159447932474332754e+00
2.440503682815831077e-01
1.192976482734573906e+00
1.513527964203212006e+00
1.182346636179071542e+00
-1.470284363690643192e-01
1.550463361919905747e+00
1.949478480779367695e+00
1.426116874368879905e+00
9.786700532739637248e-01
2.340592527103364517e-01
5.603862973844568884e-01
1.276177278320391739e+00
5.485003016143273902e-01
2.037933676545260475e-01
2.157146484386321728e+00
1.507536755402522521e+00
-2.911364576432993179e-01
7.541891312236792544e-02
3.784037301339495674e-01
3.746216024311663784e-01
-3.741915998140088462e-01
5.962573710927583370e-01
3.224811606596790892e+00
4.341132198132580555e+00
7.340778548216735366e-01
-2.008596797315491678e+00
3.938470242134066712e-01
2.737459757918363490e+00
2.363782744427316285e-01
-2.109324742133011021e+00
-3.569250124077423258e-01
2.087970448968755832e+00
1.671345592841651850e+00
-5.116399757860845554e-02
-1.001237126095477770e-02
1.408029200155830774e+00
1.353848574637014135e+00
1.224925620191856801e-01
1.118315995741157698e+00
2.645794741716548604e+00
1.792425281975264184e+00
-7.599052313720733309e-02
-1.495060680221208305e+00
-1.771313665782244584e+00
-5.153573108246601864e-01
-1.891012875796028059e+00
-2.157886980143695510e+00
-9.983518364845123116e-03
-5.827075040588116650e-01
-1.834456177431964097e+00
-7.707950330768220670e-01
-9.276283448117985664e-01
-1.426279696059743696e+00
-2.307627506096091796e+00
-3.890737104770770394e+00
-2.538797252065249310e+00
4.812909489156659282e-01
-3.298064183066221844e+00
-4.526066968809520752e+00
-2.813738998034170713e+00
3.839692723918175510e-01
2.239178421544574249e-01
-2.966303386002535625e+00
-3.912697190694364835e+00
-2.431987806139315200e+00
-1.021596699976740075e+00
3.119992994617559745e-02
7.332635671546121614e-01
-2.086873785696460981e+00
-3.987008479337600164e+00
-3.375253838342499257e+00
-5.863912073189641028e-01
-4.608409040788474798e-02
-2.473888999250155596e+00
-2.952029586456315968e+00
-2.277399995070797267e+00
-9.973972599008409379e-01
4.605067893630891973e-01
4.090364511142683401e-01
-1.190933238169750163e+00
-2.109380320557172617e+00
-1.590156521302819037e+00
2.210678655915950808e-01
-9.522061230807588039e-02
1.555418856989509990e-02
3.475433200421016444e-01
9.317304277534426138e-01
1.887630360747619029e+00
1.541508985550832600e+00
5.064991825000264569e-01
-1.973961972375501972e-01
5.178073111828296327e-02
5.349035136432133131e-01
2.928390193806612585e-01
5.179924588607986990e-02
-1.110243171081445324e-01
6.935570516154149212e-02
5.077703394609001109e-01
9.243652596889051498e-01
9.911618547086143982e-01
1.301647819028482811e+00
1.697249429637520457e+00
1.313783447721827313e+00
7.567372599210985262e-01
5.043795359781116927e-01
1.224392659598158906e+00
9.016544899635972055e-01
2.164493747612723507e-01
-2.045195972311220078e-01
6.049522288261721670e-03
1.361078686257805037e+00
1.155362204906594137e+00
9.214647305675177646e-01
8.310676750969906434e-01
1.082746994070708846e+00
1.341655462063193305e+00
1.230917231425612490e+00
1.155292795363621616e+00
0.000000000000000000e+00
0.000000000000000000e+00
0.000000000000000000e+00
0.000000000000000000e+00
0.000000000000000000e+00
0.000000000000000000e+00
0.000000000000000000e+00
0.000000000000000000e+00
0.000000000000000000e+00
0.000000000000000000e+00
0.000000000000000000e+00
0.000000000000000000e+00
0.000000000000000000e+00
0.000000000000000000e+00
0.000000000000000000e+00
0.000000000000000000e+00
0.000000000000000000e+00
0.000000000000000000e+00
0.000000000000000000e+00
0.000000000000000000e+00
0.000000000000000000e+00
0.000000000000000000e+00
0.000000000000000000e+00
0.000000000000000000e+00
0.000000000000000000e+00
0.000000000000000000e+00
0.000000000000000000e+00
0.000000000000000000e+00
0.000000000000000000e+00
0.000000000000000000e+00
0.000000000000000000e+00
0.000000000000000000e+00
0.000000000000000000e+00
0.000000000000000000e+00
0.000000000000000000e+00
0.000000000000000000e+00
0.000000000000000000e+00
0.000000000000000000e+00
0.000000000000000000e+00
0.000000000000000000e+00
0.000000000000000000e+00
0.000000000000000000e+00
0.000000000000000000e+00
0.000000000000000000e+00
0.000000000000000000e+00
0.000000000000000000e+00
0.000000000000000000e+00
0.000000000000000000e+00
0.000000000000000000e+00
0.000000000000000000e+00
0.000000000000000000e+00
0.000000000000000000e+00
0.000000000000000000e+00
0.000000000000000000e+00
0.000000000000000000e+00
0.000000000000000000e+00
0.000000000000000000e+00
0.000000000000000000e+00
0.000000000000000000e+00
0.000000000000000000e+00
0.000000000000000000e+00
0.000000000000000000e+00
0.000000000000000000e+00
0.000000000000000000e+00
0.000000000000000000e+00
0.000000000000000000e+00
0.000000000000000000e+00
0.000000000000000000e+00
0.000000000000000000e+00
0.000000000000000000e+00
0.000000000000000000e+00
0.000000000000000000e+00
0.000000000000000000e+00
0.000000000000000000e+00
0.000000000000000000e+00
0.000000000000000000e+00
0.000000000000000000e+00
0.000000000000000000e+00
0.000000000000000000e+00
0.000000000000000000e+00
0.000000000000000000e+00
0.000000000000000000e+00
0.000000000000000000e+00
0.000000000000000000e+00
0.000000000000000000e+00
0.000000000000000000e+00
0.000000000000000000e+00
0.000000000000000000e+00
0.000000000000000000e+00
0.000000000000000000e+00
0.000000000000000000e+00
0.000000000000000000e+00
0.000000000000000000e+00
0.000000000000000000e+00
0.000000000000000000e+00
0.000000000000000000e+00
0.000000000000000000e+00
0.000000000000000000e+00
0.000000000000000000e+00
0.000000000000000000e+00
0.000000000000000000e+00
0.000000000000000000e+00
0.000000000000000000e+00
0.000000000000000000e+00
0.000000000000000000e+00
0.000000000000000000e+00
0.000000000000000000e+00
0.000000000000000000e+00
0.000000000000000000e+00
0.000000000000000000e+00
0.000000000000000000e+00
0.000000000000000000e+00
0.000000000000000000e+00
0.000000000000000000e+00
0.000000000000000000e+00
0.000000000000000000e+00
0.000000000000000000e+00
0.000000000000000000e+00
0.000000000000000000e+00
0.000000000000000000e+00
0.000000000000000000e+00
0.000000000000000000e+00
0.000000000000000000e+00
0.000000000000000000e+00
0.000000000000000000e+00
0.000000000000000000e+00
0.000000000000000000e+00
0.000000000000000000e+00
0.000000000000000000e+00
0.000000000000000000e+00
0.000000000000000000e+00
0.000000000000000000e+00
0.000000000000000000e+00
0.000000000000000000e+00
0.000000000000000000e+00
0.000000000000000000e+00
0.000000000000000000e+00
0.000000000000000000e+00
0.000000000000000000e+00
0.000000000000000000e+00
0.000000000000000000e+00
0.000000000000000000e+00
0.000000000000000000e+00
0.000000000000000000e+00
0.000000000000000000e+00
0.000000000000000000e+00
0.000000000000000000e+00
0.000000000000000000e+00
0.000000000000000000e+00
0.000000000000000000e+00
0.000000000000000000e+00
0.000000000000000000e+00
0.000000000000000000e+00
0.000000000000000000e+00
0.000000000000000000e+00
0.000000000000000000e+00
0.000000000000000000e+00
0.000000000000000000e+00
0.000000000000000000e+00
0.000000000000000000e+00
0.000000000000000000e+00
0.000000000000000000e+00
0.000000000000000000e+00
0.000000000000000000e+00
0.000000000000000000e+00
0.000000000000000000e+00
