3.860778808593750000e-01
5.449481448801279271e+00
9.203797723805280384e-01
3.276153467512271433e+00
4.076226986214478210e+00
-6.748558910879939532e+00
3.696332848550553329e+00
3.166457006503639704e+00
2.111433645837601070e+00
6.710882781053523871e+00
-2.194049208518775274e+00
6.257447167000568911e+00
4.709453537725205585e+00
1.472223142526767115e+00
3.512720922461767703e+00
-1.210358601722265837e+00
7.376112090496524942e-01
-7.861725583595593481e-01
1.163407517282607717e+00
1.265845467412631820e+00
-1.169959775839044980e+00
-2.393431694716126490e+00
-4.316205929388658546e+00
-5.274576457652655037e+00
3.839276348252862459e+00
7.159711613493158211e-01
3.091284331474344782e+00
-3.243781448228108211e+00
2.430508513621550293e+00
-3.467134958711961978e+00
-1.988956453372230371e-01
-1.434501429811132711e+00
2.713698171063984255e+00
-1.428730743511902546e+00
1.322411433354523158e+00
-3.992634707657787274e-01
-1.388176080251417588e+00
-2.676949596870588977e+00
-1.237785144206905663e+00
-3.013214851361247781e+00
-1.603610476180859834e+00
-6.453316139759683878e-01
-3.976692860847821365e-01
-5.407004453361314855e-01
-6.277321876470423057e-01
-5.062908607582725651e-01
-1.756487579669543164e+00
6.309770126299618642e-01
-1.418861466418099626e+00
-8.958168324660995552e-01
-4.599089191005681698e+00
-3.114089891469977278e+00
-8.183117165990720920e-01
-1.122121835156149938e+00
5.150101803920532628e-01
-1.544972775529562359e+00
-1.789713309485316595e+00
3.397562482995255539e-01
-2.339332559209149398e+00
1.622710174323858112e-01
1.229628109169011552e+00
-1.086307451111187428e+00
2.006248148293328981e+00
-1.515671833539428803e+00
6.867740760294163138e-01
-2.022746855887506356e+00
3.709216639050833209e+00
-1.460633904861369459e+00
7.785515112658183412e-01
-2.826867463075670273e+00
1.084735547140681433e+00
1.239221802292808539e+00
2.278399092674211257e+00
1.702831603541749006e-01
2.539335881026183017e+00
1.441303088452228653e+00
3.380721170998353564e+00
-9.402148780177848053e-01
8.652608180292762352e-01
-7.680978359792678400e-01
-1.548546540822535178e-01
-4.242513939423474545e-01
1.474490343541031923e+00
8.963985196934487476e-01
-6.332539463952502334e-01
-1.761174422550182417e-01
2.002231839288410309e-01
-1.229823914783818362e+00
-6.666800886255863645e-01
-4.886087914469654514e-01
-2.781126082972520397e+00
-1.521910940833253623e+00
-2.218679388997999880e+00
-2.100557981486081083e+00
9.247065529307505471e-01
-2.106148724713141185e+00
-2.567658311359649392e+00
-9.964456781990997936e-01
3.359754579070619585e-01
5.264273248154625051e-01
4.203372882766043261e-01
2.383760157636671817e+00
2.121942887630766439e+00
1.687897410488694794e+00
3.279825528274994184e+00
2.391856908683930971e+00
2.796160328220538283e+00
4.540328944758816654e+00
2.258123225814056223e+00
6.715191651033984854e-01
1.163252182895680331e+00
2.410271703037920599e+00
2.875751590728794937e+00
1.324739679532262793e+00
8.569252543557555057e-01
8.336077757167119628e-01
-1.180069159424073089e-01
-8.120492879620966331e-01
-4.977037167298259401e-01
7.777838298915500381e-01
1.411132583916558048e+00
8.838609925023546143e-01
1.029545450702974208e+00
-6.266025281525144930e-02
-6.919989399473851499e-01
2.290973269210625496e-01
4.187311076342961069e-01
2.684643266962316588e-01
7.221310952090385094e-01
-8.249608169895172871e-03
3.180513055775054942e-01
1.482939113281783072e+00
7.457372807607222098e-01
3.240974215840690675e-01
-4.088156558794013851e-01
-1.176380229505061381e+00
-7.576980591752993099e-01
-1.935545174730674001e+00
-3.507152594597684470e-01
-4.994195064633901726e-01
-8.513996182363572363e-01
-5.583091057403579693e-01
-9.857952864757768552e-03
-2.367158482751522630e+00
-2.590444306500089944e+00
1.298255806444521543e-01
1.658955367194063779e-01
-9.258434798352610517e-02
-3.301207968626282963e-01
-7.142655079433353205e-01
-3.184027690983184389e-01
-1.171565983638089170e+00
2.698943529294830501e-01
-5.304563791919880700e-01
-2.006501401529616757e+00
-1.027749841943747189e+00
-1.932552884738462318e+00
5.111534903647334538e-01
-4.760251463067519673e+00
-2.425022477903153284e+00
6.229492795627915580e-01
2.418553463783852386e-01
-1.220372096033118137e+00
-2.155363716759688852e+00
-2.519868895972225076e+00
1.650335003026848213e+00
-1.663200214519426900e+00
-6.226408712769135434e+00
-7.230889653559436248e+00
-5.798354967680889871e+00
-1.422288253892133447e+01
-3.953194509366273923e+00
-2.008813775175026706e+01
-1.084802412674329197e+01
-5.160361238605002399e+00
-5.382537229935490330e+00
-4.793804524545925538e+00
-3.105559831463149401e+00
1.033695717525976443e+00
7.064165671863098517e-01
2.740472545134124083e+00
1.695780932397814578e-01
-5.906769873235013790e-01
-1.314678125587009916e-02
1.565870184981992708e+00
-9.064423792963531845e-01
-2.436435640448730844e-01
2.705243442864568415e+00
1.004278350681584886e+00
-2.419130124439039520e-02
1.446999364746624828e+00
2.016211269367905956e+00
1.905104802579289158e+00
4.173009744247043074e+00
1.461669862642959394e+00
9.333892098818967753e-01
3.530780283739643366e+00
1.234613147893381724e+00
-2.454750374610957575e+00
-5.134259343707947565e+00
-9.357029483907619571e-01
-1.382307590086854887e+00
-3.080359306131480235e+00
-3.539026295795122401e-01
-3.219546780348148118e+00
7.666452867481132749e-01
-1.556264669334279649e+00
-1.461537760512275463e+00
-2.173655753032766036e-01
4.385132233249462441e-01
-2.788811668929843890e+00
-2.538878396146999172e+00
-3.295956310573457060e+00
-1.789625501910329985e+00
-1.138904648343119774e-01
-8.635234192060652347e-01
-2.006280404136075113e+00
-4.353536276481158040e+00
-1.166401414004956116e+00
-3.210001007358509462e-01
1.900439426448040203e+00
7.937054871132871448e-01
-9.135234647264753871e-01
-2.686847446764769831e+00
-8.249330713221354472e-01
1.100190367429507488e+00
-1.416650794008729175e-01
1.674598229403984728e+00
3.937811681726799407e-02
-1.753523874361632817e+00
1.251383416398856196e+00
8.311116239042957154e-01
3.247732065479508545e+00
-4.008048373961226041e-01
5.012443205674327329e-01
-4.468173255206366878e-01
5.377745943308949172e-01
1.094581590419491324e+00
-6.231170069313247684e-01
-1.027173607208089701e+00
2.092046929513941222e+00
3.594668878958543257e+00
1.529558284632856369e+00
9.354779588892272457e-01
1.228410986262116422e+00
9.339012028398014920e-01
9.499359471570034685e-01
1.903276134853237878e-01
4.217835238832965405e-01
1.254270846585055832e+00
9.673666122465409689e-01
1.697478140861702567e+00
1.172539774090117781e+00
-6.004664977433817885e-01
-9.045109548718153203e-01
6.678644276086678211e-01
2.822496603754545141e-01
-1.833964255260423171e+00
7.874446076538388350e-02
-5.932922919795839967e-01
2.308596968413367367e+00
-1.155134902200663838e+00
-6.037068266597891419e-01
-1.318915796176315380e+00
-1.044513537232156786e-01
8.089591161736966463e-01
-8.799361899634545736e-01
3.277221512904819889e-01
-2.090679841112118797e+00
-1.942862137887419349e+00
-2.567557077168536317e+00
-1.850152417060609622e+00
-4.600230020784075169e-01
-9.168191168767461097e-01
-1.912092711030754177e+00
-4.786045784212855203e+00
-1.531343921127215513e+00
-2.751566079521968078e+00
-1.828937418401502590e+00
-2.235477433479898579e+00
-3.956900026157751604e+00
-3.323173232462762972e+00
-3.233286146647326387e+00
5.589222886557856373e-01
-2.752831660121461965e-01
-6.865101013788426076e-01
-3.188766974820391731e+00
3.641362779975549913e-01
-1.273915075342194392e+00
-7.515236713490933695e-01
-4.964425208430561121e+00
-4.288463418520525927e+00
-1.032275010040302199e+00
-7.005738451803484423e+00
-5.106923044306308945e+00
-1.540258009552914586e+00
1.611992273683261034e+00
-1.032569893529921679e+00
-3.002722783732389544e+00
1.318520081502672081e-02
2.647063978092889514e-02
1.268543759985753194e+00
6.776082236688241167e-02
-2.055428023629104040e+00
-1.593123872206805292e+00
4.933066023206329476e-01
-1.364375680950606906e+00
-9.757737267657322633e-01
1.264507449921042692e+00
-6.628593416776529246e-01
3.130767973829184925e-02
2.090147754925352430e+00
1.775484743068445281e+00
-1.226339701817803496e+00
3.447003365041156897e-02
-1.364723222410007430e+00
-3.811739332251366186e+00
-6.149755149935152154e+00
-4.219848120915257184e+00
-1.107781158339693661e+01
-1.712818512311645236e+01
-1.153950355417172613e+00
-1.242396402436894043e+01
-7.482129697119083822e+00
-5.166073837862183993e+00
-5.010934558663979743e+00
-8.541693592456696127e-01
2.069211310951631244e+00
-9.405978209788408151e-01
-3.162379332929196263e+00
-1.289656019266320897e-01
1.660623110976461536e+00
2.689599114410446301e+00
-2.881725179252691227e+00
-4.654389648338987939e+00
-3.454218241655262478e-01
-2.722591407379642003e+00
1.139607882456986854e+00
-5.563858928344833643e-01
-1.557507171301278026e+00
2.193054444680344606e-01
-4.397868103460260691e-01
-7.872195294139141541e-01
1.852851815380662792e-02
-2.228074216140347730e-01
3.237989435916234227e-01
1.412299626964443000e+00
1.624169074915019273e+00
-2.356329691837206752e+00
-1.077881449927674096e+00
1.993614533022913804e+00
2.268733632214810392e+00
1.660649768311085683e+00
2.325813598332438836e+00
2.185613872886728259e+00
8.390230960886375655e-01
3.063526281281315100e+00
2.809180597224492093e+00
3.854134811211380907e+00
4.234848605137338851e+00
2.632395270164841428e+00
2.217048375660551685e+00
3.049184112248019218e+00
4.267000852793475296e+00
4.618097030576892692e+00
3.934511915881951261e+00
2.762196785784167385e+00
1.459680039747444980e+00
1.781145911697164408e+00
2.347142072134460022e+00
1.920474383196551171e+00
7.953433833310057377e-01
2.900726197637557124e+00
1.039858746272390944e+00
7.338681200606993471e-01
1.216550743307482918e-01
-2.238064154245340553e-01
9.896730139602452070e-01
-7.560677564094961944e-01
1.226202620322436099e+00
8.989938778596030522e-01
-7.067160509950847214e-01
-7.156110781093609763e-01
9.361227673603789157e-02
-1.171421459662893350e+00
1.340043286211605178e+00
-3.495245531779885839e-01
1.775937037392658624e-01
-8.738631014623601256e-01
7.523516059557200375e-01
-5.170012117707420973e-01
8.366489627412847518e-01
-5.712360149919153418e-01
-2.964073513540474991e-01
-5.553460274047858913e-01
4.702010487613765832e-01
-7.544959681088507786e-01
-2.817502384904194468e+00
2.788480506108703683e-01
-8.282198199572357034e-01
-1.569480356518095032e+00
-3.566673794822177168e-01
-2.243515744597467609e+00
-1.207177105251785454e+00
-1.080058609649092727e+00
-1.569936912236876259e+00
1.034123331357628794e+00
3.921402178022348473e-02
-1.188667347545134811e-01
-3.730238212412199106e-01
5.573430796434820644e-01
1.900110639441416893e-01
-1.001030419834314511e+00
-1.076958682398546641e-01
-7.377793498861890953e-01
-1.868790348153201331e+00
-1.020071948892888880e-01
6.282058350589748708e-01
8.029610451415266636e-01
3.966559512849117120e-01
-5.004525075483887697e-01
1.044232156058662708e+00
-1.950084338405110085e+00
-2.608400268637613539e+00
-1.540550827756993479e+00
-2.793533413112982977e+00
7.808624286905740952e-01
-4.442003727564269866e-01
-1.190968198508692844e+00
-8.292901399356044090e-01
7.644925908773013701e-01
4.971272740205094909e-01
7.146219550819334909e-01
4.564744504215598742e-01
-2.313359335289750796e+00
-8.024739549582162734e-01
-7.574346259169202344e-01
-6.310392942360376622e-02
5.439486691705135435e-01
-9.519319542504693921e-01
-2.436742221358221272e-01
-1.335065125169863087e+00
-2.843525302574296809e+00
4.643956100282533583e-01
1.821117967808532967e+00
3.631140369765344822e+00
1.804071681045929854e+00
2.041820216753065687e+00
2.837539999347848951e+00
8.872952757086018938e-01
-2.616603922945746064e-01
-1.260191282449381056e+00
-1.123588500859985739e+00
-4.037982759642588348e+00
2.950622389809405277e-01
-3.132946834743393971e+00
-4.520092092112431459e+00
-1.681769300888878993e+00
-9.415462999663088972e-01
-1.682490345422984257e+00
-2.573007185473197289e-01
-3.122666946753893669e+00
-1.392677870875947299e+00
-3.685729530439940671e+00
-8.192890820015308329e-02
-3.253527983304387305e+00
-8.238386660358174574e-01
-3.430944978271420531e+00
-5.745156802537609853e-01
-6.827055063331469498e+00
-6.821624567825217866e+00
-4.958403801123601795e+00
-4.501382229189047735e+00
1.957058747794629960e-01
-2.227371887557660912e-02
-1.125090179140596724e+00
6.413738152947345839e-01
-7.891614240983131356e-01
1.585777786167184011e-01
4.261751664582310029e-01
2.743570985537862938e+00
9.656618816679523043e-01
1.267723240299023058e+00
-4.428151406891119635e+00
-1.890959340229231067e+00
-1.684199459738510818e+00
-1.600394132833136140e+00
-7.151798115897113561e+00
-3.091174565804180041e+00
-5.456594598698265131e+00
-2.315771675934898077e+00
-3.907880133297295000e+00
2.426808663308870351e+00
1.675983793671748767e+00
1.238991586938461786e+00
1.950824082690322481e+00
8.787654407348435281e-01
9.390123147813542737e-01
1.978154385484012900e+00
2.175187307151919658e+00
