-2.557647705078125888e+00
-2.599920788501146163e+00
-2.426460683699383392e+00
-1.493404700172634048e+00
-1.269860971818334683e+00
-1.655555979815944934e+00
-1.546671066924661719e+00
-1.283717963960840036e+00
-1.231100395383075918e+00
-8.473046763470089004e-01
-2.977846605210454634e-01
-1.393826546621133033e-01
-2.539913440849894677e-01
-6.855090810342070462e-01
-2.226740024263227813e+00
-2.270257330587436506e+00
-5.326714793196378750e-01
9.690708443664508565e-01
1.280470597841816716e+00
2.769737322649672429e-01
-1.159105694294808364e+00
-1.812672441718189420e+00
-5.457850066958582769e-01
1.121551898989198826e+00
1.513744895254231393e+00
1.059437034191206273e+00
3.818692287435738741e-01
-4.912824476830537357e-01
-7.870683507324751638e-01
6.587250686778847175e-01
1.950317365585535700e+00
2.823575698901921172e-01
-2.194906915516619428e+00
-3.045515650976237332e+00
3.015570588333288171e+00
4.072457313980689442e+00
2.639446040990132580e+00
1.628347195743685027e+00
1.473303865220366937e+00
1.268845089456072550e+00
1.312680450288722156e+00
1.296597459940708852e+00
5.738153199197002508e-01
-2.745925690748511894e+00
-4.384807086892550387e-01
1.173252826396748993e+00
8.617403546201174436e-01
-8.882809306947501149e-01
-6.285903110723400911e-01
1.842467776370446675e-01
5.187077933160462173e-01
2.601271381191061494e-01
-2.223542963259864891e+00
-3.446055600884308401e+00
-2.993316548989337633e+00
-2.391392057188770792e+00
-1.465254899794067978e+00
-2.745527385279444843e-04
-1.929317313051197580e+00
-2.775679454290856274e+00
-1.864696528940433584e+00
-1.410252991865200478e+00
-2.174833897370373581e+00
-1.866605180896173000e+00
-1.647334114595908172e+00
-1.622133923703994229e+00
-3.205304884618564998e-01
-8.265120909474177324e-03
-5.606373412511076459e-01
-1.624845746900268839e+00
1.365764593673457261e+00
1.736234415104927375e+00
7.931645788519152696e-01
-6.788334160094464664e-01
-1.602888510226118335e+00
-1.709381909045847525e+00
-1.348102045989973075e+00
-7.335907881213339365e-01
-2.872158366640140681e-01
5.102190753535604806e-01
1.218305688323005009e+00
1.436140928275264184e+00
1.196957483973035252e+00
1.195793091117927975e+00
1.005844631478526319e+00
1.158521905730982571e-01
-3.532823595257597038e-01
-5.939710964856823594e-01
-9.407676622347164175e-01
-4.342009218206523968e-01
-1.816596857308017121e-01
-3.815921666481996155e-01
-5.138939827214501488e-01
9.513301576539956450e-02
9.706817162472596294e-01
1.814588160538299633e+00
1.555751059623400989e+00
7.727003945878099245e-01
-3.485279624936887810e-02
3.265055157915308648e-02
4.365806000467786774e-02
4.071565949467301770e-01
1.182636836186583773e+00
1.515288251447416190e+00
7.438491972344191128e-01
-7.590364641137382629e-01
-2.381600816063089709e-02
5.032005022125585203e-01
4.261054051223243100e-01
5.621399755303591039e-02
3.009961900695470316e-01
-1.589536910497787447e-01
-9.766316435972139942e-01
-6.113011789662823325e-01
-1.371507358710544189e-01
-2.816346405373515438e-02
2.200455503543230495e-01
1.260335871705792865e+00
1.492900318725285169e+00
8.910585460266426949e-01
-3.657596550431042592e-01
-1.199049821530015825e+00
-1.161762174986214813e+00
-4.505339221365500801e-01
3.447280148673121936e-01
8.503951070673441137e-01
9.925311555672617914e-01
8.395813709906017053e-01
6.682687819292776332e-01
7.544336944959968427e-01
1.085414772247288440e+00
1.418355081256373662e+00
1.235816466789243950e+00
-5.990195569484666471e-01
-2.385122698545647069e+00
-2.518157771050871130e+00
-2.706510445680718746e+00
-2.677600131998344679e+00
-1.776421029203677726e+00
-5.478014408949949399e-01
3.219601576330282100e-01
9.184773703845472426e-01
1.803757547446969589e+00
5.548883025802955338e-01
-1.937471656107083717e-01
-1.171926846826968571e+00
-2.262790631640874572e+00
-2.865635337306888797e+00
-2.847493210546700571e+00
-2.461500486828574807e+00
-2.053346500725126589e+00
-1.846707584547114145e+00
-2.089995158269502884e+00
-2.385768061134399876e+00
-1.233022706531156309e+00
-9.767219836187872595e-01
-7.174523723691259569e-01
-8.350040870228481182e-01
-8.385289469888554947e-01
-6.360086722822648753e-01
-4.703329189477170047e-01
-1.431855236013099164e+00
-3.026941341686926634e+00
-3.158727841674424663e+00
-2.764305497920952259e+00
3.515910361928193950e-01
1.373859781149508130e+00
6.770267450614619875e-01
4.686236073364264954e-01
5.176264872411340257e-01
-1.067486190586050876e+00
-1.562705006575367594e+00
-1.529010582100023274e+00
-1.018860911402366565e+00
-2.401266724129313967e-02
-4.331175541777696480e-01
-7.159224890976441102e-01
-6.544007509793026145e-01
-4.449221818520108229e-01
-3.546154595552913902e-01
1.043468134938168035e-01
9.798669371054113952e-02
-2.062888463817216245e-01
-5.585257095154712026e-01
-4.826241949200111847e-01
-4.925801507597586948e-01
-3.330579680402978582e-01
-1.270780876798361936e-01
-4.082484934016878952e-01
-8.970287066621651650e-01
-1.057802239752093643e+00
-6.410695098787084767e-01
1.459422689084965974e-02
-3.053934327727918507e-01
-4.918794817681846343e-01
-4.404792018414231958e-01
4.517252586051689889e-02
9.679657163030155331e-01
8.124924790803679242e-01
8.124924790803679242e-01
9.679657163030155331e-01
4.517252586051689889e-02
-4.404792018414231958e-01
-4.918794817681846343e-01
-3.053934327727918507e-01
1.459422689084965974e-02
-6.410695098787084767e-01
-1.057802239752093643e+00
-8.970287066621651650e-01
-4.082484934016878952e-01
-1.270780876798361936e-01
-3.330579680402978582e-01
-4.925801507597586948e-01
-4.826241949200111847e-01
-5.585257095154712026e-01
-2.062888463817216245e-01
9.798669371054113952e-02
1.043468134938168035e-01
-3.546154595552913902e-01
-4.449221818520108229e-01
-6.544007509793026145e-01
-7.159224890976441102e-01
-4.331175541777696480e-01
-2.401266724129313967e-02
-1.018860911402366565e+00
-1.529010582100023274e+00
-1.562705006575367594e+00
-1.067486190586050876e+00
5.176264872411340257e-01
4.686236073364264954e-01
6.770267450614619875e-01
1.373859781149508130e+00
3.515910361928193950e-01
-2.764305497920952259e+00
-3.158727841674424663e+00
-3.026941341686926634e+00
-1.431855236013099164e+00
-4.703329189477170047e-01
-6.360086722822648753e-01
-8.385289469888554947e-01
-8.350040870228481182e-01
-7.174523723691259569e-01
-9.767219836187872595e-01
-1.233022706531156309e+00
-2.385768061134399876e+00
-2.089995158269502884e+00
-1.846707584547114145e+00
-2.053346500725126589e+00
-2.461500486828574807e+00
-2.847493210546700571e+00
-2.865635337306888797e+00
-2.262790631640874572e+00
-1.171926846826968571e+00
-1.937471656107083717e-01
5.548883025802955338e-01
1.803757547446969589e+00
9.184773703845472426e-01
3.219601576330282100e-01
-5.478014408949949399e-01
-1.776421029203677726e+00
-2.677600131998344679e+00
-2.706510445680718746e+00
-2.518157771050871130e+00
-2.385122698545647069e+00
-5.990195569484666471e-01
1.235816466789243950e+00
1.418355081256373662e+00
1.085414772247288440e+00
7.544336944959968427e-01
6.682687819292776332e-01
8.395813709906017053e-01
9.925311555672617914e-01
8.503951070673441137e-01
3.447280148673121936e-01
-4.505339221365500801e-01
-1.161762174986214813e+00
-1.199049821530015825e+00
-3.657596550431042592e-01
8.910585460266426949e-01
1.492900318725285169e+00
1.260335871705792865e+00
2.200455503543230495e-01
-2.816346405373515438e-02
-1.371507358710544189e-01
-6.113011789662823325e-01
-9.766316435972139942e-01
-1.589536910497787447e-01
3.009961900695470316e-01
5.621399755303591039e-02
4.261054051223243100e-01
5.032005022125585203e-01
-2.381600816063089709e-02
-7.590364641137382629e-01
7.438491972344191128e-01
1.515288251447416190e+00
1.182636836186583773e+00
4.071565949467301770e-01
4.365806000467786774e-02
3.265055157915308648e-02
-3.485279624936887810e-02
7.727003945878099245e-01
1.555751059623400989e+00
1.814588160538299633e+00
9.706817162472596294e-01
9.513301576539956450e-02
-5.138939827214501488e-01
-3.815921666481996155e-01
-1.816596857308017121e-01
-4.342009218206523968e-01
-9.407676622347164175e-01
-5.939710964856823594e-01
-3.532823595257597038e-01
1.158521905730982571e-01
1.005844631478526319e+00
1.195793091117927975e+00
1.196957483973035252e+00
1.436140928275264184e+00
1.218305688323005009e+00
5.102190753535604806e-01
-2.872158366640140681e-01
-7.335907881213339365e-01
-1.348102045989973075e+00
-1.709381909045847525e+00
-1.602888510226118335e+00
-6.788334160094464664e-01
7.931645788519152696e-01
1.736234415104927375e+00
1.365764593673457261e+00
-1.624845746900268839e+00
-5.606373412511076459e-01
-8.265120909474177324e-03
-3.205304884618564998e-01
-1.622133923703994229e+00
-1.647334114595908172e+00
-1.866605180896173000e+00
-2.174833897370373581e+00
-1.410252991865200478e+00
-1.864696528940433584e+00
-2.775679454290856274e+00
-1.929317313051197580e+00
-2.745527385279444843e-04
-1.465254899794067978e+00
-2.391392057188770792e+00
-2.993316548989337633e+00
-3.446055600884308401e+00
-2.223542963259864891e+00
2.601271381191061494e-01
5.187077933160462173e-01
1.842467776370446675e-01
-6.285903110723400911e-01
-8.882809306947501149e-01
8.617403546201174436e-01
1.173252826396748993e+00
-4.384807086892550387e-01
-2.745925690748511894e+00
5.738153199197002508e-01
1.296597459940708852e+00
1.312680450288722156e+00
1.268845089456072550e+00
1.473303865220366937e+00
1.628347195743685027e+00
2.639446040990132580e+00
4.072457313980689442e+00
3.015570588333288171e+00
-3.045515650976237332e+00
-2.194906915516619428e+00
2.823575698901921172e-01
1.950317365585535700e+00
6.587250686778847175e-01
-7.870683507324751638e-01
-4.912824476830537357e-01
3.818692287435738741e-01
1.059437034191206273e+00
1.513744895254231393e+00
1.121551898989198826e+00
-5.457850066958582769e-01
-1.812672441718189420e+00
-1.159105694294808364e+00
2.769737322649672429e-01
1.280470597841816716e+00
9.690708443664508565e-01
-5.326714793196378750e-01
-2.270257330587436506e+00
-2.226740024263227813e+00
-6.855090810342070462e-01
-2.539913440849894677e-01
-1.393826546621133033e-01
-2.977846605210454634e-01
-8.473046763470089004e-01
-1.231100395383075918e+00
-1.283717963960840036e+00
-1.546671066924661719e+00
-1.655555979815944934e+00
-1.269860971818334683e+00
-1.493404700172634048e+00
-2.426460683699383392e+00
-2.599920788501146163e+00
0.000000000000000000e+00
0.000000000000000000e+00
0.000000000000000000e+00
0.000000000000000000e+00
0.000000000000000000e+00
0.000000000000000000e+00
0.000000000000000000e+00
0.000000000000000000e+00
0.000000000000000000e+00
0.000000000000000000e+00
0.000000000000000000e+00
0.000000000000000000e+00
0.000000000000000000e+00
0.000000000000000000e+00
0.000000000000000000e+00
0.000000000000000000e+00
0.000000000000000000e+00
0.000000000000000000e+00
0.000000000000000000e+00
0.000000000000000000e+00
0.000000000000000000e+00
0.000000000000000000e+00
0.000000000000000000e+00
0.000000000000000000e+00
0.000000000000000000e+00
0.000000000000000000e+00
0.000000000000000000e+00
0.000000000000000000e+00
0.000000000000000000e+00
0.000000000000000000e+00
0.000000000000000000e+00
0.000000000000000000e+00
0.000000000000000000e+00
0.000000000000000000e+00
0.000000000000000000e+00
0.000000000000000000e+00
0.000000000000000000e+00
0.000000000000000000e+00
0.000000000000000000e+00
0.000000000000000000e+00
0.000000000000000000e+00
0.000000000000000000e+00
0.000000000000000000e+00
0.000000000000000000e+00
0.000000000000000000e+00
0.000000000000000000e+00
0.000000000000000000e+00
0.000000000000000000e+00
0.000000000000000000e+00
0.000000000000000000e+00
0.000000000000000000e+00
0.000000000000000000e+00
0.000000000000000000e+00
0.000000000000000000e+00
0.000000000000000000e+00
0.000000000000000000e+00
0.000000000000000000e+00
0.000000000000000000e+00
0.000000000000000000e+00
0.000000000000000000e+00
0.000000000000000000e+00
0.000000000000000000e+00
0.000000000000000000e+00
0.000000000000000000e+00
0.000000000000000000e+00
0.000000000000000000e+00
0.000000000000000000e+00
0.000000000000000000e+00
0.000000000000000000e+00
0.000000000000000000e+00
0.000000000000000000e+00
0.000000000000000000e+00
0.000000000000000000e+00
0.000000000000000000e+00
0.000000000000000000e+00
0.000000000000000000e+00
0.000000000000000000e+00
0.000000000000000000e+00
0.000000000000000000e+00
0.000000000000000000e+00
0.000000000000000000e+00
0.000000000000000000e+00
0.000000000000000000e+00
0.000000000000000000e+00
0.000000000000000000e+00
0.000000000000000000e+00
0.000000000000000000e+00
0.000000000000000000e+00
0.000000000000000000e+00
0.000000000000000000e+00
0.000000000000000000e+00
0.000000000000000000e+00
0.000000000000000000e+00
0.000000000000000000e+00
0.000000000000000000e+00
0.000000000000000000e+00
0.000000000000000000e+00
0.000000000000000000e+00
0.000000000000000000e+00
0.000000000000000000e+00
0.000000000000000000e+00
0.000000000000000000e+00
0.000000000000000000e+00
