2.046203613281250000e-01
4.242258986146409949e-01
-1.600386568748777272e-01
-6.957194269712727586e-01
-1.057008557458974707e+00
-3.214759697142898442e+00
-5.186852754424448264e+00
-5.264257693660202797e+00
-4.313335262219729849e+00
-4.433924431801230526e-01
1.935714149845589649e+00
1.080994880988758178e+00
5.271664448598102348e-01
-2.147601667387332380e+00
-2.154047967146396569e+00
1.517348326226243049e+00
-3.119008899980091343e-02
-2.391642855360273767e+00
1.885010824305657806e+00
1.046485232400771181e-01
-7.022338378226224975e-01
-8.374947657563374115e-01
-3.085349492384881209e-01
1.666719420915621974e+00
2.112095485571950704e+00
4.894808437621742669e-01
-5.735414057863292836e-01
-1.312531398195962318e+00
-1.384752901761317823e+00
-1.676933869620942819e+00
-3.512675297182079603e+00
-4.908124395074857205e+00
-2.236303305661739849e+00
5.971483090735447696e-01
-3.271759605074177735e+00
2.067891680963890089e+00
1.840388901506714969e+00
-3.819752600355927896e+00
-2.623005278233754289e-01
2.525698817753106784e+00
-8.466572933999154671e-01
-2.569597751551536469e+00
-1.028214907750351292e+00
1.293339082595555523e+00
-4.081474833792428925e-01
-8.178131085176731929e-01
6.981126876390733038e-01
-1.127824117750533039e+00
-8.365958698395252746e-01
1.468258226046785797e+00
-3.239977478936628685e-01
-1.214382538434133796e+00
5.887078910872409754e-01
1.436017541499823302e-01
-5.474254907637062795e-01
3.561737450023608753e-01
1.408695043911100120e+00
8.044365087655789281e-01
-6.388067962409830214e-01
-8.679504898066527918e-01
-3.798230823908117504e-01
-4.541076875967733351e-01
-6.317121180626092958e-01
3.038928162828463675e-01
8.659777640601040716e-02
-1.808794382714954407e-01
-8.397891222778541831e-02
-2.120470448218192416e-02
2.453055785133955169e-01
8.822469246744113480e-02
-1.591218299435179784e-01
-4.083923397531975530e-01
5.995610292678699160e-03
-1.824191702971659224e-01
-1.066070087272033229e+00
-6.809996370307681568e-01
2.399431356825409978e-04
1.082911904486393295e-01
-5.171406147205449555e-01
1.227068073794759795e-01
-8.095787073935989397e-01
-5.805559080814686190e-01
9.450120202855429863e-01
7.155104082208365579e-01
-3.572693108090089220e-01
-1.229530158904885706e-01
4.815127377764580885e-01
4.092682213727871776e-02
-4.648125799033797634e-01
-4.936926267611529973e-01
-1.417064544175536067e+00
8.065118525058024845e-01
1.609436721476047438e+00
6.960709930331256956e-01
-1.160030248826207977e+00
-1.604427309640586996e+00
-2.443316962553458538e+00
-1.277009314636166959e+00
-8.041082565114308078e-01
-1.600465551524636210e+00
-6.047151927509979430e-01
-1.851192269137642121e+00
-3.120880987332757872e+00
-1.232964034526675690e+00
-3.274135073662434170e+00
-5.894172772680708938e+00
-2.967768976069889320e+00
-6.098679688900698892e-02
-2.470147319782490136e+00
-1.544256584015290645e+00
-4.577824532960790727e+00
-8.670717082110373397e+00
-4.980158142893136741e+00
-2.442518239162272842e+00
-5.483244256578576170e+00
2.987890417996927894e-01
5.213591606757488783e+00
2.962424390784457628e+00
-6.232678640577140605e-01
3.135081555107325002e+00
2.559424146140001799e+00
-2.517124953864278147e+00
-9.338689711242307290e-01
8.551461715291064358e-01
-8.733044226050512560e-01
1.194666845842148328e+00
-3.055538633774079749e-02
-1.261208000681774744e+00
7.522325242636886955e-01
1.520913337859638670e+00
-3.480378622554897383e+00
-6.931896030601074621e-01
2.181426279494799836e+00
-8.674101666154703238e-01
-1.013096592981161503e+00
-1.361705351580578593e+00
-1.051930670256435052e+00
8.518112852929353718e-01
-4.670887029869992269e-01
-8.297990321642663147e-01
7.400818871164558388e-01
-4.433864489058327862e-01
-1.519715580619557693e+00
-6.591722867037235201e-01
-1.852883370384740047e+00
-2.585442464672846885e+00
-1.581175043433617589e+00
-4.813110620122773575e-01
1.327476018122044077e-01
-2.928933826279516150e-01
-8.230537878194537083e-01
-5.312289660908366962e-01
6.497412914421414332e-01
-7.196389375399939725e-01
-1.927381464429050784e+00
-1.510827440998801618e+00
-6.567203420123199908e-01
-7.177914388269543977e-01
-1.430325256506094211e+00
-1.186150619618062674e+00
-2.580561652381958559e-01
-1.663292325387972781e-01
-7.807505459682753113e-01
-1.519876629399494972e+00
-1.207338141991884273e+00
-1.940605909630814807e-01
-1.497879498301757373e-01
-7.721951577946044587e-01
1.277826961765692326e-01
3.493378378150762131e-01
-4.502726312775955364e-01
5.589194557631365079e-01
-8.622204589988284873e-01
-4.678681075290282543e+00
-6.290700453539885828e+00
-5.075367366773057221e+00
-1.866245566042073145e+00
-1.293400086649540981e-01
-9.748196039785945732e-01
8.901054086181536817e-02
3.342315931075490187e+00
4.531493734397685103e+00
2.654283298783125300e+00
-3.676078061178587042e-01
-1.967658702496971390e+00
-8.647113885310069303e-01
-1.244995903872300191e+00
-9.791900873098215996e-01
-1.469457284585127477e+00
-1.185984653427680557e+00
9.899856979520205158e-01
2.539157658356851588e+00
1.947314637370170409e+00
8.096033500220096712e-01
-1.580828324143914720e-01
-3.916117613376159934e-01
-3.878774143441825473e-01
-2.225560664905601449e-01
-8.496357844929391945e-02
1.331222506003754136e-01
2.017310615048519828e-01
1.945137177507356707e-01
-1.011404701519543980e+00
-2.190581690305843932e+00
-2.148683782164927614e+00
-1.921354898851717286e+00
-1.828923507991422337e+00
-9.572870525250740670e-01
-1.126926526085043401e+00
-2.450307449744151711e+00
-2.187446684120394558e+00
-8.925874714813031297e-02
8.722344320643791171e-01
7.606312127946246449e-02
-9.251386084729678050e-01
-5.288780583746568453e-01
-1.620061750162557601e+00
-3.998977172238358690e+00
-4.492624040726214574e+00
-3.119286540494911275e+00
-7.635319588688818104e-01
-5.112471244378007373e-01
-1.434095709244877170e+00
-5.385422975356712882e-02
6.178221490050164189e-01
-1.738378091571633366e+00
3.367826037516059579e-01
3.051084814166386661e+00
3.750154588050238047e+00
2.099266796785089095e+00
-8.523015352333462857e-03
3.155143520579557492e-01
4.787317321503965495e-01
-9.873370939294001669e-01
-9.257815011176686593e-01
-2.403745316755290240e-01
-4.942723165267897123e-01
-1.060058186049168238e+00
-6.008141032798945957e-01
8.890837156510975614e-01
1.298790141969293099e+00
-1.193315391819488536e+00
-1.036883553982054895e+00
7.991505275296335586e-01
1.820585290524063593e+00
-1.172650083150552636e-01
-1.538724413932205382e+00
-1.636571741467689911e+00
-8.694395761456639171e-01
6.298716502470713685e-02
-1.492907942782763620e+00
-1.379962070077442648e+00
1.435883357708638286e-01
-1.427910925997778468e+00
-2.376429494431552492e+00
-9.515893137687204684e-01
-1.527543349515779525e+00
-2.270415697540918654e+00
-9.698158981317432925e-01
-2.937985768593776026e-01
9.430120428414440203e-01
-2.755088165914083564e+00
-3.149817627126071162e+00
2.075030268712263481e-02
-2.070501974822089419e+00
-2.498255601876766985e+00
-7.248574803754574969e-01
1.221461556022513939e-01
8.445988682877545450e-01
6.086962587821260762e-01
-9.987579702910100998e-01
-5.146292610382254828e-01
-1.277230937095898966e-01
-1.516006339488830568e+00
-1.944638657133777038e-01
4.513767788334863695e-01
-3.978199663758281712e-01
-1.997552545777719235e+00
-3.925667970694045383e+00
-6.239536830640767917e+00
-6.500581062587825087e+00
-7.063251286215700198e+00
-6.364545957223691097e+00
-2.577955279597626159e+00
-1.415077475737073875e+00
-2.239477384871514598e+00
-2.330432315417873212e+00
-4.946164587009475255e+00
-4.816274597236814614e+00
1.649269054440284155e+00
1.636934110480376958e+00
-2.797692411876280705e+00
6.597975505493129944e-01
3.811155825497333893e+00
2.933265209677809793e+00
-1.447668469968898863e+00
8.054229646287147659e-01
1.237016406283335090e+00
2.436371616979071675e-03
2.355732504760664092e+00
1.115909821647517841e+00
1.128928572115538431e-01
3.114638756677683418e-01
-8.925342199336847582e-01
-4.765920603284148349e-01
1.785571402998962220e+00
8.044717335845432693e-01
-5.709703916812014501e-01
1.405653658775109394e+00
1.614391457612712744e+00
5.347786151709825742e-01
-1.088796292220179929e-01
1.988054085825461392e-01
6.596660847500472880e-01
2.474652268591617243e-01
7.920470347467273298e-02
7.269934162517872611e-01
1.063676160050691877e+00
3.014464931203899578e-01
-4.366031063287306724e-01
1.175452403256818101e+00
7.808563314279866052e-01
-5.586854720696665666e-02
1.149984984870066729e+00
1.043121702400159556e+00
-1.999085996888531058e-01
7.940454369622693687e-01
7.327509317073288564e-01
-3.731606566468701480e-01
-3.423142058116167008e-01
-2.758047045907684458e-01
-9.189225058366176091e-01
-4.166861053328498876e-01
9.478886281746978781e-02
-2.200729427743935984e-01
-2.839255177925434914e-01
5.618454983468025299e-01
2.215949291518329867e-01
-1.244541895259542619e+00
-1.124159693483780753e+00
-4.344503692012302576e-02
-1.134570239408240866e+00
-1.642910433719366958e+00
-1.677560912829869633e-01
-1.626668734494276514e+00
-1.316551384746107445e+00
-1.193194017219651570e+00
-4.029633023137481729e+00
-2.865199702262533954e+00
-7.191365721283049517e-01
-1.963696785067039263e+00
-3.626818730084405473e+00
-3.726312458739378108e+00
-8.222037079579413987e-01
-2.240872986440588299e+00
-4.794445948681663516e+00
-8.624173691698691080e-01
-7.040585500295482024e-01
-3.711418420345860003e+00
1.383537884222107328e+00
-1.246529427575560511e+00
-4.286914524920639735e+00
-3.266481347462811158e+00
-7.889139884937801384e-01
-3.636348516082432702e-01
-8.904614724108617096e-02
2.075260253355475371e-01
-4.581570998383648341e-01
3.180989253079469226e-01
2.137122766145906017e+00
3.210123716099804625e+00
-3.965611004743512247e-01
-4.905088227981440951e+00
-1.045195374058439874e+00
4.092718881632547046e+00
-3.866776688045834298e+00
-2.641369460949207770e+00
-2.619877120320688313e-01
-4.513756885314681000e+00
-3.384177415051915716e+00
1.265000433316112449e+00
3.747187301835135376e-01
7.803082759820485492e-01
-6.385542623612152635e-01
-3.374924411087647957e+00
-3.898760578008197530e+00
-4.033365843698614839e+00
-4.354998371332269969e+00
-9.575801744184939679e-01
3.661561389533543931e+00
4.418173008389924661e+00
9.352591412363038259e-01
2.501351085850489486e+00
4.251764904172536497e+00
3.506331392719995055e+00
3.392321776130037936e+00
2.352588749868374851e+00
1.132009788883958867e+00
3.041472148511812801e+00
3.155681483477297711e+00
1.971113455223445499e+00
1.014169571343567000e+00
1.931739366081261622e+00
2.537362043180447557e+00
2.787730133323793158e+00
2.478619148877769796e+00
1.724238185343652363e+00
1.527230175145470437e+00
1.661801810072148333e+00
0.000000000000000000e+00
0.000000000000000000e+00
0.000000000000000000e+00
0.000000000000000000e+00
0.000000000000000000e+00
0.000000000000000000e+00
0.000000000000000000e+00
0.000000000000000000e+00
0.000000000000000000e+00
0.000000000000000000e+00
0.000000000000000000e+00
0.000000000000000000e+00
0.000000000000000000e+00
0.000000000000000000e+00
0.000000000000000000e+00
0.000000000000000000e+00
0.000000000000000000e+00
0.000000000000000000e+00
0.000000000000000000e+00
0.000000000000000000e+00
0.000000000000000000e+00
0.000000000000000000e+00
0.000000000000000000e+00
0.000000000000000000e+00
0.000000000000000000e+00
0.000000000000000000e+00
0.000000000000000000e+00
0.000000000000000000e+00
0.000000000000000000e+00
0.000000000000000000e+00
0.000000000000000000e+00
0.000000000000000000e+00
0.000000000000000000e+00
0.000000000000000000e+00
0.000000000000000000e+00
0.000000000000000000e+00
0.000000000000000000e+00
0.000000000000000000e+00
0.000000000000000000e+00
0.000000000000000000e+00
0.000000000000000000e+00
0.000000000000000000e+00
0.000000000000000000e+00
0.000000000000000000e+00
0.000000000000000000e+00
0.000000000000000000e+00
0.000000000000000000e+00
0.000000000000000000e+00
0.000000000000000000e+00
0.000000000000000000e+00
0.000000000000000000e+00
0.000000000000000000e+00
0.000000000000000000e+00
0.000000000000000000e+00
0.000000000000000000e+00
0.000000000000000000e+00
0.000000000000000000e+00
0.000000000000000000e+00
0.000000000000000000e+00
0.000000000000000000e+00
0.000000000000000000e+00
0.000000000000000000e+00
0.000000000000000000e+00
0.000000000000000000e+00
0.000000000000000000e+00
0.000000000000000000e+00
0.000000000000000000e+00
0.000000000000000000e+00
0.000000000000000000e+00
0.000000000000000000e+00
0.000000000000000000e+00
0.000000000000000000e+00
0.000000000000000000e+00
0.000000000000000000e+00
0.000000000000000000e+00
0.000000000000000000e+00
0.000000000000000000e+00
0.000000000000000000e+00
0.000000000000000000e+00
0.000000000000000000e+00
0.000000000000000000e+00
0.000000000000000000e+00
0.000000000000000000e+00
0.000000000000000000e+00
0.000000000000000000e+00
0.000000000000000000e+00
0.000000000000000000e+00
0.000000000000000000e+00
0.000000000000000000e+00
0.000000000000000000e+00
0.000000000000000000e+00
