-2.315368652343750000e-01
-1.701654090747539705e-01
-1.011310224066530594e-03
1.677411394029002523e-01
2.107136444368493677e-01
2.261225375562383455e-01
4.416898228837271567e-01
6.450189041742424578e-01
3.709595826457370293e-01
-2.174705430800827344e-01
-6.347350903170729808e-01
-7.131466674367545888e-01
-6.489156483664109132e-01
-7.970013568144080907e-01
-8.281081060237673874e-01
4.793530778944887771e-02
1.919264551977104993e+00
3.136534348754040025e+00
-8.497970970388195600e-01
-2.950640801281934511e+00
-5.265967200164536344e-01
1.483280248929949696e+00
2.205466154301205961e+00
1.419923308951194230e+00
6.380104795149467156e-01
-5.231379656997338090e-01
-1.280711750026055862e+00
-1.878773204393833440e+00
-5.580069177709581218e-01
2.087789713769162336e+00
1.622838154639688391e+00
1.772735377256557943e-01
-8.839112698160429549e-01
6.292467247304116551e-01
6.237338010913393571e-01
-5.040792704319498885e-01
-1.610919602337899104e+00
-2.114995946910833258e+00
-1.766958444130937833e+00
-1.252108939821755751e+00
-1.114238933460776515e+00
-4.506090977269083808e-01
7.248526161013812974e-01
8.845897193479297371e-01
2.941119667182956476e-02
2.745946484387720155e-01
9.397238302741746097e-01
5.059212006202140621e-01
4.987207116941849705e-02
2.914086942099314292e+00
3.280031757379223922e+00
-4.436806566961921661e-01
-2.660678442006016553e+00
-1.601885718482628285e+00
-2.077847651437796372e+00
-1.723061817897598047e+00
1.391641892761823707e+00
3.378593180430072174e+00
1.500047368577109186e+00
-5.519649751182189590e-01
-1.441155217736753702e+00
-1.362938246596776537e+00
-1.048437437349387436e+00
-6.094324062216196491e-01
1.397706664637039742e+00
3.417081079729625159e+00
4.746708495894717217e+00
3.592112900110150608e+00
1.099869175685886713e+00
8.261434645629339713e-03
3.219176900705678079e-02
1.435688477584008194e+00
3.270422809272773179e+00
2.031080260027002371e+00
1.622674043106074881e+00
2.339022919334499129e+00
5.683939647707099141e-01
-1.077297667204945686e+00
1.791398741558743124e+00
2.193834864753926528e+00
4.599414518608744284e-01
2.307579405172615061e-01
3.230695695305945137e-01
-4.754957153189551811e-01
-2.090631390083563801e-01
-2.227460436118149367e-01
-1.025284049544848974e+00
-1.092519359320495376e+00
-9.752599271145334647e-01
-2.559801577372444292e+00
-2.782735303712387420e+00
-1.150446369697606608e+00
-1.651455950180903187e+00
-8.505890114994518747e-01
3.166406322924732120e+00
-3.984564007775008854e-01
-5.085016006582430137e+00
-3.401460737855677152e+00
1.237207453866976614e+00
1.265760316513917516e-01
-2.869026761540084181e+00
-1.981858186781114917e+00
3.378828951218356469e+00
4.026409837932733993e-01
-4.492782891027132131e+00
-6.449125052950073211e-01
2.959468502154816161e+00
2.215548898499069885e+00
7.789100117805949353e-01
3.071769640972124460e+00
5.593962641607497233e+00
4.048513506181969923e+00
1.778311019325963915e+00
-9.918814038933088106e-01
2.189015359583836862e-01
2.991726829070902482e+00
3.850962966402742715e+00
3.054326596673544891e+00
1.691610270523801418e+00
1.682261673804328783e+00
1.828731673588289031e+00
1.266659228822220928e+00
1.532581928207208399e-01
8.945927923313641283e-01
2.026084206359353157e+00
2.108352718841921991e+00
1.580905575748129621e+00
1.734475767715294880e+00
1.202532827654671621e+00
-5.646284101069669603e-01
-2.596060673676501285e-01
4.010008458916058949e-01
2.551224813985453199e-01
-7.478710053705464045e-01
-1.821001579724984998e+00
-1.618304115605417426e+00
3.355295881074458197e-01
1.906890057040349307e+00
3.461716528075964305e-02
1.011784924880543279e-01
9.780528814082243283e-01
7.238453837913008115e-01
-2.235360924464622201e-01
-2.004011129888634279e-01
-5.166057566577590965e-01
-2.270919108831254141e-01
5.439416937583467782e-01
4.216392819781813461e-01
9.923366573252834222e-01
1.615945009782204345e+00
1.118523932092922557e+00
-4.487781835340158842e-01
-5.272903692264603315e-01
1.584519582383066449e+00
2.114694994461211675e+00
8.313499250754446956e-01
5.469108597794166693e-01
8.018787042148899369e-01
1.235913920335258931e+00
1.321802419928352901e+00
1.195260613072399947e+00
8.706011973049045949e-01
-3.738648636326199481e-01
-1.102284133528875110e+00
2.726159970374695263e-01
1.256623578121475848e+00
1.556598434571557998e+00
1.440646364679854630e+00
1.368334327351439228e+00
1.159721058362643165e+00
2.158018213978669109e-01
3.576057547511449219e-01
1.108178131657504117e+00
1.022555827689256791e+00
3.834106216489688301e-01
8.602919118605378834e-02
2.141875723165658774e-01
-1.515563259352577519e-01
-4.688269673524515513e-01
-9.032115753020686366e-02
-1.498673276546624855e-01
-1.526396067929287614e-01
7.674121355716589932e-02
2.862199072648843323e-01
5.506422478311501223e-01
1.979433600572745866e-01
1.622088789947676024e-01
2.527822176169933210e-01
-1.928783368577864921e-01
-5.268561502244517580e-01
-5.035800649408475049e-01
-2.296403360108740244e-01
-5.988887576691224179e-01
-1.372118536694212354e+00
-1.959147568273786000e+00
-1.836904209373569463e+00
-1.209125651335745122e+00
-7.062949093244914600e-01
-8.197150562639499149e-02
6.041828580016823658e-01
5.473896327876361934e-01
-2.846809586450766982e-01
-1.099854275330866216e+00
-1.259906171417669363e+00
-6.730069855188657302e-01
-1.170593631425639325e+00
-2.051514022045605401e+00
-1.606192570206733672e+00
3.938878839212809901e-01
-4.873612215836835571e-01
-1.410810358175835333e+00
-2.221399027458361708e+00
-1.664982799726227203e+00
2.921056919038536037e-01
9.480432844169173201e-01
9.135854433267471819e-01
1.275828292445307488e+00
2.048527003869373697e+00
7.520582405867610731e-01
-1.388802183014495872e+00
-7.780636829505988006e-01
-2.685728734660741690e-01
-8.558952015111342959e-02
5.097135052939196775e-01
7.250291342458935473e-01
-1.061581743200463723e-01
-4.693006578050691324e-01
1.254149836483540170e-01
1.872437546517542462e+00
1.309083530961266062e+00
-8.648111530979809558e-01
-7.233758565742340885e-01
5.438897006441041349e-01
5.298840539132485539e-01
-1.324751218485982207e-01
-1.873389151353115345e-01
-1.108135704066011584e+00
-2.815113839695164266e+00
-2.489757052754264066e+00
-1.468989252830904313e+00
-3.007505116274776569e+00
-3.901248982423618727e+00
-1.308689548486577703e+00
1.550750066302928332e+00
-3.437513721951742429e+00
-5.555633199752632478e+00
-3.945011774916489244e+00
-2.982235062137456261e+00
-5.399898638825530561e+00
-5.476450907880234809e+00
-2.370801749575030648e+00
5.355118452242341176e-01
-2.738695897072727092e+00
-2.615306092605311328e+00
-1.082910062171973609e+00
-2.097631467713862996e+00
-2.247313544867670210e+00
-3.768785176618760779e-01
1.298231725264239245e+00
-1.625963307935704982e-01
-2.068427808716148064e+00
-1.314039171602741529e+00
8.517091055068508609e-01
1.963774137947250864e+00
1.476192391895831513e+00
1.811000922415909598e+00
3.633499823924525973e+00
3.817800660856792483e+00
1.129398263852382067e+00
6.386577116782543584e-02
3.613454591544565275e+00
5.871947462375382010e+00
6.401853800481359436e+00
5.008167670370292868e+00
2.762588007203199858e+00
3.373190311382222806e+00
4.008560672417048387e+00
2.481380499570191134e+00
3.201143671671834445e-01
3.690453144338901925e+00
3.484177608555305561e+00
2.459859370181512794e+00
3.408258539353835381e+00
3.188649012104396441e+00
1.136035420296490628e+00
-1.515393889674256478e+00
-1.994749449626868065e+00
1.268426218323924548e+00
3.669711864439666904e+00
1.539646229494454621e+00
-9.677775406959958637e-01
-1.985233090951948887e+00
-2.189948944778335793e+00
-9.629060206720199133e-01
1.773817660653307371e-01
-1.141703359126208239e-01
7.806760362286219168e-01
1.478677415648552929e+00
1.202782768552707715e+00
-8.752025273175791931e-01
-1.536835533094824680e+00
-1.007083860586104773e+00
9.630165844395532915e-02
8.482480372386400624e-01
-5.709291481726457285e-01
-3.107204439457830425e+00
-8.749553064379282930e-01
3.136971510353130377e-01
-8.325925459354563962e-01
-5.582612573507494957e-02
1.761298304641383039e+00
1.927795274502765333e+00
1.568485818326921910e+00
1.183573849075620465e+00
1.219087431285989620e+00
2.990956983017580395e+00
4.785140585051972373e+00
2.645489104059199015e+00
-2.494768422360276183e-01
-1.573799173033034737e+00
4.568181297822362374e-01
2.134083738596995072e+00
2.145888033477624912e+00
2.171709965973977141e+00
1.623152862564022580e+00
5.073823439518436729e-01
-9.052305889433145403e-01
-1.790845831601779903e+00
1.186635141376709335e+00
4.449602889109058879e-01
-2.678003632062957884e+00
-2.168365628622185515e+00
5.601363035387909584e-01
9.318987904749640450e-01
-7.103105221635901412e-01
3.162008948458918667e-01
2.540894698044796840e+00
3.047121978353801719e+00
1.922807918083456524e+00
1.037774005906476393e+00
4.042495496427935819e-01
-4.049714526667225201e-01
-1.022370343078565558e+00
-1.341391884362921338e+00
-1.598183194688095332e+00
1.001689475030825172e+00
1.112752896693971039e+00
1.438639009164410787e+00
1.777672646641613952e+00
1.576308522954203983e+00
3.839075318112484259e-01
1.766664255381089399e+00
2.921667988037609742e+00
2.602156445728836420e+00
1.246933354646480918e+00
7.717567919298338186e-01
1.119401041296453903e+00
8.187569338352697068e-01
1.243844999079795732e+00
2.365700381749791248e+00
3.281600577675168662e+00
3.509398666810641387e+00
2.661919864826107318e+00
6.434439806058144251e-01
1.747104272210007858e+00
3.474026040073893373e+00
4.168101790007542995e+00
4.095452239557454632e+00
3.669242585819717295e+00
3.014636947056859473e+00
2.321154414370807828e+00
1.877012447941871942e+00
1.475113124322377622e+00
1.094159445577987944e+00
1.140699159243686367e+00
1.681627933933998342e+00
2.450285047719904075e+00
3.251331448171360439e+00
3.831775978109440040e+00
3.864184095649487727e+00
3.380585018815848830e+00
2.806262088897141016e+00
0.000000000000000000e+00
0.000000000000000000e+00
0.000000000000000000e+00
0.000000000000000000e+00
0.000000000000000000e+00
0.000000000000000000e+00
0.000000000000000000e+00
0.000000000000000000e+00
0.000000000000000000e+00
0.000000000000000000e+00
0.000000000000000000e+00
0.000000000000000000e+00
0.000000000000000000e+00
0.000000000000000000e+00
0.000000000000000000e+00
0.000000000000000000e+00
0.000000000000000000e+00
0.000000000000000000e+00
0.000000000000000000e+00
0.000000000000000000e+00
0.000000000000000000e+00
0.000000000000000000e+00
0.000000000000000000e+00
0.000000000000000000e+00
0.000000000000000000e+00
0.000000000000000000e+00
0.000000000000000000e+00
0.000000000000000000e+00
0.000000000000000000e+00
0.000000000000000000e+00
0.000000000000000000e+00
0.000000000000000000e+00
0.000000000000000000e+00
0.000000000000000000e+00
0.000000000000000000e+00
0.000000000000000000e+00
0.000000000000000000e+00
0.000000000000000000e+00
0.000000000000000000e+00
0.000000000000000000e+00
0.000000000000000000e+00
0.000000000000000000e+00
0.000000000000000000e+00
0.000000000000000000e+00
0.000000000000000000e+00
0.000000000000000000e+00
0.000000000000000000e+00
0.000000000000000000e+00
0.000000000000000000e+00
0.000000000000000000e+00
0.000000000000000000e+00
0.000000000000000000e+00
0.000000000000000000e+00
0.000000000000000000e+00
0.000000000000000000e+00
0.000000000000000000e+00
0.000000000000000000e+00
0.000000000000000000e+00
0.000000000000000000e+00
0.000000000000000000e+00
0.000000000000000000e+00
0.000000000000000000e+00
0.000000000000000000e+00
0.000000000000000000e+00
0.000000000000000000e+00
0.000000000000000000e+00
0.000000000000000000e+00
0.000000000000000000e+00
0.000000000000000000e+00
0.000000000000000000e+00
0.000000000000000000e+00
0.000000000000000000e+00
0.000000000000000000e+00
0.000000000000000000e+00
0.000000000000000000e+00
0.000000000000000000e+00
0.000000000000000000e+00
0.000000000000000000e+00
0.000000000000000000e+00
0.000000000000000000e+00
0.000000000000000000e+00
0.000000000000000000e+00
0.000000000000000000e+00
0.000000000000000000e+00
0.000000000000000000e+00
0.000000000000000000e+00
0.000000000000000000e+00
0.000000000000000000e+00
0.000000000000000000e+00
0.000000000000000000e+00
0.000000000000000000e+00
0.000000000000000000e+00
0.000000000000000000e+00
0.000000000000000000e+00
0.000000000000000000e+00
0.000000000000000000e+00
0.000000000000000000e+00
0.000000000000000000e+00
0.000000000000000000e+00
0.000000000000000000e+00
0.000000000000000000e+00
0.000000000000000000e+00
0.000000000000000000e+00
0.000000000000000000e+00
0.000000000000000000e+00
0.000000000000000000e+00
0.000000000000000000e+00
0.000000000000000000e+00
0.000000000000000000e+00
0.000000000000000000e+00
0.000000000000000000e+00
0.000000000000000000e+00
0.000000000000000000e+00
0.000000000000000000e+00
0.000000000000000000e+00
0.000000000000000000e+00
0.000000000000000000e+00
0.000000000000000000e+00
