1.988891601562500000e+00
1.059527150455557676e+00
-2.787332999459382066e-01
5.999984402668943062e-01
4.248163183777453611e-01
-9.926827433843028459e-01
-1.844307632794818463e+00
-1.320778988654447872e+00
-1.882892626764393729e+00
3.710033146287288197e-01
6.688089353238511059e-01
-8.779232242467303049e-01
7.230196700094315698e-01
9.104415027331658194e-01
-9.688612941264063139e-02
-6.987656352939228821e-01
-5.229148135226711069e-01
2.442594399063966470e-01
3.248763156931876450e-01
2.887856650484567078e-01
2.680083519291756033e-01
3.497895190214764805e-01
-6.992969459221592965e-02
-3.314255337750994235e-01
-1.691528516534305249e-01
-2.113246680910113584e-01
-4.353637303097073752e-01
3.684596210931485039e-01
-1.251064448976990651e-01
-9.845209262319174481e-01
-1.583561860076188266e+00
-1.582461735907410461e+00
-1.437732594124765617e+00
-1.218782004453991874e+00
-5.217032546767302881e-01
4.236842830964471229e-02
-1.008095644418157244e+00
-5.809394379460097735e-01
1.320014018596771699e+00
3.186049187790405135e+00
2.745809111520397749e+00
6.051094013487541279e-01
-9.044924325499651419e-01
1.215769194975950596e+00
1.932989864504432553e+00
8.724194755472642893e-01
-5.371173727255866837e-01
1.739932638220418326e-01
1.305459466772743493e+00
4.307192578444389852e-01
-1.747624012874498423e+00
3.123017628234514564e-01
3.344729049386824471e+00
2.968941332551882084e+00
2.073782961719605300e+00
1.093142726645472740e+00
6.226244449699473993e-01
-8.414651804332946572e-01
-1.521349040919484086e+00
-5.122616129227386406e-01
1.872837119096982583e+00
1.748390275830809415e+00
-9.972794117224426103e-02
-2.246354174646391311e+00
-3.332387934995944878e+00
-3.272829116525561854e+00
-2.230100300609714647e+00
-7.011300028346263424e-01
4.257616589675743413e-01
6.657393653707877057e-01
-1.050651235811013162e-01
9.099162254887249723e-02
1.012790839798345832e+00
7.083559345013699104e-01
-2.742337842437037043e-01
-5.324088839252765215e-01
-8.998869380988897548e-01
-6.170753587974624477e-01
1.930402837085080980e+00
3.337245720715799280e+00
1.252910401531443618e+00
-1.197655531460328326e+00
-2.199355764275827241e+00
-5.094598940370294038e-01
4.962273466203037664e-01
-1.226956064690200687e+00
-6.798361644042234531e-01
2.865607284537717181e+00
4.504308678440852809e+00
1.113576462861377792e+00
-1.484636037710985512e+00
8.956207512054836783e-02
3.259492382447849224e+00
2.850970911099060423e+00
3.304401570360679941e-01
-2.672137790794841372e+00
-6.152419127209135752e+00
-3.190979079534749019e+00
-7.687767931457578641e-01
3.257156581568689369e+00
2.989142904927858169e+00
3.025862347528840424e+00
2.940596752086976906e+00
9.177231985126690361e-01
-3.677227301836138995e+00
-9.009875991893800951e-01
8.539759668932398462e-01
4.315473456861604884e-01
-2.329404062809976139e+00
-2.573769393064258892e+00
-1.029254676762467291e+00
1.649391677634080011e-01
2.345637770333315331e-01
8.909154543162245421e-01
1.240364524036512872e+00
-5.806908595184372412e-01
-3.146891936806803791e-01
-4.400468309093792385e-01
-6.900879809546622834e-01
2.930068626861803693e-02
5.625945693833598327e-01
1.244267247415271171e+00
2.312066832906179314e+00
3.245016124637411181e+00
3.459369039788044553e+00
1.642065665190609813e+00
-4.977955849615045558e-01
-5.708137018400658569e-01
-4.903952436356231459e-01
-4.159497064222277274e-01
-3.128720273035279220e-02
-6.186889509423743050e-02
1.494108675648142537e-03
-4.552796371431893085e-01
-2.342796049413407911e+00
-3.255454502309446774e+00
-2.988957780320372848e+00
-1.664729124917525338e+00
5.454153934722394403e-01
-2.687459321449403582e-02
-5.031719705481776383e-01
2.328825654876551798e+00
1.892591578952471654e+00
1.084642251620469011e+00
5.746704808285054700e-01
-1.414331742086422983e+00
-1.691000773494243603e+00
-6.783117988664670861e-01
1.013005253980634235e+00
1.564308794712564454e+00
2.211105039607835554e+00
2.522415019360460420e+00
1.456873715284191295e+00
-6.779929387277321418e-01
1.226366254812027989e-02
1.170038405409870030e-01
3.198117478735440500e-01
1.493250670000403124e+00
1.093413803350698377e+00
-1.186785781372774906e+00
-2.721035207867159134e+00
-1.646036292825481029e+00
-2.972628519581734796e-01
-1.142290280049558238e-01
8.330935895284599102e-01
2.714619571101891893e+00
2.177814399435534121e+00
3.374317200053198462e-01
-5.156690785977859903e-01
-1.165722221718141549e+00
-2.009074769503358393e+00
-1.873884440441678567e+00
-6.502857475027084000e-01
-4.097755902493916969e-01
-2.104520173345177270e+00
-2.811515402997465607e+00
-2.843633342758181914e+00
-2.142088606647412963e+00
1.376244645952042323e+00
1.905407518916180099e+00
6.386521954196882067e-01
-5.206616590879540318e-01
6.814081606840654004e-01
-2.107862348990034995e-01
-1.106671124206999757e+00
-9.882169847022314046e-01
-1.934888336548881149e-01
1.393169543168695901e+00
9.796155975234863700e-01
4.326759043446060105e-02
3.777143547184707018e-01
1.647351917139253441e+00
1.147640992525710946e+00
-1.072058778111424360e-01
-1.545680041918074288e+00
-1.134826937467778851e+00
6.248326252046416673e-01
-5.624297442900976218e-01
-3.059705373753828894e+00
-2.456190544843321888e+00
-6.881792844802845366e-01
4.012481679292485559e-01
5.460614754649992797e-01
1.340762889498474886e+00
1.271953299404262383e+00
-7.057543852213543634e-01
7.933476834836981073e-01
2.230182305319401426e+00
1.772959765317833725e+00
9.795749019866928364e-02
-9.197158635149182970e-02
2.079997667056382227e+00
1.997785508424106071e+00
-6.476295828908649188e-01
-1.158506179432124306e+00
1.031201022958230240e+00
2.607090614255878069e+00
1.891934041873247985e+00
-1.053804454621958042e+00
-5.435911580546632926e-01
5.277677999975265433e-01
1.137817442841702054e-01
-1.903578090585757332e+00
-2.698881642277445536e+00
-1.029492121148107842e+00
2.359455582682365993e+00
2.041829984001002352e+00
2.063672267068592081e+00
2.972314234846997749e+00
2.110938275056104096e+00
2.049648040647864988e+00
1.751240114912074208e+00
-6.900051845946588713e-01
-1.119020991595652603e+00
-6.149902703491747502e-01
-2.501545896020660464e-01
-1.933425289747838782e-01
-1.109873849847582861e+00
-1.950188254471852289e+00
-2.611803032460292329e+00
-2.590483564457374044e+00
-2.144818670323450416e+00
-2.336031285949811132e+00
-2.759101127233734019e+00
-3.863228825677420541e-01
7.501635297350568443e-01
2.903010508343979446e-01
-6.515397707289630747e-01
-7.876775884380839976e-01
-7.740133710257757205e-01
-2.636045440266298057e-01
1.280221628989963722e-01
1.261306694078569990e+00
1.313259152681817366e+00
-4.056204458418428693e-01
4.717751626267261855e+00
7.041846508162260321e+00
7.239444517430102977e+00
5.734040367871843458e+00
1.954946207908159206e+00
2.210763061305844879e-01
-5.172459339872137463e-02
-1.194803985330857410e+00
6.129660602155695415e-02
5.243404265201538905e-01
1.192072734243490473e+00
5.590681791885430130e-01
-1.477932970096741183e+00
-2.278083953951319351e+00
1.130078314424552310e+00
5.112817992715294579e+00
8.431016322623428039e-01
-3.355964292198260868e+00
-4.566667161955934695e+00
-2.327760603683122653e+00
-9.582853027075457497e-01
-9.954929938583045868e-02
1.583791858434073552e+00
6.372375147759132830e-01
-3.280771087263119057e-01
-2.598191139694372431e-01
-1.610948753955907531e-01
-1.527954978633522032e+00
-2.148232712064871208e+00
-1.508224831728679716e+00
-4.737641604496594105e-01
-1.450307035521863686e+00
-3.332877252504323984e+00
-3.309181420594472733e+00
-6.508906688294904264e-01
1.680661647711217288e+00
9.596870544223279342e-01
-1.946477597621494304e-01
-3.945409225750495796e-01
6.728435104303809311e-02
7.562560120212729053e-01
1.754335588312650129e+00
1.874415016507112064e+00
1.103123541047109635e+00
-1.183439502180854141e-01
-1.383349769834042009e+00
-1.901331118485746208e+00
-1.696427666985473870e+00
-1.144127954405609326e+00
-5.619756983786547977e-01
-7.553050678380266447e-01
-1.189576155434878491e+00
-1.636655417420860514e+00
-5.861083034819439819e-01
2.744400916272242252e+00
2.032699272502038301e+00
3.915222337016672771e-01
2.333099553174182716e-01
1.798466881414504615e+00
9.112141640837416734e-01
-1.897866280331854671e-01
-1.167219047750009953e+00
1.511753791253542145e+00
1.763934034917439053e+00
9.412664856890047282e-01
3.608865804307059832e-02
-7.652025855822335298e-01
-1.132592646617748944e+00
-8.669160733225761417e-01
-4.803257782408650867e-01
7.375898047727686979e-01
1.009032931096012442e+00
2.089274927053588193e-01
3.459488087140361046e-02
9.950512065625793934e-01
1.017355736558257728e+00
-8.337797422269791481e-01
-1.888250028284938598e+00
-1.166692247873337029e+00
-2.978568124117891847e-01
-1.220223254376036737e+00
-2.199991474195666097e+00
-2.509449822392294305e+00
-2.535464767739037839e+00
-2.014173809159977679e+00
-1.657967219930939651e+00
-1.065215981412553692e+00
-1.551583525121449647e-01
9.192165860264496224e-01
2.479662652446846138e+00
3.187103118479567954e+00
1.651017805154746831e+00
1.031537456557589438e+00
2.731698600715375402e+00
1.225100217423161553e+00
1.201138498097807705e+00
2.892205272317251996e+00
1.370352165479270745e+00
1.630429245827436091e+00
3.241291145619408010e+00
2.342870905296586592e+00
-5.509670327133235901e-01
1.261340279691520516e+00
-2.329329857376407631e+00
-2.289319887666191544e+00
-1.121131480074880615e+00
-3.695832795444392804e+00
-4.829857712999810815e+00
-3.549361922408417858e+00
-3.331118895612360742e+00
-5.140506840305566705e+00
-5.275193318069775650e+00
-2.787656979713086791e+00
-1.667664638469387617e+00
0.000000000000000000e+00
0.000000000000000000e+00
0.000000000000000000e+00
0.000000000000000000e+00
0.000000000000000000e+00
0.000000000000000000e+00
0.000000000000000000e+00
0.000000000000000000e+00
0.000000000000000000e+00
0.000000000000000000e+00
0.000000000000000000e+00
0.000000000000000000e+00
0.000000000000000000e+00
0.000000000000000000e+00
0.000000000000000000e+00
0.000000000000000000e+00
0.000000000000000000e+00
0.000000000000000000e+00
0.000000000000000000e+00
0.000000000000000000e+00
0.000000000000000000e+00
0.000000000000000000e+00
0.000000000000000000e+00
0.000000000000000000e+00
0.000000000000000000e+00
0.000000000000000000e+00
0.000000000000000000e+00
0.000000000000000000e+00
0.000000000000000000e+00
0.000000000000000000e+00
0.000000000000000000e+00
0.000000000000000000e+00
0.000000000000000000e+00
0.000000000000000000e+00
0.000000000000000000e+00
0.000000000000000000e+00
0.000000000000000000e+00
0.000000000000000000e+00
0.000000000000000000e+00
0.000000000000000000e+00
0.000000000000000000e+00
0.000000000000000000e+00
0.000000000000000000e+00
0.000000000000000000e+00
0.000000000000000000e+00
0.000000000000000000e+00
0.000000000000000000e+00
0.000000000000000000e+00
0.000000000000000000e+00
0.000000000000000000e+00
0.000000000000000000e+00
0.000000000000000000e+00
0.000000000000000000e+00
0.000000000000000000e+00
0.000000000000000000e+00
0.000000000000000000e+00
0.000000000000000000e+00
0.000000000000000000e+00
0.000000000000000000e+00
0.000000000000000000e+00
0.000000000000000000e+00
0.000000000000000000e+00
0.000000000000000000e+00
0.000000000000000000e+00
0.000000000000000000e+00
0.000000000000000000e+00
0.000000000000000000e+00
0.000000000000000000e+00
0.000000000000000000e+00
0.000000000000000000e+00
0.000000000000000000e+00
0.000000000000000000e+00
0.000000000000000000e+00
0.000000000000000000e+00
0.000000000000000000e+00
0.000000000000000000e+00
0.000000000000000000e+00
0.000000000000000000e+00
0.000000000000000000e+00
0.000000000000000000e+00
0.000000000000000000e+00
0.000000000000000000e+00
0.000000000000000000e+00
0.000000000000000000e+00
0.000000000000000000e+00
0.000000000000000000e+00
0.000000000000000000e+00
0.000000000000000000e+00
0.000000000000000000e+00
0.000000000000000000e+00
0.000000000000000000e+00
0.000000000000000000e+00
0.000000000000000000e+00
0.000000000000000000e+00
0.000000000000000000e+00
0.000000000000000000e+00
0.000000000000000000e+00
0.000000000000000000e+00
0.000000000000000000e+00
0.000000000000000000e+00
0.000000000000000000e+00
0.000000000000000000e+00
0.000000000000000000e+00
0.000000000000000000e+00
0.000000000000000000e+00
0.000000000000000000e+00
0.000000000000000000e+00
0.000000000000000000e+00
0.000000000000000000e+00
0.000000000000000000e+00
0.000000000000000000e+00
0.000000000000000000e+00
0.000000000000000000e+00
0.000000000000000000e+00
0.000000000000000000e+00
0.000000000000000000e+00
0.000000000000000000e+00
0.000000000000000000e+00
0.000000000000000000e+00
0.000000000000000000e+00
0.000000000000000000e+00
0.000000000000000000e+00
0.000000000000000000e+00
0.000000000000000000e+00
0.000000000000000000e+00
0.000000000000000000e+00
0.000000000000000000e+00
0.000000000000000000e+00
0.000000000000000000e+00
0.000000000000000000e+00
0.000000000000000000e+00
