-1.414031982421875000e+00
-6.941504396822665290e-01
-1.682282390493952118e-01
-9.973388039782637993e-01
-2.185673219690913882e+00
-1.859198772266055233e+00
-5.769086222086781124e-01
-2.896361857572378184e-01
-7.559888716184931523e-01
4.811149570682036192e-01
1.538519401517811636e+00
1.892841497379467830e+00
1.700723406988743802e+00
1.934533295628700689e+00
2.328473915638777481e+00
1.336054400621467630e+00
-3.739315489045393903e-01
1.793726336715528502e+00
1.442529910631276113e+00
1.021478664225746957e+00
9.489769227581246192e-01
-1.609358382148178279e-01
-1.554868073046066446e+00
3.568666752833737910e-01
6.622707713547368868e-01
-1.142342840272273063e+00
4.747578208255359700e-01
-1.015865994938854211e+00
-1.968214518890447406e+00
1.150263247276572809e+00
3.257276618174473892e+00
-3.214743966007747034e-01
-5.115274030874959799e+00
-1.906361711251057134e+00
9.671085585301959497e-01
-1.067329164067728708e+00
-1.925199576601951179e+00
-1.606739707146326523e+00
3.160096349046030983e-01
1.846331861910574412e+00
2.058169487587686586e+00
4.158782828258078546e-01
-4.726572105764008658e-01
-3.959550270374122549e-01
-3.096858993229684165e-01
5.485817578020258933e-01
-2.226692747596905608e-01
4.295417807951995570e-01
2.007515204462672287e+00
1.348944354651414823e+00
3.014356608820965011e-01
-1.954123696032494806e+00
-1.500075132391361254e+00
-6.391272376931946830e-01
-1.708713151438526756e+00
-1.187215900187308160e+00
-6.225159219935840760e-01
-1.598537685223824001e+00
-1.826848463358369923e+00
-4.609718196614760455e-01
7.422058883289377462e-01
-6.257281410165216329e-02
1.214966654979661165e-01
1.839654902915405676e+00
2.355331557556331834e+00
1.456213757914639473e+00
4.699108636513482651e-02
-1.947412677783962875e-01
-4.179559298089787767e-01
2.289334194061902750e-01
2.116237838135611504e+00
2.077785032529859244e+00
9.574730096411478986e-01
7.673053939501537357e-01
1.086930905357352817e+00
1.900024942055265731e+00
2.715915533148422600e+00
1.719566792122561694e+00
1.266482465058456741e+00
2.982019278022969289e-01
2.803652873263138279e-01
3.633773105510647028e-01
5.514713243374060880e-01
5.051180149753293769e-01
-3.213115563106456740e-01
-8.075087266646647777e-01
-7.742991529354008584e-01
-1.360299788732322490e+00
-2.511189869842696432e+00
-1.122311149758192572e+00
8.600026593613550041e-01
2.060706579516452308e+00
1.273077685546369242e+00
-7.273817969956919427e-02
-8.010536358401332269e-01
-1.136088914744733058e+00
-1.300339107114436565e-01
2.075480951332822954e+00
4.194718413289984404e+00
5.451245943046805209e+00
5.695850051222179466e+00
5.662558702035355829e+00
6.601576714055087614e+00
7.766895441556138202e+00
6.387998582738505071e+00
2.553516262847566942e+00
-1.969110594286421545e+00
-4.408872644209309577e+00
-3.823134066350497573e+00
-1.481406425657031178e+00
1.287605706191023103e+00
-1.611968322998814651e+00
-2.821006721911190951e+00
-1.776562770274268566e+00
3.229887862950224786e-01
2.340178495169746853e+00
2.475950195353596950e+00
8.123712865919618942e-01
-1.860693703153488698e-01
3.942824966868263559e-02
1.007301665958115100e+00
1.258851812778340351e+00
4.600520078433389948e-01
-9.624027202755192079e-01
-2.180577771355121985e+00
-2.196240238615215556e+00
-1.609667946769431479e+00
-7.827576505273885488e-01
-1.331471386561690062e-01
-8.555435941522304688e-03
-4.185087446674218281e-02
1.663166693085288417e-01
3.197919735141890873e-01
2.313448713358291497e-01
2.928131205812949389e-01
3.864021806069894982e-01
3.843814462494321571e-01
5.822759611031159688e-01
8.108284477596100492e-01
6.441925957640810552e-01
2.604317492860558358e-01
-1.289844998003234489e-01
-3.224384472266100810e-01
-7.187205117522301734e-01
-5.412995334429632210e-01
3.588909199074203915e-01
1.011369279134834098e+00
9.697479826777763989e-01
1.060186927625413666e+00
6.111331663712548101e-01
1.979217142214000358e-01
1.596162897368658129e-01
2.005965697906821887e-01
-2.892886102878576837e-01
-1.069099715006564866e+00
-9.226959026993682977e-01
-7.956987316642504249e-01
-7.203627192468782248e-01
-8.757759282697453740e-01
-1.012918143685203498e+00
-6.048336980492149406e-01
2.354019994103040414e-02
5.205752787508088897e-01
4.914397783653418061e-01
3.895677599044689021e-02
-8.862570264563873756e-02
-1.071631432898449976e-01
-1.664965036076636595e-01
-2.301662918720172035e-01
-2.649211882166916943e-01
8.595068822699350464e-02
-1.288821398683231978e-01
-6.467225142746091393e-01
-8.691790459964457982e-01
-7.880609394018736058e-01
-7.447693598278931626e-01
-7.201782304953904257e-01
-4.630705104280858908e-01
-2.383999749106172072e-01
-1.435383787016327739e-01
-6.487895176843710976e-02
-2.189597886739319543e-02
-5.778275134293364701e-02
-3.963665219775477921e-02
-7.140552158772664471e-02
-1.312216419050888927e-01
-3.698191235778913732e-02
1.321854148123116079e-01
2.878284944169200443e-01
2.674003339516947131e-01
-1.342099222157461524e-01
-4.492807045000717925e-01
-2.893024546789469964e-01
-1.025381926759819096e-01
1.580125679889987644e-01
2.172311001781417339e-01
4.775054824262625619e-02
-1.582830855456349717e-01
-3.190553463717787919e-01
-3.078020626836758256e-01
-2.510517177317748150e-01
-1.373043791099584077e-01
-3.705623765254556501e-02
-1.492305051815473460e-01
-2.787685677500564840e-01
-2.237489071523346973e-01
2.910033659441511600e-01
7.139756968537683823e-01
4.979210777545585165e-01
8.382486876323147484e-02
1.328474085871161892e-01
5.706839560667326117e-01
9.418145053836302072e-01
8.404769350232474956e-01
1.583861352427023972e-01
-2.395753705335315620e-01
-2.457682179407184309e-01
-1.987888136820889495e-01
3.838959534411268137e-03
-7.921074004561878823e-02
-6.631897988457355897e-01
-3.486083484263468035e-01
1.890554503539843001e-01
4.668867202958094653e-01
7.089041281202356215e-01
1.067718294320326944e+00
1.100228179371273596e+00
6.670464861770342146e-01
4.321524768633308033e-01
3.746512713374650083e-02
-3.147739489270433566e-01
-1.615008117428471390e-01
-2.365452697628755985e-02
-2.323947639945362909e-01
-5.947844133049429161e-02
3.581077839869992729e-01
4.135962840776030713e-01
2.262463170377377875e-01
1.718602361356040831e-01
4.525254366568387532e-02
-4.903132290842784347e-01
-7.126320307342624005e-01
-3.043670256263257823e-01
1.068976605958235071e-01
-7.217090921702007389e-02
-4.310550734493986402e-01
-3.380718854967040832e-01
2.519080782048427336e-01
8.622605917470077541e-01
5.836141947518380668e-01
2.605405207347197272e-01
3.119923593743008094e-01
6.661265843783124030e-01
1.052265297597875238e+00
1.356503248458891475e+00
1.905545344676959463e+00
2.731279475722115713e+00
3.598278639897056763e+00
4.748059222526289425e+00
5.631855867434796714e+00
5.703799607556545581e+00
4.745710425157415813e+00
2.861883949351639700e+00
1.203770141755368783e+00
2.014360739091971109e+00
2.946767757620755823e+00
2.914524475621911748e+00
2.291217154960306868e+00
2.413562218026479300e+00
3.572889328595636016e+00
4.713257748074223485e+00
5.024031678131512635e+00
4.730691200278839048e+00
4.983549679466792171e+00
5.807823178769120354e+00
5.795955504519888279e+00
4.325060395402910096e+00
1.700046115884312314e+00
-8.712583534056359547e-01
-1.942523106604331806e+00
-1.589135973469527618e+00
-2.617910867005718067e+00
-4.184112152326569856e+00
-4.556810283718117915e+00
-3.682296867010085517e+00
-1.820955886580353011e+00
-7.523391482416875720e-01
-3.417517095770821189e+00
-4.921967832543503008e+00
-4.448310055007933528e+00
-2.200103122627938834e+00
4.858587473472941731e-01
2.259447719669648968e+00
2.561114580196228729e+00
1.147673167244525061e+00
-2.887045000761740976e-01
4.037973747892795728e-01
1.312021968652613335e+00
1.447350065643482120e+00
1.348795502898581855e+00
1.092418378525138234e+00
2.605383499619771115e-01
2.611616943599242013e-01
1.908189171379649940e+00
2.507296010264685737e+00
1.104731254582866473e+00
-8.430778992510632452e-01
-2.223398466039249399e+00
-1.906567523221263771e+00
-3.318842274561881744e-01
-2.558624848462165424e-01
-1.535487702039679103e+00
-2.319491584113801075e+00
-1.597015120687625966e+00
-1.439418732976162296e+00
-1.809549874810563619e+00
-1.085930076744664241e+00
4.136963662155059840e-01
9.449193240573303676e-01
4.857000349190429001e-01
3.836423886398222516e-01
-6.189362967085700884e-01
-9.679100670581046728e-01
-1.315002408931959188e+00
-4.208377173880055722e-01
1.031783288662969200e+00
1.270311481929601083e+00
2.592244301051789268e-01
2.997443632720895312e-01
3.978579937733304206e-01
-4.279114347279456831e-01
-3.937709435565232008e-01
3.476436068368238264e-02
1.693697628102964758e+00
2.341029612030518514e+00
2.142776212284666748e+00
1.141259098276436124e+00
1.023044880577028692e-04
3.495526767703256432e-01
2.228971308179583666e-01
1.163072996120230851e+00
1.357684122623501466e-01
-1.936087046252911614e+00
1.911632163879277257e+00
1.436863777333499126e+00
5.010565606924122228e-01
1.134536957967317461e+00
1.113180214708084037e+00
1.012502200271502950e+00
-4.815291700031414379e-01
6.707924839501153702e-01
1.435599148324874896e+00
7.495050291928473385e-01
2.442192678610502821e+00
2.862286688628237208e+00
1.092014155152916555e+00
7.062357695447847306e-01
6.242238679471012741e-01
-7.736217361738525478e-01
1.339534271519018382e-01
-3.047294708535277508e-01
3.151352978659138770e-01
1.254406770089204315e+00
-1.861183637212006303e+00
-3.303441458491224392e+00
-2.220285323840367475e+00
-9.218781929333980107e-01
-1.011797494092381955e+00
-2.123581605369328607e+00
-1.775847563418061270e+00
4.004464573036713437e-01
-4.881574611425087973e-02
-1.775304359646883157e-01
-8.568016555259695410e-01
-3.346411530471546047e+00
-3.960621242813084031e+00
-3.294894844284165902e+00
-1.870569414190738300e+00
-6.923413991047248084e-01
-4.679656627758938536e-01
-9.695541486653170837e-01
-1.540789785658598587e+00
-2.090652117648174713e+00
-2.386362779363383257e+00
-1.895963927863554721e+00
-9.367890815818953332e-01
-6.499531831709075558e-01
-1.001580324233758423e+00
-1.094690765454714665e+00
-1.373095359133029492e+00
-2.301121854877671069e+00
-3.213265889860972724e+00
-3.508875985081953086e+00
-2.982190544497766105e+00
-1.939883813556591674e+00
-1.512310909651772173e+00
0.000000000000000000e+00
0.000000000000000000e+00
0.000000000000000000e+00
0.000000000000000000e+00
0.000000000000000000e+00
0.000000000000000000e+00
0.000000000000000000e+00
0.000000000000000000e+00
0.000000000000000000e+00
0.000000000000000000e+00
0.000000000000000000e+00
0.000000000000000000e+00
0.000000000000000000e+00
0.000000000000000000e+00
0.000000000000000000e+00
0.000000000000000000e+00
0.000000000000000000e+00
0.000000000000000000e+00
0.000000000000000000e+00
0.000000000000000000e+00
0.000000000000000000e+00
0.000000000000000000e+00
0.000000000000000000e+00
0.000000000000000000e+00
0.000000000000000000e+00
0.000000000000000000e+00
0.000000000000000000e+00
0.000000000000000000e+00
0.000000000000000000e+00
0.000000000000000000e+00
0.000000000000000000e+00
0.000000000000000000e+00
0.000000000000000000e+00
0.000000000000000000e+00
0.000000000000000000e+00
0.000000000000000000e+00
0.000000000000000000e+00
0.000000000000000000e+00
0.000000000000000000e+00
0.000000000000000000e+00
0.000000000000000000e+00
0.000000000000000000e+00
0.000000000000000000e+00
0.000000000000000000e+00
0.000000000000000000e+00
0.000000000000000000e+00
0.000000000000000000e+00
0.000000000000000000e+00
0.000000000000000000e+00
0.000000000000000000e+00
0.000000000000000000e+00
0.000000000000000000e+00
0.000000000000000000e+00
0.000000000000000000e+00
0.000000000000000000e+00
0.000000000000000000e+00
0.000000000000000000e+00
0.000000000000000000e+00
0.000000000000000000e+00
0.000000000000000000e+00
0.000000000000000000e+00
0.000000000000000000e+00
0.000000000000000000e+00
0.000000000000000000e+00
0.000000000000000000e+00
0.000000000000000000e+00
0.000000000000000000e+00
0.000000000000000000e+00
0.000000000000000000e+00
0.000000000000000000e+00
0.000000000000000000e+00
0.000000000000000000e+00
0.000000000000000000e+00
0.000000000000000000e+00
0.000000000000000000e+00
0.000000000000000000e+00
0.000000000000000000e+00
0.000000000000000000e+00
0.000000000000000000e+00
0.000000000000000000e+00
0.000000000000000000e+00
0.000000000000000000e+00
0.000000000000000000e+00
0.000000000000000000e+00
0.000000000000000000e+00
0.000000000000000000e+00
0.000000000000000000e+00
0.000000000000000000e+00
0.000000000000000000e+00
0.000000000000000000e+00
0.000000000000000000e+00
0.000000000000000000e+00
0.000000000000000000e+00
0.000000000000000000e+00
0.000000000000000000e+00
0.000000000000000000e+00
0.000000000000000000e+00
0.000000000000000000e+00
0.000000000000000000e+00
0.000000000000000000e+00
0.000000000000000000e+00
0.000000000000000000e+00
0.000000000000000000e+00
0.000000000000000000e+00
