-2.317810058593741118e-01
6.416427448335522143e-01
1.266022712389641702e+00
1.025854129028306971e+00
5.020605005118690123e-01
-8.069426177059921268e-02
1.336385456364864721e-01
-1.848123500584247236e-01
-3.497699325928461667e-01
8.693064943646433562e-02
6.300988101138439434e-01
9.326893277246703917e-01
8.990063335712961123e-01
8.181909784739822555e-01
3.455704552723041223e-01
-4.517062186295435211e-01
-5.714498810882149282e-01
-2.325519274659368918e-01
8.518989413824779033e-01
4.989620015991780289e-01
-6.483578131324461147e-01
-1.520298312988260347e+00
-1.244623242816057296e+00
2.842434537437596997e-01
1.131442021599561087e+00
1.345138511345666865e+00
1.328218287967495304e+00
1.074925952765025894e+00
3.612416771817688055e-01
2.534113123067831541e-01
1.629054057534099487e+00
8.956759498558779509e-01
-7.693964975419499419e-01
7.454074880426309058e-01
1.768468054938530987e+00
6.710849933545715018e-01
-4.706783016065885228e-01
3.386504596910366871e-01
8.904368026135522918e-02
-1.890279531762457221e+00
-1.888807394368033243e+00
-5.054558275938736411e-01
-1.449221665682715710e+00
1.194392127118971025e+00
2.547442151285552736e+00
1.921648523768086925e+00
3.636002305542707091e-01
-1.005834584054641212e-01
4.075720526619095452e-01
6.603795156039433678e-01
2.707507515543063903e-01
-2.546718663909223856e+00
-3.400448075968682815e+00
-1.808903845270348754e-01
2.788375682022083524e+00
1.172249464237221872e+00
1.340868861526700595e+00
4.294606601982046357e+00
3.836188145468333310e+00
6.959543441056239566e-01
-1.004529668490773187e+00
3.381310833445007713e+00
8.255255899604742709e+00
3.630709018054909532e+00
2.111206610974472042e-01
1.482063330755324149e+00
-7.511567942768082595e-01
-4.234884413116234647e+00
-5.727282394458953263e+00
-3.758335720257969470e+00
-1.050521806516993006e+00
1.406689861366246852e+00
2.305014286625833186e+00
2.302483173665980765e+00
2.750949172300044765e+00
3.625773010218381387e+00
2.451192681519343886e+00
-5.183460203246439413e-01
-3.832752332586631727e+00
-2.699248486660765778e-01
2.492212246663700448e+00
4.026432754376278567e+00
3.811266813113495022e+00
1.768760493637686171e+00
8.043379922351792111e-01
5.023234065918806834e-01
1.743852686097215887e-01
-4.039329873180386166e-01
-2.808007608788267717e-01
8.143290949881949459e-01
9.476677121825485273e-01
5.725079219483759640e-01
4.175985730056546164e-01
6.386993396914708576e-02
-2.525285018848463237e-01
-7.796189157072630493e-01
-1.627157410135404270e+00
-1.982254973692592959e+00
-1.032562654167460625e+00
6.797416145988735003e-01
-3.191911368507520663e-01
-9.459718814157727085e-01
-2.900847404417650210e-01
-9.420404581139729672e-02
-4.600521243034929597e-01
-7.492525489634627167e-02
2.008125155506671478e-01
1.295452319092293747e+00
2.490711442258785269e+00
2.746355565643207708e+00
1.600128896239415788e+00
-2.514218836506589838e-01
8.737403137946451182e-01
6.036457788957567683e-01
-7.099043554935716704e-01
-8.538101723354696304e-02
7.379925283304755723e-01
4.914262181160099496e-01
-7.943720133630360891e-02
3.687072761739562665e-02
3.925224060401606430e-01
7.022873759391730086e-01
-2.696584413431746263e-02
5.958182733044478097e-01
1.407752986342957868e+00
8.602658490409125225e-01
5.880238056621396314e-01
5.826106645848447840e-01
-5.420710690884356087e-01
-1.245532258866697495e+00
-3.925262732090692985e-01
-1.582190560333147644e-01
-1.346484711122235556e+00
-2.318134217300140243e+00
-1.436170599852960805e+00
2.289056380930032386e-01
-4.020804807547552207e-01
-1.538386118697674165e+00
-9.944594855754855800e-01
2.497991206221290561e-01
1.778566325307917140e+00
1.085448534726366931e+00
3.692087726841848383e-01
4.229324077997344555e-01
4.444417272440641664e-01
6.385513910059530396e-01
3.534726900976565833e-01
-3.441699966175630898e-01
-3.668630381388533479e-01
1.837974932668133832e-01
3.362430466555694775e-01
-3.497384101999347905e-01
-2.306317754335949211e-01
6.503259705888909670e-01
2.754782780686009236e-01
-4.035339060551570434e-01
-7.659379053127295389e-01
-7.282687450108646932e-01
-3.062766163435265421e-01
3.110781269506890379e-01
5.092743942539964541e-01
1.839304305184299437e-01
7.247323930860916086e-03
-2.158609872165894172e-01
-6.835829043082862766e-01
-6.989248734759097026e-01
1.547594780615537680e-01
1.230588250257957261e+00
4.580651010981375837e-01
-3.728241621658869853e-01
-3.740972526840735668e-01
3.785098101093956613e-01
-5.828657901897299487e-01
-1.288290925187430158e+00
-1.246109421084488522e+00
-9.184683833394868824e-02
4.269727930873632449e-01
-4.032127136433002468e-01
-1.059358711484803983e+00
-1.272710590768335148e+00
-7.027988265346084562e-01
-3.998641074731148493e-01
-2.617093389891795852e-01
6.880317950303460606e-02
6.653672363391716083e-01
1.199239760810075328e+00
5.544345066840179470e-01
1.287960923605516728e-01
1.117640472248189409e+00
1.139197989439771685e+00
1.476836443954099298e-01
-7.809956782805895781e-01
-1.068960442143279455e+00
-4.873663622630989845e-01
-1.653370709108182846e-01
-1.389675497840957563e-01
-1.580712530453319831e-01
-1.509747851856700906e-01
-4.639495555881889555e-02
-4.639495555881889555e-02
-1.509747851856700906e-01
-1.580712530453319831e-01
-1.389675497840957563e-01
-1.653370709108182846e-01
-4.873663622630989845e-01
-1.068960442143279455e+00
-7.809956782805895781e-01
1.476836443954099298e-01
1.139197989439771685e+00
1.117640472248189409e+00
1.287960923605516728e-01
5.544345066840179470e-01
1.199239760810075328e+00
6.653672363391716083e-01
6.880317950303460606e-02
-2.617093389891795852e-01
-3.998641074731148493e-01
-7.027988265346084562e-01
-1.272710590768335148e+00
-1.059358711484803983e+00
-4.032127136433002468e-01
4.269727930873632449e-01
-9.184683833394868824e-02
-1.246109421084488522e+00
-1.288290925187430158e+00
-5.828657901897299487e-01
3.785098101093956613e-01
-3.740972526840735668e-01
-3.728241621658869853e-01
4.580651010981375837e-01
1.230588250257957261e+00
1.547594780615537680e-01
-6.989248734759097026e-01
-6.835829043082862766e-01
-2.158609872165894172e-01
7.247323930860916086e-03
1.839304305184299437e-01
5.092743942539964541e-01
3.110781269506890379e-01
-3.062766163435265421e-01
-7.282687450108646932e-01
-7.659379053127295389e-01
-4.035339060551570434e-01
2.754782780686009236e-01
6.503259705888909670e-01
-2.306317754335949211e-01
-3.497384101999347905e-01
3.362430466555694775e-01
1.837974932668133832e-01
-3.668630381388533479e-01
-3.441699966175630898e-01
3.534726900976565833e-01
6.385513910059530396e-01
4.444417272440641664e-01
4.229324077997344555e-01
3.692087726841848383e-01
1.085448534726366931e+00
1.778566325307917140e+00
2.497991206221290561e-01
-9.944594855754855800e-01
-1.538386118697674165e+00
-4.020804807547552207e-01
2.289056380930032386e-01
-1.436170599852960805e+00
-2.318134217300140243e+00
-1.346484711122235556e+00
-1.582190560333147644e-01
-3.925262732090692985e-01
-1.245532258866697495e+00
-5.420710690884356087e-01
5.826106645848447840e-01
5.880238056621396314e-01
8.602658490409125225e-01
1.407752986342957868e+00
5.958182733044478097e-01
-2.696584413431746263e-02
7.022873759391730086e-01
3.925224060401606430e-01
3.687072761739562665e-02
-7.943720133630360891e-02
4.914262181160099496e-01
7.379925283304755723e-01
-8.538101723354696304e-02
-7.099043554935716704e-01
6.036457788957567683e-01
8.737403137946451182e-01
-2.514218836506589838e-01
1.600128896239415788e+00
2.746355565643207708e+00
2.490711442258785269e+00
1.295452319092293747e+00
2.008125155506671478e-01
-7.492525489634627167e-02
-4.600521243034929597e-01
-9.420404581139729672e-02
-2.900847404417650210e-01
-9.459718814157727085e-01
-3.191911368507520663e-01
6.797416145988735003e-01
-1.032562654167460625e+00
-1.982254973692592959e+00
-1.627157410135404270e+00
-7.796189157072630493e-01
-2.525285018848463237e-01
6.386993396914708576e-02
4.175985730056546164e-01
5.725079219483759640e-01
9.476677121825485273e-01
8.143290949881949459e-01
-2.808007608788267717e-01
-4.039329873180386166e-01
1.743852686097215887e-01
5.023234065918806834e-01
8.043379922351792111e-01
1.768760493637686171e+00
3.811266813113495022e+00
4.026432754376278567e+00
2.492212246663700448e+00
-2.699248486660765778e-01
-3.832752332586631727e+00
-5.183460203246439413e-01
2.451192681519343886e+00
3.625773010218381387e+00
2.750949172300044765e+00
2.302483173665980765e+00
2.305014286625833186e+00
1.406689861366246852e+00
-1.050521806516993006e+00
-3.758335720257969470e+00
-5.727282394458953263e+00
-4.234884413116234647e+00
-7.511567942768082595e-01
1.482063330755324149e+00
2.111206610974472042e-01
3.630709018054909532e+00
8.255255899604742709e+00
3.381310833445007713e+00
-1.004529668490773187e+00
6.959543441056239566e-01
3.836188145468333310e+00
4.294606601982046357e+00
1.340868861526700595e+00
1.172249464237221872e+00
2.788375682022083524e+00
-1.808903845270348754e-01
-3.400448075968682815e+00
-2.546718663909223856e+00
2.707507515543063903e-01
6.603795156039433678e-01
4.075720526619095452e-01
-1.005834584054641212e-01
3.636002305542707091e-01
1.921648523768086925e+00
2.547442151285552736e+00
1.194392127118971025e+00
-1.449221665682715710e+00
-5.054558275938736411e-01
-1.888807394368033243e+00
-1.890279531762457221e+00
8.904368026135522918e-02
3.386504596910366871e-01
-4.706783016065885228e-01
6.710849933545715018e-01
1.768468054938530987e+00
7.454074880426309058e-01
-7.693964975419499419e-01
8.956759498558779509e-01
1.629054057534099487e+00
2.534113123067831541e-01
3.612416771817688055e-01
1.074925952765025894e+00
1.328218287967495304e+00
1.345138511345666865e+00
1.131442021599561087e+00
2.842434537437596997e-01
-1.244623242816057296e+00
-1.520298312988260347e+00
-6.483578131324461147e-01
4.989620015991780289e-01
8.518989413824779033e-01
-2.325519274659368918e-01
-5.714498810882149282e-01
-4.517062186295435211e-01
3.455704552723041223e-01
8.181909784739822555e-01
8.990063335712961123e-01
9.326893277246703917e-01
6.300988101138439434e-01
8.693064943646433562e-02
-3.497699325928461667e-01
-1.848123500584247236e-01
1.336385456364864721e-01
-8.069426177059921268e-02
5.020605005118690123e-01
1.025854129028306971e+00
1.266022712389641702e+00
6.416427448335522143e-01
0.000000000000000000e+00
0.000000000000000000e+00
0.000000000000000000e+00
0.000000000000000000e+00
0.000000000000000000e+00
0.000000000000000000e+00
0.000000000000000000e+00
0.000000000000000000e+00
0.000000000000000000e+00
0.000000000000000000e+00
0.000000000000000000e+00
0.000000000000000000e+00
0.000000000000000000e+00
0.000000000000000000e+00
0.000000000000000000e+00
0.000000000000000000e+00
0.000000000000000000e+00
0.000000000000000000e+00
0.000000000000000000e+00
0.000000000000000000e+00
0.000000000000000000e+00
0.000000000000000000e+00
0.000000000000000000e+00
0.000000000000000000e+00
0.000000000000000000e+00
0.000000000000000000e+00
0.000000000000000000e+00
0.000000000000000000e+00
0.000000000000000000e+00
0.000000000000000000e+00
0.000000000000000000e+00
0.000000000000000000e+00
0.000000000000000000e+00
0.000000000000000000e+00
0.000000000000000000e+00
0.000000000000000000e+00
0.000000000000000000e+00
0.000000000000000000e+00
0.000000000000000000e+00
0.000000000000000000e+00
0.000000000000000000e+00
0.000000000000000000e+00
0.000000000000000000e+00
0.000000000000000000e+00
0.000000000000000000e+00
0.000000000000000000e+00
0.000000000000000000e+00
0.000000000000000000e+00
0.000000000000000000e+00
0.000000000000000000e+00
0.000000000000000000e+00
0.000000000000000000e+00
0.000000000000000000e+00
0.000000000000000000e+00
0.000000000000000000e+00
0.000000000000000000e+00
0.000000000000000000e+00
0.000000000000000000e+00
0.000000000000000000e+00
0.000000000000000000e+00
0.000000000000000000e+00
0.000000000000000000e+00
0.000000000000000000e+00
0.000000000000000000e+00
0.000000000000000000e+00
0.000000000000000000e+00
0.000000000000000000e+00
0.000000000000000000e+00
0.000000000000000000e+00
0.000000000000000000e+00
0.000000000000000000e+00
0.000000000000000000e+00
0.000000000000000000e+00
0.000000000000000000e+00
0.000000000000000000e+00
0.000000000000000000e+00
0.000000000000000000e+00
0.000000000000000000e+00
0.000000000000000000e+00
0.000000000000000000e+00
0.000000000000000000e+00
0.000000000000000000e+00
0.000000000000000000e+00
0.000000000000000000e+00
0.000000000000000000e+00
0.000000000000000000e+00
0.000000000000000000e+00
0.000000000000000000e+00
0.000000000000000000e+00
0.000000000000000000e+00
0.000000000000000000e+00
0.000000000000000000e+00
0.000000000000000000e+00
0.000000000000000000e+00
0.000000000000000000e+00
0.000000000000000000e+00
0.000000000000000000e+00
0.000000000000000000e+00
0.000000000000000000e+00
0.000000000000000000e+00
0.000000000000000000e+00
0.000000000000000000e+00
0.000000000000000000e+00
