-6.590270996093758882e-01
-9.556582130413593390e-02
-7.669228287247786824e-02
8.804200346440049785e-02
-3.337552031997816915e-01
-1.716215348340326408e+00
-1.237898228867711614e+00
2.889957835853937396e-01
-6.887625892501445524e-01
-1.344731514993653843e+00
-1.267290362981952967e+00
-9.243258825972153758e-01
-7.277396060348499951e-01
-6.673716783511625117e-01
-8.048622411310135671e-01
-1.232832122302365940e+00
-1.663815066216115968e+00
-2.019057577405127812e+00
-2.167420194899434271e+00
-2.127784863426272821e+00
-1.712482735441301696e+00
-9.098983395817961117e-01
-1.049919234247571609e-01
1.450317901678015442e-01
-3.793843078948068159e-01
-4.999206054418413037e-01
1.832359533755043568e-01
-3.378582945696906314e-01
-1.121454032227271025e+00
-1.567555574571230181e+00
-1.547874152171865525e+00
-1.462970390450984981e+00
-1.486358980967979582e+00
-1.246454018278611908e+00
-9.036848252589351205e-01
-1.733946768124940974e-01
1.135410980530009439e+00
2.231987740162608702e+00
2.648372597224167624e+00
1.758105634983089693e+00
-5.268176848975114623e-01
-2.670343232889141660e+00
-3.281360256710861290e+00
-3.148424980316339994e+00
-3.046123330234990600e+00
-2.557986559136413263e+00
-1.184909574983613822e+00
3.039222222612867341e-01
4.309349254872891777e-01
-7.933571503578029649e-01
-1.725259672709650083e+00
-1.936153979676497272e+00
-2.513727498417312134e+00
-3.850647020697074652e+00
-2.406638042234090946e+00
4.884705335165979712e-01
2.876162610931004338e+00
2.600220708421974614e+00
1.017344108820372739e+00
-5.169545641326469543e-01
-7.663318305829305288e-01
-4.251240196401719906e-01
-4.888281344612543933e-02
8.380664559088870647e-01
2.127426396805399023e+00
2.650899284964577163e+00
-2.255009996718924548e+00
-2.690874585084013670e+00
-1.554160571481534969e+00
-4.954031727606382773e-01
-6.196434489731919015e-01
-3.068837943185185324e-01
4.976252760293808919e-01
1.486594286868042181e+00
-5.747923709863675956e-01
-1.124984404044019115e+00
-8.423328616136940283e-01
-1.123292812525700901e+00
-2.252847972777377361e+00
-2.363032563798897812e+00
-3.083803518996201198e+00
-3.253731109522433940e+00
-2.779923205945972420e+00
-2.369481930444401918e+00
-1.646750972121747925e+00
-1.391898224124936689e+00
-1.609976858786467346e+00
-8.447342364086520838e-01
1.051387100075710013e+00
2.710328500285522857e+00
1.107349371116042258e+00
-7.977799875028954713e-01
-1.477054862901306276e+00
-8.189790641623633238e-01
-3.156052382453489180e-01
1.824589198310633265e-03
4.411499523961341929e-01
1.060704822174629358e+00
8.101302769412908056e-01
1.554737925619247285e-01
2.093457925743802406e-01
7.373147565095612421e-01
7.301251908365580245e-01
-1.043314203046766364e+00
-1.162998487537486136e+00
-9.586488466022129451e-01
-9.176346902828613761e-02
6.151764695666215310e-01
9.400824983611681951e-01
1.035072181856075080e+00
3.765159899761398865e-01
-4.539516893764172778e-01
-8.959128570323671159e-01
-1.406769139372168187e+00
-1.594766805509247209e+00
-1.070362318426706150e+00
-1.194264440596833898e+00
-1.089994350946705604e+00
-7.828747466457683934e-01
-9.007917027759021478e-01
-9.375393954038918620e-01
-4.118536247196563083e-01
-3.172931829336863019e-01
-9.004682327441940748e-01
-1.503807513663589779e-01
8.776424560938692609e-01
2.924178450714434163e-01
-6.394267613851578602e-02
-2.695565476720891418e-01
-5.845895520444244209e-02
5.737105321071741537e-01
9.245804642278230290e-01
3.544223276799503553e-01
6.472994080341701872e-01
3.878989350187711516e-01
-9.738158164301611297e-01
4.892275395123055759e-01
1.578909566950420285e+00
1.496854232344283719e+00
6.177269383961769833e-02
-7.874707860424368100e-02
6.494476370821398170e-01
-1.062597606864577049e-01
1.656856908795155015e+00
2.713493399299069964e+00
1.668801048008835997e+00
-3.294499543849385148e-01
2.296337792987252158e+00
2.918016330302819483e+00
1.128659163588923597e+00
-1.084836445480929168e+00
-9.813616021484943275e-01
-1.402069311206516788e+00
1.594211691723652624e+00
3.272245921612355168e+00
2.668813864364465882e+00
1.270053850270491669e+00
2.375549422833698188e-01
-1.495965228776535927e+00
-1.919277996242279016e+00
-1.290792186180658385e+00
-1.059053130494313821e+00
3.079790707150684703e-01
4.357502608995660331e-01
-2.216858642136606772e+00
-1.166282002624285496e+00
4.447104482618371435e-01
-1.189936393669333015e-02
-1.145678910203092871e+00
-1.641784758183477688e+00
-1.060024232591425086e+00
-8.864642437264438346e-01
1.666258473552444830e+00
3.587851077173127123e+00
2.169395001220763231e+00
4.058410739044893134e-02
-1.543812447275210609e+00
-1.652531207248078227e+00
-1.121378666670380442e+00
3.988205977896741583e-01
1.135643235326051492e+00
-2.185684132297455173e-01
6.807231809274247869e-01
4.622673094208387123e-01
-7.970038833635095799e-02
1.471233557194229213e-01
8.223676002711766131e-01
1.130714247639603043e+00
1.083911074020407650e+00
1.502554406962948397e+00
1.823962621894548830e+00
7.761022441826079810e-01
1.227797207233947141e-01
-4.274716015401391900e-01
-1.208097431749945327e+00
-1.969823928184035733e+00
-2.413799039366292476e+00
-1.935590362998044878e+00
-1.120173187950475713e+00
-1.120173187950475713e+00
-1.935590362998044878e+00
-2.413799039366292476e+00
-1.969823928184035733e+00
-1.208097431749945327e+00
-4.274716015401391900e-01
1.227797207233947141e-01
7.761022441826079810e-01
1.823962621894548830e+00
1.502554406962948397e+00
1.083911074020407650e+00
1.130714247639603043e+00
8.223676002711766131e-01
1.471233557194229213e-01
-7.970038833635095799e-02
4.622673094208387123e-01
6.807231809274247869e-01
-2.185684132297455173e-01
1.135643235326051492e+00
3.988205977896741583e-01
-1.121378666670380442e+00
-1.652531207248078227e+00
-1.543812447275210609e+00
4.058410739044893134e-02
2.169395001220763231e+00
3.587851077173127123e+00
1.666258473552444830e+00
-8.864642437264438346e-01
-1.060024232591425086e+00
-1.641784758183477688e+00
-1.145678910203092871e+00
-1.189936393669333015e-02
4.447104482618371435e-01
-1.166282002624285496e+00
-2.216858642136606772e+00
4.357502608995660331e-01
3.079790707150684703e-01
-1.059053130494313821e+00
-1.290792186180658385e+00
-1.919277996242279016e+00
-1.495965228776535927e+00
2.375549422833698188e-01
1.270053850270491669e+00
2.668813864364465882e+00
3.272245921612355168e+00
1.594211691723652624e+00
-1.402069311206516788e+00
-9.813616021484943275e-01
-1.084836445480929168e+00
1.128659163588923597e+00
2.918016330302819483e+00
2.296337792987252158e+00
-3.294499543849385148e-01
1.668801048008835997e+00
2.713493399299069964e+00
1.656856908795155015e+00
-1.062597606864577049e-01
6.494476370821398170e-01
-7.874707860424368100e-02
6.177269383961769833e-02
1.496854232344283719e+00
1.578909566950420285e+00
4.892275395123055759e-01
-9.738158164301611297e-01
3.878989350187711516e-01
6.472994080341701872e-01
3.544223276799503553e-01
9.245804642278230290e-01
5.737105321071741537e-01
-5.845895520444244209e-02
-2.695565476720891418e-01
-6.394267613851578602e-02
2.924178450714434163e-01
8.776424560938692609e-01
-1.503807513663589779e-01
-9.004682327441940748e-01
-3.172931829336863019e-01
-4.118536247196563083e-01
-9.375393954038918620e-01
-9.007917027759021478e-01
-7.828747466457683934e-01
-1.089994350946705604e+00
-1.194264440596833898e+00
-1.070362318426706150e+00
-1.594766805509247209e+00
-1.406769139372168187e+00
-8.959128570323671159e-01
-4.539516893764172778e-01
3.765159899761398865e-01
1.035072181856075080e+00
9.400824983611681951e-01
6.151764695666215310e-01
-9.176346902828613761e-02
-9.586488466022129451e-01
-1.162998487537486136e+00
-1.043314203046766364e+00
7.301251908365580245e-01
7.373147565095612421e-01
2.093457925743802406e-01
1.554737925619247285e-01
8.101302769412908056e-01
1.060704822174629358e+00
4.411499523961341929e-01
1.824589198310633265e-03
-3.156052382453489180e-01
-8.189790641623633238e-01
-1.477054862901306276e+00
-7.977799875028954713e-01
1.107349371116042258e+00
2.710328500285522857e+00
1.051387100075710013e+00
-8.447342364086520838e-01
-1.609976858786467346e+00
-1.391898224124936689e+00
-1.646750972121747925e+00
-2.369481930444401918e+00
-2.779923205945972420e+00
-3.253731109522433940e+00
-3.083803518996201198e+00
-2.363032563798897812e+00
-2.252847972777377361e+00
-1.123292812525700901e+00
-8.423328616136940283e-01
-1.124984404044019115e+00
-5.747923709863675956e-01
1.486594286868042181e+00
4.976252760293808919e-01
-3.068837943185185324e-01
-6.196434489731919015e-01
-4.954031727606382773e-01
-1.554160571481534969e+00
-2.690874585084013670e+00
-2.255009996718924548e+00
2.650899284964577163e+00
2.127426396805399023e+00
8.380664559088870647e-01
-4.888281344612543933e-02
-4.251240196401719906e-01
-7.663318305829305288e-01
-5.169545641326469543e-01
1.017344108820372739e+00
2.600220708421974614e+00
2.876162610931004338e+00
4.884705335165979712e-01
-2.406638042234090946e+00
-3.850647020697074652e+00
-2.513727498417312134e+00
-1.936153979676497272e+00
-1.725259672709650083e+00
-7.933571503578029649e-01
4.309349254872891777e-01
3.039222222612867341e-01
-1.184909574983613822e+00
-2.557986559136413263e+00
-3.046123330234990600e+00
-3.148424980316339994e+00
-3.281360256710861290e+00
-2.670343232889141660e+00
-5.268176848975114623e-01
1.758105634983089693e+00
2.648372597224167624e+00
2.231987740162608702e+00
1.135410980530009439e+00
-1.733946768124940974e-01
-9.036848252589351205e-01
-1.246454018278611908e+00
-1.486358980967979582e+00
-1.462970390450984981e+00
-1.547874152171865525e+00
-1.567555574571230181e+00
-1.121454032227271025e+00
-3.378582945696906314e-01
1.832359533755043568e-01
-4.999206054418413037e-01
-3.793843078948068159e-01
1.450317901678015442e-01
-1.049919234247571609e-01
-9.098983395817961117e-01
-1.712482735441301696e+00
-2.127784863426272821e+00
-2.167420194899434271e+00
-2.019057577405127812e+00
-1.663815066216115968e+00
-1.232832122302365940e+00
-8.048622411310135671e-01
-6.673716783511625117e-01
-7.277396060348499951e-01
-9.243258825972153758e-01
-1.267290362981952967e+00
-1.344731514993653843e+00
-6.887625892501445524e-01
2.889957835853937396e-01
-1.237898228867711614e+00
-1.716215348340326408e+00
-3.337552031997816915e-01
8.804200346440049785e-02
-7.669228287247786824e-02
-9.556582130413593390e-02
0.000000000000000000e+00
0.000000000000000000e+00
0.000000000000000000e+00
0.000000000000000000e+00
0.000000000000000000e+00
0.000000000000000000e+00
0.000000000000000000e+00
0.000000000000000000e+00
0.000000000000000000e+00
0.000000000000000000e+00
0.000000000000000000e+00
0.000000000000000000e+00
0.000000000000000000e+00
0.000000000000000000e+00
0.000000000000000000e+00
0.000000000000000000e+00
0.000000000000000000e+00
0.000000000000000000e+00
0.000000000000000000e+00
0.000000000000000000e+00
0.000000000000000000e+00
0.000000000000000000e+00
0.000000000000000000e+00
0.000000000000000000e+00
0.000000000000000000e+00
0.000000000000000000e+00
0.000000000000000000e+00
0.000000000000000000e+00
0.000000000000000000e+00
0.000000000000000000e+00
0.000000000000000000e+00
0.000000000000000000e+00
0.000000000000000000e+00
0.000000000000000000e+00
0.000000000000000000e+00
0.000000000000000000e+00
0.000000000000000000e+00
0.000000000000000000e+00
0.000000000000000000e+00
0.000000000000000000e+00
0.000000000000000000e+00
0.000000000000000000e+00
0.000000000000000000e+00
0.000000000000000000e+00
0.000000000000000000e+00
0.000000000000000000e+00
0.000000000000000000e+00
0.000000000000000000e+00
0.000000000000000000e+00
0.000000000000000000e+00
0.000000000000000000e+00
0.000000000000000000e+00
0.000000000000000000e+00
0.000000000000000000e+00
0.000000000000000000e+00
0.000000000000000000e+00
0.000000000000000000e+00
0.000000000000000000e+00
0.000000000000000000e+00
0.000000000000000000e+00
0.000000000000000000e+00
0.000000000000000000e+00
0.000000000000000000e+00
0.000000000000000000e+00
0.000000000000000000e+00
0.000000000000000000e+00
0.000000000000000000e+00
0.000000000000000000e+00
0.000000000000000000e+00
0.000000000000000000e+00
0.000000000000000000e+00
0.000000000000000000e+00
0.000000000000000000e+00
0.000000000000000000e+00
0.000000000000000000e+00
0.000000000000000000e+00
0.000000000000000000e+00
0.000000000000000000e+00
0.000000000000000000e+00
0.000000000000000000e+00
0.000000000000000000e+00
0.000000000000000000e+00
0.000000000000000000e+00
0.000000000000000000e+00
0.000000000000000000e+00
0.000000000000000000e+00
0.000000000000000000e+00
0.000000000000000000e+00
0.000000000000000000e+00
0.000000000000000000e+00
0.000000000000000000e+00
0.000000000000000000e+00
0.000000000000000000e+00
0.000000000000000000e+00
0.000000000000000000e+00
0.000000000000000000e+00
0.000000000000000000e+00
0.000000000000000000e+00
0.000000000000000000e+00
0.000000000000000000e+00
0.000000000000000000e+00
0.000000000000000000e+00
0.000000000000000000e+00
