-1.908020019531250000e+00
1.149875219377616276e-02
1.365188463811311870e+00
4.664646574799387047e-01
1.838797822167721474e-01
1.050400255915965975e+00
9.114295080897993895e-01
4.306054713531025091e-01
-1.176353169814342792e+00
-2.350408840852343584e+00
-2.438778692145294080e+00
-9.459747961705358144e-01
-8.887568404650938447e-01
-2.618551914909085898e+00
-2.554115297840157339e+00
2.058740330152326603e-01
-1.671509460027744254e+00
-3.104358142543305554e+00
-1.547075333741061431e+00
5.696298146469158663e-01
-4.842664025387661830e-01
-2.422709550340609308e+00
-2.593682643795595322e+00
-1.478639739408639020e+00
-1.728771758621202803e+00
-1.682430984176317201e+00
5.368586591809176856e-01
2.426822436877529299e-01
9.967772918720494424e-01
1.714298814635903501e+00
-5.312665837078434095e-01
-2.756395973450326053e+00
-2.467087897032126165e+00
-3.047090391750298721e+00
-4.533785363083802977e+00
-4.654368976944539327e+00
-3.325145835331275723e+00
-2.544638540371270352e+00
-2.675573960298661902e+00
-1.998724553159537676e+00
-1.791179935127032774e+00
-1.866507986272500919e+00
4.485135998527605139e-01
1.772377750178085964e+00
3.200741327026519478e-01
-2.556630807152403762e+00
-5.607929267728124501e-01
-1.005338805070901786e+00
-4.167087776247289099e-01
1.378117974257949907e+00
3.000101399496628574e-01
-1.457430189021527323e+00
-1.469804130486332738e+00
-3.684096081927988653e+00
-2.231423894381201478e-01
9.296061445709562499e-01
-3.157816677763560786e+00
-2.717807341009619293e+00
-1.409974272362275016e+00
-4.874423742947060489e-01
-3.334980498402158045e-01
1.433944346477088017e+00
2.560779983746562571e+00
4.099388277849740359e-01
-2.276621606422237765e+00
-2.684392593369095525e+00
-2.414664658852979429e+00
-1.836101357703716630e+00
-1.069426099138687025e+00
-2.734306655257336516e+00
-1.442022234366395761e+00
1.525429715326152014e+00
1.778817765429130393e+00
5.728649730692807474e-01
1.569517794821555956e+00
-4.295884506662530633e-01
-9.356404563218059245e-01
9.828835401211364342e-01
1.431664258834707937e+00
-2.015038691285401251e-01
1.069271184586506607e-02
1.209858870637683825e+00
1.766134507196194470e+00
1.079816445002483860e+00
-7.179035881884399117e-02
-3.535341471331063801e-01
1.865728106691797450e-01
-1.520668458343920726e+00
-2.188629490450578530e+00
-1.501607485013310761e+00
5.977531014932391251e-01
7.530421225925389983e-01
-3.906163474483834719e+00
-4.123336321243439073e+00
-1.482721731698525280e+00
5.184899442685826365e-01
8.726985746054030102e-01
1.423195683335830353e+00
-5.134800634230545224e-01
-1.212743649038891869e+00
-1.569745995105728431e+00
-7.735762446212396393e-01
-2.673413098365284846e-02
-2.266314757805736324e+00
-2.041748151350976315e+00
-1.053249160860895373e+00
-3.336423651112259137e-01
-1.881994713484238524e-01
-1.577061800591905705e+00
-1.880751883241998490e+00
-2.008303180219892070e+00
-2.452261541362022790e+00
-9.582314059494021485e-01
1.277617083292619249e-01
-1.448031613688847363e+00
-1.087709453728445297e+00
-2.109605495004507336e-01
-2.598562215201368542e+00
-1.568014116700782168e+00
5.596189998881615502e-01
1.725786604236484667e+00
6.153842887700533559e-01
-9.998153815983015225e-01
-1.198553285742368635e+00
-3.481598488028353477e-02
-2.844757308508128801e+00
-4.973012672911681697e+00
-4.685968174096172945e+00
-1.927826682613746234e+00
1.107401434118570283e+00
3.100738948865040090e+00
1.029647214417036105e+00
-1.560686261125034058e+00
-2.330405871221812308e+00
-1.234136136167444109e+00
6.021714432067235556e-01
-2.645009317025861506e-01
-2.228605745661109250e+00
-1.875218347640123406e+00
1.704649773377078237e-01
1.338270518167355538e+00
4.331982020023754654e-01
4.030194299923319790e-01
3.902042194611109460e-01
1.087526458723996114e+00
-6.304951349203549160e-01
-2.078308989778379967e+00
-1.523358045249630699e+00
-1.023038406881826567e-01
-2.206341325532178432e-01
-7.484726139763064889e-02
-1.429427185766587893e+00
-1.498485090587745594e+00
2.000358827579247212e-01
1.709553561460285698e+00
-9.392015806435543013e-01
-2.838243833400578175e+00
-1.793625801788182539e+00
-7.977215734610876297e-02
7.056191312098634150e-01
8.809876987262690307e-01
-7.920410788916740774e-01
-2.942103933915373837e+00
-3.706611011193147398e+00
-3.071650701194778676e+00
-1.520279939879717990e+00
-5.012968193964937313e-01
-2.345810064312223719e-01
6.594215872638022891e-01
1.733126644261675953e+00
7.595124924819613987e-01
-6.712811320828597772e-01
-1.495606214299986414e+00
-2.821590914072546585e+00
-4.811017461325960198e+00
-5.423332315389165714e+00
-4.159678537876657423e+00
-2.124421003448479173e+00
-6.338137377655197469e-01
-4.975561714125502633e-01
-2.039304763318589231e+00
-2.144989164434987217e+00
-6.038572357210281183e-01
1.726601858618788121e-01
-2.836289114283339075e-01
-1.882537081649735988e+00
-3.793815033576445117e+00
-4.675200747759772568e+00
-3.801051930656590638e+00
-1.443774032397338258e+00
8.951161450364200078e-01
-1.121858481498792415e+00
-7.400103948070253512e-01
7.435865045688778707e-01
-4.308624061344954459e-01
-1.955657737163753795e+00
-1.762548362207837505e+00
-8.095489755803642051e-01
-8.892277851843537473e-01
-8.581280627782059689e-01
1.100267209172272942e+00
3.670178441108307155e-01
-1.871749656774197579e+00
-3.939377585999978670e+00
-3.704691717127385431e+00
-1.777742430911441573e+00
-3.307703124167198361e-01
3.337054323972297176e-01
6.752150606836533342e-01
7.521026734167401973e-01
3.911161151507144274e-01
-1.131750119299624213e+00
-2.079948682273442984e+00
-2.564239183951756651e+00
-2.617482735356528423e+00
-1.690216865109778421e+00
-9.821495873307739544e-02
2.383768468389035888e-01
2.834588962640092191e-01
1.591124428086732490e+00
3.729174791365205799e+00
6.714457932214115132e-01
-6.027323189929082448e-01
-4.899676918397296577e-01
-1.537437536233549062e+00
-2.042314130497254965e+00
-1.268211627475336334e+00
2.481777586911476874e+00
4.944330646582174360e+00
4.708541479537924346e+00
3.683385988097533037e+00
3.207626090590552259e+00
2.359226660834707445e+00
1.906988711751608445e+00
1.285869110973574259e+00
-1.349027560683067728e+00
-1.762033625369532341e+00
-1.898147194378563274e-01
-7.357097604415525627e-01
-1.261910865338330634e+00
-5.093095733233026223e-01
8.771184135951228811e-01
1.228133381143861946e+00
1.753354425014661544e-01
9.144451870301884000e-03
1.526740912826325403e-01
1.753424448002668390e-01
-1.122807689656210028e-01
-6.769959001512941832e-01
-1.163063689907581466e+00
-1.363893801964516594e+00
-7.171572426954122559e-01
3.984163572324914693e-01
3.138463507843373135e-01
-6.117967726385480365e-01
1.758957995377080641e-01
8.311000035894545723e-01
3.947240975278658581e-01
-5.160651025883122855e-01
-7.755872728065750232e-01
-7.624697736802965586e-01
-1.015297397652868971e+00
-1.647850346141146005e+00
-1.593332358233809476e+00
-8.120765753624763494e-01
-4.725648321286393116e-01
-7.438348196622330821e-01
-7.692822884273962103e-01
-1.916608981102892462e-01
-1.391513165400289354e-01
-7.504260827601060280e-01
-6.410631894314032797e-01
-1.742632719451994161e-01
-3.649154179689108046e-01
-1.054018246883478671e+00
-1.701711390995868323e+00
-1.944433629683622433e+00
-3.916789746259423666e-01
8.802203879708885292e-01
1.007730582842269129e+00
7.440858305660629224e-01
1.013985356030939755e-01
-4.483537484215411872e-01
1.166626241435540501e-01
-5.111508682357293054e-01
-1.927925549424241769e+00
-2.139552368741947319e+00
-8.575418966411800792e-01
5.823395924636776133e-01
-4.282470836213825294e-02
2.743967844610399887e-01
1.325507747412042026e+00
4.313427601136974321e-01
7.156921511322755780e-02
-2.812786488188219192e-01
-1.189922785387607984e+00
1.799146257730996901e-01
2.248891759887029274e+00
2.450422355659063189e+00
1.705758588965986533e+00
2.273300040591992310e+00
3.543225585456388771e+00
4.523840403288012624e+00
1.744733056629226953e+00
-1.032414383349008480e+00
1.038509148643582458e+00
-1.755162148178422532e+00
-4.180614891631231345e+00
-3.369809264290300810e+00
-7.245539382611081436e-01
8.394813912612431039e-02
3.494660913661018498e-01
7.350564048982448639e-01
1.164231191441561730e+00
1.647668583624603000e+00
1.902256354375283287e+00
1.374975094963039934e+00
3.320459645363114110e-01
-1.257470901758562576e+00
-2.593636775646982695e+00
-3.077019995695116528e+00
-3.480800789857546818e+00
-2.804309400766322735e+00
-1.191246799829376535e+00
4.032326489980144757e-01
1.109768934775116955e+00
-7.516618972086581696e-01
-1.277822615526439831e+00
-7.698001066125303993e-02
-8.471823928700672468e-02
-1.140241034822462529e+00
-1.266092694819328734e+00
3.023251701961529037e-01
-3.189538723459111047e-01
-5.045876001346147888e-01
4.716683908380681078e-01
-1.535741425402374238e+00
-3.421747477202927712e+00
-4.822627336212980786e+00
-4.505551549120636601e+00
-1.755834801447244242e+00
-6.968318160819004792e-01
-1.370704644620039048e+00
-2.423011395420715530e+00
-2.878799738492708649e+00
-2.306713427452150356e+00
-1.300064892987844445e+00
-1.031900383552297740e+00
-2.115616510777583503e+00
-4.798434948622140261e+00
-5.807092335557936913e+00
-3.367721323852981730e+00
-8.086210512693261521e-01
-3.606738187285389863e-01
-7.449075014934911643e-01
-1.406377271628498349e-01
4.597109376099652867e-01
-2.896967128696521510e-01
-8.238232335367023929e-02
9.374686050794038827e-01
1.352225957406756329e-01
-1.890476222157175812e+00
-3.005998669355446129e+00
-2.523689521692669580e+00
-9.961902624352116931e-01
-3.541930231152479180e-02
-4.419144868713305030e-01
-9.937283324375927318e-01
-2.255395049041286626e+00
-2.715275477711140084e+00
-8.267914934306643815e-01
1.626627498139869177e+00
-9.581603399251692466e-02
-1.734215214099423363e+00
-1.163963336013317695e+00
1.285664599652963869e+00
1.966285434699860168e+00
1.945330879840478921e+00
-4.080689384415132626e-01
-2.318156302914874178e+00
-1.600306499245737868e+00
2.071569632222478585e-01
1.747989850815812041e-03
-2.159817055425465870e-01
-1.616070787670225162e-01
1.218318981965606174e+00
-3.815187633656469401e-02
-2.298509338227139764e+00
-2.127331441837092108e+00
1.083512241088420147e-01
5.931472467856100383e-01
-1.277661653304508649e+00
-1.681882907510879432e+00
-1.198122645376114903e+00
-3.714947558856707133e-02
1.773299257899046522e+00
2.611788268423762549e-01
-2.606376080431902498e+00
-4.376193494100309778e+00
-2.951245626012586332e+00
4.833153310583959694e-02
2.293987379529750292e+00
-3.323126543396386356e-01
-1.220032887003863031e+00
-5.191465259105043639e-01
-7.759954018066452797e-01
-2.521937414277402478e+00
-3.375417585544232324e+00
-2.485902221938365741e+00
-3.028306723247866650e-01
-6.168968001969332704e-01
-1.538409128979756346e-02
1.391433786901677294e+00
-6.481390933364227225e-01
-1.304339356581699860e+00
-8.266651510302680528e-01
-6.823118445015621258e-01
-5.929863416510599006e-01
-1.474708852865469266e+00
-2.944688685808771744e+00
-3.434659150075352940e+00
-3.525468155855167041e+00
-2.338134962097129677e+00
7.091637829692549744e-01
1.542433219960090085e+00
1.535166928925982388e+00
-2.214266535559916704e-02
-1.410557166340364210e+00
3.816874659115830903e-01
-8.261959891089861729e-01
-1.077121958090961673e+00
-2.106051143512392976e+00
-4.156164198037064494e+00
-2.998148427382037795e+00
3.255865480149777724e-01
-1.121919446025748002e+00
-2.908832596549979499e+00
-2.480482646869907271e+00
-8.245576770628673113e-01
1.544550099235729501e+00
1.333575947704358722e+00
2.489344829975355111e-01
-1.561453633448529166e+00
-3.019067283069878371e+00
-1.650892747057341126e+00
-1.454339441733001337e-01
1.798384547439303427e+00
3.417576294165785455e+00
3.257352288459861356e+00
1.287165899754374454e+00
-7.475854671430739451e-01
-5.210998062000399278e-01
2.001710512829173005e+00
1.428226623115472993e+00
-1.188814237123668072e+00
-1.797249347161941735e+00
-1.104792030911383005e+00
-3.602939191289619369e+00
-1.577302462653173087e+00
1.130305187163352265e+00
-1.247423015164579319e-01
-1.882347988815081807e+00
1.441181454403481110e+00
2.470920759780264042e+00
1.513952239268181454e-01
-4.356985163313336629e-01
-2.901645131983815240e+00
-5.075120065187114449e+00
-5.412639424077378969e+00
-3.403145847681719793e+00
-1.003040239089637797e+00
4.176715434399147497e-01
1.844203098981912703e+00
2.544576871323873224e+00
6.050019354356490631e-01
2.335012927077562139e-01
3.914019734869809142e-01
-1.679127157250481783e+00
-3.430535947028325872e-01
-1.819656564437179380e+00
-6.848943372805242902e-01
4.364949640835935618e-01
-1.597737282185932362e+00
-2.336342008060409370e+00
-1.222900572162256339e+00
-2.598847691140216298e+00
-4.016211795381163796e-02
1.102674619180951332e+00
1.663278662161538080e-02
-2.817754982255321838e+00
-4.219881181584022478e+00
-4.531121651519289806e+00
-3.598737403027042703e+00
-2.119130373630586206e+00
-2.970753590533266042e+00
-2.893682035576581768e+00
-2.037429785008746386e-01
1.149736019062678860e+00
1.998855215714057110e-01
6.039213694626943685e-02
