5.054809570312500000e+00
4.926444640502509742e+00
4.555607177031409272e+00
3.974134715178561983e+00
3.095502030245436575e+00
2.107860954209149984e+00
1.095203944559210107e+00
1.796463748117447246e-01
-5.692112570497043222e-02
4.456399658290881582e-01
1.213401267145151952e+00
1.745588292319854684e+00
1.946421632062092844e+00
1.272779741374538531e+00
-6.240987879923913795e-01
-1.363909905244114817e+00
-6.846766486124100659e-02
7.468526267699573395e-01
-1.127532477782303921e+00
-1.580458979946623099e+00
-7.685933592361844369e-01
2.149068436734939969e-01
6.366390910668483505e-01
-3.796758389009580181e-01
-8.146334166046376168e-02
1.623362435937166115e+00
3.936961057705619105e+00
2.949203267614323387e+00
-8.221337088465876519e-01
-2.930009340656143824e+00
-1.018555437390790797e+00
1.625862680075190969e+00
-4.989191480952692714e-01
-2.717044668459868806e+00
-2.259804556975204992e+00
3.726115298568593026e-01
-1.046898950549126406e+00
-1.883282584699009554e+00
-4.422916277343762470e-01
1.394186074769611094e+00
4.801544033610434248e-01
-2.805473524590049728e-01
-9.830970907944301951e-01
-2.900090664106887983e-01
1.270057112197969573e+00
7.376642619849066440e-01
-2.052011160008798685e-01
-8.967123412496975643e-01
-7.336820043656132606e-01
-3.140381468552102540e-01
-1.550814061350584416e-01
-5.082904850261854568e-01
-4.170111361856465582e-01
-1.149347242964493532e-01
-2.209601301792885608e-01
-6.745113605024435355e-01
-4.516705716901356360e-01
-5.398279335746247742e-01
-8.621920753553291572e-01
-3.146646299605935782e-01
-4.131369791505394851e-01
-5.042093417332568217e-01
4.467564418109737368e-01
-4.718750147082566571e-01
-2.124407691127901732e+00
-1.369319381453687257e+00
4.376211965802014880e-01
-1.335125644161294645e+00
-1.851088846195060089e+00
-1.506097631004474913e+00
-8.009159875767213332e-01
-1.783085768987697772e-01
-6.661831085597965663e-01
-1.219579162271134942e+00
-1.417657038276871839e+00
-1.795935471910300008e+00
-2.323527548133619725e+00
-2.645918791715679674e+00
-2.618044566186843003e+00
-2.588817972909005505e+00
-2.462242834481271458e+00
-2.545596092517557363e+00
-2.181221844286011624e+00
-1.816110226367269931e+00
-1.332063862391320797e+00
-8.187634858682177885e-01
-1.101754949937320927e+00
-8.758076676464070509e-01
-1.333774805620948634e-01
-2.696175644960447926e-01
-1.091689937399148214e+00
-1.335765765949698869e+00
2.530771024282794102e-01
-1.821800899188588119e-01
-1.881408469557920071e+00
-1.660441892338452519e+00
1.740424692980452992e+00
3.200573243894060393e+00
1.867798054466343505e+00
3.734937711859163123e-01
1.936400673307108855e+00
3.372592878911842007e+00
2.433777344909093365e+00
2.049202938469467661e-01
-8.166589543772675430e-01
-5.397109256998744442e-01
-6.973995384754512195e-01
3.372867235756196180e-01
2.325537000738089333e+00
3.562588970232537289e+00
3.535376085907155463e+00
1.971983533560796698e+00
-3.572096666096751250e-01
-1.601327817203034742e+00
-7.130285772960642809e-01
7.483916611253460527e-02
3.865662038375468068e-01
5.665519062891726243e-01
-1.559791695577859016e-01
-1.200629036097750735e+00
-1.381995567088824650e+00
-7.055941366293425610e-01
-1.214034481203976057e-01
-1.174087783524623507e+00
-2.399666845375172386e+00
-3.498186792036202419e+00
-4.371403899065754217e+00
-4.523694139253150226e+00
-2.452649173019682216e+00
1.201633011549178232e+00
3.385744209136541727e+00
1.124724946540067716e+00
-5.879240489210015852e-01
-1.028724330166430612e+00
-1.584909468393016940e+00
-3.238161124530610557e+00
-2.512743166757660518e+00
1.511273363891314503e-01
2.732574151547122021e+00
2.728377832229837097e+00
9.644165198851744059e-01
8.897161735336833743e-02
-2.063298292910589193e-01
-8.447663381120608106e-01
-1.377006872298250695e+00
9.188132848449048762e-02
5.873407381400357341e-01
2.671840313442579440e-01
2.004055807851715665e-01
5.556472035498495332e-01
6.612103861800366911e-01
2.327429491476259438e-01
-5.620436767464970229e-01
-7.097099979392627045e-01
-1.444584313612448101e-01
-3.745554522158855981e-02
-8.733115559263511241e-01
-9.108582204297321905e-01
-1.061401301611903492e+00
-1.848237178158817162e+00
-1.783972013575058080e+00
-2.253595334670803751e-01
-4.962480867580898458e-02
-1.738723559852535683e+00
-2.696556363349014163e+00
-2.363395735500830597e+00
-2.263808019483626310e+00
-3.650318933135606070e+00
-4.748173615609526443e+00
-2.845616805323499587e+00
1.302898610407208224e-01
-6.079046185216152587e-01
-2.232056035775812131e+00
-2.658196777692686474e+00
-3.094895787225945050e+00
-4.179300039274246537e+00
-5.093862200540863583e+00
-3.916915765570391450e+00
-1.320706242323663737e-01
9.102998542563618400e-01
-1.136739260325265732e-01
-2.084448300402206300e-01
1.199188119536166663e+00
2.430215006598221983e+00
2.391640443631027679e+00
9.568691797847113101e-01
3.227623974893942815e-01
5.979818549075308631e-01
9.089587586739016345e-01
7.739901672364668528e-01
-8.480098060605456567e-03
-8.424282650183911869e-01
-7.096824848948699582e-01
-4.832372032023526387e-01
-3.646844591752835818e-01
-5.247721050149531941e-01
-1.091308582372668923e+00
-5.625489150800019322e-01
2.395037921003864145e-01
1.154529953111578244e-01
9.782153578991816811e-01
2.412419527092007243e+00
3.679952294410131497e+00
4.639239279991734577e+00
3.660285756149831204e+00
6.861898504978247715e-01
-1.304369346553844178e+00
-1.715499543671457516e+00
-1.978674361175136065e+00
-1.342372721583916739e+00
-2.537607598447797486e-01
3.238428178875745189e-01
-4.269823705518227541e-02
-9.091590424889552935e-01
-8.841892212292457032e-02
4.133813144777755966e-01
-2.373753590594605001e-01
-2.043090484140035912e+00
-2.075300099102043383e+00
-6.915190054421413990e-01
-1.834213048640989108e-01
-1.243073743721270441e+00
-1.697575811322886707e-01
1.037741432627476090e+00
7.131752346927267006e-01
-3.073721547910581720e-01
2.084235298909984380e-01
1.303620256528482457e+00
1.426160146300542442e+00
1.068797663099137374e+00
-8.317668231148500624e-02
-1.448190389999501893e+00
-2.137907484084148990e+00
-1.437826553139778030e+00
-3.526693487223384604e-01
-2.072406704760547225e+00
-2.131135455882084973e+00
-4.386097953138201611e-01
7.592418320681655342e-01
-6.395984124928855152e-02
-5.275394332911487183e-02
6.156001983664374233e-01
9.802657135572915292e-01
1.252802980255812715e+00
7.092694479030628996e-01
-3.970792687129056642e-01
4.353381096181341281e-01
1.122132118161683900e-01
-6.333778242522855040e-01
8.247800208911271191e-02
5.697931778202571795e-01
-1.026829653249072827e-03
-5.275921970227176461e-01
-8.587942679522422296e-01
-9.269307810078092347e-01
-3.697492627738424020e-01
1.505288926138279304e-01
-7.775864296977887946e-01
-1.279018981344586470e+00
-1.141656609275292222e+00
-6.099735441321767482e-01
1.165772022232188232e-01
-9.393730891712246400e-01
-2.456008734133942717e+00
-2.487264361340338237e+00
-9.220711695760426263e-01
-1.958619540424491490e+00
-2.682446125047054153e+00
-2.192200387875347989e+00
-1.523127059718716314e+00
-3.520566112789640822e+00
-4.294232996148208414e+00
-2.923448467040471677e+00
-1.419868393954935026e-01
-1.877858334994839673e-01
-1.464322851257647606e+00
-7.081155158596825760e-01
5.121112572057961998e-02
-1.397806588252801241e-01
-1.024092541618837338e-01
7.419521031677298595e-01
1.197524086119259312e+00
1.310240864794380622e+00
2.275059544777659148e+00
2.109955132870843464e+00
1.818200119129762093e+00
1.993064392159956899e+00
1.744634090823061534e+00
1.158639676858799206e-01
-1.511345752294784850e+00
-1.881379757728718793e+00
-1.611381491542964062e+00
-1.478407401269081323e+00
-1.567426227533215588e+00
-1.412015339824848503e+00
-6.457613892765072805e-01
-2.705580616789657888e-01
-4.242232879907854581e-01
2.684667756229619506e-01
1.754277999665101673e+00
4.275042050827781992e+00
4.452640328111153067e+00
4.353741630658214845e+00
3.758443480743282716e+00
2.997879554114930567e+00
2.697753095166526283e+00
3.259837779645232025e+00
4.233551440405615374e+00
5.205217070670147272e+00
6.124267770042136405e+00
6.650606562210463757e+00
6.755585196599268372e+00
0.000000000000000000e+00
0.000000000000000000e+00
0.000000000000000000e+00
0.000000000000000000e+00
0.000000000000000000e+00
0.000000000000000000e+00
0.000000000000000000e+00
0.000000000000000000e+00
0.000000000000000000e+00
0.000000000000000000e+00
0.000000000000000000e+00
0.000000000000000000e+00
0.000000000000000000e+00
0.000000000000000000e+00
0.000000000000000000e+00
0.000000000000000000e+00
0.000000000000000000e+00
0.000000000000000000e+00
0.000000000000000000e+00
0.000000000000000000e+00
0.000000000000000000e+00
0.000000000000000000e+00
0.000000000000000000e+00
0.000000000000000000e+00
0.000000000000000000e+00
0.000000000000000000e+00
0.000000000000000000e+00
0.000000000000000000e+00
0.000000000000000000e+00
0.000000000000000000e+00
0.000000000000000000e+00
0.000000000000000000e+00
0.000000000000000000e+00
0.000000000000000000e+00
0.000000000000000000e+00
0.000000000000000000e+00
0.000000000000000000e+00
0.000000000000000000e+00
0.000000000000000000e+00
0.000000000000000000e+00
0.000000000000000000e+00
0.000000000000000000e+00
0.000000000000000000e+00
0.000000000000000000e+00
0.000000000000000000e+00
0.000000000000000000e+00
0.000000000000000000e+00
0.000000000000000000e+00
0.000000000000000000e+00
0.000000000000000000e+00
0.000000000000000000e+00
0.000000000000000000e+00
0.000000000000000000e+00
0.000000000000000000e+00
0.000000000000000000e+00
0.000000000000000000e+00
0.000000000000000000e+00
0.000000000000000000e+00
0.000000000000000000e+00
0.000000000000000000e+00
0.000000000000000000e+00
0.000000000000000000e+00
0.000000000000000000e+00
0.000000000000000000e+00
0.000000000000000000e+00
0.000000000000000000e+00
0.000000000000000000e+00
0.000000000000000000e+00
0.000000000000000000e+00
0.000000000000000000e+00
0.000000000000000000e+00
0.000000000000000000e+00
0.000000000000000000e+00
0.000000000000000000e+00
0.000000000000000000e+00
0.000000000000000000e+00
0.000000000000000000e+00
0.000000000000000000e+00
0.000000000000000000e+00
0.000000000000000000e+00
0.000000000000000000e+00
0.000000000000000000e+00
0.000000000000000000e+00
0.000000000000000000e+00
0.000000000000000000e+00
0.000000000000000000e+00
0.000000000000000000e+00
0.000000000000000000e+00
0.000000000000000000e+00
0.000000000000000000e+00
0.000000000000000000e+00
0.000000000000000000e+00
0.000000000000000000e+00
0.000000000000000000e+00
0.000000000000000000e+00
0.000000000000000000e+00
0.000000000000000000e+00
0.000000000000000000e+00
0.000000000000000000e+00
0.000000000000000000e+00
0.000000000000000000e+00
0.000000000000000000e+00
0.000000000000000000e+00
0.000000000000000000e+00
0.000000000000000000e+00
0.000000000000000000e+00
0.000000000000000000e+00
0.000000000000000000e+00
0.000000000000000000e+00
0.000000000000000000e+00
0.000000000000000000e+00
0.000000000000000000e+00
0.000000000000000000e+00
0.000000000000000000e+00
0.000000000000000000e+00
0.000000000000000000e+00
0.000000000000000000e+00
0.000000000000000000e+00
0.000000000000000000e+00
0.000000000000000000e+00
0.000000000000000000e+00
0.000000000000000000e+00
0.000000000000000000e+00
0.000000000000000000e+00
0.000000000000000000e+00
0.000000000000000000e+00
0.000000000000000000e+00
0.000000000000000000e+00
0.000000000000000000e+00
0.000000000000000000e+00
0.000000000000000000e+00
0.000000000000000000e+00
0.000000000000000000e+00
0.000000000000000000e+00
0.000000000000000000e+00
0.000000000000000000e+00
0.000000000000000000e+00
0.000000000000000000e+00
0.000000000000000000e+00
0.000000000000000000e+00
0.000000000000000000e+00
0.000000000000000000e+00
0.000000000000000000e+00
0.000000000000000000e+00
0.000000000000000000e+00
0.000000000000000000e+00
0.000000000000000000e+00
0.000000000000000000e+00
0.000000000000000000e+00
0.000000000000000000e+00
0.000000000000000000e+00
0.000000000000000000e+00
0.000000000000000000e+00
0.000000000000000000e+00
0.000000000000000000e+00
0.000000000000000000e+00
0.000000000000000000e+00
0.000000000000000000e+00
0.000000000000000000e+00
0.000000000000000000e+00
0.000000000000000000e+00
0.000000000000000000e+00
0.000000000000000000e+00
0.000000000000000000e+00
0.000000000000000000e+00
0.000000000000000000e+00
0.000000000000000000e+00
0.000000000000000000e+00
0.000000000000000000e+00
0.000000000000000000e+00
0.000000000000000000e+00
0.000000000000000000e+00
0.000000000000000000e+00
0.000000000000000000e+00
0.000000000000000000e+00
0.000000000000000000e+00
0.000000000000000000e+00
0.000000000000000000e+00
0.000000000000000000e+00
0.000000000000000000e+00
0.000000000000000000e+00
0.000000000000000000e+00
0.000000000000000000e+00
0.000000000000000000e+00
0.000000000000000000e+00
0.000000000000000000e+00
0.000000000000000000e+00
0.000000000000000000e+00
