1.221740722656250666e+00
1.272391526152940155e+00
3.676561458957307016e-01
-4.696697483467361378e-01
-5.039781870718527124e-01
2.353924612445972286e-01
9.936791452492137466e-01
9.040727665542466207e-01
5.580341930787502402e-01
2.198724368919819927e-01
-4.933299221377943633e-01
-3.523443481652039910e-01
3.020665504694074466e-01
8.603485520510611995e-01
1.143464784514783172e+00
1.006727188024907793e+00
4.239641343144513463e-01
-2.264249989478732683e-01
1.272239338633598393e-01
1.855932448350492425e+00
2.184773171221584764e+00
1.141595935377444304e+00
-5.762128192950077832e-03
-3.564540227065382538e-01
2.600978950008751012e-01
4.918654731559501947e-02
-3.524282923558399450e-01
-7.659157752869427682e-02
3.661077872758906615e-01
9.738884720614282564e-02
-5.817345362367156714e-01
-3.037620096036275363e-02
6.506113990514644785e-01
3.582595163359360013e-01
1.554636761478564999e-01
2.146088286476461882e-01
-1.138808410556697570e-01
-5.218608644764626270e-01
-7.116028605942469332e-01
-1.011705308601790421e+00
-1.563854538857927245e+00
-9.240345740948634479e-01
-3.229997724344426668e-01
-1.141437459570372237e+00
-1.767520094032399403e+00
-1.341617434598206371e+00
-6.411753577531688064e-01
-5.524104746756618445e-01
-9.280745160761735280e-01
-7.289958482369864878e-01
-1.146862917862384590e-01
1.161512691697244026e-01
1.614733951693916314e-01
3.579579218654261874e-01
4.619358908018509347e-01
4.308152900848490896e-01
-2.905286283244390422e-01
-1.453220317190931699e+00
-2.012648311564749104e+00
-1.439288069125166825e+00
-3.309994957499150514e-01
-6.837520079368795134e-01
-8.187527786254633622e-01
-9.423149962224810494e-01
-1.312898382137325015e+00
-6.686337648894972174e-01
3.799503363940133216e-01
5.966191147959069019e-01
6.830488474445837177e-01
1.095418138248223761e+00
6.713928192722667943e-01
1.361884515451240452e-01
1.061706252636705594e+00
9.008614876102816194e-01
-8.936345470669198043e-01
-1.974275952426809422e+00
-1.202372165681728111e+00
5.642192184882058870e-01
3.908605691226874068e-01
2.409688167611514498e-01
4.216389616688429598e-01
2.173324905928514239e-01
4.713777916697035053e-01
9.870774549153220612e-01
1.150819608373791603e+00
1.384427400498384753e-01
3.841204627635808055e-02
3.977932938740999513e-02
3.323447729553592467e-01
9.390395046339680141e-01
1.410957329635490698e+00
8.633454745397837193e-01
-1.064741456236262707e+00
-1.272725306818009550e+00
-2.518650103221442560e-01
8.601219200576041279e-01
5.069249602106125074e-01
-1.961856388404004115e-02
-2.191876966797094983e-01
-5.694360645937213139e-02
3.561921249246221555e-01
6.443331207924806181e-01
7.547468234252779906e-01
4.798257840480272263e-01
-2.121193972890611512e-02
-1.389898846092227913e-01
5.375432440394303235e-01
1.470733350695559771e+00
2.218924546850659762e+00
2.778613678866324044e+00
3.098771980394595893e+00
2.702915203982110270e+00
2.122022412930918644e+00
1.310520353929404136e+00
6.528027248823682349e-01
9.709148541937850929e-01
1.572163347802706834e+00
1.754705949467528114e+00
5.347218449095110238e-01
-1.590145807097329556e-01
1.059666403427961257e-01
1.795267752980118647e-01
5.584524748214820811e-01
9.031869959948177762e-01
4.280004781947359671e-01
-5.014370579688267604e-01
-8.055941284554994919e-01
-2.620422404073348144e-01
-9.839293258550163568e-02
-8.644202258217272838e-01
-1.433611401978220901e+00
-8.383191329489640964e-01
-2.090468130893845533e-01
4.318780382327069844e-02
7.683324888886167159e-02
2.003538581788264494e-01
8.540044272411444481e-01
1.849401678870834953e+00
2.487309647482871533e+00
2.698343919716696959e+00
1.932649041487442876e+00
2.365711467653086597e-01
-1.433106004930130295e+00
-2.505886552179162230e+00
-3.184751801861866127e+00
-1.637854326189901455e+00
4.933605823446907124e-01
1.836885587252918839e+00
3.886376459986158327e-01
1.855668074817939939e-01
2.441098186717138852e-01
-5.113728592729174238e-01
-1.344275096162372840e-02
2.279809588395897091e+00
1.674277743858936907e+00
-4.582476103896282460e-01
5.801580027372779114e-01
1.498754307902703697e+00
7.272764518979981663e-01
-4.847206547532089682e-01
-3.224768932489041617e+00
-3.196415866871019862e+00
-2.184650102781734660e+00
-2.074782970713756391e+00
-2.359065989408114739e+00
3.460507326797810812e+00
9.309329841445341813e-01
-2.381684863747904224e+00
-4.192219628735180059e+00
-3.453223353343281232e+00
-1.923233999326659838e+00
2.018221585405776786e+00
1.532101935966040607e+00
-8.493920112797974653e-01
-3.432589162642054603e+00
-3.814858108520292390e+00
-1.765454671288632760e+00
6.150277431281194751e-01
8.392026211045013895e-01
2.279860017693282614e-01
-1.193282816833665549e+00
-3.390795044431769156e-01
1.534192087681229388e+00
1.843875542051507388e-01
-3.819266493503679527e+00
-6.033632649067310894e-01
1.137885808613114946e+00
-6.221554635534687350e-02
-3.082516938195787759e+00
-1.009255506996898255e+00
2.185184816223454174e+00
2.199146599223061216e+00
-2.762331477005193214e-01
-1.390013122660187950e+00
-8.036263237619287736e-01
-6.419261697319110782e-01
9.751024647348520702e-01
1.512023462440372112e+00
4.473654647809461871e-01
-1.196105957031248224e+00
4.473654647809461871e-01
1.512023462440372112e+00
9.751024647348520702e-01
-6.419261697319110782e-01
-8.036263237619287736e-01
-1.390013122660187950e+00
-2.762331477005193214e-01
2.199146599223061216e+00
2.185184816223454174e+00
-1.009255506996898255e+00
-3.082516938195787759e+00
-6.221554635534687350e-02
1.137885808613114946e+00
-6.033632649067310894e-01
-3.819266493503679527e+00
1.843875542051507388e-01
1.534192087681229388e+00
-3.390795044431769156e-01
-1.193282816833665549e+00
2.279860017693282614e-01
8.392026211045013895e-01
6.150277431281194751e-01
-1.765454671288632760e+00
-3.814858108520292390e+00
-3.432589162642054603e+00
-8.493920112797974653e-01
1.532101935966040607e+00
2.018221585405776786e+00
-1.923233999326659838e+00
-3.453223353343281232e+00
-4.192219628735180059e+00
-2.381684863747904224e+00
9.309329841445341813e-01
3.460507326797810812e+00
-2.359065989408114739e+00
-2.074782970713756391e+00
-2.184650102781734660e+00
-3.196415866871019862e+00
-3.224768932489041617e+00
-4.847206547532089682e-01
7.272764518979981663e-01
1.498754307902703697e+00
5.801580027372779114e-01
-4.582476103896282460e-01
1.674277743858936907e+00
2.279809588395897091e+00
-1.344275096162372840e-02
-5.113728592729174238e-01
2.441098186717138852e-01
1.855668074817939939e-01
3.886376459986158327e-01
1.836885587252918839e+00
4.933605823446907124e-01
-1.637854326189901455e+00
-3.184751801861866127e+00
-2.505886552179162230e+00
-1.433106004930130295e+00
2.365711467653086597e-01
1.932649041487442876e+00
2.698343919716696959e+00
2.487309647482871533e+00
1.849401678870834953e+00
8.540044272411444481e-01
2.003538581788264494e-01
7.683324888886167159e-02
4.318780382327069844e-02
-2.090468130893845533e-01
-8.383191329489640964e-01
-1.433611401978220901e+00
-8.644202258217272838e-01
-9.839293258550163568e-02
-2.620422404073348144e-01
-8.055941284554994919e-01
-5.014370579688267604e-01
4.280004781947359671e-01
9.031869959948177762e-01
5.584524748214820811e-01
1.795267752980118647e-01
1.059666403427961257e-01
-1.590145807097329556e-01
5.347218449095110238e-01
1.754705949467528114e+00
1.572163347802706834e+00
9.709148541937850929e-01
6.528027248823682349e-01
1.310520353929404136e+00
2.122022412930918644e+00
2.702915203982110270e+00
3.098771980394595893e+00
2.778613678866324044e+00
2.218924546850659762e+00
1.470733350695559771e+00
5.375432440394303235e-01
-1.389898846092227913e-01
-2.121193972890611512e-02
4.798257840480272263e-01
7.547468234252779906e-01
6.443331207924806181e-01
3.561921249246221555e-01
-5.694360645937213139e-02
-2.191876966797094983e-01
-1.961856388404004115e-02
5.069249602106125074e-01
8.601219200576041279e-01
-2.518650103221442560e-01
-1.272725306818009550e+00
-1.064741456236262707e+00
8.633454745397837193e-01
1.410957329635490698e+00
9.390395046339680141e-01
3.323447729553592467e-01
3.977932938740999513e-02
3.841204627635808055e-02
1.384427400498384753e-01
1.150819608373791603e+00
9.870774549153220612e-01
4.713777916697035053e-01
2.173324905928514239e-01
4.216389616688429598e-01
2.409688167611514498e-01
3.908605691226874068e-01
5.642192184882058870e-01
-1.202372165681728111e+00
-1.974275952426809422e+00
-8.936345470669198043e-01
9.008614876102816194e-01
1.061706252636705594e+00
1.361884515451240452e-01
6.713928192722667943e-01
1.095418138248223761e+00
6.830488474445837177e-01
5.966191147959069019e-01
3.799503363940133216e-01
-6.686337648894972174e-01
-1.312898382137325015e+00
-9.423149962224810494e-01
-8.187527786254633622e-01
-6.837520079368795134e-01
-3.309994957499150514e-01
-1.439288069125166825e+00
-2.012648311564749104e+00
-1.453220317190931699e+00
-2.905286283244390422e-01
4.308152900848490896e-01
4.619358908018509347e-01
3.579579218654261874e-01
1.614733951693916314e-01
1.161512691697244026e-01
-1.146862917862384590e-01
-7.289958482369864878e-01
-9.280745160761735280e-01
-5.524104746756618445e-01
-6.411753577531688064e-01
-1.341617434598206371e+00
-1.767520094032399403e+00
-1.141437459570372237e+00
-3.229997724344426668e-01
-9.240345740948634479e-01
-1.563854538857927245e+00
-1.011705308601790421e+00
-7.116028605942469332e-01
-5.218608644764626270e-01
-1.138808410556697570e-01
2.146088286476461882e-01
1.554636761478564999e-01
3.582595163359360013e-01
6.506113990514644785e-01
-3.037620096036275363e-02
-5.817345362367156714e-01
9.738884720614282564e-02
3.661077872758906615e-01
-7.659157752869427682e-02
-3.524282923558399450e-01
4.918654731559501947e-02
2.600978950008751012e-01
-3.564540227065382538e-01
-5.762128192950077832e-03
1.141595935377444304e+00
2.184773171221584764e+00
1.855932448350492425e+00
1.272239338633598393e-01
-2.264249989478732683e-01
4.239641343144513463e-01
1.006727188024907793e+00
1.143464784514783172e+00
8.603485520510611995e-01
3.020665504694074466e-01
-3.523443481652039910e-01
-4.933299221377943633e-01
2.198724368919819927e-01
5.580341930787502402e-01
9.040727665542466207e-01
9.936791452492137466e-01
2.353924612445972286e-01
-5.039781870718527124e-01
-4.696697483467361378e-01
3.676561458957307016e-01
1.272391526152940155e+00
0.000000000000000000e+00
0.000000000000000000e+00
0.000000000000000000e+00
0.000000000000000000e+00
0.000000000000000000e+00
0.000000000000000000e+00
0.000000000000000000e+00
0.000000000000000000e+00
0.000000000000000000e+00
0.000000000000000000e+00
0.000000000000000000e+00
0.000000000000000000e+00
0.000000000000000000e+00
0.000000000000000000e+00
0.000000000000000000e+00
0.000000000000000000e+00
0.000000000000000000e+00
0.000000000000000000e+00
0.000000000000000000e+00
0.000000000000000000e+00
0.000000000000000000e+00
0.000000000000000000e+00
0.000000000000000000e+00
0.000000000000000000e+00
0.000000000000000000e+00
0.000000000000000000e+00
0.000000000000000000e+00
0.000000000000000000e+00
0.000000000000000000e+00
0.000000000000000000e+00
0.000000000000000000e+00
0.000000000000000000e+00
0.000000000000000000e+00
0.000000000000000000e+00
0.000000000000000000e+00
0.000000000000000000e+00
0.000000000000000000e+00
0.000000000000000000e+00
0.000000000000000000e+00
0.000000000000000000e+00
0.000000000000000000e+00
0.000000000000000000e+00
0.000000000000000000e+00
0.000000000000000000e+00
0.000000000000000000e+00
0.000000000000000000e+00
0.000000000000000000e+00
0.000000000000000000e+00
0.000000000000000000e+00
0.000000000000000000e+00
0.000000000000000000e+00
0.000000000000000000e+00
0.000000000000000000e+00
0.000000000000000000e+00
0.000000000000000000e+00
0.000000000000000000e+00
0.000000000000000000e+00
0.000000000000000000e+00
0.000000000000000000e+00
0.000000000000000000e+00
0.000000000000000000e+00
0.000000000000000000e+00
0.000000000000000000e+00
0.000000000000000000e+00
0.000000000000000000e+00
0.000000000000000000e+00
0.000000000000000000e+00
0.000000000000000000e+00
0.000000000000000000e+00
0.000000000000000000e+00
0.000000000000000000e+00
0.000000000000000000e+00
0.000000000000000000e+00
0.000000000000000000e+00
0.000000000000000000e+00
0.000000000000000000e+00
0.000000000000000000e+00
0.000000000000000000e+00
0.000000000000000000e+00
0.000000000000000000e+00
0.000000000000000000e+00
0.000000000000000000e+00
0.000000000000000000e+00
0.000000000000000000e+00
0.000000000000000000e+00
0.000000000000000000e+00
0.000000000000000000e+00
0.000000000000000000e+00
0.000000000000000000e+00
0.000000000000000000e+00
0.000000000000000000e+00
0.000000000000000000e+00
0.000000000000000000e+00
0.000000000000000000e+00
0.000000000000000000e+00
0.000000000000000000e+00
0.000000000000000000e+00
0.000000000000000000e+00
0.000000000000000000e+00
0.000000000000000000e+00
0.000000000000000000e+00
0.000000000000000000e+00
