-1.921508789062499112e+00
-1.234090590183305913e+00
-3.081262409310238648e-01
-1.184002599165043801e+00
-1.123006089615370406e+00
-2.644621387333411233e-01
-9.079172675039722806e-01
-1.108397146651556531e+00
-4.893786258289042346e-01
-8.325636412019083998e-01
4.729532765914503667e-01
1.168136395208915879e+00
9.884626461100340933e-01
-9.874975927911089357e-02
4.590666608568039209e-02
1.309432014598627125e+00
-1.331083265633732804e+00
-9.278756796964142683e-01
4.098556454279438377e-01
-3.418291336016117121e-01
-1.767645177217985086e+00
-1.782333012791629923e+00
-1.710652059330179275e+00
-1.554230962278119188e+00
-1.429153552785154657e+00
-2.060086244880429351e+00
-4.303652001021596618e+00
-4.186417020983130399e+00
-2.343704814880939402e+00
-9.718862634375255993e-01
-2.185934837585976620e+00
-3.469133963583399094e+00
9.207842088108919576e-02
8.288672835151982277e-01
7.577112336993638841e-01
1.738352846316446376e+00
1.264613103112992576e+00
-1.376921580525745092e-01
-7.305866906141624817e-01
5.164873797562496982e-01
2.078081848051902547e+00
3.317465724971355279e+00
3.544585814324370254e+00
2.927112729383570588e+00
2.608453772983732044e-01
-1.397729695417818441e+00
-7.867369279617262290e-01
1.222565663779630496e+00
4.275659390989272168e+00
5.530148552270210516e+00
5.520974976906390275e+00
5.136903414736901041e+00
3.718419159442181154e+00
2.248902875712301963e+00
1.226526197594950851e+00
1.728839481464027106e+00
-6.334272697497440596e-01
-9.758475846213974236e-01
2.254870645312380795e+00
3.557914905781622394e+00
6.516296476774363633e-01
-2.220336997314453775e+00
-1.478745161686287446e+00
-6.952070853299530118e-01
6.129736755279617810e-01
2.867631011631361027e+00
5.044354258922098211e+00
2.863025762490591042e+00
1.896501397604357875e+00
2.072697238240382323e+00
1.475786162590259298e+00
1.740396824627696848e+00
2.438850102789722474e+00
3.096720251853312345e+00
1.245369693538234124e-01
2.944067549600566380e-01
2.213505374691709715e+00
2.053686229228877558e+00
1.755111547077114142e+00
2.803763217283519182e-01
-1.152557297324536378e+00
-7.075415445103385714e-01
-1.425531803486466575e+00
-2.853662545599593869e+00
-1.682286050780611220e+00
-6.154890524006972896e-02
-3.503039868113004829e-01
-7.065032411931340128e-01
5.958816857143560686e-01
-1.734335649493646159e+00
-3.038449549258061211e+00
-3.328665606547826616e+00
-1.627888224528799554e+00
5.247891338877761491e-01
1.857968771258355911e-01
5.149763511804459348e-01
1.907949175805710995e+00
1.526382723115074391e+00
2.962621009366192215e+00
2.094275714427263235e+00
8.593114538552564241e-01
2.357493659261487018e-01
-4.579188363163868569e-01
-1.100208291282786410e+00
-1.449662669456652564e+00
1.446720817289376626e+00
4.018049738312305941e+00
1.170214214829776722e+00
-8.424023240323266215e-01
1.224136045542905116e-01
-9.789342016109967570e-01
-1.467373148518439363e+00
1.181847054196034863e+00
-1.479503422256917222e+00
-2.075482196804841362e+00
8.913365105012640566e-01
-5.063163130825163449e-01
7.621828319541676944e-01
1.957247264546912557e+00
5.776320770524590031e-03
-1.491233738476093640e+00
-3.335567228040479115e-01
4.714432138992048493e-01
1.175984590682654263e+00
3.879790370539244471e-01
-1.169576302063926043e-01
-2.782736092814942497e-01
2.611173519696999845e-01
2.122253141277584687e-01
7.939977116338434726e-01
2.441456716758652057e+00
3.193605119636497847e+00
1.110424005760259014e+00
-9.972054779555283854e-01
9.853608938232764070e-01
2.513105111547898396e+00
2.740220624261524573e+00
1.857289329992166227e+00
1.554120553364700674e+00
1.157619660826831876e+00
6.990966064309556138e-01
-1.856978109298688118e-01
-8.829124757957536040e-01
2.570166147121502043e-01
2.246194962309699505e+00
1.008178933773973274e+00
-9.383987700606319926e-01
1.147139413970669874e+00
4.235477943770558085e+00
3.802357010076659716e+00
2.338246641314457364e+00
2.001925452604544464e+00
-2.963764802944486298e+00
-1.612488630463565276e+00
-8.893217054788733478e-01
-3.873627132332490675e+00
-4.814082046415341765e+00
-1.355843606349698138e+00
2.934900423317528873e+00
1.937580934866488303e+00
3.420761015413391615e-01
1.334072205380037790e+00
2.838593994903982232e+00
-3.201555145652905665e-01
-4.154283010602151549e+00
-5.811639246691619576e+00
-1.799395099005806742e+00
-5.886499022080409205e-01
1.202514942193211311e-02
2.129418212433907609e+00
-2.923933665897024081e+00
-2.958863693444595988e+00
-8.118267626944836168e-01
1.049675114374838625e+00
5.459717239379053844e-01
2.793817796763318206e-01
1.867941329034502829e+00
7.887530629920598280e-01
-1.052141629785292798e+00
-6.968498642528317966e-01
-7.684839190295766898e-02
3.109892432416678787e-01
1.088620472782402260e+00
2.682190851547407995e-01
-2.820085848927476047e-01
7.357771888393713766e-01
9.255979603478529105e-01
-3.393827083981253434e-01
-4.505309118599405416e-01
4.596793416778783836e-01
9.294072908731243476e-01
2.756286120772002413e+00
4.170624368602871890e+00
2.676455912396123349e+00
-2.095612671671671645e-01
-1.002202857044570239e+00
-5.626123825418891666e-01
1.022683419244498682e+00
7.510863541109964459e-01
4.938082676341974953e-01
7.227106667878189228e-01
9.646721179605013408e-01
1.331327832617449580e+00
1.866013815862763714e-01
2.314527175766056821e-02
2.413916918614206875e+00
-5.909937380316643285e-01
-8.258940601930118142e-01
1.840753557697813347e+00
-2.675682062353956780e-01
2.406889988054807805e-01
1.747669361982463476e+00
1.021767260613367423e+00
1.525722893564951832e+00
2.366209532023300532e+00
-8.431794758576828253e-01
-1.028771640901454454e+00
-3.245760398919887990e-01
-7.841427876099542615e-01
4.660123623372984802e-01
1.913115857203449011e+00
3.294683855971013653e+00
4.018318026884752037e+00
2.644476249250330202e+00
3.410088598827705653e+00
2.686242602553670089e+00
2.089371680235205364e+00
1.140015754282428961e+00
-8.091530809777829347e-01
-2.220579447561635611e+00
-2.966731299197518990e+00
2.817916971002154547e-01
4.988149761091017709e+00
2.937364741520595235e+00
-1.171583002801686035e-01
-3.105643753478182667e+00
-2.739268587694135615e+00
-2.095909136582631227e+00
7.483410601334896661e-01
3.195674610364036550e+00
2.818876453951739247e+00
1.249756096981450959e+00
3.109836467745772381e-01
8.940799384810689254e-01
4.227590091330471367e+00
4.974265799288617451e+00
4.321477173750444045e+00
5.447327061562050154e+00
4.788271162439480477e+00
4.871225161323939901e+00
3.334669878898011142e+00
1.457108477216097597e+00
1.227920609973978117e+00
4.820252539585792029e-01
1.092368693650687783e+00
-1.241032460761339884e-01
5.718720929887952664e-01
2.446736839265602814e+00
5.815665079542564619e-01
-1.145266928639510073e+00
-1.941368151451950297e+00
-1.573531914788321107e+00
-1.229693066863032591e+00
-2.295121862808146673e+00
-9.919666560097715191e-01
7.428058123714893490e-01
-3.271723470922380805e+00
-6.175844235785066694e+00
-1.899890736608856212e+00
3.085094558486304539e+00
4.027331249229384902e+00
2.510645607332745222e+00
5.611385983509529218e-01
-1.003459673466939872e+00
-2.414791262176062325e+00
-2.780482793761566374e+00
-1.548048139570240567e+00
-3.306066407804892360e-01
-5.033097828753209102e-01
3.611081198833023809e-01
3.569874153530412375e-01
-7.386587312401211580e-01
-1.052556207400674460e+00
4.986482528334701403e-01
4.748021974737982598e-01
1.477737733966685840e-01
1.033903409345677815e+00
1.512025473027673872e+00
3.618953393098245375e-01
-2.624451137604609130e+00
-4.104196340660005049e+00
-5.033020390232985086e+00
-6.522791778536274343e+00
-6.492308421864222190e+00
-4.164740608642869546e+00
-1.712696438873046123e+00
-1.391386547647915695e+00
-8.723538124948720940e-01
-2.203414084431869480e+00
-2.225864300832056220e+00
-2.543722590281446649e+00
-2.270366867513139653e+00
-1.926948529477173988e+00
-2.426502787884434298e+00
-2.042478411444606845e+00
-2.333568704880781552e-01
-1.162726385629746506e+00
-6.403890797742096685e-01
-1.553034295854211155e+00
-2.068914743027268965e+00
-1.642396431926292033e+00
-1.749701271500077704e+00
-9.075111894462120077e-01
-1.277402402593817987e+00
-1.446252515433102737e+00
-1.197411229654156806e+00
-2.248457136007038226e+00
-1.961339598513465399e+00
-6.092044532982776595e-01
-2.227980405468122704e+00
0.000000000000000000e+00
0.000000000000000000e+00
0.000000000000000000e+00
0.000000000000000000e+00
0.000000000000000000e+00
0.000000000000000000e+00
0.000000000000000000e+00
0.000000000000000000e+00
0.000000000000000000e+00
0.000000000000000000e+00
0.000000000000000000e+00
0.000000000000000000e+00
0.000000000000000000e+00
0.000000000000000000e+00
0.000000000000000000e+00
0.000000000000000000e+00
0.000000000000000000e+00
0.000000000000000000e+00
0.000000000000000000e+00
0.000000000000000000e+00
0.000000000000000000e+00
0.000000000000000000e+00
0.000000000000000000e+00
0.000000000000000000e+00
0.000000000000000000e+00
0.000000000000000000e+00
0.000000000000000000e+00
0.000000000000000000e+00
0.000000000000000000e+00
0.000000000000000000e+00
0.000000000000000000e+00
0.000000000000000000e+00
0.000000000000000000e+00
0.000000000000000000e+00
0.000000000000000000e+00
0.000000000000000000e+00
0.000000000000000000e+00
0.000000000000000000e+00
0.000000000000000000e+00
0.000000000000000000e+00
0.000000000000000000e+00
0.000000000000000000e+00
0.000000000000000000e+00
0.000000000000000000e+00
0.000000000000000000e+00
0.000000000000000000e+00
0.000000000000000000e+00
0.000000000000000000e+00
0.000000000000000000e+00
0.000000000000000000e+00
0.000000000000000000e+00
0.000000000000000000e+00
0.000000000000000000e+00
0.000000000000000000e+00
0.000000000000000000e+00
0.000000000000000000e+00
0.000000000000000000e+00
0.000000000000000000e+00
0.000000000000000000e+00
0.000000000000000000e+00
0.000000000000000000e+00
0.000000000000000000e+00
0.000000000000000000e+00
0.000000000000000000e+00
0.000000000000000000e+00
0.000000000000000000e+00
0.000000000000000000e+00
0.000000000000000000e+00
0.000000000000000000e+00
0.000000000000000000e+00
0.000000000000000000e+00
0.000000000000000000e+00
0.000000000000000000e+00
0.000000000000000000e+00
0.000000000000000000e+00
0.000000000000000000e+00
0.000000000000000000e+00
0.000000000000000000e+00
0.000000000000000000e+00
0.000000000000000000e+00
0.000000000000000000e+00
0.000000000000000000e+00
0.000000000000000000e+00
0.000000000000000000e+00
0.000000000000000000e+00
0.000000000000000000e+00
0.000000000000000000e+00
0.000000000000000000e+00
0.000000000000000000e+00
0.000000000000000000e+00
0.000000000000000000e+00
0.000000000000000000e+00
0.000000000000000000e+00
0.000000000000000000e+00
0.000000000000000000e+00
0.000000000000000000e+00
0.000000000000000000e+00
0.000000000000000000e+00
0.000000000000000000e+00
0.000000000000000000e+00
0.000000000000000000e+00
0.000000000000000000e+00
0.000000000000000000e+00
0.000000000000000000e+00
0.000000000000000000e+00
0.000000000000000000e+00
0.000000000000000000e+00
0.000000000000000000e+00
0.000000000000000000e+00
0.000000000000000000e+00
0.000000000000000000e+00
0.000000000000000000e+00
0.000000000000000000e+00
0.000000000000000000e+00
0.000000000000000000e+00
0.000000000000000000e+00
0.000000000000000000e+00
0.000000000000000000e+00
0.000000000000000000e+00
0.000000000000000000e+00
0.000000000000000000e+00
0.000000000000000000e+00
0.000000000000000000e+00
0.000000000000000000e+00
0.000000000000000000e+00
0.000000000000000000e+00
0.000000000000000000e+00
0.000000000000000000e+00
0.000000000000000000e+00
0.000000000000000000e+00
0.000000000000000000e+00
0.000000000000000000e+00
0.000000000000000000e+00
0.000000000000000000e+00
0.000000000000000000e+00
0.000000000000000000e+00
0.000000000000000000e+00
0.000000000000000000e+00
0.000000000000000000e+00
0.000000000000000000e+00
0.000000000000000000e+00
0.000000000000000000e+00
0.000000000000000000e+00
0.000000000000000000e+00
0.000000000000000000e+00
0.000000000000000000e+00
0.000000000000000000e+00
0.000000000000000000e+00
0.000000000000000000e+00
0.000000000000000000e+00
0.000000000000000000e+00
0.000000000000000000e+00
0.000000000000000000e+00
0.000000000000000000e+00
0.000000000000000000e+00
0.000000000000000000e+00
0.000000000000000000e+00
0.000000000000000000e+00
0.000000000000000000e+00
0.000000000000000000e+00
0.000000000000000000e+00
0.000000000000000000e+00
0.000000000000000000e+00
0.000000000000000000e+00
0.000000000000000000e+00
0.000000000000000000e+00
0.000000000000000000e+00
0.000000000000000000e+00
0.000000000000000000e+00
0.000000000000000000e+00
0.000000000000000000e+00
0.000000000000000000e+00
0.000000000000000000e+00
0.000000000000000000e+00
0.000000000000000000e+00
0.000000000000000000e+00
0.000000000000000000e+00
0.000000000000000000e+00
0.000000000000000000e+00
0.000000000000000000e+00
