2.147430419921875000e+00
1.439219243606972176e+00
1.695213592702371486e-02
-1.454628400844049096e-02
2.491779397201968838e+00
1.508650069653441061e+00
6.639960654564786013e-01
-7.472075119666654608e-02
-1.965030644946822003e+00
-2.762799175957802333e+00
-1.232277917690249414e+00
4.064208420413928380e-02
-3.835334429689818414e-01
-1.500131532948063118e+00
6.627615852719854761e-01
7.562836893997325616e-01
1.422064609962903070e-02
1.057320887924631858e+00
1.297504411337544461e+00
1.335662615930295116e+00
1.859862375808120749e+00
1.574853879150677649e+00
6.044495851495634842e-01
-2.750239769777225174e-01
7.929248532891070012e-01
7.617836496885195263e-01
6.035357818225328685e-02
2.753386262579411436e-01
1.092949365598645084e+00
1.296456599747231264e+00
2.121837939815042207e-01
-9.680777980612687017e-02
4.379553202314476756e-01
-3.580524335449055684e-01
-1.718098135030827978e+00
-1.292387133414769851e+00
-7.096864704745835528e-01
7.067924078620348993e-01
1.754897475940199625e+00
1.697669313328859619e+00
2.201281296307776358e+00
2.554579740305250812e+00
7.562075063273374642e-01
6.515606340579793709e-02
1.559980375717383350e+00
2.616389818879391260e+00
3.476936475802279158e+00
3.413058251886889938e+00
1.796712884426695300e+00
9.980782365767693065e-02
-7.823722899540630493e-02
-6.694678450966675687e-01
-1.730285219214980907e+00
-1.516235514316644162e+00
-2.085342153652256059e+00
-2.131743792969208684e+00
-1.380448172237652926e+00
-1.202222628849556996e+00
-8.872633342491027530e-01
1.036460245560770765e-01
-1.808019800875193539e-04
-7.351361958830380239e-01
-1.357488935682916953e+00
-9.931623601013903624e-01
4.494585981062293456e-01
1.693923101055821556e+00
1.740638393499853498e+00
1.239786167444230758e+00
1.228543036215201223e+00
1.417108283548630610e+00
1.246991739656265530e+00
4.123854815360221693e-01
-4.282479215364776159e-01
-5.039807004748098063e-03
2.089955376736337689e-01
1.048847561835002606e+00
1.711428498851576663e+00
1.185317163093355441e+00
-1.127202056897025351e-02
-9.253968364271127067e-02
6.553676087492931179e-01
3.421555038194550313e-01
-9.240959366216061621e-01
-9.857553823181295360e-01
1.478362468097352389e+00
1.606629997697361478e+00
2.094362709786597776e+00
1.697249272400853215e+00
6.577118720534791407e-02
-1.055390381401249744e+00
-1.568009080813811185e+00
-1.684069377071484741e+00
-3.732689319310691367e-01
4.342948599573830393e-01
3.963035884895265148e-01
9.846907362375940664e-01
1.992357278315045832e+00
1.092474634800487454e+00
6.978522611832183031e-02
1.854946985635357315e-01
-7.502288665192557993e-02
-7.088633975400959741e-01
-9.091106828869401912e-01
-4.536186399256485480e-01
-9.178328993130646651e-01
-7.948598946580470725e-01
3.375670248247060190e-01
6.516329456357077277e-01
3.945759152453613972e-01
-3.709200697214205533e-01
-9.082146420750516480e-01
1.352325687501085838e-01
-1.120426994211043414e-01
-1.035622372823161719e-01
3.523186077684625772e-01
5.946055777276466614e-01
-2.943421876613769861e-01
2.179489506512473085e-01
-6.168400389279238283e-03
-1.083570084449309689e+00
-1.875507582215381497e+00
-1.175794549285830826e+00
1.169405805423968658e-01
-1.313251576712917590e+00
-1.667378262872657224e+00
-5.068285176951992099e-01
1.614441165654323385e-02
-6.658995420893738526e-01
-1.500318598966784212e+00
-1.245995220496805445e+00
-2.669727960746111073e-01
6.796291265950293869e-01
-8.357826398243641819e-01
-6.963275531187913536e-01
-6.961369317808934198e-01
4.143975032763691502e-02
9.758865567972416777e-01
4.406154195457592238e-01
-8.504477204652687305e-01
-1.415743669904292901e+00
-1.080744413344306043e+00
-4.940426574297174245e-01
-5.763044082629836806e-01
-2.672783689710274135e-01
-1.032529342882540835e+00
-1.346064929342918326e+00
-4.796258647916329387e-01
1.004418935592812367e-01
-2.987755864323586863e-01
-3.192047263264092827e-01
3.976775334302107279e-02
1.281740239587889629e-01
4.350477450432218562e-01
6.701792176220091601e-01
3.985322748866004794e-01
-1.100957974547104090e+00
-1.502702588024643404e+00
-5.674112572328189330e-01
-7.730855788040678078e-01
-1.883075047546349801e+00
-2.150246065715705868e+00
-1.821715353679226990e+00
-1.845179690785921700e+00
-1.377860053226247494e+00
-3.528027914426923317e-02
-1.671374217004952811e-01
-2.212595753602319970e+00
-2.083317251611045418e-01
6.038188870187848334e-01
-2.275712246744432399e-01
-1.087535549736010410e+00
-1.489102732198350321e+00
-1.520563897557628552e+00
-1.845666702234422196e+00
-8.942270053161749388e-01
4.761771133400531930e-01
5.970373913682025524e-02
-3.123131159112062516e-01
4.113925313196329370e-01
-1.112516959821068241e+00
-6.319913757321558023e-01
1.780745427383987334e+00
1.795662238648231046e+00
-4.762305066022261002e-01
7.332702849332450867e-01
1.538436219109899916e+00
5.570488346841884209e-01
-1.844306997429730810e+00
-2.470738135315730055e+00
-1.990098635395550541e+00
5.860768116499808222e-01
-1.936506495434328734e+00
-1.657242509870221703e+00
7.584929771919712849e-01
6.730538218445589749e-01
-2.274338194600709073e+00
-8.510680760172713022e-01
6.555409450888882716e-02
-3.586599346875365857e+00
-4.103726412511755406e+00
-3.070410367122665463e+00
4.588041389701134065e-01
-3.792226958517409763e+00
-4.128175949892013641e+00
1.325565727136541305e+00
3.372003787543730091e+00
-3.402334862228050039e+00
-1.125999895997609634e+00
1.030148049253264642e+00
5.722780316813569357e-02
-2.192812354378341766e-01
-5.548484933582202849e-01
-1.203171068055631565e+00
-1.802281391190498239e+00
-1.697893210582791523e+00
-6.911862950490501589e-01
-6.297866881699585306e-01
-5.459368928592323034e-01
-1.045980734814579094e+00
-1.045980734814579094e+00
-5.459368928592323034e-01
-6.297866881699585306e-01
-6.911862950490501589e-01
-1.697893210582791523e+00
-1.802281391190498239e+00
-1.203171068055631565e+00
-5.548484933582202849e-01
-2.192812354378341766e-01
5.722780316813569357e-02
1.030148049253264642e+00
-1.125999895997609634e+00
-3.402334862228050039e+00
3.372003787543730091e+00
1.325565727136541305e+00
-4.128175949892013641e+00
-3.792226958517409763e+00
4.588041389701134065e-01
-3.070410367122665463e+00
-4.103726412511755406e+00
-3.586599346875365857e+00
6.555409450888882716e-02
-8.510680760172713022e-01
-2.274338194600709073e+00
6.730538218445589749e-01
7.584929771919712849e-01
-1.657242509870221703e+00
-1.936506495434328734e+00
5.860768116499808222e-01
-1.990098635395550541e+00
-2.470738135315730055e+00
-1.844306997429730810e+00
5.570488346841884209e-01
1.538436219109899916e+00
7.332702849332450867e-01
-4.762305066022261002e-01
1.795662238648231046e+00
1.780745427383987334e+00
-6.319913757321558023e-01
-1.112516959821068241e+00
4.113925313196329370e-01
-3.123131159112062516e-01
5.970373913682025524e-02
4.761771133400531930e-01
-8.942270053161749388e-01
-1.845666702234422196e+00
-1.520563897557628552e+00
-1.489102732198350321e+00
-1.087535549736010410e+00
-2.275712246744432399e-01
6.038188870187848334e-01
-2.083317251611045418e-01
-2.212595753602319970e+00
-1.671374217004952811e-01
-3.528027914426923317e-02
-1.377860053226247494e+00
-1.845179690785921700e+00
-1.821715353679226990e+00
-2.150246065715705868e+00
-1.883075047546349801e+00
-7.730855788040678078e-01
-5.674112572328189330e-01
-1.502702588024643404e+00
-1.100957974547104090e+00
3.985322748866004794e-01
6.701792176220091601e-01
4.350477450432218562e-01
1.281740239587889629e-01
3.976775334302107279e-02
-3.192047263264092827e-01
-2.987755864323586863e-01
1.004418935592812367e-01
-4.796258647916329387e-01
-1.346064929342918326e+00
-1.032529342882540835e+00
-2.672783689710274135e-01
-5.763044082629836806e-01
-4.940426574297174245e-01
-1.080744413344306043e+00
-1.415743669904292901e+00
-8.504477204652687305e-01
4.406154195457592238e-01
9.758865567972416777e-01
4.143975032763691502e-02
-6.961369317808934198e-01
-6.963275531187913536e-01
-8.357826398243641819e-01
6.796291265950293869e-01
-2.669727960746111073e-01
-1.245995220496805445e+00
-1.500318598966784212e+00
-6.658995420893738526e-01
1.614441165654323385e-02
-5.068285176951992099e-01
-1.667378262872657224e+00
-1.313251576712917590e+00
1.169405805423968658e-01
-1.175794549285830826e+00
-1.875507582215381497e+00
-1.083570084449309689e+00
-6.168400389279238283e-03
2.179489506512473085e-01
-2.943421876613769861e-01
5.946055777276466614e-01
3.523186077684625772e-01
-1.035622372823161719e-01
-1.120426994211043414e-01
1.352325687501085838e-01
-9.082146420750516480e-01
-3.709200697214205533e-01
3.945759152453613972e-01
6.516329456357077277e-01
3.375670248247060190e-01
-7.948598946580470725e-01
-9.178328993130646651e-01
-4.536186399256485480e-01
-9.091106828869401912e-01
-7.088633975400959741e-01
-7.502288665192557993e-02
1.854946985635357315e-01
6.978522611832183031e-02
1.092474634800487454e+00
1.992357278315045832e+00
9.846907362375940664e-01
3.963035884895265148e-01
4.342948599573830393e-01
-3.732689319310691367e-01
-1.684069377071484741e+00
-1.568009080813811185e+00
-1.055390381401249744e+00
6.577118720534791407e-02
1.697249272400853215e+00
2.094362709786597776e+00
1.606629997697361478e+00
1.478362468097352389e+00
-9.857553823181295360e-01
-9.240959366216061621e-01
3.421555038194550313e-01
6.553676087492931179e-01
-9.253968364271127067e-02
-1.127202056897025351e-02
1.185317163093355441e+00
1.711428498851576663e+00
1.048847561835002606e+00
2.089955376736337689e-01
-5.039807004748098063e-03
-4.282479215364776159e-01
4.123854815360221693e-01
1.246991739656265530e+00
1.417108283548630610e+00
1.228543036215201223e+00
1.239786167444230758e+00
1.740638393499853498e+00
1.693923101055821556e+00
4.494585981062293456e-01
-9.931623601013903624e-01
-1.357488935682916953e+00
-7.351361958830380239e-01
-1.808019800875193539e-04
1.036460245560770765e-01
-8.872633342491027530e-01
-1.202222628849556996e+00
-1.380448172237652926e+00
-2.131743792969208684e+00
-2.085342153652256059e+00
-1.516235514316644162e+00
-1.730285219214980907e+00
-6.694678450966675687e-01
-7.823722899540630493e-02
9.980782365767693065e-02
1.796712884426695300e+00
3.413058251886889938e+00
3.476936475802279158e+00
2.616389818879391260e+00
1.559980375717383350e+00
6.515606340579793709e-02
7.562075063273374642e-01
2.554579740305250812e+00
2.201281296307776358e+00
1.697669313328859619e+00
1.754897475940199625e+00
7.067924078620348993e-01
-7.096864704745835528e-01
-1.292387133414769851e+00
-1.718098135030827978e+00
-3.580524335449055684e-01
4.379553202314476756e-01
-9.680777980612687017e-02
2.121837939815042207e-01
1.296456599747231264e+00
1.092949365598645084e+00
2.753386262579411436e-01
6.035357818225328685e-02
7.617836496885195263e-01
7.929248532891070012e-01
-2.750239769777225174e-01
6.044495851495634842e-01
1.574853879150677649e+00
1.859862375808120749e+00
1.335662615930295116e+00
1.297504411337544461e+00
1.057320887924631858e+00
1.422064609962903070e-02
7.562836893997325616e-01
6.627615852719854761e-01
-1.500131532948063118e+00
-3.835334429689818414e-01
4.064208420413928380e-02
-1.232277917690249414e+00
-2.762799175957802333e+00
-1.965030644946822003e+00
-7.472075119666654608e-02
6.639960654564786013e-01
1.508650069653441061e+00
2.491779397201968838e+00
-1.454628400844049096e-02
1.695213592702371486e-02
1.439219243606972176e+00
0.000000000000000000e+00
0.000000000000000000e+00
0.000000000000000000e+00
0.000000000000000000e+00
0.000000000000000000e+00
0.000000000000000000e+00
0.000000000000000000e+00
0.000000000000000000e+00
0.000000000000000000e+00
0.000000000000000000e+00
0.000000000000000000e+00
0.000000000000000000e+00
0.000000000000000000e+00
0.000000000000000000e+00
0.000000000000000000e+00
0.000000000000000000e+00
0.000000000000000000e+00
0.000000000000000000e+00
0.000000000000000000e+00
0.000000000000000000e+00
0.000000000000000000e+00
0.000000000000000000e+00
0.000000000000000000e+00
0.000000000000000000e+00
0.000000000000000000e+00
0.000000000000000000e+00
0.000000000000000000e+00
0.000000000000000000e+00
0.000000000000000000e+00
0.000000000000000000e+00
0.000000000000000000e+00
0.000000000000000000e+00
0.000000000000000000e+00
0.000000000000000000e+00
0.000000000000000000e+00
0.000000000000000000e+00
0.000000000000000000e+00
0.000000000000000000e+00
0.000000000000000000e+00
0.000000000000000000e+00
0.000000000000000000e+00
0.000000000000000000e+00
0.000000000000000000e+00
0.000000000000000000e+00
0.000000000000000000e+00
0.000000000000000000e+00
0.000000000000000000e+00
0.000000000000000000e+00
0.000000000000000000e+00
0.000000000000000000e+00
0.000000000000000000e+00
0.000000000000000000e+00
0.000000000000000000e+00
0.000000000000000000e+00
0.000000000000000000e+00
0.000000000000000000e+00
0.000000000000000000e+00
0.000000000000000000e+00
0.000000000000000000e+00
0.000000000000000000e+00
0.000000000000000000e+00
0.000000000000000000e+00
0.000000000000000000e+00
