2.042358398437500000e+00
1.942757293807902075e+00
1.706690960409530611e+00
1.284865825413441076e+00
7.920471598884069042e-01
4.063896131609219253e-01
5.690289214183552602e-02
-7.210805394870556384e-02
-7.327404577853013912e-02
1.698807629531214336e-01
3.036442067771308873e-01
1.366877941255053019e-01
1.622048505176649225e-01
7.235650421321576653e-02
-1.856105230713223087e-01
-5.244710481591877693e-01
-8.185451412678070859e-01
-1.015758321419589549e+00
-1.058974752622954041e+00
-9.967505044154261196e-01
-6.940819374701211464e-01
-4.554487903759947276e-01
-3.857291449840575259e-01
-2.600453582268559827e-01
-1.393793297458625347e-01
-1.418240822397031087e-01
-2.604627680381088606e-01
-4.174521296188863362e-01
-4.881915060844503884e-01
-3.947063399247892068e-01
-1.874550046582826313e-01
-2.756554925702081604e-02
5.693181155049908959e-02
1.619258441452585129e-01
2.516461688448109468e-01
2.304947854234454807e-01
1.498370936886617710e-01
2.487305458167125560e-01
4.170790455800680308e-01
3.682658959321050141e-01
1.251689263108680672e-01
-2.520628277438891063e-02
-8.474103396470455962e-02
-6.460793070785877945e-02
-1.297012048056115086e-01
-1.609399774639811709e-01
-1.734134576641818415e-01
-2.500046960439910038e-01
-3.410043256339617690e-01
-4.530092403409607948e-01
-6.133919494049022703e-01
-6.988712815712592175e-01
-6.255688480071053270e-01
-4.568627284877248007e-01
-2.439112857978686100e-01
4.732156140019511126e-02
5.041414291374671230e-02
-2.198345496075704841e-01
-4.034521450876943360e-01
-5.202956112305492375e-01
-4.555250877071775895e-01
-1.177962642744094790e-01
3.679969592142801615e-01
1.513883675368724036e-01
-4.321996474519015918e-01
-6.671845418595294674e-01
-4.889850635844998350e-01
-1.660510727171092271e-01
6.853137599857461737e-02
4.415806360175444922e-02
-1.930577321151740189e-01
-2.396172569317738810e-01
-1.086678680869689884e-01
-1.392427846395849489e-02
1.470175622996298115e-01
3.644111037810918718e-01
5.405326839443547193e-01
2.498374549149744439e-01
-1.158619238265568008e-01
-2.085866995918104205e-01
-4.609519098107876522e-01
-7.152028154805116777e-01
-3.407386539948841775e-01
1.296787160825187413e-01
9.470419320325912382e-02
-1.784750299571524756e-01
-2.072727357975766571e-01
-9.162117642830652775e-02
-1.491502360625644452e-01
-3.464335855707181833e-01
-2.277443484961142461e-01
2.351854556908448135e-01
5.684477546282148408e-01
3.137222798363524801e-01
-1.728279282519069593e-01
-4.715088700865961990e-01
-5.254632406138779466e-01
-5.915957887680372007e-01
-7.192342612092581522e-01
-7.599038040663713689e-01
-7.390775120293573419e-01
-7.304903509116678073e-01
-6.809386890151074567e-01
-6.223742495703842303e-01
-6.207464732552562259e-01
-4.933471260708409689e-01
-3.331983487122112675e-01
-2.606112063416318181e-01
-4.330688248795354633e-01
-5.205063737654218592e-01
-1.275270465097226857e-01
4.117903693649240804e-01
8.918826387903973085e-01
1.293270732688626135e+00
1.407062424570233894e+00
1.023586205340041522e+00
2.348741322849030588e-01
-4.447768655994415177e-01
-7.986006604080915228e-01
-1.065430890180880441e+00
-1.402538814563758951e+00
-1.438233164024414590e+00
-1.157425744078310448e+00
-1.055358485605230268e+00
-1.176824618365297725e+00
-1.417346459134851244e+00
-1.469729739941674218e+00
-1.166844628771195769e+00
-7.432441771583799817e-01
-6.443356100108307283e-01
-6.689608782436136103e-01
-5.320292183001041897e-01
-1.170171373406187487e-01
4.043270700919932015e-01
7.872562387534364214e-01
8.807713284864593373e-01
9.605100876527805642e-01
1.116522148454821561e+00
1.128731522959466771e+00
9.857100287471338707e-01
8.757867276707728132e-01
9.710895407129573886e-01
9.055713614384679477e-01
4.690317850165763858e-01
9.085434068077979930e-02
-7.776726068250838786e-02
-4.550263684202511261e-01
-1.085021077131649747e+00
-1.502534025380547256e+00
-1.815627741701563158e+00
-2.128244476220580772e+00
-2.391565634572157872e+00
-2.448996219349490744e+00
-2.048546677495067581e+00
-1.375583195117109803e+00
-7.366624128654042369e-01
-4.538334557882212628e-01
-5.105125137262734869e-01
-7.625458188203648735e-01
-9.852910026668018073e-01
-1.034437145163225491e+00
-7.968762569252079153e-01
-2.822463632360758812e-01
1.721042353379590439e-01
2.702402179035927610e-01
7.671730425102263329e-02
-2.866773020526858229e-01
-5.756898088653823464e-01
-6.192029374972420896e-01
-5.273681368072018483e-01
-4.467251238985882056e-01
-4.753271504596011665e-01
-4.421787066636919672e-01
-3.124119321981697062e-01
-3.464371174120222663e-01
-5.196187329999535365e-01
-4.426679698693521403e-01
-5.143945834871677114e-02
3.378416135497747108e-01
3.112871114945666706e-01
1.534356515330170811e-01
2.974539264775540870e-01
4.333871240464700625e-01
1.910478081217150681e-01
-2.723574401647602117e-01
-4.938963071108002367e-01
-2.139753992967564633e-01
1.126035456474550056e-02
-4.029336349235128623e-01
-7.654644780846100449e-01
-5.748864346802478043e-01
-4.664776482607664310e-01
-4.631094802916407294e-01
-3.893315677979869438e-02
4.063031997609212187e-01
1.753994531172335947e-01
-6.876958327928750503e-02
-1.177108397061557010e-01
-4.273278432120697357e-02
-5.316015927857098422e-02
-1.131519984919645005e-01
-1.048200480596047091e-01
-1.208797392673698623e-01
-3.470387037992986867e-01
-6.660230501472037545e-01
-8.690425890630026906e-01
-7.190485829827297781e-01
-2.643274990609145170e-01
-1.517558477511036230e-01
-6.440646003997185787e-01
-9.527573642535318577e-01
-9.802863759493717355e-01
-7.618268695673046098e-01
-3.943278996063812603e-01
4.916441367928628403e-02
1.850997397701188985e-01
-9.055682443456947173e-03
-1.605862953993896780e-01
-2.666428433763988748e-01
-2.863663803123380758e-01
-1.731490699955342549e-01
1.628326011780367732e-02
1.243009377977035146e-01
1.138464133960681024e-01
7.211262502652437956e-02
1.072530072951643487e-01
1.319959523664614998e-01
1.022750896688835454e-01
1.459680345992780959e-02
-1.323478112050802125e-04
1.108219856494362943e-01
3.779584896100912639e-01
4.310039373317277045e-01
1.972178144201851557e-01
-3.514672742052743493e-02
-1.365655630495845596e-01
-2.491907124858937506e-01
-3.130708263434906491e-01
-1.872908471255659291e-01
-1.452902608610502355e-01
-1.700988617556177251e-01
-2.434790722444378774e-01
-3.021545505653683295e-01
-2.945156926597463087e-01
-2.709734175823896307e-01
-2.584253326658264571e-01
-2.574404758226218060e-01
-2.279756825188185010e-01
3.026898929121424331e-02
5.346997682754985881e-01
9.817120900786283633e-01
1.341162884050075998e+00
1.505799488804125730e+00
1.735315476697886217e+00
2.195039155621663518e+00
2.633673722434995756e+00
-7.436980983130289102e-01
-4.352013567116380099e-01
-2.621363588753982121e-01
-2.512301436876898664e-01
-1.182889200553281506e-01
-3.505368574549629357e-01
-8.530571083731930404e-01
-1.276170499149357429e+00
-1.712014516894983185e+00
-1.977123716192862979e+00
-1.959099666419316543e+00
-1.812868489462974519e+00
-1.790078615186557975e+00
-1.765711894715775498e+00
0.000000000000000000e+00
0.000000000000000000e+00
0.000000000000000000e+00
0.000000000000000000e+00
0.000000000000000000e+00
0.000000000000000000e+00
0.000000000000000000e+00
0.000000000000000000e+00
0.000000000000000000e+00
0.000000000000000000e+00
0.000000000000000000e+00
0.000000000000000000e+00
0.000000000000000000e+00
0.000000000000000000e+00
0.000000000000000000e+00
0.000000000000000000e+00
0.000000000000000000e+00
0.000000000000000000e+00
0.000000000000000000e+00
0.000000000000000000e+00
0.000000000000000000e+00
0.000000000000000000e+00
0.000000000000000000e+00
0.000000000000000000e+00
0.000000000000000000e+00
0.000000000000000000e+00
0.000000000000000000e+00
0.000000000000000000e+00
0.000000000000000000e+00
0.000000000000000000e+00
0.000000000000000000e+00
0.000000000000000000e+00
0.000000000000000000e+00
0.000000000000000000e+00
0.000000000000000000e+00
0.000000000000000000e+00
0.000000000000000000e+00
0.000000000000000000e+00
0.000000000000000000e+00
0.000000000000000000e+00
0.000000000000000000e+00
0.000000000000000000e+00
0.000000000000000000e+00
0.000000000000000000e+00
0.000000000000000000e+00
0.000000000000000000e+00
0.000000000000000000e+00
0.000000000000000000e+00
0.000000000000000000e+00
0.000000000000000000e+00
0.000000000000000000e+00
0.000000000000000000e+00
0.000000000000000000e+00
0.000000000000000000e+00
0.000000000000000000e+00
0.000000000000000000e+00
0.000000000000000000e+00
0.000000000000000000e+00
0.000000000000000000e+00
0.000000000000000000e+00
0.000000000000000000e+00
0.000000000000000000e+00
0.000000000000000000e+00
0.000000000000000000e+00
0.000000000000000000e+00
0.000000000000000000e+00
0.000000000000000000e+00
0.000000000000000000e+00
0.000000000000000000e+00
0.000000000000000000e+00
0.000000000000000000e+00
0.000000000000000000e+00
0.000000000000000000e+00
0.000000000000000000e+00
0.000000000000000000e+00
0.000000000000000000e+00
0.000000000000000000e+00
0.000000000000000000e+00
0.000000000000000000e+00
0.000000000000000000e+00
0.000000000000000000e+00
0.000000000000000000e+00
0.000000000000000000e+00
0.000000000000000000e+00
0.000000000000000000e+00
0.000000000000000000e+00
0.000000000000000000e+00
0.000000000000000000e+00
0.000000000000000000e+00
0.000000000000000000e+00
0.000000000000000000e+00
0.000000000000000000e+00
0.000000000000000000e+00
0.000000000000000000e+00
0.000000000000000000e+00
0.000000000000000000e+00
0.000000000000000000e+00
0.000000000000000000e+00
0.000000000000000000e+00
0.000000000000000000e+00
0.000000000000000000e+00
0.000000000000000000e+00
0.000000000000000000e+00
0.000000000000000000e+00
0.000000000000000000e+00
0.000000000000000000e+00
0.000000000000000000e+00
0.000000000000000000e+00
0.000000000000000000e+00
0.000000000000000000e+00
0.000000000000000000e+00
0.000000000000000000e+00
0.000000000000000000e+00
0.000000000000000000e+00
0.000000000000000000e+00
0.000000000000000000e+00
0.000000000000000000e+00
0.000000000000000000e+00
0.000000000000000000e+00
0.000000000000000000e+00
0.000000000000000000e+00
0.000000000000000000e+00
0.000000000000000000e+00
0.000000000000000000e+00
0.000000000000000000e+00
0.000000000000000000e+00
0.000000000000000000e+00
0.000000000000000000e+00
0.000000000000000000e+00
0.000000000000000000e+00
0.000000000000000000e+00
0.000000000000000000e+00
0.000000000000000000e+00
0.000000000000000000e+00
0.000000000000000000e+00
0.000000000000000000e+00
0.000000000000000000e+00
0.000000000000000000e+00
0.000000000000000000e+00
0.000000000000000000e+00
0.000000000000000000e+00
0.000000000000000000e+00
0.000000000000000000e+00
0.000000000000000000e+00
0.000000000000000000e+00
0.000000000000000000e+00
0.000000000000000000e+00
0.000000000000000000e+00
0.000000000000000000e+00
0.000000000000000000e+00
0.000000000000000000e+00
0.000000000000000000e+00
0.000000000000000000e+00
0.000000000000000000e+00
0.000000000000000000e+00
0.000000000000000000e+00
0.000000000000000000e+00
0.000000000000000000e+00
0.000000000000000000e+00
0.000000000000000000e+00
0.000000000000000000e+00
0.000000000000000000e+00
0.000000000000000000e+00
0.000000000000000000e+00
0.000000000000000000e+00
0.000000000000000000e+00
0.000000000000000000e+00
0.000000000000000000e+00
0.000000000000000000e+00
0.000000000000000000e+00
0.000000000000000000e+00
0.000000000000000000e+00
0.000000000000000000e+00
0.000000000000000000e+00
0.000000000000000000e+00
0.000000000000000000e+00
0.000000000000000000e+00
0.000000000000000000e+00
0.000000000000000000e+00
0.000000000000000000e+00
0.000000000000000000e+00
0.000000000000000000e+00
0.000000000000000000e+00
0.000000000000000000e+00
0.000000000000000000e+00
0.000000000000000000e+00
0.000000000000000000e+00
0.000000000000000000e+00
0.000000000000000000e+00
0.000000000000000000e+00
0.000000000000000000e+00
0.000000000000000000e+00
0.000000000000000000e+00
0.000000000000000000e+00
0.000000000000000000e+00
0.000000000000000000e+00
0.000000000000000000e+00
0.000000000000000000e+00
0.000000000000000000e+00
0.000000000000000000e+00
0.000000000000000000e+00
0.000000000000000000e+00
0.000000000000000000e+00
0.000000000000000000e+00
0.000000000000000000e+00
0.000000000000000000e+00
0.000000000000000000e+00
0.000000000000000000e+00
0.000000000000000000e+00
0.000000000000000000e+00
0.000000000000000000e+00
0.000000000000000000e+00
0.000000000000000000e+00
0.000000000000000000e+00
0.000000000000000000e+00
0.000000000000000000e+00
0.000000000000000000e+00
0.000000000000000000e+00
0.000000000000000000e+00
0.000000000000000000e+00
0.000000000000000000e+00
0.000000000000000000e+00
0.000000000000000000e+00
0.000000000000000000e+00
0.000000000000000000e+00
0.000000000000000000e+00
0.000000000000000000e+00
0.000000000000000000e+00
0.000000000000000000e+00
0.000000000000000000e+00
