-2.650482177734374112e+00
-9.946562560328832125e-01
3.005796300576168978e-01
-5.331038297555220629e-01
-3.177148890506770185e-01
6.593949784718837748e-01
1.588724681960844487e+00
-2.041823715021752861e+00
-2.522663941743567673e+00
-1.818843447903707222e+00
-3.041412050473266682e-01
5.445142445162505229e-01
-1.615590138651487706e+00
-2.984891322983898476e+00
-3.652822700723770577e+00
-2.106974819635793583e+00
8.214134409513795809e-01
1.794312742052654119e+00
-3.371176150769641389e-01
5.013353503432878000e-01
1.120625222523525810e+00
-1.351955754349454253e-01
-2.713906900585553839e+00
2.112469309212081203e+00
-1.103444613090104554e+00
-4.643348795467492351e+00
-1.175520631707104524e+00
1.504253502074757609e+00
-2.567616322881345781e+00
-1.424202721349748568e+00
-2.251945454473724961e+00
-3.833208707591831299e+00
3.452709362690290718e+00
-3.368278498085127026e+00
-2.331283914897938292e+00
-2.216236644008319878e+00
1.930731740290861698e+00
-5.141281701109203794e-01
3.270432130104341084e+00
2.332335546544143767e+00
4.500263581622812481e+00
3.036506880215393167e+00
2.063742230576309566e+00
-1.471448723321446383e+00
3.783425605999168440e+00
-4.814284425805679390e-01
-7.273700422984457070e-01
-3.221960723818985795e+00
-3.727009167186015048e-01
-1.064849163243528629e+00
-2.400371847994912322e+00
-1.747380512459659307e+00
-3.801255056431093404e+00
-1.696838243554416259e+00
-1.388463338987507623e+00
-2.394444816253345376e+00
-3.550861256920216480e+00
6.757765540160911577e-01
1.398284971140890676e-01
-2.234174828718479944e+00
-2.799588115351193895e+00
-7.248045369551170403e-01
-6.395639095751914915e-01
-1.218720157115969815e+00
1.990426564008673127e+00
1.453458666956648715e+00
-5.866795891509641869e-01
6.375747591719074236e-01
2.046432321413110156e+00
1.668725751468986829e-01
-1.701710807644497336e+00
6.736113166084365389e-01
-2.313156319417377205e+00
-3.667692384158312890e+00
-2.790603781483958379e+00
-2.963377125933864153e+00
-3.553108423361215795e+00
-4.712266923545090358e-01
5.473173171473868504e-01
3.705165179225378136e-01
-2.268343140330904006e+00
-4.445165106196529159e-01
-5.011248018442271412e-01
-9.245458952984209056e-02
-4.932009968916688525e-01
-1.663519769355859435e+00
-2.321248780339102424e-02
1.207815888937791904e+00
3.524896468020113360e-01
-1.083257543179687588e+00
-1.911749390297687867e+00
-3.564283385839846829e+00
-5.070314399908364855e+00
-1.642113040896372667e+00
2.063570703038921650e-01
-8.240247624127099435e-01
-3.385266826284041741e+00
-2.698257478139225451e+00
-4.365399471906097340e-01
1.553071951789064542e+00
1.131625427616611779e+00
-5.194740069810324101e-01
-1.605738498382013324e-01
-2.376077180869056171e-01
8.935040126488353884e-01
1.847497652109204580e+00
6.341473442002112382e-01
-1.113214485423035249e-01
-6.271335761872747216e-01
-1.366634321931179397e-01
-1.977471771528106714e+00
-3.580269365186576458e+00
-1.511397404397170074e+00
-2.639557708805543079e+00
-2.125211678048553487e+00
5.104837817627112528e-01
-3.320403086408599158e+00
-5.730415360776396128e+00
-5.730243630190576809e-01
3.335466760345577875e-01
1.176372338774280379e+00
-2.009662103661691290e-01
-1.485950954930152612e+00
-4.489400013670463707e-02
-1.603272343321808791e+00
-5.029307020983297960e-02
2.763143723525735229e+00
3.902166064579385196e+00
4.721263448922903727e+00
3.638124045562855624e+00
4.790667074118621471e+00
-6.158456090612780542e-01
3.456181003476035851e+00
1.007987388328652756e+00
-3.900358310244154580e+00
2.329137072810741671e+00
-1.550018989023271176e+00
1.326093308124565162e+00
4.480272180515298963e+00
1.178809211362854992e+00
6.479622185542504909e+00
6.005359332425477703e+00
2.676280573682891628e+00
6.464722444858278294e+00
3.407042886377116719e+00
1.898443601079904841e+00
-1.631916400526089550e+00
-2.338296973496021280e+00
2.365178266890235470e+00
-1.053822226497286518e+00
-1.844941613728725560e+00
2.967475037515287628e+00
-4.015210784819538858e+00
-3.007922770136915780e+00
-3.125693155676006363e+00
-3.227103720081974103e-01
-3.670539467893296326e+00
-4.596780808794118656e-01
1.075791400976568113e+00
3.269301051920052714e-01
-4.260367826518658418e+00
-1.088445781773419441e-01
8.469533605043004343e+00
1.100528668790372322e+01
1.945326424885391869e+00
8.623990401493517588e-01
3.206760633229919666e+00
4.765181672201206808e+00
3.022190866848480706e+00
-5.442383572933198188e-01
2.350419429971596141e+00
6.925058615684044128e+00
2.611820359909535760e+00
-2.694968160640828003e+00
-1.111894640575745274e+00
2.064362325990167335e+00
-3.338669646059635898e+00
-4.834658497178645931e+00
2.529746494258444667e-01
1.215743790417701309e+00
-2.274213717789512312e+00
-2.288443399205716045e+00
1.625376868869398805e+00
7.105128875667969801e-01
-6.498667124934764949e-01
-5.172930078288928701e-01
2.711157523548756831e+00
1.456019784102518866e+00
2.425742717567448636e+00
9.203037885954676867e-01
1.383974826164224625e+00
1.758748396383551738e+00
2.802329119856836748e-01
1.166679416548777048e-01
1.437538611876954864e+00
2.074935507797730505e+00
1.829701542664330161e+00
-2.219728919563665137e+00
-4.478989345677081957e+00
-9.793971396411677022e-01
-4.241032286382990790e+00
-5.245225185254053457e+00
-6.596791742745344855e-01
-2.221594537035772809e+00
-7.600710838537025893e-01
2.597214196979732659e+00
1.074071876511842660e+00
-1.639926291219571786e+00
2.832131040085289264e+00
4.663668577732245524e+00
3.463838634943089190e+00
5.209579936238992737e-01
3.256474329313881810e+00
6.422409699602562583e-01
-1.161654697794327618e+00
-1.171529787593675209e+00
1.259587325502182331e+00
3.598168660997518753e+00
1.027428179250771345e+00
-1.053714570966298059e+00
1.455259135434598949e+00
1.909646898974067364e+00
-4.211557805938674903e+00
2.662286224224352793e-02
3.178093268675434402e+00
-4.043716291251342465e-01
-2.082205668270597609e+00
-1.531647475611823683e-01
1.585492435459201488e-02
4.011499260717812376e-01
1.226678387002502202e+00
5.273857480519961172e-02
-8.823759676667275453e-01
1.758565666802231364e+00
-1.267806092219450509e+00
-3.512271497465087933e+00
-7.457648143223241100e-01
-3.325297185603837136e-01
-1.225583673654640382e+00
-9.575135254118398720e-01
-8.116659952761540175e-01
-9.658772276214446784e-01
7.876433631235555399e-01
-2.477953926284197195e+00
-9.976897513406579598e-01
2.362853479560813597e+00
2.060356695069577526e+00
2.175403144157773028e+00
2.251030639308617687e-01
-1.169494468268133192e+00
-2.365934388128800858e-01
1.256388729375746749e+00
1.429219611274016533e+00
-3.137413095676405916e+00
3.091506697979689022e-01
1.810719086383613785e+00
-5.175534041127002993e+00
-3.437405393222473737e+00
4.648032689865022604e+00
-1.179863097007646466e+00
-2.890445546049810854e+00
1.271339058119762333e+00
1.031699817911580386e+00
1.912948792769826323e+00
-5.000816033333894683e-01
1.604049128804743152e+00
5.005090414772517704e+00
3.239726605317353680e+00
-1.344866945507464662e+00
2.044319636391062289e+00
2.816884767009961710e+00
2.068676843807471410e+00
-1.307160290455623430e+00
-8.082812741731801864e-01
4.475608331537386242e-01
1.576425594643406480e+00
-2.885384251658144272e+00
-2.029468197794920048e+00
-1.078045223669869435e+00
1.542806354532047619e+00
-1.442360098953129999e+00
-1.839117553316916620e+00
1.116953526088895421e+00
-4.569220743739199619e-01
-1.541970150891958991e+00
-1.057572595103779545e+00
2.296829144087553232e+00
2.002518281310046167e+00
6.461987001718449974e-01
1.697654179101508287e+00
-3.875717271220258109e-01
-7.346528631358313355e-01
3.953916203670106988e-01
-9.737503840129901889e-02
6.375490994906078956e-01
-3.661735164066488579e-01
-1.040403505487275559e+00
-2.557949053830507857e+00
-4.517431095178849887e+00
-6.163999344856279095e+00
-2.798988787965853042e+00
-2.065783377152545786e+00
-3.388988114612808467e+00
-3.348337201971578025e+00
-7.777337035698081991e-01
1.175171635954281868e-01
4.718814650278924105e-01
3.625213323663167841e-03
2.714175182044574086e+00
5.243559735586496906e+00
4.225610985105809903e-01
3.977781265439799263e-01
1.086098459608660605e+01
7.932140306046388645e+00
2.560890509417094396e+00
-2.821615165621560894e+00
2.673035808614754760e+00
6.281371474230670771e+00
2.779107883215649277e+00
7.955798265889557630e-02
2.244561461427521110e+00
4.357493612161214891e+00
3.673834895647056342e+00
-5.335522227624639235e+00
5.859856205128606277e-01
9.810899643776629375e-01
-1.714243085534189692e+00
1.321770770238602122e+00
1.764574726414053218e-01
3.304286749603868589e-01
-1.725508396760169205e-01
3.423422013216480320e+00
6.443433802785975217e+00
2.158618185638702336e+00
6.317203804668876543e+00
6.162373517167514692e+00
1.163632365339306141e+00
2.759662482264400918e+00
9.314817212308668104e-01
-2.798731171426208419e+00
-2.156912264128830081e+00
-2.990582648489543693e+00
3.704275942305288005e+00
1.293970931863426266e+00
-1.233410304965119053e-01
3.519774695744963378e+00
-1.916610018298822382e+00
2.983809976074401682e+00
6.613789989547512072e+00
4.271817535519967457e+00
-7.661596739222353847e-01
6.024719713876744986e-01
2.523334643154798940e+00
-5.079769959561395432e-01
8.651076828449513201e-01
3.112593934610854873e+00
2.298066181330485236e+00
6.924640080034925038e-01
-1.910062495809756955e+00
-1.395954607444364726e+00
-2.372709613600364698e+00
-3.015453865261813249e+00
-1.414947372160011430e+00
7.618952420441331697e-01
-4.882829644758190923e-02
-3.737549621073209316e+00
-4.077663971548463273e+00
-3.488756960994201961e+00
-9.545219774932407475e-01
6.017876050530035492e-01
2.158597659226953791e+00
1.533533937574258932e+00
-8.266239704229265683e-01
-1.223077959653851021e+00
-5.285054841670624448e-01
2.228794830926119186e+00
2.482728965743945526e+00
-1.776995790486117777e-01
9.723982959349337651e-01
1.072461209439452334e+00
1.503659359606719370e+00
-2.211063137084723351e+00
-4.489205328474085377e+00
-5.264762886099231487e+00
-2.944596370380804906e+00
-1.709722998477161138e+00
-7.512601183434690633e-01
-2.366298157874489938e+00
1.677711406923787507e-02
3.139514749464029642e-01
-1.586517924834236037e+00
-1.502771030469593816e+00
-4.975706935672594700e-01
-2.853043556280159820e-01
-1.571852104701187969e+00
-2.974330376914901208e+00
-1.831220173990245836e+00
-2.742656971391415066e+00
-4.826799176473346442e+00
-4.179026785462852445e+00
-7.876347033493455996e-01
-3.305359220254239005e+00
-6.192688894806281041e+00
-2.157935422147930993e+00
-4.477272249457104891e-01
-2.846023496314726842e+00
-4.667051414882379845e+00
-2.835543174777392927e-01
-1.980146714981012135e+00
-1.281286125754676153e+00
-2.300126447478638703e+00
7.800866561194310655e-01
-5.621871349631416770e+00
1.126394928972173970e+00
-2.390438357884238307e+00
4.688927948673837776e-02
5.549364124473967763e-01
1.600884189316963191e+00
2.457473344442375307e+00
1.844627423467709804e+00
8.311656547640269288e-01
-1.518030577356831223e+00
-1.463660944569175726e+00
-3.971848979838483285e+00
-2.677982106905281157e-01
-1.068653147825461280e+00
-2.892855745181801552e+00
-2.575686896078696719e+00
-2.706170654310465107e+00
-3.788032562608562692e+00
2.953414574683014937e+00
2.163252206922486653e+00
-1.408496411829756045e+00
-1.134478191606534736e+00
2.243132224813973341e+00
2.435140453750427092e+00
2.899847025992704275e+00
1.526297595139231245e+00
-1.605944055933671066e+00
2.401390347235036860e+00
-4.710898971293544513e-01
6.506612087241228082e-01
-2.088146627217684959e+00
9.152251851457897658e-01
-1.369625805309590660e+00
6.563526996162893923e-01
2.034707666696008221e+00
-7.917134975288453447e-02
1.991424966260269880e+00
-1.502697744947143921e+00
-2.391064854949768836e+00
3.865740141968553978e+00
3.990159578686756525e+00
9.103444393805373291e-01
2.461080615908350921e-02
2.793084083193652312e+00
3.219473272899917582e+00
3.085075450539970454e+00
4.110495191087434108e+00
3.363684217108130703e+00
1.844439763708889402e+00
1.383791895436218500e+00
1.484748943847719049e+00
9.116193867589870159e-01
1.910441006944110010e+00
2.109268796168834115e+00
1.031933314563526327e+00
9.897884135019393570e-01
1.046090742337920210e+00
1.866305651420491873e+00
2.038833380456254396e+00
9.602062382867869728e-01
5.874465847641791028e-01
1.024905163233198468e+00
4.400983642192460854e-01
0.000000000000000000e+00
0.000000000000000000e+00
0.000000000000000000e+00
0.000000000000000000e+00
0.000000000000000000e+00
0.000000000000000000e+00
0.000000000000000000e+00
0.000000000000000000e+00
0.000000000000000000e+00
0.000000000000000000e+00
0.000000000000000000e+00
0.000000000000000000e+00
0.000000000000000000e+00
0.000000000000000000e+00
0.000000000000000000e+00
0.000000000000000000e+00
0.000000000000000000e+00
0.000000000000000000e+00
0.000000000000000000e+00
0.000000000000000000e+00
0.000000000000000000e+00
0.000000000000000000e+00
0.000000000000000000e+00
0.000000000000000000e+00
0.000000000000000000e+00
