4.885620117187501776e+00
2.233994353523434118e+00
3.643629358697062059e+00
2.189244687369338749e+00
4.966880542601810333e-01
-5.290527713369495011e-01
-7.960983400725236692e-01
4.607235468172397042e-01
-8.618133609032092579e-01
-1.627538127432545778e+00
-1.701305701847427798e+00
-5.394244365239608818e-01
-3.507191067127696238e-01
8.584265211410990748e-01
-1.888112970399873580e+00
-1.589049437024386613e+00
9.697949050152705475e-01
-1.123324709213029404e+00
-1.773076006006503835e+00
7.603075453036682863e-01
1.618263264791197642e-02
-2.447485031005303124e-01
-6.499584245546145000e-01
-1.945937197244338890e+00
-1.550904741757433314e+00
-4.234845711593222539e-01
-9.653975366264231361e-01
-7.956439533936692232e-01
-1.097208591834327063e+00
1.045699309578365321e+00
-8.819726654855293280e-01
-6.381465157055981052e-01
-1.057450580111357397e+00
-1.837255936571708936e+00
-2.294613115653119095e-01
-9.094129054356696606e-01
2.126054633672715966e-01
-2.300471574474191705e+00
-3.965816970954469500e+00
-8.645138140670636240e-01
-1.728371180174623767e-01
-3.753185036864870483e+00
-1.810727971422039007e+00
-2.140872093157230260e+00
-3.797933169100254247e+00
-1.519984123840753654e+00
-1.008265849475360243e+00
-2.569894585314329127e+00
-1.500539480668181769e+00
-2.410515856540831336e+00
-2.283393709521727821e+00
6.802163089686059649e-01
-5.129650636047622392e-01
-6.884425960063287331e-01
7.149043564022041775e-01
1.520197707209012483e+00
5.998300988435021353e-01
-8.627625467578585727e-01
1.546013852553587142e+00
2.353412324051528781e+00
5.100286353924203819e-01
-1.139444275796857031e-01
-3.220274750710743206e-01
-6.917057968447748451e-02
1.515039015800796474e-01
3.972554608105682838e-02
7.316054005634075041e-01
-6.887509129905202698e-01
-1.605812551603356786e+00
6.307933702941734833e-01
-9.301437866074651062e-01
-3.110818372524908781e+00
-8.220375928026399936e-01
-6.021901458350615854e-01
-1.391480517963998409e+00
-1.076085154363494834e+00
-3.273052883956355519e+00
-2.108978545378278557e+00
-1.316324077241457502e+00
-3.454263386688981363e+00
-2.830444914420201741e+00
1.197305313967258478e-01
-1.258038178500768822e+00
-1.455575474788840307e+00
3.042506544174257144e-01
8.379244048344487439e-01
-3.807014038690770263e-01
9.285254045110584720e-01
2.020545144914204450e+00
7.723971443488493183e-01
-2.529678656097784639e-01
-1.879705102987716536e-01
-1.399966326002861416e+00
-1.092968744917522050e+00
-1.133798385872328174e+00
-7.041801121668166408e-01
-2.193218822001328228e-01
3.054895256251500824e-01
1.180256527170799874e-01
1.848788843130986237e-01
3.667594901672766028e-01
-3.446556246389679279e-01
-9.740309941458801246e-01
-1.893997820997679327e-01
2.445322118489983154e-01
-4.163767532588558140e-02
5.306650161213740668e-01
6.128628255953592063e-01
-2.460386403537335731e-01
3.747071126488950021e-01
2.109680052212339341e-01
7.274569230109717566e-02
2.104439836441414080e+00
1.862425741904545795e+00
1.916730998051159762e+00
1.842905752503970929e+00
1.894367484454412054e+00
7.607674401140731568e-01
9.151831731527080294e-01
2.540743916667906888e+00
3.245268965673289152e-01
1.463892739506019947e+00
1.455355160093660283e+00
-1.040080898737793191e+00
7.512062949982172277e-01
2.841954868638461473e+00
-5.366850089355366116e-01
1.132435807750921342e+00
-5.186935929331717432e-01
-2.066396222859897325e+00
-2.250758605540839064e-01
1.961685199702656313e-01
-1.609163540770820466e+00
-4.750929937307555306e+00
-1.097787761736590362e+01
-1.230572820322691996e+01
-6.255714816985366689e+00
1.675990287592941774e+00
-6.481561850428319893e+00
-1.031945172411517042e+01
-1.253962691456219858e+01
-1.610087093617279308e+01
-8.242930230777970380e+00
4.581397127691081650e+00
-3.509516169139512698e-01
-2.474176803007066994e+00
-4.783029858027775916e+00
-2.970494903855269264e+00
2.973312290322134288e-01
1.120014895420473344e+01
8.029811872840305398e+00
3.465819938443346349e+00
-2.086371441624392808e+00
2.350269668835077930e+00
1.922581459216736288e+00
3.210584140792871910e+00
2.816034169519644692e+00
-9.493905512498352905e-01
-3.565004397732636221e+00
-4.565431667697288809e+00
-3.938878953295442908e+00
-1.394989976932957454e+00
1.083292568522670862e+00
7.417985080219620109e-01
-1.282113722420114232e+00
-2.103776601391403211e+00
-1.391548587766283873e+00
-1.219771301919737816e+00
-2.789661278279790046e+00
-2.965312457523194833e+00
-1.994968162861847194e+00
-1.013769947694941553e+00
-5.509693189180984163e-01
-1.995967883464610182e+00
-1.677670469592495994e+00
-1.077459375044504064e+00
-2.306060210791623710e+00
-2.104149707954232174e+00
-5.007731386749294522e-01
2.371295284186758501e-01
-8.755884729276255385e-01
-3.086415274505361239e+00
-2.899200974279571685e+00
4.741025269441765388e-01
1.546491350271811172e+00
1.639524886612838905e+00
2.750701827947190203e+00
2.561562360178199604e+00
8.924745620203689001e-01
-4.147990717540435135e-01
-1.313076232004946053e+00
-6.664710022417235091e-01
2.157200643984574784e-01
1.176074808754953294e+00
1.558550049684786387e+00
5.604648977402066912e-01
6.302160869133888177e-01
1.140909792690578684e+00
3.487557355203674270e-01
-4.245615983077409838e-01
-1.784209661027565730e+00
-1.440367919629786719e+00
-1.097956597336795292e+00
-1.500652358299255029e+00
-8.069380334769760132e-02
6.594472208082473585e-01
9.643202101557675210e-01
-3.309172320324311745e-01
-1.313114886571940421e+00
-2.381968819483072375e-01
-1.209914678103816144e-01
-5.263360198849790228e-01
-7.401855872307320228e-01
-1.356058919696531584e+00
-1.487493620154304752e+00
-1.104770742696375763e+00
-4.194397340504394389e-01
-8.255727103829704205e-01
-1.804521188298457757e+00
-1.093284549668009475e+00
-8.938343615747388338e-01
-3.064510859952905619e+00
-3.274404274468429854e+00
-2.418779049088868760e+00
-1.285992361167191733e+00
-1.081706192914757336e+00
-2.075885193545376595e+00
-2.232542578396025768e+00
-1.552783397988982239e+00
-2.750369769073472970e+00
-3.872426034679996576e+00
-2.937783948117189681e+00
-3.222227102377521746e+00
-3.599603252541655252e+00
-3.253601219982994230e+00
-2.063992670198941060e+00
-1.140886795625546402e+00
-1.872868858041158990e+00
-2.040203458919145341e+00
-1.318059308625655124e+00
-1.922736186339782272e+00
-3.121290511656201971e+00
-3.197063286031177842e+00
-3.034200895023517752e+00
-2.464755335149599880e+00
-1.668218563153490486e+00
-1.340538267598724076e+00
-1.357910301632105465e+00
-1.695634087951519708e+00
-1.489626585784736168e+00
-1.943137498079450909e+00
-1.746165558686961106e+00
-1.317441360683124785e-01
1.944423641402903691e-01
-9.888283292071915476e-01
-5.798995066582968150e+00
-8.740461531519670757e+00
-6.796174259527626660e+00
-5.503546949336675098e+00
-3.337432391699050704e+00
1.147200212432140765e+00
-9.938565893506179805e+00
-1.550663503693591316e+01
-1.256397848835026387e+01
-9.282805196664252634e+00
-5.026739446469665751e+00
2.048073272912822596e-01
-9.917182278114719196e+00
-1.169502350755941933e+01
-7.003495184889231062e+00
-2.813330902190799954e+00
-1.069661936317513717e+00
3.267715672569846408e-01
-1.066285884821125407e+00
1.470398998798581047e-01
4.727513173353178999e+00
4.922626352436921593e+00
1.835941546973797855e+00
4.238637360743513938e+00
-1.404906625078208071e+00
3.233301399287585198e+00
8.487167125683329871e+00
1.224196578047985362e+01
4.672980955571897077e+00
6.143432391448551577e+00
9.876086071894412122e-01
1.650303589817739169e+00
3.784863091665151558e+00
5.162711779098994036e+00
4.154470878298610614e+00
1.217927580225240280e+00
1.212487711225421760e+00
3.982021500330645836e-01
2.589356038497470092e-01
1.494653042475916127e+00
3.506221741022844451e+00
2.232375600872730459e+00
2.419751795183563425e-01
9.630767064869129035e-01
9.783036785836096705e-01
2.799655419172060178e-01
1.434178090995521959e+00
1.221218512392995725e+00
4.762996306924320855e-01
9.745677765698150807e-01
5.386800514375365001e-01
2.687095441172257182e+00
2.850594044854598330e+00
1.102118044153415521e+00
7.894652579925902636e-01
1.802403714541371826e-01
9.511370700177794735e-01
8.897927602093718136e-01
1.226195829538625048e+00
3.182948472322501221e+00
2.013578694725479679e+00
7.114206907397506718e-01
1.202281908185152126e-01
-3.791651512811071711e-01
-7.572512915107321163e-01
-3.202414837319776275e+00
-3.475270706899395101e+00
-1.065384428387280646e+00
-3.327875809059828605e+00
-5.452198544050884443e+00
-3.405979890961395640e+00
-3.685202175286384385e+00
-4.871789360580017991e+00
-1.696951378273565014e+00
-1.411025649093364365e+00
-2.281520189779925989e+00
-5.423446929379771575e-01
-1.699060015601396856e+00
-1.981763802080928727e+00
1.561268798154011872e-01
-1.464678218428331791e+00
-1.414486442311650993e+00
4.367376209630998707e-01
1.212815009064047711e-01
-4.012045246288986622e-02
7.077034143582365822e-01
7.739879961219164883e-02
6.094731643323045844e-01
2.757675718732033321e+00
3.033868027895552988e+00
7.285284984624031956e-01
1.959385701109253919e+00
2.716465785972765445e+00
2.067356097958265693e+00
3.222746405410300774e+00
1.358844400936127128e+00
-5.785642059842541762e-01
2.606557411138240354e+00
6.751201397022863482e-01
-1.803329050365878317e-01
8.109526115730478768e-01
-1.359016358161650118e+00
-1.160474773033364215e+00
1.530691319288450813e-01
-2.920479194522495270e+00
-3.180551702453596974e+00
-1.435385718517443010e+00
-3.169364322753852825e+00
-1.347696001656022657e+00
-2.519255497052287129e+00
-3.985318293172338322e+00
-1.947388049469055415e+00
-1.659340923206755303e+00
-8.806999234526857734e-01
1.047933769658352610e+00
-1.792375489326025750e+00
2.588468318716861116e-01
7.479332640762539341e-01
1.567136801267645652e-01
6.389519943040506966e-01
1.106408587964782253e-01
1.226875989992650684e+00
-1.037261038264186475e+00
-3.102862518826763338e-01
-1.407823394058940192e-01
-1.822221262584575285e+00
-1.053711193954641745e+00
-1.429159696957939429e+00
-2.302884309733129520e+00
-5.575840411386696616e-01
-1.219434635433223724e+00
-1.632964323643436799e+00
-1.047735078083564586e+00
-2.479575625530867633e+00
-1.288616971643169018e+00
-1.279315965055656257e-01
1.074991292740991256e+00
1.171203851647075744e-01
-3.740634662417644751e+00
-3.792647170836282555e+00
-2.797091113158115760e+00
-1.357329680550399598e+00
-1.909005151095502395e+00
-2.293517083153632896e+00
-2.555050048968777521e+00
-2.025522478922199276e+00
5.094396573463817468e-01
-1.374407564786495062e-01
4.976174358194743741e-01
4.061475426889493701e-01
1.137419047553526408e+00
1.031898624034213396e+00
1.841797247965704654e-01
9.402765773720087594e-01
8.293163137264282225e-01
1.320036896139024085e+00
2.385565574548069723e+00
1.968197046104680270e+00
5.877329102995689780e-01
1.304348341927812793e+00
2.802723221370102102e+00
2.556786461087164675e+00
1.283557555758771729e+00
2.161199520444289313e+00
6.935900587137954210e-01
2.373770118151958375e+00
3.708687281507996758e+00
3.536984992079717394e+00
4.542361099322654638e+00
3.264003266891668531e+00
1.689866627452453862e+00
2.979022370774409012e+00
3.380700662369802156e+00
5.564578043079801084e+00
4.860983318863555169e+00
3.582026606596225626e+00
0.000000000000000000e+00
0.000000000000000000e+00
0.000000000000000000e+00
0.000000000000000000e+00
0.000000000000000000e+00
0.000000000000000000e+00
0.000000000000000000e+00
0.000000000000000000e+00
0.000000000000000000e+00
0.000000000000000000e+00
0.000000000000000000e+00
0.000000000000000000e+00
0.000000000000000000e+00
0.000000000000000000e+00
0.000000000000000000e+00
0.000000000000000000e+00
0.000000000000000000e+00
0.000000000000000000e+00
0.000000000000000000e+00
0.000000000000000000e+00
0.000000000000000000e+00
0.000000000000000000e+00
0.000000000000000000e+00
0.000000000000000000e+00
0.000000000000000000e+00
0.000000000000000000e+00
0.000000000000000000e+00
0.000000000000000000e+00
0.000000000000000000e+00
0.000000000000000000e+00
0.000000000000000000e+00
0.000000000000000000e+00
0.000000000000000000e+00
0.000000000000000000e+00
0.000000000000000000e+00
0.000000000000000000e+00
0.000000000000000000e+00
0.000000000000000000e+00
0.000000000000000000e+00
0.000000000000000000e+00
0.000000000000000000e+00
0.000000000000000000e+00
0.000000000000000000e+00
0.000000000000000000e+00
0.000000000000000000e+00
0.000000000000000000e+00
0.000000000000000000e+00
0.000000000000000000e+00
0.000000000000000000e+00
0.000000000000000000e+00
0.000000000000000000e+00
0.000000000000000000e+00
0.000000000000000000e+00
0.000000000000000000e+00
0.000000000000000000e+00
0.000000000000000000e+00
0.000000000000000000e+00
0.000000000000000000e+00
0.000000000000000000e+00
0.000000000000000000e+00
0.000000000000000000e+00
0.000000000000000000e+00
0.000000000000000000e+00
0.000000000000000000e+00
0.000000000000000000e+00
0.000000000000000000e+00
0.000000000000000000e+00
0.000000000000000000e+00
0.000000000000000000e+00
