5.718383789062502220e-01
-4.814910408804100594e-01
-6.849899107552543942e-01
-1.314603030867336875e+00
-1.302792208341077007e+00
5.387765430420321522e-02
1.108589377622644312e+00
-1.250875790671532428e+00
-4.826476184055895624e-01
-1.654960847088657871e-01
-1.312222306624436730e+00
-1.794509339949018623e+00
-1.952486684979521936e+00
-1.968166293203362116e+00
-1.973765275090124227e+00
-1.524657851779701367e+00
-1.321236035262821407e+00
-8.287003740911957905e-01
-7.800531182624239612e-01
-1.695300855169998400e+00
-1.475771955448070383e+00
-6.576998732925329882e-01
1.908266483281995107e-02
1.490421065271867462e-01
-6.165525780739447015e-01
5.373870468567858438e-01
9.216541117983152454e-01
-3.954760039673717031e-01
2.500507274965286797e-01
7.634352707707452446e-01
1.108770410699781106e+00
2.144833733436122714e+00
2.531564416724676470e+00
1.721678514550236461e+00
3.013423471677658672e-01
-6.251254422039500547e-01
-1.056532062134903249e+00
-6.755787987764643177e-01
3.395651878992700379e-01
7.264307305474977383e-01
1.395817469144267742e+00
1.181261740933967852e+00
-7.822334811003983646e-01
-2.160072448957150115e+00
-1.014602734581491861e+00
8.415132685729913575e-01
6.880456405474248971e-01
-5.473466453991822078e-01
-1.159155477449966387e+00
-1.591632656410899571e-01
-4.992165645840573873e-02
-7.696792470818871745e-01
-1.859548428989417967e+00
-1.020397500319051964e+00
6.072519059336419778e-01
3.584600017105397107e-01
-1.479314059993284136e-01
1.566396684441673237e-01
-2.695649627963739858e-01
-6.424742127150895321e-02
-2.607026417757790648e-01
-1.878260818006030064e-01
-8.384227941564568187e-01
-2.461870205526949906e+00
-1.697572234784273437e+00
-8.101318333232656599e-01
-1.975115318657294949e+00
-3.314595137898620703e+00
-3.190100659776329284e+00
-2.214998154291438759e+00
-7.592922754844113609e-01
1.999653814993878731e+00
2.274623895739725121e+00
2.377072731507503534e+00
2.252520600095212711e+00
1.476586090995811507e+00
1.498187580348710579e+00
1.972269938540505363e+00
5.499584164526549745e-01
-8.692380089510296504e-01
-1.188116430198546958e-01
9.757372153821419758e-02
-3.476123801541453062e-02
-3.537664178099579892e-01
-5.037782188130455197e-01
-6.182389161100390051e-01
-1.084741556639912119e+00
-1.577529854641005480e-01
1.853876518838812881e-01
-7.556480204032349768e-01
-1.036856585270532705e+00
-1.435328706065928772e+00
-1.861605283557576263e+00
-1.298054190576057421e+00
7.612952137999529079e-01
2.184464482922872541e+00
4.465615484223167675e-01
-2.342105794836825794e+00
-3.073511914128482125e+00
-3.257556965778180214e+00
-2.425426993530368502e+00
-1.019404660097310122e+00
2.316063205689160576e-01
1.746955292358733924e+00
1.900840488457196775e+00
2.771694072484920390e+00
2.745315987617549247e+00
-2.586648781316163159e-01
-3.771978282389142123e+00
-5.258629952316566936e-01
2.605751176361605026e+00
2.548986860924158826e+00
8.806779549252876649e-01
-8.266513972073497030e-02
5.288036067130208462e-01
1.644471266744166549e+00
6.187170038418843276e-02
-2.400201745069646897e+00
-3.074997724553139022e-01
9.108905793425794428e-01
-5.361176037615531520e-01
-1.509329263011169653e+00
-4.839850991292202309e+00
-5.543969818290795715e+00
-3.658001083749142346e+00
-3.585157268576427469e+00
-4.653822831771329049e+00
-2.197440888261629421e+00
-7.317874396059891318e-01
-1.001181292290160840e+00
8.964846451482255674e-01
9.234767128204612874e-01
9.978850383039659100e-01
3.741390808040036653e+00
2.665098823742796164e+00
4.827994057768365543e-01
3.781756533894711225e-01
8.288735648635674469e-01
-1.254129551552017663e+00
-2.460915310931917954e+00
-2.542755357525114057e+00
-1.928220750589731969e+00
1.301615894949725849e-01
-1.180104009382230146e-01
-1.865895995829469634e-01
1.221668212236032947e+00
3.044968620951007399e+00
3.278000094259092556e+00
2.944291028975752678e+00
2.183705005700298685e+00
2.475034608832524796e-01
-1.757608984079030989e+00
1.005598123325921467e+00
2.944635550477180619e+00
1.459233114897440675e+00
2.072944592111995998e-01
6.749181331118589977e-01
5.893889608024107662e-01
7.532892853145207734e-01
1.137042103427023054e+00
1.534120167591135342e-03
-6.616566795352454289e-01
-9.148905547641617009e-01
-1.254519725373575589e+00
-1.284048942974282959e+00
-8.686424941399004673e-01
-7.171980297923734593e-01
-5.791270486603361523e-01
-5.290178747429112871e-01
-1.265426052846267080e+00
-1.342584886692594459e+00
-3.002205918916216465e-01
-4.708582131398313386e-01
-6.607378888501278524e-01
-6.484770034887787915e-01
-2.088471029716083560e-01
4.322628278306190897e-01
8.634660744326632109e-01
1.063743483926025135e+00
9.025466468790457331e-01
4.775450013222453105e-01
1.756698763960884424e-01
7.298462709800102033e-01
7.398002943024752920e-01
-5.342801955146470050e-03
-9.820106009339826247e-01
-9.431597655628443100e-01
-5.063225133376014764e-01
3.803926553363790042e-02
2.947393355715266505e-01
2.711582578834237367e-02
-6.362170720752526876e-01
-1.411887433678076009e+00
-2.172344821112734525e+00
-2.114046108768199872e+00
-5.361365107618334402e-01
7.680672664479448741e-01
1.513977489227638085e+00
3.430064181450271921e-01
4.537952924822807876e-01
1.090279029494153340e+00
9.289113343161388148e-01
1.331134123747495401e+00
1.239626068400035752e+00
-1.190649373639376174e+00
-1.871052567733894278e+00
-1.198462437150286553e+00
-1.533831763703653595e+00
-1.812698573222502496e+00
-1.714516934504504153e+00
1.679025748099992610e-01
7.440116126652391859e-01
-7.436207233820484319e-01
-5.405314312202877947e-01
1.214607544220346558e+00
-1.419033850944726893e+00
-2.600330940387877821e+00
-2.303204900357963325e+00
-1.406613099524081312e+00
6.346699777738875614e-01
1.039337871552474812e-01
-1.034534976803845874e+00
1.708374354602153478e-01
1.304330986569766759e+00
-8.525842055582999457e-01
1.534031984848986951e-01
1.956624621048294266e+00
8.054948747780596996e-01
-1.921966312009319555e+00
-1.422841554291558008e+00
-4.114014305007085426e-01
2.593141583320628385e-01
-2.522824808346042502e-01
-2.559055825589193311e+00
-3.068164022458530482e+00
-1.759691753134742243e-01
-4.044324571601820573e-01
-1.165548036540762666e+00
-1.520478697839706461e+00
-1.876428856247544852e+00
-2.632008252103523738e-01
1.034300682383636705e+00
6.718607298444685405e-01
9.475541260867863524e-01
1.128514871701397304e+00
1.413471106798763088e+00
1.014738262886825559e+00
-5.304672681364634990e-01
-1.349877601103499636e+00
-1.058096603936689473e+00
-7.289305508808898715e-01
3.509557622685890443e-01
2.899259782341154779e-01
-4.107936799790138371e-01
4.232385440538410926e-01
-3.587325321920309396e-01
-4.728006702403144246e+00
-6.528621531213490314e+00
-5.080529360030262787e+00
-1.498538079806611023e+00
1.817005789476789701e+00
2.068554390117036235e+00
-5.026721588883305003e-01
-1.093423947676011920e+00
-9.379861296556155636e-01
-1.111270693943517074e+00
-9.074032680967625275e-01
2.212857027737444415e+00
5.358875602054028242e+00
5.294551573735126304e+00
2.447357386085869280e+00
-7.460174517002284844e-01
1.291183066900326804e+00
2.497974017226559429e+00
1.591992523961759609e+00
2.741705948366388590e-01
1.198080837149868572e-01
-2.153575592673244721e-01
1.405570184343010176e-01
1.717493852353097372e+00
1.943605155475158330e+00
1.304589320814314668e+00
-1.754634697160986301e+00
-2.730071905366605378e+00
-1.413266637841064988e+00
5.970258594442954259e-01
2.165179329709880918e-01
-2.690384518999633379e+00
-4.877543525447881834e+00
-5.818386171093743897e+00
-4.807192833998891857e+00
-2.570161215701192159e+00
-2.138532898308386887e+00
-2.396287733243961604e+00
-7.255174905210377556e-01
5.527522082323610420e-01
1.070632586396882857e+00
1.740341654814069550e+00
2.481020918499072359e+00
2.228158343622059334e+00
-4.632745587656199593e-01
2.555523228849194695e-01
2.472822349365638939e+00
1.041470478249563181e+00
4.148808637861050030e-01
2.957846341372037280e+00
4.864764158666573302e+00
5.021319686424100759e+00
2.322156343054225580e+00
-1.379609047101055364e+00
5.273942638717661335e-01
1.867932296595970598e+00
9.835816959346970201e-01
-2.637246474242349592e-02
-2.547863637149521132e-01
-8.050747419461967702e-02
-7.522377962831152676e-01
-2.629825236611085248e-01
-1.411055281378077453e-01
-5.255865430565987984e-01
-8.407416695011287189e-01
-1.395385604227095122e+00
-3.985681941326887356e-01
1.250403514631184487e+00
1.312584849245559182e+00
7.924112474331446165e-02
-1.415945896565531603e+00
-1.917272861227133252e+00
-7.968699152454254975e-01
-5.777715593778942615e-01
-2.209077162005097517e-01
-1.134181022385815751e+00
-1.372855388186243086e+00
-3.159485195003650659e-01
-7.517743250872608307e-01
-2.918735869067948130e+00
-4.149060244272429365e+00
-2.449228916587190774e+00
-5.949652154055078412e-01
-9.786542525236305856e-01
-1.521025389074161627e+00
-1.524150815364075262e+00
-1.861639966955985992e+00
-1.406009628087462993e+00
-1.141909687099468496e+00
-8.576408108450510603e-01
2.149582052855611991e-01
2.075049600296101637e+00
2.289549385227387379e+00
1.891412819426850467e+00
2.722341781519673098e+00
2.826289402796611228e-03
-1.546054826190615739e+00
-3.442641438193456693e-01
8.406483951783096931e-01
1.218504823115682978e+00
2.661088605737524926e+00
2.894903696882141553e+00
3.631185391799130802e+00
3.576880770983659641e+00
2.565746133492903702e+00
2.249636727430089689e+00
2.602392356392331685e+00
2.212654563998976087e+00
1.330996108890909468e+00
5.280473281636801630e-01
2.636564918857738915e-01
4.167108644411868790e-01
4.667979682390466789e-01
5.303347988735485075e-01
7.613115615202893371e-01
7.053873707040846375e-01
3.205315839219723406e-01
1.498753591388699125e+00
2.257964317625950734e+00
2.042552377602260716e+00
1.214329031800776670e+00
5.267084862106692356e-01
5.967482124219649631e-01
0.000000000000000000e+00
0.000000000000000000e+00
0.000000000000000000e+00
0.000000000000000000e+00
0.000000000000000000e+00
0.000000000000000000e+00
0.000000000000000000e+00
0.000000000000000000e+00
0.000000000000000000e+00
0.000000000000000000e+00
0.000000000000000000e+00
0.000000000000000000e+00
0.000000000000000000e+00
0.000000000000000000e+00
0.000000000000000000e+00
0.000000000000000000e+00
0.000000000000000000e+00
0.000000000000000000e+00
0.000000000000000000e+00
0.000000000000000000e+00
0.000000000000000000e+00
0.000000000000000000e+00
0.000000000000000000e+00
0.000000000000000000e+00
0.000000000000000000e+00
0.000000000000000000e+00
0.000000000000000000e+00
0.000000000000000000e+00
0.000000000000000000e+00
0.000000000000000000e+00
0.000000000000000000e+00
0.000000000000000000e+00
0.000000000000000000e+00
0.000000000000000000e+00
0.000000000000000000e+00
0.000000000000000000e+00
0.000000000000000000e+00
0.000000000000000000e+00
0.000000000000000000e+00
0.000000000000000000e+00
0.000000000000000000e+00
0.000000000000000000e+00
0.000000000000000000e+00
0.000000000000000000e+00
0.000000000000000000e+00
0.000000000000000000e+00
0.000000000000000000e+00
0.000000000000000000e+00
0.000000000000000000e+00
0.000000000000000000e+00
0.000000000000000000e+00
0.000000000000000000e+00
0.000000000000000000e+00
0.000000000000000000e+00
0.000000000000000000e+00
0.000000000000000000e+00
0.000000000000000000e+00
0.000000000000000000e+00
0.000000000000000000e+00
0.000000000000000000e+00
0.000000000000000000e+00
0.000000000000000000e+00
0.000000000000000000e+00
0.000000000000000000e+00
0.000000000000000000e+00
0.000000000000000000e+00
0.000000000000000000e+00
0.000000000000000000e+00
0.000000000000000000e+00
0.000000000000000000e+00
0.000000000000000000e+00
0.000000000000000000e+00
0.000000000000000000e+00
0.000000000000000000e+00
0.000000000000000000e+00
0.000000000000000000e+00
0.000000000000000000e+00
0.000000000000000000e+00
0.000000000000000000e+00
0.000000000000000000e+00
0.000000000000000000e+00
0.000000000000000000e+00
0.000000000000000000e+00
0.000000000000000000e+00
0.000000000000000000e+00
0.000000000000000000e+00
0.000000000000000000e+00
0.000000000000000000e+00
0.000000000000000000e+00
0.000000000000000000e+00
0.000000000000000000e+00
0.000000000000000000e+00
0.000000000000000000e+00
0.000000000000000000e+00
0.000000000000000000e+00
0.000000000000000000e+00
0.000000000000000000e+00
0.000000000000000000e+00
0.000000000000000000e+00
0.000000000000000000e+00
0.000000000000000000e+00
0.000000000000000000e+00
0.000000000000000000e+00
0.000000000000000000e+00
0.000000000000000000e+00
0.000000000000000000e+00
0.000000000000000000e+00
0.000000000000000000e+00
0.000000000000000000e+00
0.000000000000000000e+00
0.000000000000000000e+00
0.000000000000000000e+00
0.000000000000000000e+00
0.000000000000000000e+00
0.000000000000000000e+00
0.000000000000000000e+00
0.000000000000000000e+00
0.000000000000000000e+00
0.000000000000000000e+00
0.000000000000000000e+00
0.000000000000000000e+00
