-1.773986816406245559e-01
2.037107260738808545e-01
4.013542727496790530e-01
2.062854863499699043e-01
-3.238023475488878145e-01
-6.915143105691179404e-01
-4.792944498017004396e-01
-1.139912150319550843e+00
-1.193200472847659288e+00
-2.851706373389057969e-01
4.297931071814036219e-01
1.003994282682306727e+00
1.255164019945399945e+00
8.230030964607921717e-01
1.887171214890337456e-01
7.991896593224852019e-01
8.503042678398351484e-01
6.067855063152727269e-02
2.463325680289714104e-01
1.548063674283087332e+00
1.374842148233240025e+00
-4.094557976255996934e-02
-3.616692413731843470e-01
-4.158439471097241658e-02
-5.583389277175734300e-01
-2.762428213587782011e-01
9.447072650737109445e-01
1.634365944397050407e+00
1.070766290934091591e+00
3.898587764318413029e-01
9.497912181426719780e-01
7.083736337995993892e-01
-7.897171731625406421e-01
-4.839627980742484681e-01
6.627280112625029140e-01
1.596883519478261348e+00
1.608380526200724248e+00
1.057132994236797074e+00
9.035694836888056303e-01
3.065218274104071217e-01
-4.128219184744206238e-01
5.405544992329369691e-03
-6.721344380820306608e-01
1.366986072420437237e+00
3.335217217315585625e+00
3.705272048964921794e+00
1.952754263573268201e+00
9.707864220271522626e-01
8.255896492638408191e-01
-6.217489567902090286e-01
-1.858941448750769609e+00
1.137331182159057708e+00
-7.853721015436672115e-01
-1.673977378014253503e+00
5.836016515836215390e-01
3.331243895802171728e+00
1.576127858856394504e+00
2.422558313499278526e+00
4.252379865291574745e+00
1.713891885893081835e-01
-2.108947892135066393e+00
2.177558604143976950e+00
3.263427688339448629e+00
-1.233545995219261115e+00
-5.189422607174113189e+00
-2.701971777988521506e+00
2.082555175915239865e+00
-3.130579316986831451e+00
-4.683211201406095370e+00
-1.695837438594332225e+00
-3.587162002998742771e-01
2.059512602394382164e-01
1.321697990439281156e+00
1.653930462958350667e+00
1.161196883365882115e+00
1.627686572984069269e+00
2.652626429385173790e+00
-9.163396921918209870e-02
-4.483446329183987444e+00
-1.680277780567084989e+00
6.705481844772211986e-01
1.776903452260991223e+00
1.463683626606920640e+00
-2.692433049694304970e-01
-2.052089310835979674e+00
-2.624963043561361786e+00
-1.972932298369336035e+00
-6.986143448648052257e-01
6.549255833081923939e-02
-9.283454364172549766e-02
2.103513741725040465e-01
-1.196805164032053170e+00
-2.280489593729453812e+00
-1.790672269800155370e+00
-9.804687767212970639e-01
-1.699631255349916881e+00
-1.494176571050239932e+00
-5.467512219619425906e-01
1.823099499612412799e-01
1.296728512283280565e-01
-3.475683257403985316e-01
-4.698754636947917174e-01
-2.074758300245211906e-01
-2.701466124829727811e-01
-3.695856963931880568e-01
5.066604871542856880e-01
2.905590994064809474e-01
8.799279554192889208e-01
1.980491464391204159e+00
2.351810039295599175e+00
1.154248222747943142e+00
-7.903867165660727334e-01
-6.872251052643196800e-02
-4.379885235946450184e-01
-1.260475374063363851e+00
-4.602169772588105001e-01
-2.186449203866465130e-01
-3.643124648918782960e-02
1.376586223919514573e+00
5.822388628499750585e-01
-3.919010653414154444e-01
-9.072939440133489519e-01
-3.148504740923133705e-01
6.667233935882684870e-01
9.489303167255279670e-01
1.171685361840978379e+00
3.907611456868502753e-01
-5.469479777716259594e-01
-1.333127345524188323e+00
-1.443665860833796222e+00
-7.470595933923926957e-01
-6.796867365749248435e-01
-1.148835379510028343e+00
-1.789867241976423884e+00
-1.444442685680144667e+00
-8.470264423361109074e-01
-1.537370019467975357e+00
-1.333634716065107861e+00
-6.733681351531708437e-01
-1.803036543710629935e-01
9.776258358593421516e-01
1.772945806720379824e+00
-9.655227893401940875e-02
-1.215119579898952917e+00
-1.731092311319690769e-01
6.211718519973914443e-01
6.861257849846786883e-01
6.903648716173107491e-01
4.398689676937994619e-02
-6.692215864919752732e-01
-6.723765062654118996e-01
1.320358087161271898e-01
-2.232310260859837747e-01
-7.709125069190985169e-01
-6.297640148364391788e-01
-2.173996969131426482e-01
1.329277112735050004e-01
3.654792525741455966e-01
2.522001947385987264e-01
-4.462603367067841109e-02
-2.756216701304323724e-01
-2.562064722214323353e-01
2.203153695083857888e-01
-6.138397898815033393e-01
-1.228192145459570561e+00
-1.114768226905919146e+00
-3.030720019346568872e-01
8.135826591101646965e-01
1.401922136391070772e+00
2.512703873053447889e-01
-6.174066420615131889e-01
-9.707515884735723466e-01
-7.389670976694940885e-01
-9.284116323477261679e-01
-1.177701530631636517e+00
-6.990129352304552679e-01
2.488574671811218941e-01
2.504993681399205752e-01
-7.924781691242357429e-01
-1.237923360003337692e+00
-5.210816952662574719e-01
-1.380549154168109194e-01
4.692064559373165800e-02
7.085863575347515209e-01
1.412519701822584128e+00
3.622320810673373970e-01
-4.866954416348545642e-01
-1.597039909296001925e-01
4.784231631994118050e-01
-1.931161202143001354e-01
-9.772128255432444011e-01
-1.320907140212482567e+00
-1.073264716702103883e+00
-4.521483512387110548e-01
-3.927162977383659159e-01
-5.005828290616339826e-01
-6.015421974288451823e-01
-5.284347012969579094e-01
-2.282042213138948950e-01
-2.282042213138948950e-01
-5.284347012969579094e-01
-6.015421974288451823e-01
-5.005828290616339826e-01
-3.927162977383659159e-01
-4.521483512387110548e-01
-1.073264716702103883e+00
-1.320907140212482567e+00
-9.772128255432444011e-01
-1.931161202143001354e-01
4.784231631994118050e-01
-1.597039909296001925e-01
-4.866954416348545642e-01
3.622320810673373970e-01
1.412519701822584128e+00
7.085863575347515209e-01
4.692064559373165800e-02
-1.380549154168109194e-01
-5.210816952662574719e-01
-1.237923360003337692e+00
-7.924781691242357429e-01
2.504993681399205752e-01
2.488574671811218941e-01
-6.990129352304552679e-01
-1.177701530631636517e+00
-9.284116323477261679e-01
-7.389670976694940885e-01
-9.707515884735723466e-01
-6.174066420615131889e-01
2.512703873053447889e-01
1.401922136391070772e+00
8.135826591101646965e-01
-3.030720019346568872e-01
-1.114768226905919146e+00
-1.228192145459570561e+00
-6.138397898815033393e-01
2.203153695083857888e-01
-2.562064722214323353e-01
-2.756216701304323724e-01
-4.462603367067841109e-02
2.522001947385987264e-01
3.654792525741455966e-01
1.329277112735050004e-01
-2.173996969131426482e-01
-6.297640148364391788e-01
-7.709125069190985169e-01
-2.232310260859837747e-01
1.320358087161271898e-01
-6.723765062654118996e-01
-6.692215864919752732e-01
4.398689676937994619e-02
6.903648716173107491e-01
6.861257849846786883e-01
6.211718519973914443e-01
-1.731092311319690769e-01
-1.215119579898952917e+00
-9.655227893401940875e-02
1.772945806720379824e+00
9.776258358593421516e-01
-1.803036543710629935e-01
-6.733681351531708437e-01
-1.333634716065107861e+00
-1.537370019467975357e+00
-8.470264423361109074e-01
-1.444442685680144667e+00
-1.789867241976423884e+00
-1.148835379510028343e+00
-6.796867365749248435e-01
-7.470595933923926957e-01
-1.443665860833796222e+00
-1.333127345524188323e+00
-5.469479777716259594e-01
3.907611456868502753e-01
1.171685361840978379e+00
9.489303167255279670e-01
6.667233935882684870e-01
-3.148504740923133705e-01
-9.072939440133489519e-01
-3.919010653414154444e-01
5.822388628499750585e-01
1.376586223919514573e+00
-3.643124648918782960e-02
-2.186449203866465130e-01
-4.602169772588105001e-01
-1.260475374063363851e+00
-4.379885235946450184e-01
-6.872251052643196800e-02
-7.903867165660727334e-01
1.154248222747943142e+00
2.351810039295599175e+00
1.980491464391204159e+00
8.799279554192889208e-01
2.905590994064809474e-01
5.066604871542856880e-01
-3.695856963931880568e-01
-2.701466124829727811e-01
-2.074758300245211906e-01
-4.698754636947917174e-01
-3.475683257403985316e-01
1.296728512283280565e-01
1.823099499612412799e-01
-5.467512219619425906e-01
-1.494176571050239932e+00
-1.699631255349916881e+00
-9.804687767212970639e-01
-1.790672269800155370e+00
-2.280489593729453812e+00
-1.196805164032053170e+00
2.103513741725040465e-01
-9.283454364172549766e-02
6.549255833081923939e-02
-6.986143448648052257e-01
-1.972932298369336035e+00
-2.624963043561361786e+00
-2.052089310835979674e+00
-2.692433049694304970e-01
1.463683626606920640e+00
1.776903452260991223e+00
6.705481844772211986e-01
-1.680277780567084989e+00
-4.483446329183987444e+00
-9.163396921918209870e-02
2.652626429385173790e+00
1.627686572984069269e+00
1.161196883365882115e+00
1.653930462958350667e+00
1.321697990439281156e+00
2.059512602394382164e-01
-3.587162002998742771e-01
-1.695837438594332225e+00
-4.683211201406095370e+00
-3.130579316986831451e+00
2.082555175915239865e+00
-2.701971777988521506e+00
-5.189422607174113189e+00
-1.233545995219261115e+00
3.263427688339448629e+00
2.177558604143976950e+00
-2.108947892135066393e+00
1.713891885893081835e-01
4.252379865291574745e+00
2.422558313499278526e+00
1.576127858856394504e+00
3.331243895802171728e+00
5.836016515836215390e-01
-1.673977378014253503e+00
-7.853721015436672115e-01
1.137331182159057708e+00
-1.858941448750769609e+00
-6.217489567902090286e-01
8.255896492638408191e-01
9.707864220271522626e-01
1.952754263573268201e+00
3.705272048964921794e+00
3.335217217315585625e+00
1.366986072420437237e+00
-6.721344380820306608e-01
5.405544992329369691e-03
-4.128219184744206238e-01
3.065218274104071217e-01
9.035694836888056303e-01
1.057132994236797074e+00
1.608380526200724248e+00
1.596883519478261348e+00
6.627280112625029140e-01
-4.839627980742484681e-01
-7.897171731625406421e-01
7.083736337995993892e-01
9.497912181426719780e-01
3.898587764318413029e-01
1.070766290934091591e+00
1.634365944397050407e+00
9.447072650737109445e-01
-2.762428213587782011e-01
-5.583389277175734300e-01
-4.158439471097241658e-02
-3.616692413731843470e-01
-4.094557976255996934e-02
1.374842148233240025e+00
1.548063674283087332e+00
2.463325680289714104e-01
6.067855063152727269e-02
8.503042678398351484e-01
7.991896593224852019e-01
1.887171214890337456e-01
8.230030964607921717e-01
1.255164019945399945e+00
1.003994282682306727e+00
4.297931071814036219e-01
-2.851706373389057969e-01
-1.193200472847659288e+00
-1.139912150319550843e+00
-4.792944498017004396e-01
-6.915143105691179404e-01
-3.238023475488878145e-01
2.062854863499699043e-01
4.013542727496790530e-01
2.037107260738808545e-01
0.000000000000000000e+00
0.000000000000000000e+00
0.000000000000000000e+00
0.000000000000000000e+00
0.000000000000000000e+00
0.000000000000000000e+00
0.000000000000000000e+00
0.000000000000000000e+00
0.000000000000000000e+00
0.000000000000000000e+00
0.000000000000000000e+00
0.000000000000000000e+00
0.000000000000000000e+00
0.000000000000000000e+00
0.000000000000000000e+00
0.000000000000000000e+00
0.000000000000000000e+00
0.000000000000000000e+00
0.000000000000000000e+00
0.000000000000000000e+00
0.000000000000000000e+00
0.000000000000000000e+00
0.000000000000000000e+00
0.000000000000000000e+00
0.000000000000000000e+00
0.000000000000000000e+00
0.000000000000000000e+00
0.000000000000000000e+00
0.000000000000000000e+00
0.000000000000000000e+00
0.000000000000000000e+00
0.000000000000000000e+00
0.000000000000000000e+00
0.000000000000000000e+00
0.000000000000000000e+00
0.000000000000000000e+00
0.000000000000000000e+00
0.000000000000000000e+00
0.000000000000000000e+00
0.000000000000000000e+00
0.000000000000000000e+00
0.000000000000000000e+00
0.000000000000000000e+00
0.000000000000000000e+00
0.000000000000000000e+00
0.000000000000000000e+00
0.000000000000000000e+00
0.000000000000000000e+00
0.000000000000000000e+00
0.000000000000000000e+00
0.000000000000000000e+00
0.000000000000000000e+00
0.000000000000000000e+00
0.000000000000000000e+00
0.000000000000000000e+00
0.000000000000000000e+00
0.000000000000000000e+00
0.000000000000000000e+00
0.000000000000000000e+00
0.000000000000000000e+00
0.000000000000000000e+00
0.000000000000000000e+00
0.000000000000000000e+00
0.000000000000000000e+00
0.000000000000000000e+00
0.000000000000000000e+00
0.000000000000000000e+00
0.000000000000000000e+00
0.000000000000000000e+00
0.000000000000000000e+00
0.000000000000000000e+00
0.000000000000000000e+00
0.000000000000000000e+00
0.000000000000000000e+00
0.000000000000000000e+00
0.000000000000000000e+00
0.000000000000000000e+00
0.000000000000000000e+00
0.000000000000000000e+00
0.000000000000000000e+00
0.000000000000000000e+00
0.000000000000000000e+00
0.000000000000000000e+00
0.000000000000000000e+00
0.000000000000000000e+00
0.000000000000000000e+00
0.000000000000000000e+00
0.000000000000000000e+00
0.000000000000000000e+00
0.000000000000000000e+00
0.000000000000000000e+00
0.000000000000000000e+00
0.000000000000000000e+00
0.000000000000000000e+00
0.000000000000000000e+00
0.000000000000000000e+00
0.000000000000000000e+00
0.000000000000000000e+00
0.000000000000000000e+00
0.000000000000000000e+00
0.000000000000000000e+00
0.000000000000000000e+00
0.000000000000000000e+00
