1.097106933593749556e+00
1.836822920135140036e+00
-7.176871784560145962e-02
-1.090436586950216835e+00
-1.180302881006602078e+00
-1.176469623696906774e+00
-1.138993034916401470e+00
-2.574361882549103253e-01
1.834053733765212968e+00
3.430729074628493525e+00
3.424066610402658917e+00
9.926860877851679810e-01
-1.996435609067093164e+00
-2.652660709460356259e+00
-2.249194992505267443e+00
-3.425167256756854961e+00
2.241785324961842463e-01
1.204657321756652522e-02
1.912009504608995769e-01
-2.257011639279200566e-01
-6.355749346214039974e+00
-4.547800637772622778e+00
2.031809516268583415e-01
-2.638531204653697060e+00
-3.009937760430072551e-01
3.609616829907208668e+00
4.970338216723469316e+00
1.456224026713152986e+00
-5.297641488431759083e-01
3.347702636121125952e+00
2.374799190838534635e-01
-3.050005015538404862e+00
-3.254216204213808084e+00
-1.131375601775397755e+00
-2.741241384021680716e+00
-4.557486143336253903e+00
-3.853883671245680098e+00
4.382001345502737344e-01
-4.273938269268460211e-01
-1.363186159097113936e+00
-4.157588918546730739e-01
-3.362182555020063468e-01
-3.808255801846806676e+00
-4.269296711879811745e+00
-2.438424777901996521e+00
-6.355289778770796261e-01
8.222867066474570663e-03
3.121807090260177997e-01
-3.364154822266010036e-01
-6.764333604322398941e-01
-5.478233713097653279e-01
-5.164966264108077354e-01
-3.812010923342816771e-01
2.807582177109113619e-01
1.139930162017284809e+00
1.699679737297585369e+00
1.518167712154780968e+00
9.506957662785664454e-01
4.096600157892336114e-01
9.508059455550554873e-02
-9.322388317981999961e-01
-2.312467021110401699e+00
-4.873355690410077212e-01
4.412968552939393607e-01
1.442061127114560026e-01
-6.221785134438627685e-01
-1.509991173720152347e+00
-9.753296710835490657e-02
2.140403156078986235e+00
3.239501380604197678e+00
3.542209673585863250e+00
3.168178576546599068e+00
1.324230978470620324e+00
-1.111526691880512452e+00
-4.065234742928923062e+00
-6.481489093376747945e+00
-5.722257372150610699e+00
-2.403465931165480018e+00
1.353073300217088715e+00
3.745717313163647866e-01
1.509080068607562275e+00
1.020568498901515575e+00
2.598352458844406243e-01
4.091778544252275829e-01
-5.347506071137706485e-01
-5.018246081606614339e-01
1.051676032730109789e+00
1.815933110608435319e+00
-1.670512587296930640e+00
1.460855904869899469e+00
3.223515490865005884e+00
1.213116010803823919e+00
1.756379090917056018e+00
5.038573350412439922e+00
3.817703258556536916e+00
1.947708935968432531e+00
1.073230243341325663e+00
6.183725919198488352e-01
2.207415895204114520e-01
-7.986953239622134326e-01
-2.669328191995256283e+00
-3.185749901325221511e+00
-1.010438015661891953e+00
1.682726097025089906e+00
1.124025124969634915e+00
-2.860553340966369706e+00
-5.243621412188073094e+00
-3.862542504024616630e+00
-2.593428005428664918e+00
-1.473359316420934650e+00
-2.965730657715112351e+00
-6.249524626470198463e+00
-6.410161067762587095e+00
-4.623524408785360862e+00
-2.895776417159203309e+00
-1.738941681038762122e+00
-7.722100400788907137e-01
-1.514456256731883110e-01
-2.635587125663260810e+00
-4.636008567018177651e+00
-5.011912980296481912e+00
-3.810737434959766023e+00
-1.339851262220852934e+00
4.391702117621825163e-01
1.088322157892790853e+00
8.359539194363669878e-01
4.589666652327450969e-01
3.599617999729178841e-01
3.267250558036454144e-01
2.695456859218516854e-01
3.384868173221060594e-01
4.350476320054544876e-01
-1.408600553446504589e-01
-7.889267142214284600e-01
-9.075120743470079798e-01
-4.467335090292829936e-01
4.521571214364995539e-01
4.009247846076485766e-01
-1.022874571329935867e-01
1.082794998549865939e+00
5.809613644288027512e-01
-5.477103501317115430e-02
-4.812822527051259236e-01
-7.553794641098385831e-01
-6.194899509168223517e-01
3.263449827665056424e-01
-1.242676370418306586e+00
-1.693425739656579276e+00
-2.851595343531848625e-01
-1.387959030214452216e+00
-3.298549045544868275e+00
-4.031215754063512513e+00
-3.197739428650812066e+00
-1.264073393713167182e+00
-1.361959304514248625e-02
-2.882173791343936031e-01
-4.097340515241210124e-02
-7.061343129639450211e-01
-9.418921700092944826e-01
-1.677957962013898463e+00
-2.677423474841054585e+00
-2.625920175383315236e+00
-1.748666831153377510e+00
-6.115388425643739634e-01
-1.010502759126139072e+00
-9.612559414761040477e-01
-7.308896641652050663e-01
-2.286270910100502540e+00
-2.646443551110733594e+00
-1.730029129053509696e+00
-1.096981820548566855e+00
-1.140281198601566182e+00
-9.556960960478789735e-01
-5.205799008689271368e-01
-1.082798380361891244e-01
-5.058037841181095562e-02
-5.832316046435480628e-01
-1.174786944792572507e+00
-1.464560879080272437e+00
-1.385781552789576487e+00
-6.097742139090025493e-01
3.558289596449354386e-01
9.563761591860279188e-01
1.167531095838046262e+00
1.482971937006702490e+00
1.694264851526050553e+00
1.413838878656073605e+00
6.325947576132213701e-01
7.313618020211329895e-01
1.259831697638258863e+00
1.187325790637437706e+00
5.666691251050530731e-01
-4.165082120733056281e-01
-6.858727988295061362e-01
3.430289385273732616e-02
8.732685998234250846e-01
1.699379140678542344e+00
2.325370985162011905e+00
2.541600415949500036e+00
2.701658958278923439e+00
2.735522178916627745e+00
2.302240670050411442e+00
1.464834955128452965e+00
4.656216275955141759e-01
-9.721499130187116755e-02
1.332037169776313368e-01
-3.857442716494086099e-02
-4.697508365095166560e-01
-9.872963096181608389e-01
-6.489448067936347542e-01
6.383095086871561907e-01
1.460823888260850856e+00
1.124560552119930001e+00
1.455362945477991499e-01
-8.331906046106216657e-01
-1.116639250479692036e+00
-1.221190186225896479e+00
-2.158119702797824946e+00
-2.825983297107201420e+00
-1.586057224237413577e+00
1.092341781563842540e+00
1.941397339528634358e+00
2.282386828123656564e+00
1.840874460841868121e+00
-7.694843209314135013e-01
-2.009318104890285284e+00
-1.357396242189258029e+00
-1.288077669937552905e-01
5.951610504240256727e-01
1.375580727262044833e+00
3.490923310200851670e+00
4.772449778265193565e+00
5.855046826053090570e+00
4.556040080375066914e+00
2.109087424754836348e+00
3.696651393110386152e-01
-9.064339011578588234e-01
-1.492888300519143563e+00
1.996120953119945973e+00
2.059204600173637267e+00
3.102012133934509475e+00
3.950666591257896876e+00
1.513228196235835599e+00
1.382777885766470760e-01
1.712283118164150686e-01
8.878581215563290385e-01
1.438635447668003886e+00
1.526767292195794878e+00
3.943557567382189877e-01
9.011378240635179449e-01
4.140892254638582903e-01
2.383484630636167889e-01
8.703957601581491232e-01
1.915316816738542371e+00
3.261269591342320417e+00
4.195471101970694505e+00
3.932064690423671571e+00
2.508263593642554135e+00
4.611408963771870262e-01
-1.509425178607199047e+00
-1.727421204601679250e+00
-3.757841364680454266e-01
3.447004185348392369e-01
-3.279039729903152622e-01
-2.335443007549379058e+00
-2.880244496061919346e+00
-3.436823429848862688e+00
-2.317402863727872742e+00
4.538562922213440487e-01
3.120130947848525960e+00
1.548054274337274272e+00
-1.011747059820547801e+00
-3.076874961159985489e+00
-4.957110426576131879e+00
-6.024974765398145138e+00
-4.576610121569753886e+00
-9.686935554978153284e-01
1.733434037604555389e-01
-1.366487046132760286e+00
-2.988973758824692517e+00
-5.083303440393258654e+00
-4.158469875938693328e+00
-1.633348096940103744e+00
-1.551902974672015434e+00
-2.311461818496161946e+00
-1.740401872228595881e+00
-1.980149856898063554e-01
4.878242359093629688e-01
-1.550264326675598880e-03
-1.616600351784098777e-01
6.477768927846927483e-02
-6.985365928099389610e-01
-6.685029518730771780e-01
8.849629660746760607e-02
-2.046245960842780320e+00
-1.063163944544621042e+00
1.771335196442118232e+00
2.479881605790887900e-01
1.242660469021136027e+00
5.234471296120156047e+00
3.107067884763171861e+00
-1.399851458024663042e+00
-3.995330758639006330e+00
-1.461311891781214678e+00
-3.485561572289006538e-01
-2.605351729646938619e-01
9.781620138165174616e-01
1.654887047248945198e+00
3.824452909726772099e+00
-7.523045670752863678e-01
-6.192925431551413951e+00
-6.787175979191013120e+00
-3.941788518492455040e+00
-5.550804710058088176e-03
3.061154845316464979e+00
4.081398425898798976e+00
2.559659803449616966e+00
7.067073219267230311e-01
-6.544628777734866620e-01
-2.036960388065201411e+00
-1.951913535284685697e+00
-5.067694214819241649e-01
-2.218045218548185815e-01
1.897554253364168719e-01
1.265634925184140336e-01
-2.447379370093746509e+00
-2.449818973747994288e+00
-2.558998964452982250e+00
-3.235681914746914245e+00
-3.310304860753926270e+00
-2.485597326217978686e+00
-1.490188126127422130e+00
-1.227381154850202938e+00
-1.592475192897714109e+00
-1.848845161752130650e+00
-2.002489872916116909e+00
-2.617118756822825798e+00
-3.037032823924792790e+00
-2.384716623308890338e+00
-1.110913525648274724e+00
-1.212812881751700766e+00
-1.776179749030701416e+00
-3.042096502513194523e+00
-4.487316694160376152e+00
-3.921961574084014579e+00
-1.509726034534930816e+00
-2.862407709634215092e+00
-4.506546692580111646e+00
-3.106680542635783304e+00
-9.670150204772565150e-01
-4.891023378076459593e+00
-6.157755379114106198e+00
-4.251136419719276027e+00
-2.231643335323599597e+00
-4.512725982660450441e+00
-5.341368827042161982e+00
-3.227757727697490253e+00
-1.693876598830394153e-01
-2.251939236876120187e+00
-1.770595341618791396e+00
-1.073241867271287342e+00
-2.453329257345004066e+00
-4.003181923399649733e+00
-3.557809102121634037e+00
-1.360662700547530024e+00
-6.473744840885613527e+00
-7.559569801423774216e+00
-2.728585026796028767e+00
-4.019777872895263116e+00
-4.441437915903789779e+00
-2.702349069935308545e+00
-4.418544550433424867e+00
-3.357346295012809456e+00
-4.930248997091251972e+00
-5.930855963904951622e+00
-3.853806339361824929e+00
-1.216457450088255676e+00
-2.032806604677212803e-01
-5.838661885394967888e-01
-1.682401503265772202e+00
-1.851426826351298072e+00
-1.639231211102127661e+00
-1.957111328269904860e+00
-2.372503782705828179e+00
-1.757570791238869390e+00
-8.303773588318773269e-02
0.000000000000000000e+00
0.000000000000000000e+00
0.000000000000000000e+00
0.000000000000000000e+00
0.000000000000000000e+00
0.000000000000000000e+00
0.000000000000000000e+00
0.000000000000000000e+00
0.000000000000000000e+00
0.000000000000000000e+00
0.000000000000000000e+00
0.000000000000000000e+00
0.000000000000000000e+00
0.000000000000000000e+00
0.000000000000000000e+00
0.000000000000000000e+00
0.000000000000000000e+00
0.000000000000000000e+00
0.000000000000000000e+00
0.000000000000000000e+00
0.000000000000000000e+00
0.000000000000000000e+00
0.000000000000000000e+00
0.000000000000000000e+00
0.000000000000000000e+00
0.000000000000000000e+00
0.000000000000000000e+00
0.000000000000000000e+00
0.000000000000000000e+00
0.000000000000000000e+00
0.000000000000000000e+00
0.000000000000000000e+00
0.000000000000000000e+00
0.000000000000000000e+00
0.000000000000000000e+00
0.000000000000000000e+00
0.000000000000000000e+00
0.000000000000000000e+00
0.000000000000000000e+00
0.000000000000000000e+00
0.000000000000000000e+00
0.000000000000000000e+00
0.000000000000000000e+00
0.000000000000000000e+00
0.000000000000000000e+00
0.000000000000000000e+00
0.000000000000000000e+00
0.000000000000000000e+00
0.000000000000000000e+00
0.000000000000000000e+00
0.000000000000000000e+00
0.000000000000000000e+00
0.000000000000000000e+00
0.000000000000000000e+00
0.000000000000000000e+00
0.000000000000000000e+00
0.000000000000000000e+00
0.000000000000000000e+00
0.000000000000000000e+00
0.000000000000000000e+00
0.000000000000000000e+00
0.000000000000000000e+00
0.000000000000000000e+00
0.000000000000000000e+00
0.000000000000000000e+00
0.000000000000000000e+00
0.000000000000000000e+00
0.000000000000000000e+00
0.000000000000000000e+00
0.000000000000000000e+00
0.000000000000000000e+00
0.000000000000000000e+00
0.000000000000000000e+00
0.000000000000000000e+00
0.000000000000000000e+00
0.000000000000000000e+00
0.000000000000000000e+00
0.000000000000000000e+00
0.000000000000000000e+00
0.000000000000000000e+00
0.000000000000000000e+00
0.000000000000000000e+00
0.000000000000000000e+00
0.000000000000000000e+00
0.000000000000000000e+00
0.000000000000000000e+00
0.000000000000000000e+00
0.000000000000000000e+00
0.000000000000000000e+00
0.000000000000000000e+00
0.000000000000000000e+00
0.000000000000000000e+00
0.000000000000000000e+00
0.000000000000000000e+00
0.000000000000000000e+00
0.000000000000000000e+00
0.000000000000000000e+00
0.000000000000000000e+00
0.000000000000000000e+00
0.000000000000000000e+00
0.000000000000000000e+00
0.000000000000000000e+00
0.000000000000000000e+00
0.000000000000000000e+00
0.000000000000000000e+00
0.000000000000000000e+00
0.000000000000000000e+00
0.000000000000000000e+00
0.000000000000000000e+00
0.000000000000000000e+00
0.000000000000000000e+00
0.000000000000000000e+00
0.000000000000000000e+00
0.000000000000000000e+00
