5.137023925781250000e-01
4.749729210352731101e-01
5.984203486496404434e-01
-8.397960395319192806e-01
-1.911174245787339299e+00
-2.828477470731096233e+00
-2.022428639785304849e+00
-1.446985086280234922e+00
-1.420421444249570841e+00
1.443172505670027306e-01
1.111783589021888563e+00
8.109903950848438292e-01
-2.138812935813421134e-01
3.297687671211759763e-01
4.649773975271638271e-01
1.259605362826254904e-01
5.276171132043208090e-01
2.847455662805189469e-01
4.604270828907628399e-01
1.587842796012866931e+00
2.255771405465774926e+00
1.508876730848630832e+00
-1.138642068366788607e-01
5.656738660486573256e-01
1.249301205440448648e+00
5.427395084390614910e-01
4.514037969611800483e-02
-4.371934532074264190e-01
2.543332051695514906e-01
7.812930642908402223e-01
1.764487589190496530e+00
1.290339152182080618e-01
-2.098475968875284092e+00
-5.830794166996497996e-01
-8.265664227259243990e-01
-2.232814269135624308e+00
1.697795224677121517e+00
1.776606887241540811e+00
1.480115564480911416e+00
9.246790874926752446e-01
-2.601157137915736328e+00
-1.208215720259288695e+00
-4.921105267377605674e-01
-3.077539427515941561e+00
-1.130416274792430897e+00
1.248807192378269093e+00
9.787339324342099189e-01
9.866492469959404765e-01
-8.473517164301487270e-01
-1.464685525372491082e+00
1.848468690816242210e+00
5.708144130785978376e+00
7.658903156087466968e+00
5.846770796689449767e+00
4.590758671054197548e-01
2.165619317154407142e+00
5.449528142925310625e-01
-7.119699294726353767e-01
1.474182704013256462e+00
1.902244044663243150e+00
1.336325387519624819e+00
5.027641727866557497e-01
2.825188575574552052e-01
9.767923596061800495e-02
-1.530642345208556243e+00
-1.235713947011625846e+00
9.860806927194820659e-01
1.998958745760177180e+00
2.964673754114280246e+00
2.025475245654864143e+00
4.322245746203532413e-01
2.484240308139355147e+00
2.203504981446526845e-01
2.996562239632945435e+00
6.557018822151080784e+00
1.500400981274751189e+00
-3.523767548524530113e+00
5.977807927978728841e-02
-2.459854833966749865e+00
-3.433169500871773749e+00
-8.616517741333549196e-01
-2.749085391442659621e+00
1.405515935141420591e+00
6.033579036186696776e+00
2.198261151240318956e+00
1.127684327165567879e-01
1.544820576987634198e+00
1.266870578422020888e+00
-5.788112395337221550e-01
-8.220059501218432985e-01
-6.508459836107443053e-01
-3.771495955759186280e+00
3.570633772589459909e-01
5.048448176227948281e+00
2.876203395811049557e+00
-1.252832897482000885e+00
-7.965993703167750795e-02
2.490392117036370756e-01
1.969318888944819879e+00
5.935382621325606678e-01
3.074794838318001489e+00
1.979298831215180243e+00
1.595054259653050810e+00
4.310997745865366326e+00
6.463383625860823045e+00
3.006891497566832161e+00
1.835867979693395657e+00
-4.330101194315172819e+00
-4.316328909267125091e+00
3.966218720162510536e+00
4.373777149966677769e+00
-2.865110132160156198e+00
-2.088021133324639234e+00
3.311906056324795955e-01
8.424487308467791813e-01
4.826454973557017247e-01
-3.594975309730052526e+00
-2.514377150542736139e+00
-7.167417103759136765e+00
-6.883586243237551194e+00
-7.109250431459690489e-01
-3.267971919868750685e+00
-3.385283167215758393e+00
-1.432482052497253688e+00
-1.246512339067513686e+00
1.571794486722720041e+00
-2.302683751608414653e+00
5.987830057246323889e-01
1.041652080460150120e+00
4.507712472317649821e-01
4.379984028183812050e-01
-4.486251742099505169e-01
2.891878597026664721e-02
5.433443787564247174e-01
3.302421134089196464e+00
2.859033356852533458e+00
4.004081343091514533e-01
-2.391974370595686405e+00
-3.040218976896242431e+00
4.416814815918779225e-02
1.068361881496711074e-01
-1.504672373440271826e+00
-5.456819280686033835e-01
3.933921279542126337e-01
-5.633278818876217287e-01
-2.011021845649594297e-01
1.276006242350179898e+00
1.218607564816766020e+00
5.614974451702448022e-02
-3.364852656461536640e-01
-5.352044109410036832e-02
3.319122941026519946e-02
1.720426156822896235e+00
-2.336986035927774985e-01
-2.019097959280681032e+00
-3.404599272611323446e+00
-1.614413006382088955e+00
-1.268169143393427234e-02
6.257710787652226436e-01
-8.092881735754930972e-02
-6.117551253707320669e-02
3.190875259255367968e-01
1.996177403965211372e-01
4.793755110219615201e-01
2.467902078262818044e-01
1.156595646807500710e+00
2.547368379115341863e+00
3.586713523893292344e+00
1.599296637505489116e+00
-9.143099335432758323e-01
9.145910714510172568e-01
5.344496862469499732e+00
7.153138714466042991e+00
5.753722486289946758e+00
2.898757239761025062e-01
-6.488283536964198905e-01
-1.095891248109777116e-01
-1.353793990364223987e+00
-6.372041303078832541e-01
6.213102017307903235e-01
7.053437492836758249e-01
2.739347912994762879e-01
7.308771165688803251e-01
2.373488536681493066e+00
1.423050927963211976e+00
-1.480142797436537538e+00
-2.207002429504370422e+00
-9.553057977907863929e-01
-1.280148050905838275e+00
-1.118958573748877416e+00
8.685041432630369318e-01
2.047114961730309268e+00
1.005154727407762127e-01
-1.582010085901919272e+00
-1.151015020277616374e+00
1.136910099280241671e-01
1.339652521543170494e+00
6.572415831387692364e-01
-2.307757004855601757e-01
1.607130480471233858e+00
2.283659153556389043e+00
-5.738081274810769017e-02
3.000445244289622337e-01
1.140004762570539398e+00
-1.561437148519732254e+00
-2.521743496700449949e+00
-3.005703855401509195e-01
2.171948498373735159e+00
1.838605816826512473e+00
1.674852515736859671e+00
1.857386513625951530e+00
2.525046283368825861e+00
4.404803692631509282e-01
1.994181927174118796e+00
6.468956943832966822e+00
7.714521458440954937e+00
3.127444732252320669e+00
-1.236555959998907994e+00
-1.033850473743587628e+00
2.382175270040759685e+00
2.923391366334114227e+00
1.022781738668115281e+00
1.164271220655869632e+00
6.568117191406945832e-01
-9.115516906818492693e-01
-7.084702284618920043e-01
4.238340226965349178e-01
1.172614413625791441e+00
1.760668194353838034e+00
8.853601081882822577e-01
1.041783607927680544e+00
1.605321551703220884e+00
-8.797704231202191361e-01
-9.635613074190820804e-01
-2.348310042847854717e+00
-3.121595132663999017e+00
-2.445832540777343134e+00
-1.766055838886188001e+00
-7.849426629435820590e-01
3.656474992177967120e-01
-2.639997705945549278e-01
3.353003843009028095e-01
4.369486500632742132e-01
-8.839816812431759985e-01
-2.081111163344733228e+00
-3.019253614828792731e+00
-2.877845920833435045e+00
-1.019756777360213418e+00
-1.151051065935276174e+00
-3.889987168279411822e-01
6.060158076020496498e-01
6.853389326308051421e-01
1.383170421180902387e+00
8.152340344995856469e-02
-8.652965989042717965e-01
1.350590371126296763e+00
7.966921120625697350e-01
-6.652806438143246126e-01
-1.450355981361630464e+00
2.363421656226119438e+00
3.809230911078685278e+00
-1.883298013195360276e-01
1.123307599638162291e+00
1.953114283599366452e-01
-1.116010252668699687e+00
-1.242339976571239735e+00
-1.721317905672332227e+00
-1.968221410685588424e+00
-2.637622999827744508e+00
-1.983228505464946778e+00
1.491459333874566084e+00
1.931202791424402765e+00
2.745154599024200781e+00
2.667921152576564481e+00
2.199627901687695619e+00
1.793946622685640202e+00
3.130586741025189745e+00
5.920360220296106313e+00
7.389216775005754911e+00
4.396117873142460830e+00
4.801900648063899268e-01
9.134826716637201027e-01
3.451119414161481380e+00
5.198183790824194794e+00
1.102537099486080585e+00
-1.365086849532664015e+00
3.160857161871494014e+00
2.810731408891283145e+00
1.021066863660782031e+00
3.001434903389005981e+00
2.737045981094521352e-02
1.650113696224033477e+00
1.814339960151509334e+00
3.830897653407727699e+00
5.613387321794402141e+00
6.571616384159693069e-01
-2.411665788304001801e+00
2.043323120838484552e+00
-1.927252153350431207e+00
-1.181542717705889700e+00
-2.504345362183793000e-01
-1.209166203420599217e+00
-3.859890168027964030e-01
-3.142004135399490750e+00
-8.561633512105801813e-01
7.936832925779739867e-01
-5.918657660917590491e+00
-1.527728976796697946e+00
-6.174527410773005265e-01
2.327373742062417428e-01
-1.460471059351245771e+00
-6.116449231219353244e+00
1.770456611714630313e+00
2.700750474254584255e+00
-5.090408094040195230e+00
-5.251229904416353733e+00
2.641748989979753937e+00
8.852061462793701097e-01
3.968392572692885700e+00
4.366646197986340461e+00
3.202722478493729596e+00
1.019929262027832628e+00
1.086918819387632240e-01
-1.181045275432287767e+00
-1.411776851810783162e+00
-8.728861616811007806e-01
-2.249291382222524227e+00
-2.347092165675216613e+00
2.257150401274010232e+00
1.359921278132043554e+00
-2.740938100639986885e+00
-2.159376238419983718e+00
-1.482365151564368766e+00
-3.049522244444055730e+00
4.696555605757934515e+00
6.071335152288094505e+00
4.381546486583670408e+00
1.120655777392616237e+00
-9.116143060039223478e-01
2.429482334145350642e+00
1.027419270693183506e+00
3.085053273738322943e-01
3.575094326047079107e-01
-4.105072214879397663e+00
-4.709978575330298511e+00
-1.395673609619371147e+00
-2.670248702406513797e+00
-2.954502503380469491e+00
7.126587073743546608e-01
2.921176731644612445e+00
3.309326226088189493e+00
1.669861264080377161e+00
-1.158816596926776521e+00
-4.943255730328199871e-01
-1.153351233969836187e+00
-1.276719445404605580e+00
1.914045020972605649e-01
-1.379292535896756711e-01
-5.494141307193023405e-01
6.763303151026378579e-02
-3.384114171455216979e-01
-3.552443166346495595e-01
7.732511766883376492e-01
1.398946561611902339e-02
-8.023710594140849306e-01
-6.829721931386627531e-01
5.482437659216783388e-01
1.705610354951888175e+00
2.059092547005863860e+00
8.605527440257496608e-01
1.039431749611447797e+00
1.795402920568567540e+00
6.279196212566706681e-01
-1.633739398555718036e+00
-3.500907061827806643e+00
-2.373425961028041264e+00
-6.584665925331814051e-01
1.196085692422878655e+00
-3.688731451913871418e-01
-3.335840498163468837e+00
-2.815302530466678999e-01
-1.345198996815707204e+00
-2.909554347247053308e+00
1.038342066566760868e-01
-2.407579925867314508e+00
-9.690678555923823989e-01
1.836199357158125434e+00
-3.087393071107475517e+00
-2.486847861999813780e+00
-1.689489513825985112e+00
-3.139078120013397477e+00
-2.474986068161474151e+00
-8.131502869332731809e-01
-9.176776450061381318e-01
-1.052695925225375806e+00
-8.960921532992859317e-01
-3.635697802506440146e-01
-3.334105143369466839e-01
-3.973728832286222423e-01
-1.291510714831115791e+00
-2.044978128447287880e+00
-1.293765729137360321e+00
-8.509343021701699650e-01
-9.166305716850774443e-01
-1.430039243238526936e+00
-2.430004769959834832e+00
-2.625924647110061017e+00
-2.372254732122243137e+00
-1.581807451727059277e+00
-3.274612507699138364e-01
-1.486919874398017649e+00
-1.953023838079362751e+00
-2.373122627477774138e+00
-2.764337800326106098e+00
-2.199440811550839925e+00
-3.150617116361882353e+00
-4.232330729637274302e+00
-4.001198093329143113e+00
-2.966154411004687130e+00
-1.304109615512312192e+00
-1.195020961590444575e+00
-2.552656030435970891e+00
0.000000000000000000e+00
0.000000000000000000e+00
0.000000000000000000e+00
0.000000000000000000e+00
0.000000000000000000e+00
0.000000000000000000e+00
0.000000000000000000e+00
0.000000000000000000e+00
0.000000000000000000e+00
0.000000000000000000e+00
0.000000000000000000e+00
0.000000000000000000e+00
0.000000000000000000e+00
0.000000000000000000e+00
0.000000000000000000e+00
0.000000000000000000e+00
0.000000000000000000e+00
0.000000000000000000e+00
0.000000000000000000e+00
0.000000000000000000e+00
0.000000000000000000e+00
0.000000000000000000e+00
0.000000000000000000e+00
0.000000000000000000e+00
0.000000000000000000e+00
0.000000000000000000e+00
0.000000000000000000e+00
0.000000000000000000e+00
0.000000000000000000e+00
0.000000000000000000e+00
0.000000000000000000e+00
0.000000000000000000e+00
0.000000000000000000e+00
0.000000000000000000e+00
0.000000000000000000e+00
0.000000000000000000e+00
0.000000000000000000e+00
0.000000000000000000e+00
0.000000000000000000e+00
0.000000000000000000e+00
0.000000000000000000e+00
0.000000000000000000e+00
0.000000000000000000e+00
0.000000000000000000e+00
0.000000000000000000e+00
0.000000000000000000e+00
0.000000000000000000e+00
0.000000000000000000e+00
0.000000000000000000e+00
0.000000000000000000e+00
0.000000000000000000e+00
0.000000000000000000e+00
0.000000000000000000e+00
0.000000000000000000e+00
0.000000000000000000e+00
0.000000000000000000e+00
0.000000000000000000e+00
0.000000000000000000e+00
0.000000000000000000e+00
0.000000000000000000e+00
0.000000000000000000e+00
0.000000000000000000e+00
0.000000000000000000e+00
0.000000000000000000e+00
0.000000000000000000e+00
0.000000000000000000e+00
0.000000000000000000e+00
0.000000000000000000e+00
0.000000000000000000e+00
0.000000000000000000e+00
0.000000000000000000e+00
0.000000000000000000e+00
0.000000000000000000e+00
0.000000000000000000e+00
0.000000000000000000e+00
0.000000000000000000e+00
0.000000000000000000e+00
0.000000000000000000e+00
