2.714294433593750000e+00
2.391560463661798863e+00
3.473975402006388435e+00
1.198738322850321891e+00
-2.410300195272232937e+00
1.843097002987777566e+00
2.056076409633087465e-01
-2.712582513013668262e+00
-2.525846680057999283e+00
2.233919605007212983e-01
-1.598137331348332690e-01
-7.334373276060606184e-01
2.412444781946182282e+00
1.421587453062510331e+00
-1.312763520779114401e-02
-7.696159788228431609e-01
9.086873146644958155e-02
1.899999556629593078e+00
2.938975934833569781e-01
-8.565263665634725854e-01
-1.314807487413303777e+00
-5.799041162600873101e-01
9.852902998826156278e-01
2.107046767050314351e+00
5.040325205777884676e-01
-3.322006927936747012e-01
1.923262262881964890e+00
2.747417043734226461e+00
1.528923787385067179e+00
-3.771724659739339458e-02
-2.782200704507014066e-01
5.835957481814491032e-01
-4.152787929101808828e-02
4.476040209142175819e-01
1.742641965379738700e+00
-9.697431758187091688e-01
-3.795294058128380499e+00
-2.808718963236229715e+00
3.800365981775164492e-01
-1.255819612246812600e+00
-3.451829126845272100e+00
-2.504619309953209250e+00
3.284812410427506713e-02
-1.974310166150821777e+00
-2.655489378216161267e+00
-3.170626417165386179e+00
-3.063926973817586497e+00
-6.249036319927082639e-01
-6.516980130637104462e-01
-7.067886658812754241e-01
-3.666210421657127849e-01
-1.202761062971020589e+00
1.537436972226380316e+00
1.498182650499803703e+00
-4.493095637804925602e+00
-2.730280317283477753e+00
2.036987325956542083e+00
2.132749373870273413e+00
6.452358333113725752e-01
-2.110936349601885365e+00
-3.869492541263614527e+00
-9.057096767962882211e-01
1.891140241341578765e+00
-2.941707743817705278e-01
-4.041637290098416990e+00
-1.766489482467764827e+00
7.681130067784658344e-01
-1.055743795344656455e+00
9.385503277364775077e-01
3.412722910013448185e+00
1.173042749582089872e+00
2.706765090232605253e+00
6.714947500397335567e+00
4.840861301894027413e+00
3.091959823978740474e-01
8.008169895187609022e-01
1.923875604424950092e+00
-1.587946314288147587e+00
-1.250030503189787368e-01
1.007060536244007487e+00
-1.096928076892520920e+00
1.791301088142933651e-01
2.997605826957490116e-01
-5.900316365729940671e-01
-2.429999135801252930e-01
1.174627667180867530e-01
4.739254092625100334e-01
7.395916927065337987e-01
-1.460710017885333833e-01
-1.851585490571746373e+00
-1.981074162973758934e+00
-3.557148011582004221e-01
-1.677351998029392943e+00
-1.772907141697534383e+00
8.468313847249417936e-01
1.230355542412465475e+00
1.172935771479429512e+00
2.512886301976692494e+00
3.416146771018875761e+00
1.491037984522460835e+00
-2.449154019052882880e+00
-7.736913171582120441e-01
1.908423859576000581e-01
-1.224238783160612520e+00
-1.960438782549613013e+00
-3.553781611511848126e-01
8.510652239733531577e-01
-9.182600304746100228e-01
-1.741853416920591702e+00
-6.177951094939087007e-01
-1.641128267111353622e-01
-3.114527147881593905e-01
2.240133708741411489e+00
3.276647700541982289e+00
2.467119679207425254e+00
3.080386669637036778e+00
3.074016592164980466e+00
-3.522269030210465335e-01
1.497850581192521791e+00
1.906181761322001122e-02
-1.492418789864612627e+00
1.258754004539287985e+00
2.131993971589762005e+00
-1.303534873358751511e+00
-3.258391364210506236e+00
-9.444172669301409417e-01
5.972321180756883230e-01
9.035879062929949024e-01
5.928590989892512653e-02
-2.288723344824425077e+00
-1.823672866355335431e+00
-1.543044214359423627e-01
4.988152940948391567e-01
-8.175442187907577818e-02
2.130689927856606047e-01
5.306414835473047820e-01
3.209952881310238482e-01
-3.343583581631782153e-01
-9.438357366554042116e-01
-4.395350699499256386e-02
1.608943925622022597e+00
-8.308691952462101682e-01
-1.636461300745178704e+00
4.096965003741491751e-01
-2.082227176494552356e+00
-5.170125365619457902e+00
-4.294430155381791181e+00
-1.632099047967309646e+00
-1.108349210859365108e+00
-1.502572993159605907e+00
-1.707437950215062727e+00
-1.931730321357235880e+00
-1.788127091251430656e+00
-6.702623713220008383e-01
1.269283161603054211e-01
4.958690340581313194e-01
-1.052301757200473808e+00
-2.544428102252699109e+00
1.090679575206526142e+00
2.205696510803802468e+00
-3.945960087230826474e-02
-2.603250761303901317e-01
2.590044466179106664e-01
3.056591651811069177e-01
3.808186042807640836e-01
-1.834297767064390072e+00
-2.963760343225895433e+00
-1.866884162456983631e+00
-1.467136053682378538e-01
1.231800225591903608e+00
-1.492838769554318823e-01
-2.223005434283201520e+00
-2.605128269306127287e+00
-2.016356233850233437e+00
3.273056178781785786e-01
-5.044253666488915933e-01
-2.488017031531271961e+00
-2.582629515524016206e+00
-1.831447580971850009e-01
1.931580907601627928e+00
7.247483973834016879e-01
1.885403959005529817e+00
4.281841207037286878e+00
4.314706526017157984e+00
3.211448349174673034e+00
1.849773549254585703e+00
1.754319846890370904e-01
-2.074986496138806480e+00
-1.866591500456694419e+00
2.719590142629031426e-01
5.277304183037023755e-01
1.309918082342701240e+00
3.233302204109405498e+00
3.491885038259261442e+00
1.630483897869853926e+00
4.269355927971814069e-01
7.404850454698896911e-02
-2.666193890251937759e+00
-4.587181610551451350e+00
-2.079787139855198141e+00
1.414683068245391695e+00
-1.415011984911397347e+00
-2.544431489449795691e+00
1.362480115252728385e+00
4.353192613800562771e-01
5.708344988276192744e-02
2.093725908367368493e+00
1.796523916534786824e+00
2.800740492711784047e-01
-4.812198401513232415e-01
-4.323510153537738487e-01
-2.695936785507238032e-01
-1.816938619455856774e-01
-5.557142917546751271e-01
-8.003560619894070083e-01
7.807033824483844420e-01
2.461380805758316637e+00
1.435737591168620986e+00
-1.139430756354729013e+00
-8.482819996718080624e-01
6.305850212734704918e-01
2.537870278109005007e+00
5.072506583018145943e-01
-2.188660504646651628e+00
-8.576105952179173819e-01
3.998622832317674236e-01
-1.024125298460513367e+00
2.332962918645773431e-01
-1.714980481898992659e+00
-3.049854931259196711e+00
-1.556845639442390627e+00
-5.205398991703874545e-01
-1.132430129688747789e+00
1.425744902790573310e-01
-4.963376198415319074e-01
-2.166288036735137812e+00
-1.618586558866248026e+00
-3.271495121500795911e-01
-2.191894550930791219e+00
-2.429916785067298690e+00
-2.467671082578259067e+00
-3.473706108613611843e+00
-4.048900239775267806e+00
-1.836773678195318116e+00
6.162980624125493634e-01
2.021531611430709141e-01
-1.535251449053171457e+00
-1.261397291455397696e+00
2.274005229604392220e-02
7.434605656853103817e-01
-2.085165026277875810e+00
-2.330081563361527053e+00
1.522610842927792030e+00
6.330668378208761382e-01
-9.749236187726317837e-02
-5.781139461662911927e-01
7.018786449069525091e-02
1.612696462721436852e-01
-1.235188642234597012e-04
2.015994864968904121e+00
2.496370212958879176e+00
2.379397146652652228e+00
1.971264108165768025e+00
1.703463393726518671e+00
1.310907740845038472e+00
-1.408948917517862442e+00
-1.675135140393473332e-01
1.420897298029439204e+00
-1.470253464422983658e+00
-1.895280476409380022e+00
3.065649074974496902e-01
1.074459801975240492e-01
-2.923128271892379004e-01
1.464404067158393108e+00
2.611898306682281401e+00
-3.333363086866441005e-01
-5.636264996831381602e-01
9.006073178261950751e-01
4.227452372417475068e-01
-2.476647794625563392e+00
-2.790922239732671173e+00
-1.692526347676417409e+00
-2.868266217315153632e+00
-5.561441046159940171e+00
-4.890899543089855861e+00
-1.107794761621493151e+00
-3.215627037520722986e-01
-1.646701535468815258e-01
-2.345353465636050849e+00
-3.155544112587083116e+00
-7.675113098824226654e-01
-1.274579867022955115e+00
-1.256382979310468162e+00
2.485964680519014536e+00
1.875205634643475339e+00
-6.979415240684500032e-01
2.240823519889307835e-01
-1.245625938275301436e+00
-3.680542056517658978e+00
-5.752815369988173444e-01
2.068475020371735251e+00
4.066113906653608723e+00
3.865357552653835960e+00
4.061321764156935465e+00
2.994610741930169961e+00
2.271890705635311036e+00
-8.256072762785411356e-01
-4.543357832903343052e+00
-2.696903393406967719e+00
1.774217414409184457e+00
-1.021866055525690875e-01
1.534260239781737312e-01
3.088723135441741263e+00
1.858861041743133047e+00
3.114612642432290635e-01
5.370617881409183170e-01
1.362062787748359982e+00
5.838417121574255297e-01
1.456657743547874251e+00
2.433141572678785725e+00
7.389752422813922195e-02
-2.396123626551524666e+00
1.935884029254926197e-01
1.554445471683583158e+00
1.901803033215192507e-01
-1.029476981557480686e+00
-2.085772530851663920e-01
-2.580951552065812393e+00
-4.590271830116814833e+00
-4.850790174304813185e+00
-2.602812524676677786e+00
2.766817078315039202e-01
-1.571376387578941047e+00
-1.205045016412050751e+00
-1.651086212588542379e+00
-4.458014342629533999e+00
-3.978067718632709138e+00
-4.391544840421772733e-01
2.222976492925340608e+00
6.566316658909050474e-01
2.669697837588158151e+00
3.190646082135065953e+00
9.669939307390649219e-01
1.968440157294334192e+00
2.833909209765978154e+00
3.494960057544597820e+00
3.433142953367337213e+00
3.825282429873813506e+00
4.591499431272018761e+00
3.959756776866830474e+00
2.007474278019880654e+00
2.501002292363231572e+00
4.398900199295560753e+00
4.650409569360276052e+00
3.294369837500155995e+00
1.623789680026527682e+00
1.853135040705392811e+00
2.587179997334521087e+00
2.940979504359176655e+00
3.611173957456117911e+00
4.758780370275522920e+00
5.522190271186726562e+00
4.884011704811419996e+00
3.094491929557630527e+00
1.534460882512527879e+00
1.438833949432756665e+00
2.098743969098661122e+00
2.653146287698590289e+00
3.064533433897674186e+00
3.395234609381981183e+00
2.719775297159009675e+00
4.016869232631603559e-01
2.881708619385416004e+00
4.584635688992864999e+00
4.197952720374358293e+00
0.000000000000000000e+00
0.000000000000000000e+00
0.000000000000000000e+00
0.000000000000000000e+00
0.000000000000000000e+00
0.000000000000000000e+00
0.000000000000000000e+00
0.000000000000000000e+00
0.000000000000000000e+00
0.000000000000000000e+00
0.000000000000000000e+00
0.000000000000000000e+00
0.000000000000000000e+00
0.000000000000000000e+00
0.000000000000000000e+00
0.000000000000000000e+00
0.000000000000000000e+00
0.000000000000000000e+00
0.000000000000000000e+00
0.000000000000000000e+00
0.000000000000000000e+00
0.000000000000000000e+00
0.000000000000000000e+00
0.000000000000000000e+00
0.000000000000000000e+00
0.000000000000000000e+00
0.000000000000000000e+00
0.000000000000000000e+00
0.000000000000000000e+00
0.000000000000000000e+00
0.000000000000000000e+00
0.000000000000000000e+00
0.000000000000000000e+00
0.000000000000000000e+00
0.000000000000000000e+00
0.000000000000000000e+00
0.000000000000000000e+00
0.000000000000000000e+00
0.000000000000000000e+00
0.000000000000000000e+00
0.000000000000000000e+00
0.000000000000000000e+00
0.000000000000000000e+00
0.000000000000000000e+00
0.000000000000000000e+00
0.000000000000000000e+00
0.000000000000000000e+00
0.000000000000000000e+00
0.000000000000000000e+00
0.000000000000000000e+00
0.000000000000000000e+00
0.000000000000000000e+00
0.000000000000000000e+00
0.000000000000000000e+00
0.000000000000000000e+00
0.000000000000000000e+00
0.000000000000000000e+00
0.000000000000000000e+00
0.000000000000000000e+00
0.000000000000000000e+00
0.000000000000000000e+00
0.000000000000000000e+00
0.000000000000000000e+00
0.000000000000000000e+00
0.000000000000000000e+00
0.000000000000000000e+00
0.000000000000000000e+00
0.000000000000000000e+00
0.000000000000000000e+00
0.000000000000000000e+00
0.000000000000000000e+00
0.000000000000000000e+00
0.000000000000000000e+00
0.000000000000000000e+00
0.000000000000000000e+00
0.000000000000000000e+00
0.000000000000000000e+00
0.000000000000000000e+00
0.000000000000000000e+00
0.000000000000000000e+00
0.000000000000000000e+00
0.000000000000000000e+00
0.000000000000000000e+00
0.000000000000000000e+00
0.000000000000000000e+00
0.000000000000000000e+00
0.000000000000000000e+00
0.000000000000000000e+00
0.000000000000000000e+00
0.000000000000000000e+00
0.000000000000000000e+00
0.000000000000000000e+00
0.000000000000000000e+00
0.000000000000000000e+00
0.000000000000000000e+00
0.000000000000000000e+00
0.000000000000000000e+00
0.000000000000000000e+00
0.000000000000000000e+00
0.000000000000000000e+00
0.000000000000000000e+00
0.000000000000000000e+00
0.000000000000000000e+00
0.000000000000000000e+00
0.000000000000000000e+00
0.000000000000000000e+00
0.000000000000000000e+00
0.000000000000000000e+00
0.000000000000000000e+00
0.000000000000000000e+00
0.000000000000000000e+00
0.000000000000000000e+00
0.000000000000000000e+00
0.000000000000000000e+00
0.000000000000000000e+00
0.000000000000000000e+00
0.000000000000000000e+00
0.000000000000000000e+00
0.000000000000000000e+00
0.000000000000000000e+00
0.000000000000000000e+00
0.000000000000000000e+00
0.000000000000000000e+00
0.000000000000000000e+00
0.000000000000000000e+00
