-1.017730712890625222e+00
-9.241233365101959585e-01
-5.408050603649805499e-01
2.490184751201647284e-01
-1.119358778837725499e+00
-2.213064681969385994e+00
-2.023230742527056147e+00
-1.212430958594914898e+00
-1.634476449425497968e+00
-4.024680801072509695e+00
-7.159903192055533161e+00
-5.451001697964484194e+00
3.891044860797472360e-01
1.513640307381116656e+00
4.507884674770314959e-01
-2.584880655232435487e-01
-1.602416966524978559e+00
-2.671561217115102416e+00
-2.282231150008312781e+00
-1.479529863522183852e+00
-1.002862004745394664e+00
6.303527584340393730e-01
2.560283851532771493e+00
-6.297055348343505443e-01
-4.221095695383025870e+00
-5.132469871810991791e+00
-3.223315149665480828e+00
-2.492384244468784704e+00
-3.530119575729277592e+00
-3.604207276418792461e+00
-9.309793056907227360e-01
-2.722406332562887776e-01
-4.090860545247112512e+00
-7.238521950116405534e+00
-7.655996424516736454e+00
-4.840508853680131729e+00
-3.425371783417912042e+00
-4.111879471677259090e+00
-3.903533044295553367e+00
-2.186245660054043416e+00
-3.048946558308456289e-01
1.124769038666227683e+00
-1.893620536469688975e-01
-1.162969927756015931e+00
-1.255274592217364926e+00
-8.533303197460289091e-01
-2.527952849261084212e-01
1.826120548290922907e-01
-6.218278213911693220e-01
-1.375921702731824015e+00
-1.563611959678736785e+00
-1.316478141243711875e+00
-9.269227421050295623e-01
-6.152759784712041879e-01
-4.398483758287310419e-01
-1.603376934730577630e-01
1.077536221470359878e-01
2.290830223982571745e-01
3.319096357128940022e-01
4.339490836534988238e-01
3.590799746910491308e-01
2.093896287568248749e-01
7.105172628121114720e-02
-5.834407745622205432e-02
1.120744519270324702e-01
6.984073595704765047e-01
1.327457489476288943e+00
2.044048697371703582e+00
3.453067821873551324e+00
4.252716305673325259e+00
4.549690490567779300e+00
4.401906152428654906e+00
3.910772988362471558e+00
3.138362256547307716e+00
2.259569036154120969e+00
1.313310727693318247e+00
1.046876756167251177e+00
1.250829220295110566e+00
1.383649821653875511e+00
1.539126497810475946e+00
1.383013750671433950e+00
9.240189974370989212e-01
6.956454035138930347e-01
7.420722908490918757e-01
8.238606894953837134e-01
8.372002392132436022e-01
7.671201853041642593e-01
8.260578663339401828e-01
7.767342172296606284e-01
5.361552652344707681e-01
2.182893512824761739e-01
4.030863510971072206e-02
-2.625342009619358041e-02
-7.171227517994260836e-02
1.452321569899521214e-01
3.148229918428451790e-01
2.910992791709940963e-01
2.938004352995390867e-01
3.598923212305795705e-01
3.986753246893965930e-01
2.770699647649126907e-01
2.174129091012705350e-02
-1.046881089723937786e-01
6.048004576982224378e-02
1.509411466957678860e-01
1.206903358349064037e-01
1.642934731369012358e-01
2.278638915124018283e-01
6.789115920559557482e-02
-1.760618949245567333e-01
-2.601051463105959471e-01
-1.191032690442939135e-02
2.048730174235635082e-01
1.260079186093785997e-01
-9.047869303625755144e-02
-2.733094535588121432e-01
-1.831681369295953266e-01
-1.039889849299679425e-01
-1.841563960892562135e-01
-2.424996423147390834e-01
-6.195147621247559799e-02
3.089060645202518218e-01
3.642505839392143341e-01
1.841786320867047633e-01
6.489549993571064324e-02
6.664062907028611704e-02
7.598104424440388360e-02
2.035110037254017623e-02
-1.130163016140847132e-01
-2.604991446186316617e-01
-3.980273221802730355e-01
-4.401196911220461305e-01
-2.393624934622223810e-01
9.049044753138107966e-02
3.867461219855012899e-01
4.146672495711095641e-02
-2.840435718416844391e-01
-1.985067429286041518e-01
7.439402622905028073e-02
4.191645894819081009e-01
-1.242215550430897375e-02
-3.809208638345146225e-01
-3.486441027857144492e-01
-1.996389730428215215e-01
-1.577197844464599541e-01
-2.421098121485906751e-01
-2.295114921991571744e-01
1.768842713197665839e-02
1.107623834943748942e-01
1.319038502428293569e-02
4.837638791876142097e-02
1.711021358423565619e-01
2.819841631062042775e-01
3.283777579039670602e-01
2.959767686178530477e-01
2.210694703467379618e-01
1.369613372750211888e-01
-2.995560570273575474e-02
-1.592017867066474190e-01
3.447101537410401928e-02
3.190230743648248546e-01
6.971526064241444498e-01
5.433845363765917869e-01
5.384189138676482855e-01
6.383870008907591709e-01
7.586865259188624311e-01
9.245518899440500205e-01
7.390807264454382075e-01
6.072607913850024408e-01
4.531472952809880717e-01
5.738043245682535876e-01
9.519776678212058529e-01
1.137063545816166199e+00
1.199409627702659797e+00
1.225412816346233447e+00
1.242536400561339960e+00
1.829599165723168941e+00
3.027815776927804237e+00
3.943015402654516333e+00
4.433898788482064646e+00
4.325051831199034247e+00
4.067524797413544668e+00
3.775031528501088918e+00
3.018625788525509002e+00
1.708209539104257324e+00
9.215908435929740516e-01
6.096974920651875296e-01
6.199593395732897472e-01
8.499928486333842015e-01
8.550696102370091145e-01
6.754649031602626419e-01
5.013851716898669597e-01
5.856592118746541953e-01
8.932873857766192582e-01
9.395401607244215914e-01
6.777307235644713934e-01
1.308300541240609294e-01
-1.687370799382204023e-02
2.170789024959409175e-01
3.871390979278578892e-01
3.766917446653726964e-01
7.928513965381675521e-02
-1.470502204658386547e-01
-1.008389107792126427e-01
-3.195284579438095740e-02
5.760312019164470776e-02
2.939624702040765092e-01
5.633960731805207622e-01
7.838424425439166621e-01
8.955653663781587559e-01
9.447289384559514058e-01
7.859047935392187156e-01
2.449665056897412097e-01
1.666246690472731329e-01
7.714550239322939262e-01
1.105184332774974854e+00
4.637946747221992627e-01
2.055780139358630576e-01
1.639729477651329592e+00
2.492879810621333903e+00
2.630165702861308574e+00
1.954643789931204356e+00
1.480096866156824786e+00
2.017682834149029603e+00
2.057446515076988280e+00
1.604239611914717090e+00
1.125176236625336834e+00
7.976599753651765212e-01
1.545356199255822016e+00
3.066279629205530544e+00
4.577838411652075834e+00
5.375123188876465008e+00
4.846306780837791095e+00
3.104023307194945236e+00
1.758374693914814380e+00
7.037907941768566378e-01
1.306460372859335362e+00
2.536670144730673648e+00
2.939047048641238113e+00
2.188811180828322378e+00
6.522937697656467915e-01
1.421715586192302094e+00
3.544719189707211449e+00
3.712431262589421355e+00
2.833249354883944360e+00
1.571606029156279671e+00
3.811030112232339784e-01
-2.396178278541211126e-01
-5.453300578371171881e-01
-6.787728216986055330e-01
-8.428189118016724546e-01
-1.530335688373019254e+00
-9.410263135429427495e-01
-1.888587884967683761e-01
-6.258408377505403353e-01
-1.479905763456738965e+00
-2.278609540048919690e+00
-2.537643328169122636e+00
-1.696282853861740270e+00
-3.304793416680473217e-01
-1.493044503105052767e+00
-2.765333033628423642e+00
-4.389163237895544967e+00
-5.139298098390149505e+00
-4.659965269234958463e+00
-5.535839797546126206e+00
-8.269515881259076551e+00
-9.373122714679359646e+00
-7.087072158229057450e+00
-3.298329717717755738e+00
-3.173229333946598452e+00
-5.486977225833099325e+00
-6.108101202462866475e+00
-5.340546015647415601e+00
-5.886212077255575714e+00
-7.418367105828203023e+00
-6.025618552747951107e+00
-2.844800622738696827e+00
-7.883426366780980077e-01
-4.011210051186885117e+00
-6.491263492264001123e+00
-6.424187220238667173e+00
-5.539447422988416747e+00
-4.520011536859628976e+00
-2.681906014550850870e+00
-2.416235216241375383e+00
-3.240166362138248601e+00
-2.541553791197538104e+00
-2.675072774026986622e+00
-6.620446843045529661e+00
-8.973599510419894898e+00
-8.238498152085195869e+00
-6.124415063000089532e+00
-4.683316656474903361e+00
-4.085730569150309854e+00
-3.338031199137604599e+00
-2.076292888172532436e+00
-7.948530427561149025e-01
-1.695552857878009911e+00
-1.878116862843407953e+00
0.000000000000000000e+00
0.000000000000000000e+00
0.000000000000000000e+00
0.000000000000000000e+00
0.000000000000000000e+00
0.000000000000000000e+00
0.000000000000000000e+00
0.000000000000000000e+00
0.000000000000000000e+00
0.000000000000000000e+00
0.000000000000000000e+00
0.000000000000000000e+00
0.000000000000000000e+00
0.000000000000000000e+00
0.000000000000000000e+00
0.000000000000000000e+00
0.000000000000000000e+00
0.000000000000000000e+00
0.000000000000000000e+00
0.000000000000000000e+00
0.000000000000000000e+00
0.000000000000000000e+00
0.000000000000000000e+00
0.000000000000000000e+00
0.000000000000000000e+00
0.000000000000000000e+00
0.000000000000000000e+00
0.000000000000000000e+00
0.000000000000000000e+00
0.000000000000000000e+00
0.000000000000000000e+00
0.000000000000000000e+00
0.000000000000000000e+00
0.000000000000000000e+00
0.000000000000000000e+00
0.000000000000000000e+00
0.000000000000000000e+00
0.000000000000000000e+00
0.000000000000000000e+00
0.000000000000000000e+00
0.000000000000000000e+00
0.000000000000000000e+00
0.000000000000000000e+00
0.000000000000000000e+00
0.000000000000000000e+00
0.000000000000000000e+00
0.000000000000000000e+00
0.000000000000000000e+00
0.000000000000000000e+00
0.000000000000000000e+00
0.000000000000000000e+00
0.000000000000000000e+00
0.000000000000000000e+00
0.000000000000000000e+00
0.000000000000000000e+00
0.000000000000000000e+00
0.000000000000000000e+00
0.000000000000000000e+00
0.000000000000000000e+00
0.000000000000000000e+00
0.000000000000000000e+00
0.000000000000000000e+00
0.000000000000000000e+00
0.000000000000000000e+00
0.000000000000000000e+00
0.000000000000000000e+00
0.000000000000000000e+00
0.000000000000000000e+00
0.000000000000000000e+00
0.000000000000000000e+00
0.000000000000000000e+00
0.000000000000000000e+00
0.000000000000000000e+00
0.000000000000000000e+00
0.000000000000000000e+00
0.000000000000000000e+00
0.000000000000000000e+00
0.000000000000000000e+00
0.000000000000000000e+00
0.000000000000000000e+00
0.000000000000000000e+00
0.000000000000000000e+00
0.000000000000000000e+00
0.000000000000000000e+00
0.000000000000000000e+00
0.000000000000000000e+00
0.000000000000000000e+00
0.000000000000000000e+00
0.000000000000000000e+00
0.000000000000000000e+00
0.000000000000000000e+00
0.000000000000000000e+00
0.000000000000000000e+00
0.000000000000000000e+00
0.000000000000000000e+00
0.000000000000000000e+00
0.000000000000000000e+00
0.000000000000000000e+00
0.000000000000000000e+00
0.000000000000000000e+00
0.000000000000000000e+00
0.000000000000000000e+00
0.000000000000000000e+00
0.000000000000000000e+00
0.000000000000000000e+00
0.000000000000000000e+00
0.000000000000000000e+00
0.000000000000000000e+00
0.000000000000000000e+00
0.000000000000000000e+00
0.000000000000000000e+00
0.000000000000000000e+00
0.000000000000000000e+00
0.000000000000000000e+00
0.000000000000000000e+00
0.000000000000000000e+00
0.000000000000000000e+00
0.000000000000000000e+00
0.000000000000000000e+00
0.000000000000000000e+00
0.000000000000000000e+00
0.000000000000000000e+00
0.000000000000000000e+00
0.000000000000000000e+00
0.000000000000000000e+00
0.000000000000000000e+00
0.000000000000000000e+00
0.000000000000000000e+00
0.000000000000000000e+00
0.000000000000000000e+00
0.000000000000000000e+00
0.000000000000000000e+00
0.000000000000000000e+00
0.000000000000000000e+00
0.000000000000000000e+00
0.000000000000000000e+00
0.000000000000000000e+00
0.000000000000000000e+00
0.000000000000000000e+00
0.000000000000000000e+00
0.000000000000000000e+00
0.000000000000000000e+00
0.000000000000000000e+00
0.000000000000000000e+00
0.000000000000000000e+00
0.000000000000000000e+00
0.000000000000000000e+00
0.000000000000000000e+00
0.000000000000000000e+00
0.000000000000000000e+00
0.000000000000000000e+00
0.000000000000000000e+00
0.000000000000000000e+00
0.000000000000000000e+00
0.000000000000000000e+00
0.000000000000000000e+00
0.000000000000000000e+00
0.000000000000000000e+00
0.000000000000000000e+00
0.000000000000000000e+00
0.000000000000000000e+00
0.000000000000000000e+00
0.000000000000000000e+00
0.000000000000000000e+00
0.000000000000000000e+00
0.000000000000000000e+00
0.000000000000000000e+00
0.000000000000000000e+00
0.000000000000000000e+00
0.000000000000000000e+00
0.000000000000000000e+00
0.000000000000000000e+00
0.000000000000000000e+00
0.000000000000000000e+00
0.000000000000000000e+00
0.000000000000000000e+00
0.000000000000000000e+00
0.000000000000000000e+00
0.000000000000000000e+00
0.000000000000000000e+00
0.000000000000000000e+00
0.000000000000000000e+00
0.000000000000000000e+00
0.000000000000000000e+00
0.000000000000000000e+00
0.000000000000000000e+00
0.000000000000000000e+00
0.000000000000000000e+00
0.000000000000000000e+00
0.000000000000000000e+00
0.000000000000000000e+00
0.000000000000000000e+00
0.000000000000000000e+00
0.000000000000000000e+00
0.000000000000000000e+00
0.000000000000000000e+00
0.000000000000000000e+00
0.000000000000000000e+00
0.000000000000000000e+00
0.000000000000000000e+00
