3.967651367187500000e+00
3.133190296091769689e+00
1.274221274893581501e+00
6.684131494064171619e-02
6.787137352794454515e-01
1.752263424688321969e+00
1.744635050848980740e+00
6.874569931216800711e-01
-2.460538692762206381e-01
1.140750115346111926e-01
1.287167451321477696e+00
2.113329273480290205e+00
2.003945618911210147e+00
9.617967847457520314e-01
8.826826661571773869e-02
6.333940346832238610e-01
7.074322167617429491e-01
-3.585373965932908691e-01
-8.633838796361134049e-01
-1.116953803897396735e+00
-1.495334077921549598e+00
-1.219084966908368539e+00
-1.016941652513645211e+00
-2.908427195860852077e-01
-2.096379582665370833e-01
-1.685890816232835654e-01
5.704090155881849089e-01
8.104389885968892315e-01
4.974507719496845670e-02
-3.657113925217665429e-01
4.204922152215966324e-01
9.221734415289593034e-01
1.095935099253813050e+00
6.028920155816446247e-01
-5.705680968656922092e-01
8.903827795058864014e-01
1.190979121225783643e+00
1.637826796818369068e-01
-6.139211094025287530e-02
6.905307383096552787e-01
6.275266241255875732e-01
-3.322231153609498944e-01
1.916722745514470860e-01
1.207253899378726292e+00
1.101584722885275536e+00
3.581750336335938201e-01
-5.447789360805215253e-01
-1.148758972459118066e+00
-8.040622197459319498e-01
-1.112304328226873640e+00
-1.711896246446171777e+00
-1.274351259358544652e+00
6.988570738634658497e-02
1.105887573044447514e+00
8.108178753671460015e-01
1.424162284255374722e-01
1.244313799354482164e+00
1.964949902618480682e+00
1.515458336980239462e+00
6.744457192582604677e-01
3.895311118320263777e-01
7.336718122066094860e-01
5.294054920347150972e-01
-8.780957782040923476e-01
-2.867134405725357826e+00
-1.306879801179460454e+00
2.588030983236855320e-01
5.689605596822797651e-01
-7.923910405976752891e-01
-1.379401421343115608e+00
-1.999719803323256606e-01
8.347272694397220860e-01
1.109990850443533406e+00
1.953292842551987096e+00
2.292562281359221910e+00
7.987623928453257971e-01
-1.187715825709865225e+00
-1.638387402660880676e+00
-1.268099011700166479e+00
-6.914622740234221965e-02
4.542100565105320342e-01
-4.860389091738568368e-01
-1.185279867378384644e+00
2.293857337671502350e+00
4.391186948301445625e+00
3.118046502351845106e+00
1.164634887862977974e+00
1.910461350103797695e+00
3.292511150976001222e+00
2.779857230455417216e+00
1.857924321546567725e+00
1.193127570261596215e-01
-4.279071306287502985e-01
7.262224198376929785e-01
8.288910780738161233e-01
1.289138852041671335e-01
-3.822302409028863757e-01
-2.606059940690012677e+00
-5.346193478436540580e+00
-4.426179769653151297e-01
3.737164820636774021e+00
1.924693399527892756e+00
-2.103346154886880370e+00
-5.600530377658214931e-01
-2.686490477245473407e-01
-3.004751640832367343e+00
-4.085984583514988167e+00
-4.229386068341736582e+00
-1.088758646476569947e+00
-9.919664085886781280e-01
-3.188348191091187278e+00
-1.942839050923067967e+00
-1.767661164421546749e+00
-3.190993919264544232e+00
-2.958332421991535899e+00
-2.866965060250786568e+00
-7.563007239866288423e-01
6.532553301466104134e-01
-2.087793743216391107e+00
-3.135232993972936200e-01
2.598652695879668517e-01
1.412927721494011024e+00
4.209760922676533568e+00
5.678835767902159049e+00
4.446631146245962896e+00
1.568598112292085123e+00
2.769434213056274352e-01
4.902783893381275071e-01
5.553873249283826086e-01
2.289545036779542020e+00
3.084069274078224954e+00
3.035344161230556281e+00
3.170806790516516038e+00
3.526191559561544064e+00
4.136904465765238292e+00
6.507012894562139493e+00
9.604875982186154459e+00
9.948387002345949526e+00
4.886052123562026672e+00
1.703901277520888158e+00
4.253919500566245127e+00
2.714619437276236447e+00
6.497816354330754329e-02
2.064146818050928811e+00
1.935105001797247315e+00
1.085738349814755921e+00
1.496710899001367778e+00
1.263899836227886819e+00
6.430842694135185944e-01
5.485394493860313858e-01
2.276557199024629163e-01
-1.212173880509332724e+00
-3.424990877384459509e-02
2.081648470699080100e+00
1.751650395690869111e+00
2.010511676779003221e-01
6.805239838182470802e-01
8.019709991457628639e-01
6.254399528004809250e-01
2.539765014126096343e-01
3.089812191661284180e-01
1.432066924856418844e-01
-1.402185026768231202e+00
-2.502697864179986631e+00
-2.783364281246779814e+00
-1.577088962094572722e+00
2.853295758865614928e-03
-6.731077524992117311e-01
-2.132441424826817755e+00
-1.712486745859008064e+00
-9.883785343031363801e-01
-8.073613389365474902e-01
-1.270542895573826048e+00
-1.236827716906856445e+00
2.020634207960863016e-01
-1.168205359958585099e-02
-1.323802767114153234e+00
8.277159027095426502e-01
1.427368662215836359e+00
8.877243011597362177e-01
9.061032528928358865e-02
-7.784946719964276340e-01
-4.517732727104295520e-02
-1.740650325138708432e-01
-1.942818874864579382e+00
-1.827973908960687011e+00
-2.944524885414034898e-01
-7.003684788631261426e-01
-2.878338455323015133e+00
-7.115427675356920112e-01
-2.894736326885505306e-02
-1.166725396435835060e+00
-2.767427077622530263e+00
-1.751535062754576044e+00
-8.205675943555532648e-01
-1.606472729488686024e+00
-1.296060262897871018e+00
7.018556210754485214e-01
5.803683646651516259e-01
-6.167438410920393910e-01
9.347150584169607868e-01
2.748994129306159273e-01
-1.012647362838680953e+00
4.300462196981926777e-01
4.246472611429514821e-01
-1.229312102221453262e+00
5.026126754142796749e-01
2.093014094984781082e+00
1.026305734602641184e+00
3.139099134439216066e-01
3.575704566960045128e-01
-1.124951547561998666e-01
3.228562098911682554e-01
-6.704735673552058017e-01
-2.061531691023289703e+00
-1.179200859938876134e+00
-4.306291746438617452e-02
7.605880381949124969e-01
1.766076510016899803e+00
1.555901555446712159e+00
5.635589731556681636e-01
3.833489892092167839e-01
2.613118476440519089e-01
1.550653402428510130e-01
1.302305220354888604e+00
1.261079159663897720e+00
2.735068763085610755e-01
-2.469741779969862883e-01
-5.641564064421553670e-01
-1.029400341000365149e+00
-1.414852407077854979e+00
-1.825979784172929943e+00
-2.206797306445281492e+00
-1.221260721257843462e+00
-6.314014194163619642e-01
-4.635764520653176124e-01
-3.820368377781229174e-01
4.312309250263757221e-02
8.367301390994108523e-02
-1.498859994430991605e-01
1.766524639589417411e-01
8.188816915315180189e-01
7.271802650744694230e-01
5.858615686778481102e-01
3.595534536233602196e-01
7.026820300763286786e-02
2.649307156971907329e-01
6.320186069735038714e-01
1.039761534801477261e+00
1.285673300203975966e+00
1.173426321929218030e+00
1.039882100784531360e+00
6.036333673163016833e-01
-3.372174671155336867e-02
-3.402229217601693279e-01
-1.247602232338220762e-01
6.682032128983994568e-04
8.665755142737656680e-01
7.353564153517420099e-01
-5.757761307638764592e-02
-7.574888290745978026e-01
-1.391835250909922994e-01
-1.815727227877779404e+00
-4.001307719751786784e+00
-3.851024460303683394e+00
-3.157779037719462778e+00
-1.163898911034851880e+00
-7.870366954426133432e-02
-1.262554642214016809e+00
-1.379148576603785425e+00
-6.505705151976397538e-01
-2.485218071943716467e+00
-4.222724679893262945e+00
-1.471927185905958613e+00
5.660106151486898884e-01
-2.094437141907534272e+00
-2.137131592526481327e+00
-4.621569909587486258e-02
-1.251760012867181748e+00
-2.209360142755266931e+00
-3.113015045952952420e+00
-4.430302818832188905e+00
-2.622584082427861674e+00
6.499270146844189355e-01
-3.006747264278741838e-02
-1.697356202272955583e+00
-3.018520818265324479e-02
1.398502774358790557e+00
6.673037679699564961e-01
-1.302977886342179925e+00
1.807089994208225026e+00
2.151882491093625838e+00
-4.233509294590063199e-01
-9.025159617338558427e-01
1.050621980159314184e+00
3.473529239969463944e-01
-2.459695352645330235e+00
-3.321453546909829857e+00
-3.179082011074502834e+00
-2.091831527930373191e+00
-1.464761711703517211e+00
-2.466413826515294616e+00
-2.401273021621750381e-01
8.888490336571595041e-01
3.918400222646045705e-01
2.186723220293680381e-01
-8.159214005712569495e-01
-1.670259142411290476e+00
-2.294781665305051899e+00
-2.753760282956522421e+00
-1.956933108781939046e+00
-1.539074076106726086e+00
-1.924405043445201802e+00
-2.550095714593161311e+00
-2.617147303309074857e+00
-2.199748128521202162e+00
-8.822724220735439493e-01
-9.549428850535002233e-02
8.120745920185878930e-02
3.571714844946560774e-02
6.640560181893440106e-01
1.424274587383033364e+00
7.826184301758600803e-01
9.891537167886512716e-01
1.489797608645097693e+00
-1.415952775826245791e-01
-1.930264870931276855e+00
-8.998106670926260264e-01
1.710235199230583092e-01
1.417293952821270686e+00
2.654803171184354937e+00
2.295081841080634621e+00
1.316390839802909607e+00
2.366788427488013102e+00
2.957508446366218458e+00
9.448758636159875213e-01
2.627886349419159107e+00
3.863649763894122735e+00
1.507963244012199500e+00
4.128340966580573479e+00
8.608157984632480719e+00
9.231617497866983157e+00
7.007042985800798540e+00
4.615377674807877639e+00
3.075116486935641547e+00
2.855363115118212836e+00
2.917459718158919024e+00
2.707146696228427629e+00
1.788622632079812869e+00
5.776157627163879260e-01
9.772172847090867531e-01
1.004141231905878229e+00
2.384519314476325480e+00
5.428662864754019601e+00
6.787686741893018016e+00
4.755391261791282353e+00
7.711894654184001663e-01
7.754234741129495401e-01
7.765705127077571213e-01
-1.476702824732535335e+00
1.002545501550215823e+00
1.820244876462081995e+00
1.884548134635889216e+00
2.095037352303166678e+00
1.588308033636725014e-01
-1.070693028618421527e+00
-1.271799569659917362e+00
-1.657057959341526665e+00
3.521503984364042772e-01
-1.803852793059563808e-01
-3.221654432551436020e+00
-3.440051695346641125e+00
-4.186711633532972598e+00
-4.243873319870543170e+00
-3.871450201217482068e+00
-4.315339399709526624e+00
-1.442290616257528413e+00
8.963501695391409285e-01
4.113521513741273949e+00
6.448523584222055627e-01
3.007311979473909158e+00
3.394871465521161369e+00
1.649370417440544578e+00
2.244329102147993193e+00
2.827876193307191866e+00
1.535834428366011251e+00
1.700222004215987015e+00
3.448468655181544218e+00
4.212856046292055012e+00
3.885334425152593418e+00
2.635851019287841712e+00
2.896917522547262980e+00
5.068694730497471213e+00
5.927490289113132249e+00
4.380456450633117171e+00
2.672095983100863492e+00
4.692435946311427131e+00
5.775538439924265077e+00
4.467468173136768250e+00
2.272681003638873154e+00
1.097964991295895532e+00
9.304933024762083171e-01
2.281256588897536908e+00
2.987779128011582852e+00
2.578361271704240565e+00
2.914717280213711348e+00
3.753603732580968799e+00
3.332932828130888758e+00
2.050058334914497404e+00
2.133013093467335253e+00
3.379449669089192643e+00
3.396192494823039532e+00
1.943262077112757780e+00
9.664853568127676486e-02
1.513679375732859711e+00
2.251211587440568263e+00
2.036145329155758965e+00
1.709636098487509415e+00
2.071317675272282610e+00
2.736600929670946591e+00
2.920954576344782172e+00
2.263506536508369749e+00
1.477458744642893729e+00
2.395602555098419906e+00
3.239295903212480177e+00
3.018107049597377856e+00
2.132380016725423655e+00
1.461639565752610892e+00
1.241343186823259614e+00
6.656820656663939850e-01
6.795149883214284259e-01
1.948688156191872078e+00
2.602588311209439009e+00
2.422967117985469709e+00
1.752925938861331412e+00
8.957148445212977927e-01
4.698525946177599111e-01
1.468829644293903725e+00
1.932022005947577670e+00
1.503488117018861425e+00
1.561028470276704772e+00
2.149782745159525277e+00
1.555214977842590551e+00
2.300863691671094224e-01
1.688072811478621649e+00
2.294805726731977025e+00
2.025954026312723588e+00
1.350849802364074037e+00
4.217900215531110719e-01
8.224939187072916047e-01
1.733620788021525971e+00
1.663060617785524942e+00
9.454274615235276347e-01
7.673384159115659298e-01
6.294353390297726669e-01
1.289292141068749398e-01
2.332379131063511413e-01
1.362242423443580375e-01
4.863591257349251240e-01
4.776586087708686312e-01
5.507768731744479007e-01
1.379105495549401095e+00
1.550648468485723575e+00
1.487640529139453438e+00
2.957811183003562050e+00
4.577321162016233735e+00
5.109113486405738591e+00
4.585500810535914518e+00
3.745452622681887167e+00
3.848328889046921830e+00
5.358821268448965114e+00
6.992449299511780403e+00
7.481287181007305165e+00
6.665642012355593948e+00
5.939167966146364996e+00
6.639550258584739240e+00
7.863543190144039130e+00
0.000000000000000000e+00
0.000000000000000000e+00
0.000000000000000000e+00
0.000000000000000000e+00
0.000000000000000000e+00
0.000000000000000000e+00
0.000000000000000000e+00
0.000000000000000000e+00
0.000000000000000000e+00
0.000000000000000000e+00
0.000000000000000000e+00
0.000000000000000000e+00
0.000000000000000000e+00
0.000000000000000000e+00
0.000000000000000000e+00
0.000000000000000000e+00
0.000000000000000000e+00
0.000000000000000000e+00
0.000000000000000000e+00
0.000000000000000000e+00
0.000000000000000000e+00
0.000000000000000000e+00
0.000000000000000000e+00
