-3.228759765625000000e-01
-3.163625079263910345e-01
-2.957395605894548307e-01
-2.571594782419547309e-01
-1.996319660021567965e-01
-1.388109053996097186e-01
-9.291004952190889954e-02
-5.250440271894840638e-02
-2.391864586836472961e-02
-6.219079945353805927e-02
-1.212543342996699747e-01
-1.584689948588219321e-01
-1.986992761886401948e-01
-2.647024287556861699e-01
-2.578766422466179931e-01
-1.911529537609671647e-01
-1.847177641422498018e-01
-2.442004529356099629e-01
-2.427100527107198813e-01
-2.637060566380534654e-01
-3.844039280077644061e-01
-4.254818995878508758e-01
-5.429094410365451484e-01
-8.030174904572495720e-01
-6.702772619882909622e-01
-9.373963378831856597e-02
1.466131279279843103e-01
-2.345900759385476930e-01
-4.333098052795493205e-01
-1.505709717430747108e-01
1.904385100871489045e-01
2.406122163575845907e-01
7.911328305597056798e-02
-1.097737618250462233e-01
-1.540983954337699080e-01
-1.536959247972520259e-01
-1.940654679115474679e-01
-1.779467433829028389e-01
-2.367411659798560608e-01
-3.638776647906082351e-01
-4.294174347304761108e-01
-5.096593997270084664e-01
-6.929193771144434022e-01
-7.540944458665501671e-01
-7.621999059547699407e-01
-9.776855800171093680e-01
-1.295525866605553578e+00
-1.608295611076588028e+00
-2.392383719821828514e+00
-4.120144144308532930e+00
-5.002914247449209206e+00
-4.273115084982521239e+00
-3.022142880626776051e+00
-1.759476466637083458e+00
-4.116250061283972528e-01
4.176524892682205170e-01
6.363039388682465436e-01
5.092768600097328235e-01
2.791075593466698646e-01
3.189277704794513113e-02
-2.222232762796993999e-01
-3.372634637287759141e-01
-3.259099855671038215e-01
-2.973955978606751538e-01
-2.648400500511791655e-01
-1.649249839371778048e-01
-3.319176595083517256e-03
4.177944615429995956e-02
-8.440555562066853756e-02
-2.614679763345439945e-01
-3.199514262982506851e-01
-3.700228157470945578e-01
-5.157285881458575361e-01
-4.732579635919046956e-01
-3.263123748441015826e-01
-2.878938521067166967e-01
-2.901463698283545112e-01
-1.962930735604114796e-01
-1.294932526544587126e-01
-1.479175685683185304e-01
-3.041921742768102233e-01
-5.656415585277861924e-01
-7.852920551594397836e-01
-8.947688998012910400e-01
-8.602557925088518687e-01
-7.533703218118830147e-01
-6.090562534698067410e-01
-3.703589796916949561e-01
-1.784593160255869559e-01
-1.349515654606308068e-01
-1.233102126639850082e-01
-1.412616536599297090e-01
-1.648634141743425818e-01
-2.586633228983771238e-01
-3.781998532968768867e-01
-3.085178907551260341e-01
-1.383317482748669391e-01
2.762818823079493669e-02
2.679062690976476979e-01
5.355532942200160740e-01
3.978793159994751250e-01
-6.256041887570846782e-01
-2.292164965637002449e+00
-3.929458063638413545e+00
-4.943389369055398497e+00
-4.552017116548568332e+00
-3.341731915334698044e+00
-2.521465746281319475e+00
-1.906600180991516957e+00
-9.900827063695656349e-01
3.013978858331625155e-01
1.266745155770526710e+00
1.937241236920484111e+00
2.718386560177342925e+00
3.413075461718947157e+00
3.899716585694505966e+00
3.882418162358033165e+00
3.255266918202467608e+00
2.710161878820940284e+00
2.389127901271612675e+00
1.968885526642253803e+00
1.356957027443520980e+00
8.999496316895534420e-01
7.835207924103508859e-01
7.498825442248538975e-01
6.844234330678850009e-01
6.541339941373118805e-01
6.069903573255690521e-01
5.386744269567330656e-01
5.083956853661348863e-01
5.360485222340187761e-01
5.418685152856449472e-01
4.470955792236877002e-01
2.625446569035799760e-01
9.774217350771952084e-02
-1.748010810035605100e-02
-1.377455350526537448e-01
-2.259047929213096051e-01
-2.495512978794385828e-01
-2.585298239637027207e-01
-1.869830623403188063e-01
-6.499945826254582837e-02
-1.388812635740104273e-01
-3.589939337550601683e-01
-3.785901379460403504e-01
-3.562451280927874109e-01
-5.322828662698781965e-01
-7.058423922075672818e-01
-7.335937343803382582e-01
-8.475338785311467005e-01
-9.696250445059487744e-01
-1.007497162483637743e+00
-1.087954297958982242e+00
-1.247577052807296694e+00
-1.792236209568728089e+00
-2.681886730043935962e+00
-3.279945582937185300e+00
-3.596708765878745773e+00
-4.189019397108340037e+00
-5.276744243069677154e+00
-5.694708157802907955e+00
-5.040811867255411194e+00
-4.178128167641264490e+00
-3.502654801230578041e+00
-2.845899215597607057e+00
-2.102081224401338488e+00
-1.396752554083068532e+00
-8.123817211059316534e-01
-2.371375640625887904e-01
6.034943229662352859e-01
1.536593275344308562e+00
2.298075308945979778e+00
2.884732755627938960e+00
3.645419654380518182e+00
4.460073646101009537e+00
4.569700319984370651e+00
4.030905035273487869e+00
3.223857633503578235e+00
2.446044269858732356e+00
1.925795403808602924e+00
1.590010800618795628e+00
1.326736006120255995e+00
1.184165357461497869e+00
1.222847169259060784e+00
1.451740988031437363e+00
1.594285375917730008e+00
1.636624415660411280e+00
1.955194580613070165e+00
2.711699770988678981e+00
3.729154353954845291e+00
4.092597115715934208e+00
3.450042843821991667e+00
2.533196765844440090e+00
1.826115580228239166e+00
1.278986494077761327e+00
8.264634117184008755e-01
5.622358896619437107e-01
3.738517702624135630e-01
1.479867036612541042e-01
-8.655252610967678617e-02
-1.955580675224857234e-01
-2.490742172812661082e-01
-4.619871478382683305e-01
-8.658536039434758802e-01
-1.110384474111281383e+00
-1.100638272007307572e+00
-1.181250191799276594e+00
-1.428169975502985301e+00
-1.810591008937315838e+00
-2.300910387672289392e+00
-2.768180294320233603e+00
-3.293105068380821621e+00
-4.113011099446728380e+00
-5.142363089081978700e+00
-5.562028324898347087e+00
-4.458309934000117991e+00
-2.679129236271846626e+00
-1.930233899114316420e+00
-1.537979957651145924e+00
-1.024279386696312466e+00
-6.845770727083217988e-01
-5.256738930359389217e-01
-3.171154750538967004e-01
-5.975665392969564671e-03
1.612204348827341871e-01
2.123982986684398444e-01
3.026672674245301509e-01
3.873590050913036098e-01
5.423322796644859389e-01
8.789082707761632918e-01
1.108892492109067041e+00
1.237849905405651096e+00
1.514406868903769299e+00
1.952979602677073823e+00
2.419843910528525655e+00
2.505406894874675938e+00
1.903165483446804807e+00
1.087490659444973140e+00
9.563646167906914020e-01
5.610653879226350504e-01
-1.728824790630201225e-01
-3.839593239869736330e-01
-1.749671229836660680e-01
-7.817989061000635287e-02
-1.780373872790146361e-01
-1.795574421292895351e-01
-2.272623017143422242e-01
-3.525126288463037438e-01
-3.686217225863909763e-01
-3.622675973841492647e-01
-3.844800153052312930e-01
-3.709201760100798717e-01
-3.381810577660939732e-01
-3.466865281555394085e-01
-3.522575351279751965e-01
-3.095896158309000556e-01
-2.355651172062971643e-01
-1.286576126736583836e-01
1.755531136532373360e-02
9.505981529877977065e-02
3.011357793737312605e-02
-1.649483169739438537e-01
-2.513114988315365839e-01
-6.991602853853867705e-02
5.272689671924628563e-01
4.322571707694661813e-01
2.416391392772927749e-01
1.182305025508875729e-01
9.513355538440809722e-02
5.603081179254595229e-02
9.788581070308194354e-02
1.271676040173720101e-01
1.247874011967406577e-01
1.734961539475858017e-01
2.336478880592865737e-01
2.475647600448230012e-01
2.170149394887980476e-01
2.035944997806598822e-01
2.425785983820433200e-01
2.895196308363964799e-01
3.132179550799055190e-01
2.991594349779705397e-01
2.546878171110765199e-01
2.024423974073703003e-01
1.773491282419681903e-01
1.935800917186178971e-01
2.142767608256646861e-01
2.183225801553408119e-01
2.014797660841461391e-01
1.881438666795030579e-01
0.000000000000000000e+00
0.000000000000000000e+00
0.000000000000000000e+00
0.000000000000000000e+00
0.000000000000000000e+00
0.000000000000000000e+00
0.000000000000000000e+00
0.000000000000000000e+00
0.000000000000000000e+00
0.000000000000000000e+00
0.000000000000000000e+00
0.000000000000000000e+00
0.000000000000000000e+00
0.000000000000000000e+00
0.000000000000000000e+00
0.000000000000000000e+00
0.000000000000000000e+00
0.000000000000000000e+00
0.000000000000000000e+00
0.000000000000000000e+00
0.000000000000000000e+00
0.000000000000000000e+00
0.000000000000000000e+00
0.000000000000000000e+00
0.000000000000000000e+00
0.000000000000000000e+00
0.000000000000000000e+00
0.000000000000000000e+00
0.000000000000000000e+00
0.000000000000000000e+00
0.000000000000000000e+00
0.000000000000000000e+00
0.000000000000000000e+00
0.000000000000000000e+00
0.000000000000000000e+00
0.000000000000000000e+00
0.000000000000000000e+00
0.000000000000000000e+00
0.000000000000000000e+00
0.000000000000000000e+00
0.000000000000000000e+00
0.000000000000000000e+00
0.000000000000000000e+00
0.000000000000000000e+00
0.000000000000000000e+00
0.000000000000000000e+00
0.000000000000000000e+00
0.000000000000000000e+00
0.000000000000000000e+00
0.000000000000000000e+00
0.000000000000000000e+00
0.000000000000000000e+00
0.000000000000000000e+00
0.000000000000000000e+00
0.000000000000000000e+00
0.000000000000000000e+00
0.000000000000000000e+00
0.000000000000000000e+00
0.000000000000000000e+00
0.000000000000000000e+00
0.000000000000000000e+00
0.000000000000000000e+00
0.000000000000000000e+00
0.000000000000000000e+00
0.000000000000000000e+00
0.000000000000000000e+00
0.000000000000000000e+00
0.000000000000000000e+00
0.000000000000000000e+00
0.000000000000000000e+00
0.000000000000000000e+00
0.000000000000000000e+00
0.000000000000000000e+00
0.000000000000000000e+00
0.000000000000000000e+00
0.000000000000000000e+00
0.000000000000000000e+00
0.000000000000000000e+00
0.000000000000000000e+00
0.000000000000000000e+00
0.000000000000000000e+00
0.000000000000000000e+00
0.000000000000000000e+00
0.000000000000000000e+00
0.000000000000000000e+00
0.000000000000000000e+00
0.000000000000000000e+00
0.000000000000000000e+00
0.000000000000000000e+00
0.000000000000000000e+00
0.000000000000000000e+00
0.000000000000000000e+00
0.000000000000000000e+00
0.000000000000000000e+00
0.000000000000000000e+00
0.000000000000000000e+00
0.000000000000000000e+00
0.000000000000000000e+00
0.000000000000000000e+00
0.000000000000000000e+00
0.000000000000000000e+00
0.000000000000000000e+00
0.000000000000000000e+00
0.000000000000000000e+00
0.000000000000000000e+00
0.000000000000000000e+00
0.000000000000000000e+00
0.000000000000000000e+00
0.000000000000000000e+00
0.000000000000000000e+00
0.000000000000000000e+00
0.000000000000000000e+00
0.000000000000000000e+00
0.000000000000000000e+00
0.000000000000000000e+00
0.000000000000000000e+00
0.000000000000000000e+00
0.000000000000000000e+00
0.000000000000000000e+00
0.000000000000000000e+00
0.000000000000000000e+00
0.000000000000000000e+00
0.000000000000000000e+00
0.000000000000000000e+00
0.000000000000000000e+00
0.000000000000000000e+00
0.000000000000000000e+00
0.000000000000000000e+00
0.000000000000000000e+00
0.000000000000000000e+00
0.000000000000000000e+00
0.000000000000000000e+00
0.000000000000000000e+00
0.000000000000000000e+00
0.000000000000000000e+00
0.000000000000000000e+00
0.000000000000000000e+00
0.000000000000000000e+00
0.000000000000000000e+00
0.000000000000000000e+00
0.000000000000000000e+00
0.000000000000000000e+00
0.000000000000000000e+00
0.000000000000000000e+00
0.000000000000000000e+00
0.000000000000000000e+00
0.000000000000000000e+00
0.000000000000000000e+00
0.000000000000000000e+00
0.000000000000000000e+00
0.000000000000000000e+00
0.000000000000000000e+00
0.000000000000000000e+00
0.000000000000000000e+00
0.000000000000000000e+00
0.000000000000000000e+00
0.000000000000000000e+00
0.000000000000000000e+00
0.000000000000000000e+00
0.000000000000000000e+00
0.000000000000000000e+00
0.000000000000000000e+00
0.000000000000000000e+00
0.000000000000000000e+00
0.000000000000000000e+00
0.000000000000000000e+00
0.000000000000000000e+00
0.000000000000000000e+00
0.000000000000000000e+00
0.000000000000000000e+00
0.000000000000000000e+00
0.000000000000000000e+00
0.000000000000000000e+00
0.000000000000000000e+00
0.000000000000000000e+00
0.000000000000000000e+00
0.000000000000000000e+00
0.000000000000000000e+00
0.000000000000000000e+00
0.000000000000000000e+00
0.000000000000000000e+00
0.000000000000000000e+00
0.000000000000000000e+00
0.000000000000000000e+00
0.000000000000000000e+00
0.000000000000000000e+00
0.000000000000000000e+00
0.000000000000000000e+00
0.000000000000000000e+00
0.000000000000000000e+00
0.000000000000000000e+00
0.000000000000000000e+00
0.000000000000000000e+00
0.000000000000000000e+00
0.000000000000000000e+00
0.000000000000000000e+00
0.000000000000000000e+00
0.000000000000000000e+00
0.000000000000000000e+00
0.000000000000000000e+00
0.000000000000000000e+00
0.000000000000000000e+00
0.000000000000000000e+00
0.000000000000000000e+00
0.000000000000000000e+00
0.000000000000000000e+00
0.000000000000000000e+00
0.000000000000000000e+00
0.000000000000000000e+00
0.000000000000000000e+00
