4.144897460937490008e-01
3.482835102729513466e-01
2.505255971365001333e-01
2.560348665516454791e-01
2.053257122427377679e-01
-2.007804577968758108e-02
-2.610504328466650703e-02
3.626141899972673555e-02
-2.098105613214076293e-01
-3.326218209137604132e-01
-2.345816245731239813e-01
-9.591849647446776261e-02
-5.402700137385996193e-02
1.397025390580272086e-01
5.462887787367298742e-01
7.405264484749064513e-01
1.461306555324690670e-01
-4.850462251768585809e-01
-2.479653872103200207e-01
4.971453463212235357e-01
7.477675055019973316e-01
4.008531211679401407e-01
6.374979563465416055e-02
-2.494555910217616246e-01
-4.885748067175132991e-01
-7.576796891763660780e-01
-5.873523744385926726e-01
-3.569221330181251983e-02
-1.344643711682382836e-01
-1.369915240986481209e-01
4.326726367797772976e-01
9.931673357928083590e-01
1.085623906381218973e+00
1.273889037652930600e+00
1.804559286250573713e+00
1.976747035046169554e+00
1.618575390982434303e+00
1.286186931435898906e+00
1.100968657398909700e+00
1.034430253364005292e+00
1.119216311525334628e+00
6.904978992315342623e-01
3.786701554107163581e-01
4.934630171782713459e-01
7.947433332182899379e-01
6.110601238203050567e-01
-9.708682025614467914e-02
-6.252765165443652240e-02
-2.435083428370153902e-01
-1.239546103282112899e+00
-5.327328019688376548e-01
-1.838294138112002152e-01
-8.241598209134930464e-01
3.297225027031006617e-01
-4.684593078589417425e-01
-1.652386964335906594e+00
-2.746034426211663160e-01
7.229088483587942093e-02
-7.433441471238816378e-01
-3.063480106854825635e-01
-4.859389550865077512e-01
-8.725060333584855332e-01
3.987725744535695060e-01
-2.410635850676254854e-01
-5.213464110810879237e-01
2.012160501745507424e-01
-1.260244436014448244e-01
-1.046382453963195625e+00
1.499991013635992854e+00
2.182091476192942636e+00
1.343020990546807569e+00
8.978845587260199101e-01
1.327929418142155704e+00
1.340442704896814607e+00
2.361270606363795821e+00
2.392866718842477702e+00
1.211157679730367587e+00
-4.559755996203008754e-01
1.802167856219434317e+00
2.391082206600041005e+00
1.762023456729033821e-01
-1.051808529901526956e+00
-4.724025873938533238e-01
-2.272378468948710317e+00
-4.427248064524938798e+00
-4.424620751144394681e+00
-5.671011449128834592e+00
-4.660426328957588460e+00
-2.155415123933872135e+00
-2.570759936703917781e+00
-3.402729867331924840e+00
-2.078954932778750209e+00
-1.428153842453225852e+00
-9.663698231560218233e-01
1.113799075193634636e+00
1.983566162401011468e+00
1.517635861770144867e+00
2.301882809858542434e+00
2.279857663899532927e+00
3.943080141932497895e-01
-7.490948684726617124e-01
3.645063695842911677e-01
1.368887137411228805e+00
-2.791767371291018485e+00
-5.667428656566569245e+00
-6.144458522281920132e+00
-4.806009285875949999e+00
-3.787756306491132374e+00
-6.133244875675480046e+00
-7.811320276515310468e+00
-7.002886753258131591e+00
-5.557711176096385763e+00
-6.065852509999781539e+00
-3.806683890353239175e+00
-3.974262436581295077e-01
1.570524295563607620e+00
8.731169995939509487e-01
-4.419158919761656534e-02
1.254899197174985659e-01
2.887180192196546535e+00
5.927699921766963698e+00
2.025638216096854460e+00
3.099192866337059371e+00
-1.246651633315683405e+00
-4.902486394330077601e+00
-2.364033001869069395e+00
-6.129684986794257995e+00
-7.545962174772835596e+00
-1.739254052758361535e+00
-1.734991349893687529e+00
-3.231106045915264069e+00
6.791544438110319604e-01
-3.510997170567650816e+00
-4.707471381389906284e+00
1.102302456511481399e+00
6.817350996374075045e+00
6.885121027270262317e+00
3.720354742859188768e+00
3.927373729562063875e+00
4.436061045890966170e+00
7.648847381860557348e-02
-4.226359302218080316e+00
-2.294117509218123629e+00
2.442243738970027778e+00
3.955383665597233644e+00
1.724964311300537734e+00
-1.699561003415579474e+00
-8.446640376468304012e-01
3.295953064260488397e-01
-2.014420218149269193e+00
-1.721993270427058409e+00
-2.175507602502793070e-01
-3.479000477168980865e-02
-3.984035196341030316e-01
1.042225930624556929e+00
1.806442677542125841e+00
2.059605020136172637e+00
1.384559715108692135e+00
1.819892910660234175e+00
1.613614020593179488e+00
1.486724506015930869e+00
1.476151157184015572e+00
-2.712272065460368253e-01
-2.147768198419981456e+00
-3.017028675349590294e+00
-2.528652983325084147e+00
-8.712203035093992742e-01
-1.873546699421113404e+00
-3.775865226425736854e+00
-2.350305417722545975e+00
-5.954078377486914375e-01
-3.499561225249685492e-01
-2.681714774525535638e+00
-3.465561192369359667e+00
-1.862225710288295089e+00
-8.920916145203657832e-01
-9.754825660305612711e-01
2.381428246915875402e-01
6.778937478588480392e-01
8.298547901411760241e-01
-9.406549397154559955e-01
-4.870108076706340938e+00
-4.838248758156513674e+00
1.014072034028085323e+00
-3.224570739783114703e-01
-1.022332722928775084e+00
-1.948601677914720831e+00
-6.972434849394363532e+00
-4.645901657649720740e+00
-2.060811737966284252e+00
-8.247477727985883078e+00
-4.028596354268225710e+00
2.507415666830933088e+00
1.584544357876147558e-01
1.310099441545123700e+00
-1.437913059496934043e+00
-3.096353424288323275e+00
-5.214095069154165429e-01
3.300734062970020588e+00
3.441533743546006718e+00
-9.682062335805401432e-01
-5.729040062720414994e+00
-6.671666516465133867e+00
-4.388866333000002840e+00
-4.020126555200327800e+00
-4.399260243012780514e+00
-3.049093831822101919e+00
2.751330648550315061e+00
2.672276005864892667e+00
-3.646389015929150546e+00
-5.492421456274310110e+00
-6.805543970353089556e-01
1.765153710988468960e+00
-2.462485907063536317e+00
-1.795692621927365673e+00
-2.265437256607638616e-01
1.024268591098190573e+00
1.132400459568429607e+00
7.535661396521109445e-01
1.259348842942358715e+00
7.832257453139535031e-01
-1.563124927180901125e-01
1.182825098322962010e+00
1.787984678734241939e+00
1.013745442572903777e+00
4.188423529449858407e-01
-1.409827648369728070e+00
-3.526429004064650652e+00
-2.760449090215826740e+00
-1.629407281618516556e+00
-2.011482021457732916e+00
-2.679198587479965532e+00
-9.653068452447828296e-01
-4.734953852753376324e-02
5.153571596390660314e-01
8.481584139685952595e-01
9.154816246045882622e-02
-8.256592934995282684e-01
-6.273364983502855985e-01
2.191002537832453800e-01
1.339183342390900533e+00
1.488199778309276411e+00
2.101254174010156461e+00
2.132283486657513105e+00
1.181833959028474768e+00
1.566113980554179941e+00
2.453731298935868832e+00
1.688761325587247342e+00
3.160758590303428761e+00
4.806704806570124333e+00
1.656640281553908967e+00
8.226087637831542843e-01
2.568507514068576914e+00
1.207955245192821270e+00
1.165204696379503080e+00
1.253554002215993446e+00
1.597982493093486056e-02
3.842537282916502761e-02
2.642683899186129004e-01
-1.398617439712863675e+00
-1.136250530579205886e-01
1.612530028342984867e+00
5.670286424314201490e-01
1.111040469242950524e+00
2.103122931657705585e+00
1.662645992413591234e+00
-6.288182331324987384e-02
2.376752614140962727e+00
3.145962687528164103e+00
2.257903375057225936e+00
1.957159882805899365e+00
1.867986720810829393e+00
9.558993730427836066e-01
2.704985783476389294e+00
3.890686868300600398e+00
1.672398640433477190e+00
-9.818892911485277430e-02
7.597517581896139349e-01
-2.285367097661857860e-01
4.602168780232507306e-01
5.303069820307410032e-01
-1.010065154157804290e-01
-4.436880274710225946e-01
-4.019760414237871782e-01
-5.573064258389960335e-01
-6.245930292831155528e-01
-1.162251869073793742e-02
3.530798120338606849e-01
-4.810971596414850282e-01
-5.580549673422252610e-03
1.182827668914450125e-01
-2.681863504516733832e-01
3.635075400112671162e-01
3.832585359769380418e-01
-1.306982361990953745e-01
-1.686322824317962876e-01
-6.034174902296087772e-01
-5.088531398072526635e-01
4.319811246063456345e-01
8.492092613253220401e-01
3.186801856774628128e-01
1.233198847534916487e-01
3.740848685912183669e-01
7.852697992764584578e-01
9.893271445009647058e-01
1.137080641095818079e+00
1.494851647659117155e+00
2.077734617747333257e+00
2.271734624695792348e+00
2.076047068274043728e+00
1.831355507046022346e+00
1.553800905504637342e+00
1.281769806773457532e+00
8.673886437703848262e-01
1.056944978782654587e+00
5.953667565855441657e-01
2.220040667669027912e-01
1.160441979380583966e-01
6.002602144973386011e-02
1.881206045115319803e-01
3.006072816759564059e-01
4.380858486204807223e-01
7.314707011378864809e-01
1.048921453651581182e+00
1.119242048109672760e+00
8.766935320656201736e-01
7.090157157160832391e-01
9.674323701080294047e-01
1.283099027736606557e+00
1.356995643226066139e+00
1.129380323361297567e+00
7.530790234430890795e-01
4.757791881419105029e-01
4.218024416075682459e-01
4.438008551590028605e-01
3.916441197700050170e-01
3.159677469985998077e-01
3.297807305322695837e-01
4.208914162800397873e-01
5.379122420523323456e-01
6.692653506998017532e-01
8.549512601721399596e-01
1.051038095995100008e+00
0.000000000000000000e+00
0.000000000000000000e+00
0.000000000000000000e+00
0.000000000000000000e+00
0.000000000000000000e+00
0.000000000000000000e+00
0.000000000000000000e+00
0.000000000000000000e+00
0.000000000000000000e+00
0.000000000000000000e+00
0.000000000000000000e+00
0.000000000000000000e+00
0.000000000000000000e+00
0.000000000000000000e+00
0.000000000000000000e+00
0.000000000000000000e+00
0.000000000000000000e+00
0.000000000000000000e+00
0.000000000000000000e+00
0.000000000000000000e+00
0.000000000000000000e+00
0.000000000000000000e+00
0.000000000000000000e+00
0.000000000000000000e+00
0.000000000000000000e+00
0.000000000000000000e+00
0.000000000000000000e+00
0.000000000000000000e+00
0.000000000000000000e+00
0.000000000000000000e+00
0.000000000000000000e+00
0.000000000000000000e+00
0.000000000000000000e+00
0.000000000000000000e+00
0.000000000000000000e+00
0.000000000000000000e+00
0.000000000000000000e+00
0.000000000000000000e+00
0.000000000000000000e+00
0.000000000000000000e+00
0.000000000000000000e+00
0.000000000000000000e+00
0.000000000000000000e+00
0.000000000000000000e+00
0.000000000000000000e+00
0.000000000000000000e+00
0.000000000000000000e+00
0.000000000000000000e+00
0.000000000000000000e+00
0.000000000000000000e+00
0.000000000000000000e+00
0.000000000000000000e+00
0.000000000000000000e+00
0.000000000000000000e+00
0.000000000000000000e+00
0.000000000000000000e+00
0.000000000000000000e+00
0.000000000000000000e+00
0.000000000000000000e+00
0.000000000000000000e+00
0.000000000000000000e+00
0.000000000000000000e+00
0.000000000000000000e+00
0.000000000000000000e+00
0.000000000000000000e+00
0.000000000000000000e+00
0.000000000000000000e+00
0.000000000000000000e+00
0.000000000000000000e+00
0.000000000000000000e+00
0.000000000000000000e+00
0.000000000000000000e+00
0.000000000000000000e+00
0.000000000000000000e+00
0.000000000000000000e+00
0.000000000000000000e+00
0.000000000000000000e+00
0.000000000000000000e+00
0.000000000000000000e+00
0.000000000000000000e+00
0.000000000000000000e+00
0.000000000000000000e+00
0.000000000000000000e+00
0.000000000000000000e+00
0.000000000000000000e+00
0.000000000000000000e+00
0.000000000000000000e+00
0.000000000000000000e+00
0.000000000000000000e+00
0.000000000000000000e+00
0.000000000000000000e+00
0.000000000000000000e+00
0.000000000000000000e+00
0.000000000000000000e+00
0.000000000000000000e+00
0.000000000000000000e+00
0.000000000000000000e+00
0.000000000000000000e+00
0.000000000000000000e+00
0.000000000000000000e+00
0.000000000000000000e+00
0.000000000000000000e+00
0.000000000000000000e+00
0.000000000000000000e+00
0.000000000000000000e+00
0.000000000000000000e+00
0.000000000000000000e+00
0.000000000000000000e+00
0.000000000000000000e+00
0.000000000000000000e+00
0.000000000000000000e+00
0.000000000000000000e+00
0.000000000000000000e+00
0.000000000000000000e+00
0.000000000000000000e+00
0.000000000000000000e+00
0.000000000000000000e+00
0.000000000000000000e+00
0.000000000000000000e+00
0.000000000000000000e+00
0.000000000000000000e+00
0.000000000000000000e+00
0.000000000000000000e+00
0.000000000000000000e+00
0.000000000000000000e+00
0.000000000000000000e+00
0.000000000000000000e+00
0.000000000000000000e+00
0.000000000000000000e+00
0.000000000000000000e+00
0.000000000000000000e+00
0.000000000000000000e+00
0.000000000000000000e+00
0.000000000000000000e+00
0.000000000000000000e+00
0.000000000000000000e+00
0.000000000000000000e+00
0.000000000000000000e+00
0.000000000000000000e+00
0.000000000000000000e+00
0.000000000000000000e+00
0.000000000000000000e+00
0.000000000000000000e+00
0.000000000000000000e+00
0.000000000000000000e+00
0.000000000000000000e+00
0.000000000000000000e+00
0.000000000000000000e+00
0.000000000000000000e+00
0.000000000000000000e+00
0.000000000000000000e+00
0.000000000000000000e+00
0.000000000000000000e+00
0.000000000000000000e+00
0.000000000000000000e+00
0.000000000000000000e+00
0.000000000000000000e+00
