9.468688964843741118e-01
-5.601100740745568185e-01
-1.253856168806066762e+00
-3.126463214762471576e-01
-1.476377023520831333e+00
-3.123209038126658843e+00
-2.884250828201805561e+00
-2.153325571747242151e+00
-1.088129759538500885e+00
-8.134276230355044213e-01
-1.220715232179280463e+00
-8.128825615868469079e-01
-1.660089935320835819e+00
-1.825045201955168839e+00
-3.576425073263136412e-01
9.452947114426177855e-01
4.321723521644722510e-01
1.521156678076267532e-01
-2.794932293296687575e+00
-8.017246899793768478e-01
1.465798840043780693e+00
-1.683968450314999643e+00
-3.739653068152012594e+00
-2.929192172898749114e-01
-1.188336469083558722e+00
-3.272338190567297911e+00
-1.197768652899642960e+00
-2.211688188294558710e+00
-1.899176637568696702e+00
3.175746203097338238e-01
-1.631191514534487741e+00
-1.555966258006520331e-01
-6.720209718856788861e-01
-1.570643996004881027e+00
-7.606909809552984125e-01
1.340432776144877103e+00
2.165302118398564346e+00
-1.391795370281049715e+00
-4.692449254508059830e-01
3.661928080419289078e+00
1.565910160086181335e+00
-2.240890094658785525e+00
-1.997806066844293182e+00
4.357148170959836975e-01
4.966489692754327834e-02
1.019564997482911295e-01
5.749217679956264426e-01
-5.220004790354504376e-01
-1.627724662239038445e-02
1.386291518186469451e+00
5.667311919479474103e-01
-8.434587734800279568e-01
5.741587309624134328e-01
7.982624247928216121e-01
-2.177237905306689258e-01
4.874621215228914783e-01
1.193223088905437379e+00
6.840784755842526099e-01
-3.048032298952324526e-01
-1.147373586039838855e+00
-5.402906234442326205e-01
3.227002276923161550e-01
-9.132777129837060803e-02
2.844257923923940723e-01
5.867348604809453638e-01
6.289696904573520708e-01
1.669067641266986923e-01
4.434708264156597135e-01
1.132941882591879112e-01
-2.127713012772688428e-01
2.905210371286518489e-01
-4.444877981479317119e-01
-2.895445810738384029e-01
1.323577841046641446e-03
-2.680431622357790644e-01
6.745388861105867662e-01
1.914566592942299472e-01
-1.033316809588554319e+00
-1.168795413555963059e+00
-7.673216190285186977e-01
-2.249724942652455262e+00
-2.376372974789469517e+00
-2.364892983318458430e-01
8.134423462076976197e-01
-1.441061127889557980e+00
-9.933828081294739931e-01
1.021020739034305791e+00
-1.337117157447551552e-01
-1.541938526576342339e+00
-1.709567738950168003e+00
-1.983000910053287047e+00
-4.636550675626160967e-02
1.319461945891765797e+00
1.157460315075923507e+00
-2.735704907239745687e+00
-3.659646112076213598e+00
-2.648022557565791857e+00
-1.405927550269812532e+00
-2.436627578813699735e+00
-7.584812491595831485e-01
1.921924284240791314e+00
1.108678740918950023e+00
4.207515514189104078e-01
-1.088368247908175324e+00
-1.118183125313627180e+00
4.113424350763205117e-01
-2.045592431608530326e+00
-2.663854820710479299e+00
-1.105315350753410364e+00
-1.762507241394799085e+00
-3.581095709167523289e+00
-5.215995280386144017e+00
-6.898851928818330315e-01
-1.225913456423323389e+00
-5.263097471854544018e+00
-3.535490447531239866e-01
3.758328590834921989e+00
2.203389369910389473e+00
-7.082905219382045203e-01
4.900438772501405360e+00
3.263868241089881828e+00
-1.929003462727633567e+00
-4.811741075085405051e-01
9.895056136649218459e-01
-1.980359384660568933e+00
-4.572246868675748921e-01
1.622451627096888060e-01
1.109263575969667626e+00
2.249828479329716746e+00
-5.406745706948434815e-04
-2.306029214288359830e-01
-5.215293659307285168e-01
-1.633957863350201212e+00
-1.824311110105652389e+00
-3.384970786287832212e+00
-3.276857071015995881e+00
-1.424508766928995085e+00
1.159874623283531969e+00
9.869546343414876688e-01
1.089652062637894714e+00
1.397705773313081989e+00
1.090154378721360562e+00
2.575276293665145211e-01
-2.133039706510293065e+00
-3.327249638259815789e+00
-2.854366167626806838e+00
-6.275055972456778930e-01
8.613776380426474422e-02
-1.842873811740939782e+00
-1.417079579713340198e+00
-7.608794428834042556e-02
9.660282508208243302e-01
-5.085917340749306348e-01
-1.824124175650809310e+00
-1.386917225468688120e+00
5.254784762433817313e-02
5.208036767756010210e-01
4.131413385305082731e-01
-2.206040127086672520e-01
-1.349451483039064037e+00
-1.554720358288616877e+00
-9.842732284654323038e-01
-3.961403744856253351e-01
-5.657208679209237978e-01
-6.041342596162626588e-01
1.189541643714115970e-01
5.331203203420735726e-01
-1.247035675573653357e-01
-1.211896007391882968e+00
-1.066771032365001703e+00
-1.494056255677756351e+00
-2.716670577883137927e+00
-3.305764391376955214e+00
-1.879018050435667497e+00
1.031010437407920310e+00
-9.206366678877486720e-02
-1.189862716897743367e+00
7.144903920565888189e-01
-4.447080062372787967e-01
-9.337204466520137025e-01
1.627502188750373335e+00
2.633360224444528885e+00
2.356746239102706753e+00
1.870053645710469059e+00
-9.298881017573379371e-01
-1.477366683521530666e+00
-1.878958073182131594e+00
-1.302054840244343925e+00
1.978817917602410104e-01
9.542499633014078775e-02
5.134757380067527244e-01
1.398597372931908556e+00
1.262807099073733452e+00
-2.815425466718761704e-01
-9.822334219956949664e-01
-5.197293375291260897e-01
5.309132817956712103e-01
7.121635131596188995e-01
-8.273048087084566848e-01
-2.232692438443308003e+00
-9.540462321505991383e-01
5.903242199682295910e-01
-1.184454921336472566e+00
-2.462885677301253740e+00
-2.629707077965364626e+00
-1.160824851133198887e+00
-1.677718063132475068e-01
-1.740205966822316874e+00
-2.106134016067037429e+00
-2.037519300211941609e+00
-2.435604794123548356e+00
-7.844118412331233525e-01
9.465121216605107968e-01
-1.312230725506804419e-01
2.646272469847534836e-01
5.300654146161292157e-01
-2.389310592668722588e+00
-2.510963543862430036e+00
-1.049750789269970674e+00
-3.588890152656021293e-01
-1.049293667174603817e+00
-1.194970451427469493e+00
-3.796584391683595072e-01
-4.342069739807390416e-01
-6.402769724300767518e-01
-1.226867946497634865e+00
1.471100712927638332e+00
3.715932791562301496e+00
3.778619002681292027e+00
1.884170767715008576e+00
-7.905089342098570171e-02
5.909496609476598827e-01
7.891512725998452993e-01
-7.322465585143933531e-02
2.217277555537979783e-01
-1.915064885200363776e-01
-6.396288168429347110e-01
5.924598151267224111e-02
1.391033961257523099e+00
4.389504959053458499e-01
-8.891708963099242968e-01
-1.404306712659016299e+00
7.936330643971435395e-01
9.651960595225146378e-01
-1.038567683503190953e+00
-2.538406342916137426e+00
-1.591132554962820800e+00
7.825083262054450817e-01
4.832888466093246960e-01
4.404342586482346000e-01
-3.013016895113204141e-01
-1.257750004562031121e+00
7.446785401910260838e-02
-8.780741128659952377e-01
-4.068498956338366668e+00
-4.243251742150871308e+00
-2.344383733346965037e+00
-2.993512267127292681e+00
-1.482774403974129296e+00
1.021283140755470109e+00
-1.000045963132603521e+00
-4.449452243443046129e-01
2.970132164211314318e-01
-3.260040928196794585e-02
-1.953635403473698240e+00
-1.852765420118875017e+00
-9.363752654753365601e-01
-1.963824496661328967e+00
-1.234636787633490052e+00
8.780778332145300347e-02
1.393897425801761791e+00
8.382123825283143148e-01
6.374614011580348460e-01
-1.897542926280362918e+00
-3.100734690147287420e+00
-4.710046918862832221e+00
-4.344657575473604538e+00
-1.971399164485074795e+00
-4.241404625311515630e+00
-6.510628488407785852e+00
-1.490888473796275537e+00
1.276078275771660442e+00
-3.477703842956301195e+00
-2.639834556059055259e+00
9.492209218346624455e-01
-3.683859264686669466e+00
-1.135745703962664166e+00
1.736914301699181040e+00
-2.938141901792221677e-01
4.307656298638339543e+00
3.648356505343257616e+00
-1.875243756362958703e+00
1.487511459340138398e+00
3.093384823699416586e+00
1.966252198218789715e-01
-2.156223917606461704e+00
3.684607639041693972e+00
2.617976733356448538e+00
3.394332857988779928e-02
7.183999118070958367e-01
-1.668952760990889406e+00
-2.070909364288451293e+00
1.223747313726393671e+00
6.592656181358858003e-01
-1.073245619311149701e+00
4.615084341707684779e-01
1.215822321030161968e+00
-9.977000467567003206e-01
-3.968127307406392745e-01
3.875854396333298091e-01
9.942366258529111711e-02
-2.852917062674047433e-01
-3.122631515965050841e-01
1.966175291939318281e-01
8.762857547328074537e-01
1.731563304960653804e-02
7.888789519423267116e-01
1.414054089678109305e+00
9.094090306153919112e-01
2.270492949304747654e-02
8.860754633994685214e-01
8.430269813893114250e-01
4.226919124076313761e-01
1.124352092331132535e+00
1.229406687802034881e+00
3.436137018927767350e-01
1.376648103191839834e+00
1.541558328901840635e+00
2.697128378815794592e-01
-8.644841043703666017e-01
-7.164326408865856477e-01
-4.489283493861290220e-01
-8.983826871451761065e-02
4.071754443263152501e-01
3.118061793428512640e-01
-9.284599466556049396e-01
-4.831311944449810936e-01
-1.286042253323527174e-01
-1.223162352505195560e+00
-8.762136906223363386e-01
-3.540377633414949488e-01
-1.003729237819223297e+00
-7.751450094125222900e-01
-1.102186975253707457e+00
-2.390607684650130516e+00
-2.000616278713603702e+00
-1.254747296459547634e+00
-2.858254412479568796e+00
-2.977421374442706714e+00
-2.050798726610013389e+00
-1.434761442495003925e+00
-3.042207179714648380e+00
-1.988862848173598374e+00
-9.720482259515248469e-01
-1.999701595292799450e+00
-8.829369707563122782e-01
-9.594378557928391338e-01
-7.904234473200999478e-01
-6.016510458691594065e-01
-3.192294093665868360e-01
1.164500075517335365e+00
-2.580549907159292555e+00
-2.849756845985255360e+00
-2.158566304745725972e-01
-1.868604565183304089e+00
-1.261812090248192852e+00
-1.426749104031925341e+00
-4.382202048411324213e+00
-2.758776060763986848e+00
-4.544678626681237787e-01
-1.741016405916934850e+00
-1.948786148790262018e+00
-4.705708063532123564e-01
1.136005391103691586e+00
1.819506428743323134e+00
-2.723747030291422178e+00
-2.536048419600414050e+00
-1.065104369743111512e+00
-2.821741852136905759e+00
-3.260383713452786658e+00
-9.146973009186889492e-01
2.328966668245002758e-01
-2.084789328214747162e+00
-3.645661235339900053e+00
-3.958358748974803110e+00
-6.577596906653342401e-01
1.653964447086381018e+00
-1.133594884817115345e+00
3.561356477715453828e-01
6.081519001848469053e+00
6.105441840410272825e+00
2.172835052693811164e+00
2.501351085850489486e+00
4.251764904172536497e+00
3.506331392719995055e+00
3.392321776130037936e+00
2.352588749868374851e+00
1.132009788883958867e+00
3.041472148511812801e+00
3.155681483477297711e+00
1.971113455223445499e+00
1.014169571343567000e+00
1.931739366081261622e+00
2.537362043180447557e+00
2.787730133323793158e+00
2.478619148877769796e+00
1.724238185343652363e+00
1.527230175145470437e+00
1.661801810072148333e+00
0.000000000000000000e+00
0.000000000000000000e+00
0.000000000000000000e+00
0.000000000000000000e+00
0.000000000000000000e+00
0.000000000000000000e+00
0.000000000000000000e+00
0.000000000000000000e+00
0.000000000000000000e+00
0.000000000000000000e+00
0.000000000000000000e+00
0.000000000000000000e+00
0.000000000000000000e+00
0.000000000000000000e+00
0.000000000000000000e+00
0.000000000000000000e+00
0.000000000000000000e+00
0.000000000000000000e+00
0.000000000000000000e+00
0.000000000000000000e+00
0.000000000000000000e+00
0.000000000000000000e+00
0.000000000000000000e+00
0.000000000000000000e+00
0.000000000000000000e+00
0.000000000000000000e+00
0.000000000000000000e+00
0.000000000000000000e+00
0.000000000000000000e+00
0.000000000000000000e+00
0.000000000000000000e+00
0.000000000000000000e+00
0.000000000000000000e+00
0.000000000000000000e+00
0.000000000000000000e+00
0.000000000000000000e+00
0.000000000000000000e+00
0.000000000000000000e+00
0.000000000000000000e+00
0.000000000000000000e+00
0.000000000000000000e+00
0.000000000000000000e+00
0.000000000000000000e+00
0.000000000000000000e+00
0.000000000000000000e+00
0.000000000000000000e+00
0.000000000000000000e+00
0.000000000000000000e+00
0.000000000000000000e+00
0.000000000000000000e+00
0.000000000000000000e+00
0.000000000000000000e+00
0.000000000000000000e+00
0.000000000000000000e+00
0.000000000000000000e+00
0.000000000000000000e+00
0.000000000000000000e+00
0.000000000000000000e+00
0.000000000000000000e+00
0.000000000000000000e+00
0.000000000000000000e+00
0.000000000000000000e+00
0.000000000000000000e+00
0.000000000000000000e+00
0.000000000000000000e+00
0.000000000000000000e+00
0.000000000000000000e+00
0.000000000000000000e+00
0.000000000000000000e+00
0.000000000000000000e+00
0.000000000000000000e+00
0.000000000000000000e+00
0.000000000000000000e+00
0.000000000000000000e+00
0.000000000000000000e+00
0.000000000000000000e+00
0.000000000000000000e+00
0.000000000000000000e+00
0.000000000000000000e+00
0.000000000000000000e+00
0.000000000000000000e+00
0.000000000000000000e+00
0.000000000000000000e+00
0.000000000000000000e+00
0.000000000000000000e+00
0.000000000000000000e+00
0.000000000000000000e+00
0.000000000000000000e+00
0.000000000000000000e+00
0.000000000000000000e+00
0.000000000000000000e+00
