-1.513061523437500000e-01
-3.447199170012495983e-01
-6.936957600958586490e-01
1.390585958814400946e-01
1.412781275006352866e+00
1.299918416066424776e+00
4.136847645773489290e-01
2.199967153308459711e-01
2.730703150334455875e-01
1.656298896187760050e-01
2.432275528241041318e-01
1.161000993402061976e+00
3.221336397356853620e+00
3.045554132949792159e+00
3.794330642593117808e-01
1.767993530542601999e+00
2.166318284956603613e+00
-3.435671711451071531e-02
-1.065693843284831965e+00
2.815287313862016916e+00
4.365093527401069373e-01
-8.065477720234177639e-01
3.801495022812038549e+00
2.669608531327299250e+00
-2.197608578419573799e+00
7.399088137475531290e-01
2.816852811002698687e+00
8.184046460504594833e-01
-7.634596105389523935e-01
1.733815540844309222e+00
1.434691122590892931e+00
-6.087506483014801795e-01
-1.478778823193054759e+00
2.544465092830711317e+00
3.773169261318285006e+00
1.630085454215593366e+00
1.022836901864423442e+00
5.670772676009847579e-01
-4.332631281160610470e-01
-7.850258103962346468e-01
3.215765500371605690e-01
1.902322698478148499e+00
7.451890537577581242e-01
-9.627338854136675561e-01
1.508460661436958894e-01
6.621689178754492922e-01
6.741989529751533095e-01
6.984289620966761536e-01
6.550878425422002049e-01
6.373281517889424208e-01
-7.611732479645552107e-01
-2.448595775276167341e+00
-1.705520754109451032e+00
8.461512422808326050e-02
1.084419660864187618e+00
-9.947366250477971406e-01
-1.795662438584920917e+00
2.223571552602505719e-01
1.831846069169360769e+00
2.240396379367752822e-01
2.893357688360161384e-01
-9.162359786411268248e-01
-1.795891074160366641e+00
-1.381711656384687625e-01
1.844756489710543734e+00
5.498155210635706780e-01
-8.431659394571334731e-01
5.230229053201019829e-01
1.057702222661884850e+00
6.708783423651110134e-02
-4.817558775212788524e-01
-5.433436757284180185e-01
-9.346727551701612402e-01
-1.170334976856799436e-01
1.585199093578326002e+00
2.294563261688290723e+00
1.863078747524589129e+00
-4.232224003567774950e-02
-1.880542910641110455e+00
-1.571635137828722328e+00
-5.685009078984748498e-02
2.398246212226500251e-01
-5.596087752057614662e-01
-1.182923010223401628e+00
-1.425276855527607189e+00
-1.092484739259463655e+00
-8.668528633215183410e-01
-6.073728885017475321e-01
-9.047962205212576325e-01
-2.278176117207108220e+00
-3.443936441619824596e+00
-2.430311509250023150e+00
7.981804385422881509e-01
3.059052032858708081e+00
2.646997968843655791e+00
1.460306776752769764e+00
5.095350371537366030e-01
8.301782200893448316e-01
3.007850189233145066e+00
2.080965119458473733e+00
-5.162077286378696783e-01
-2.767783682794314970e+00
-3.318237884172432040e+00
-4.961621409005525507e-01
2.599541007329273512e+00
4.523441978103990735e+00
4.563340988011978183e+00
3.518626381683100490e+00
3.247344674218258120e+00
3.540417257500951820e+00
2.981348859125941608e+00
1.415068107793375995e+00
-3.167302287988824627e-01
-7.683754999501413163e-01
2.147588146605399206e-01
1.788484300265302807e-02
-8.600653995536455820e-01
-4.678638932808121265e-01
-2.631498787931652039e-01
-5.049451855917318488e-01
-2.224161732702213679e-01
-1.556352503457631320e+00
-1.815587535149500109e+00
-3.156216606122295154e-01
5.361028186055594169e-02
-6.211504930580225015e-01
1.383077618629823480e+00
1.492255194067676705e+00
-1.840624133196719026e+00
-8.944632121373461420e-01
5.024846187717402213e-01
-5.804423433881584771e-01
1.046821434677191798e+00
1.933984151249254602e+00
1.353847302743535597e+00
3.660176721006310752e-01
9.053470457015325712e-01
4.755132773460957196e-01
-1.051851024613328356e-01
5.141447679259043557e-01
-5.232433399078603165e-01
-1.499605662365709913e+00
-4.638232972772656781e-01
-5.490802249173043492e-02
-1.149424476706734533e+00
-3.477279441781289115e-01
4.728803474251626060e-01
-1.677583779063620106e+00
-3.375544010891831093e-01
1.562741098335804102e+00
1.122589139629231569e+00
1.792907626411004429e-01
7.111378651751278923e-01
1.684193732250537368e+00
2.103980047505213946e-01
-3.905143875854134805e+00
-3.473996573192049020e+00
-1.489614938276070610e+00
-2.681627054299304369e+00
-3.994161384330500830e+00
1.938038421896992602e-02
2.263112465522977068e+00
1.646967026835790548e-01
1.136431490053409821e+00
3.604070756114244212e+00
3.911937099734988266e+00
7.944673790773357780e-01
7.060002503755247183e-01
1.073415048030270658e+00
-1.826627116235948201e-01
-1.946681750686069634e+00
-2.673711911601514668e+00
3.492873590352107982e-03
1.302497890394110458e+00
1.004984242834968455e+00
6.971182979977421645e-01
7.169060710855097440e-01
2.000389092749537134e-01
-7.798149043675375314e-01
-9.114159191947701633e-01
8.019598746384648535e-02
7.694993432175618597e-01
3.033647482431744979e-01
-1.093219164847408553e+00
-1.681879583364520148e+00
-1.201733497671372053e+00
-1.004243368245737678e+00
-1.408691453655400272e+00
-2.222149849140608868e-01
1.990154286809046935e+00
8.499578369493769880e-01
-6.498958244043309129e-01
-8.859171485822763259e-01
1.427008949680499406e-01
-1.961940068236020851e+00
-5.837278303218321085e+00
-4.561985030285070408e+00
-1.950272629277478575e+00
-1.658367495374817757e+00
-1.718839553617581561e+00
2.513760489444081259e-01
2.405033278557891840e+00
2.616465989079841847e+00
1.877274353477128344e+00
1.927036080002641816e+00
2.739650008591375752e+00
7.038829595967537323e-01
-5.812623935520122576e-01
2.144969590075198163e+00
8.040679346485988255e-01
-1.265667354992510818e+00
-4.721440576438029613e-01
1.060167533768265669e+00
1.445713072700055335e+00
2.351774611581679775e+00
2.237620559059643188e+00
2.180859240705977253e+00
3.102873764499926690e+00
2.315010023424536545e+00
4.268783966657917484e-01
8.820482725939701174e-01
5.865207008152002466e-01
-1.604138721100931697e-01
-1.057855654953285818e-01
-4.783512440130467391e-01
-2.431146964898339924e+00
-2.287291408092055445e+00
-2.882035535042417607e-01
-1.361644582487407051e+00
-1.611448808154855250e+00
3.212942462475522065e-01
-9.939177652411355091e-01
-7.299612822244387900e-01
1.363164294205469140e+00
2.553741028314205241e+00
-3.536109874671591324e-01
2.647287194050811365e-01
3.692768746715877626e-01
-6.654307546832534115e-01
1.137397482188157394e+00
1.743611119332338477e+00
-1.704102569565186798e-01
-1.380823468451712888e+00
-4.565940825287995164e-01
-1.302849015509615072e-01
1.640650361832807214e-02
-4.807460977139386138e-01
-3.877787671797537916e-01
-2.579757624734764221e-01
-1.569437475225059941e+00
-3.464323695681896353e+00
-3.941121761055510930e+00
-3.733202037952378927e+00
-3.427076634902872954e+00
-1.599580845651973560e+00
1.810549161718053579e+00
3.543728180631365188e+00
2.433038371700240177e+00
3.004190374876588798e+00
2.776029758337205777e+00
3.902329067905530025e+00
5.586588972013765364e+00
4.509312100692671521e+00
1.102820790716072530e+00
-2.344351078376688768e+00
-1.496288373635358271e+00
1.578581655409762030e+00
2.611170140017536667e+00
1.974210458621135755e+00
6.671316717686883724e-01
-6.008890939110862472e-01
8.757938531612050603e-01
2.707057617812260730e+00
3.735002557819851798e+00
2.492265698311892930e+00
-5.860189576845196147e-01
-1.359156257521905165e+00
-3.816427296036398742e-01
-2.281260245397781494e-02
-4.543832258559099557e-02
1.647159303759214710e-01
-7.313481754516881761e-01
-1.120694353663961529e+00
-4.060140179773852331e-02
5.859256160646968414e-01
1.798869185563352069e-01
7.707871853600578582e-02
-3.664538345485366388e-01
-1.227508302467095413e+00
-3.545063824274019559e-02
1.863130545270607064e+00
8.499369588192144942e-01
-2.620443758642831966e-02
-8.951227997189259433e-02
6.273192333397303866e-01
-6.985378042727385939e-02
8.670614922824884663e-02
-8.512572076295934487e-01
-1.321109793326706416e+00
-1.324503984446504967e+00
-8.984089704422458800e-01
-6.008240405143849827e-01
-8.142452921458032122e-01
-9.482529201848173273e-01
-7.772718410462502447e-01
-2.401659102403427282e-01
-8.300218323637171824e-01
-5.434594264704146749e-01
3.110821358358706323e-01
4.172178379871791520e-01
-2.486270680990401161e-01
1.186079827904551465e-01
1.488848994712991258e+00
1.555881031696283667e+00
-1.474112009250776234e+00
-4.060524451509085253e+00
-3.860691352792028130e+00
-1.924755665788655090e+00
-3.231928118708449205e-02
9.759614933068530007e-01
1.912149002360796990e+00
6.193213636056142946e-01
-1.934696565417212799e+00
-4.051676175137857605e+00
-2.216811052997322840e+00
5.840153605169002837e-01
2.684886103700825366e-01
-6.709736176621756698e-01
-1.289897947913587473e-02
3.166831252272128694e-02
-7.152769458902734634e-01
5.891329727283443063e-01
2.898211160842885548e+00
1.639491915914607301e+00
-2.109788390862639140e-01
3.025371553168511696e+00
2.957497987301977993e+00
-4.308402123547798723e-01
-2.322050922819602903e+00
1.645725334554013930e+00
4.554384556822506980e+00
3.802643169128326672e+00
5.563512872299357648e-01
3.020745450892844186e+00
3.778253422928833594e+00
1.102431584331089454e+00
1.758221963061433968e+00
1.948937850646124126e+00
-7.544821482230934517e-01
2.318567170327717530e+00
4.837505240280012941e+00
2.929140839097359006e+00
2.556263335494373123e-01
1.549594302616674746e+00
4.150388539650939457e+00
2.952520849260042546e+00
1.601456803519160310e+00
8.620505480899606221e-01
1.177549277599344357e+00
1.995390290809204048e+00
2.675794243687879881e+00
3.427010357569906684e+00
3.244398004303602256e+00
2.326418975114666221e+00
1.678151174459338701e+00
1.955197617083883621e+00
0.000000000000000000e+00
0.000000000000000000e+00
0.000000000000000000e+00
0.000000000000000000e+00
0.000000000000000000e+00
0.000000000000000000e+00
0.000000000000000000e+00
0.000000000000000000e+00
0.000000000000000000e+00
0.000000000000000000e+00
0.000000000000000000e+00
0.000000000000000000e+00
0.000000000000000000e+00
0.000000000000000000e+00
0.000000000000000000e+00
0.000000000000000000e+00
0.000000000000000000e+00
0.000000000000000000e+00
0.000000000000000000e+00
0.000000000000000000e+00
0.000000000000000000e+00
0.000000000000000000e+00
0.000000000000000000e+00
0.000000000000000000e+00
0.000000000000000000e+00
0.000000000000000000e+00
0.000000000000000000e+00
0.000000000000000000e+00
0.000000000000000000e+00
0.000000000000000000e+00
0.000000000000000000e+00
0.000000000000000000e+00
0.000000000000000000e+00
0.000000000000000000e+00
0.000000000000000000e+00
0.000000000000000000e+00
0.000000000000000000e+00
0.000000000000000000e+00
0.000000000000000000e+00
0.000000000000000000e+00
0.000000000000000000e+00
0.000000000000000000e+00
0.000000000000000000e+00
0.000000000000000000e+00
0.000000000000000000e+00
0.000000000000000000e+00
0.000000000000000000e+00
0.000000000000000000e+00
0.000000000000000000e+00
0.000000000000000000e+00
0.000000000000000000e+00
0.000000000000000000e+00
0.000000000000000000e+00
0.000000000000000000e+00
0.000000000000000000e+00
0.000000000000000000e+00
0.000000000000000000e+00
0.000000000000000000e+00
0.000000000000000000e+00
0.000000000000000000e+00
0.000000000000000000e+00
0.000000000000000000e+00
0.000000000000000000e+00
0.000000000000000000e+00
0.000000000000000000e+00
0.000000000000000000e+00
0.000000000000000000e+00
0.000000000000000000e+00
0.000000000000000000e+00
0.000000000000000000e+00
0.000000000000000000e+00
0.000000000000000000e+00
0.000000000000000000e+00
0.000000000000000000e+00
0.000000000000000000e+00
0.000000000000000000e+00
0.000000000000000000e+00
0.000000000000000000e+00
0.000000000000000000e+00
0.000000000000000000e+00
0.000000000000000000e+00
0.000000000000000000e+00
0.000000000000000000e+00
0.000000000000000000e+00
0.000000000000000000e+00
0.000000000000000000e+00
0.000000000000000000e+00
0.000000000000000000e+00
0.000000000000000000e+00
0.000000000000000000e+00
0.000000000000000000e+00
0.000000000000000000e+00
0.000000000000000000e+00
0.000000000000000000e+00
0.000000000000000000e+00
0.000000000000000000e+00
0.000000000000000000e+00
0.000000000000000000e+00
0.000000000000000000e+00
0.000000000000000000e+00
0.000000000000000000e+00
0.000000000000000000e+00
0.000000000000000000e+00
0.000000000000000000e+00
0.000000000000000000e+00
0.000000000000000000e+00
0.000000000000000000e+00
0.000000000000000000e+00
0.000000000000000000e+00
0.000000000000000000e+00
0.000000000000000000e+00
0.000000000000000000e+00
0.000000000000000000e+00
0.000000000000000000e+00
0.000000000000000000e+00
0.000000000000000000e+00
0.000000000000000000e+00
0.000000000000000000e+00
0.000000000000000000e+00
0.000000000000000000e+00
0.000000000000000000e+00
0.000000000000000000e+00
0.000000000000000000e+00
0.000000000000000000e+00
0.000000000000000000e+00
0.000000000000000000e+00
0.000000000000000000e+00
0.000000000000000000e+00
0.000000000000000000e+00
0.000000000000000000e+00
0.000000000000000000e+00
0.000000000000000000e+00
0.000000000000000000e+00
0.000000000000000000e+00
