-4.715881347656250000e-01
-6.182301295016021658e-01
-1.086844529821857863e+00
-1.477798850759497462e+00
-1.196028130399260592e+00
-6.854011173542958746e-01
-2.978666947461849901e-02
3.777267991367652122e-01
-3.478213285081561135e-01
-1.122464027082906712e+00
-1.132508254566345851e+00
-1.210321823643817796e+00
-1.043490137409523122e+00
-3.651666090818475041e-01
8.488612952712242254e-01
1.765903557529136414e+00
-1.311780222327052492e-01
-1.661090496656741022e+00
7.086396284772522591e-02
1.924254072531242699e+00
2.876576557727007710e+00
2.395043238167680055e+00
1.581571853682893769e-01
8.144816667642384989e-01
2.141540486505720153e+00
1.673080604029024920e+00
-6.482573379818563630e-01
-2.553931268124058906e+00
-1.266862003287284377e+00
-4.536949010946771388e-01
-1.989561291734796011e+00
-2.558410756666788188e+00
-8.055910596034689952e-01
1.430007820886723291e+00
-1.094622694227292747e+00
-2.809666760756565740e+00
-2.705082992685159393e+00
5.547894612274306692e-02
3.664792124185458633e-01
6.072073818784629040e-02
-2.148195595169282157e-01
-7.030762176249516493e-02
1.005615741505892169e+00
8.236283292890618224e-01
9.740654817157992085e-01
1.001013989800766613e+00
2.989527531833096052e-01
-5.298929874502859017e-01
-1.148381627296450436e+00
-1.399264414934877632e+00
-1.414424736323132592e+00
-9.630496929234144687e-01
4.976462928802771746e-02
-8.664384348202243125e-01
-1.608813390326768733e+00
-2.064087483574425175e+00
-2.400591576464422339e+00
-2.996154096547260171e+00
-2.387468477529583133e+00
-1.117749493638262370e+00
1.653492350061975813e-01
8.388332518244661085e-01
6.360995265820852396e-01
2.949568508788935617e-01
-2.938975194981612304e-01
-9.745660082669904689e-01
-1.236596606102246865e+00
-8.530561751546421601e-01
-1.218384585886560512e-01
-1.573366415647385885e-01
-6.815134078006546137e-01
-4.033648915628913478e-01
5.605603753936962974e-01
6.716670872795438285e-01
1.291843998781418978e-01
-1.904134527285508138e-01
-4.187368002760183394e-01
-5.855530015542804723e-01
-8.333272773854938364e-01
-1.030438582265119196e+00
-1.414993983009366740e+00
-2.136086298518816484e+00
-1.715414775110774448e+00
-1.297796168827220598e+00
-1.113117461596359048e+00
-7.988306586722745406e-01
-1.137125732832322544e-01
3.187587423495499284e-01
3.980087949592385765e-01
3.920508176009018797e-01
4.112708432218958876e-01
4.900645592784580451e-01
6.892683441389496624e-01
8.830667782444545644e-01
5.267846348535615286e-01
-5.924198381091614340e-01
-1.676719456363998439e+00
-2.218905054913257402e+00
-2.416804559364172711e+00
-2.626746202193719792e+00
-3.005075200294781368e+00
-3.619598985271979430e+00
-4.498149877917853701e+00
-5.414657003652094680e+00
-5.806954457042549755e+00
-4.873419958759739323e+00
-3.552737457088833484e+00
-2.752128002034248233e+00
-2.174351639734252828e+00
-1.224066235416711557e+00
3.284631137552271873e-01
1.593394825165922457e+00
1.945553258940560415e+00
2.542290165447119943e+00
2.847385939159072343e+00
2.357450875465489482e+00
1.587671856858985153e+00
9.324973153798081782e-01
9.381905480775079020e-01
1.490948016310099433e+00
2.217076800048712215e+00
2.986069309643111236e+00
1.646715874507310051e+00
-2.593079202785679716e-01
-2.617077155402551814e-01
1.078206781413082460e+00
3.353751503059998473e-01
-8.711833933942223496e-01
-1.498719424667370292e+00
-1.757473232797279072e+00
-1.447227972541446528e+00
-1.935141040703992843e+00
-2.732739904479936310e+00
-2.832067651516102291e+00
-2.898802981908508603e+00
-2.596509825897977741e+00
-1.505156714863340461e+00
-8.398502519129664723e-01
-1.421383986996973547e+00
-1.923354545101910951e+00
-1.376864344881585822e+00
-2.125994254790897209e-01
1.138586044695115707e+00
2.618031980721152507e+00
3.097709974881449391e+00
1.279880167346527209e+00
-3.796344956015433869e-01
-1.064799681118494767e+00
-3.242440953346794608e-01
6.839580139892744715e-01
1.601641274391556680e+00
1.234018116612211058e+00
1.187040943644503965e-01
9.929276326654656870e-02
8.502507965598611328e-01
1.636371417494826064e+00
2.296658385982703887e+00
3.132182963224530603e+00
1.679111486768023465e+00
-1.169821186844345551e+00
-3.551456055703962722e+00
-3.555156853950669493e+00
-2.866861750171429968e+00
-1.954021669336188261e+00
-1.354591747225151632e+00
-1.756842953677728358e+00
-1.968644736959912045e+00
-1.539016064202862077e+00
-1.261117143313320810e+00
-1.272740067734761338e+00
-1.051224460699637486e+00
-1.169280581241252337e+00
-1.710615860460094950e+00
-1.730537866053707408e+00
-1.467504661512141428e+00
-7.881138730934482695e-01
-2.744018461581720358e-01
-2.230470121111416404e-02
9.515895948105452806e-01
2.427918784548800168e+00
3.223857453488927494e+00
2.201324859206163609e+00
1.204475535644883522e+00
1.467567688663828918e-01
-4.450296135278377641e-01
1.096533894949058840e-02
1.006164496028619348e+00
1.683425385158916265e+00
1.132805464722812072e+00
-7.852881710088777112e-02
-3.218985526029771727e-02
-1.852008270894676123e-01
-8.196261126982973266e-01
-1.022776375183421127e+00
-7.453044084619238063e-01
-9.550513078935893851e-01
-2.281686630209986966e+00
-3.635910566644851016e+00
-3.902952771666009291e+00
-3.617325482545332704e+00
-3.450193772993648711e+00
-3.485950240898831876e+00
-3.354936777169111206e+00
-3.032258952671794461e+00
-2.703700248919588489e+00
-1.894512956002575077e+00
-6.109887638407125454e-01
6.683059972652370950e-01
1.360163826831553902e+00
1.361729365496346489e+00
9.734027255216652907e-01
5.598601334723525280e-01
1.573934844299464952e-01
3.692445784679114773e-01
1.583337732887874161e+00
2.438964153552281910e+00
2.282224754078014062e+00
1.514509381664759013e+00
8.822281263778042337e-01
8.197423457467905017e-01
1.111997377916662089e+00
1.257908848957791204e+00
1.042646901443178287e+00
1.057004268990354934e+00
1.655298257359075764e+00
2.037923975827668599e+00
1.611060343698873742e+00
1.156381201536808456e+00
1.134847139530901217e+00
7.359951569558820239e-01
-4.470975038992976991e-01
-1.243315327893476763e+00
-1.089145713092699808e+00
-8.714011465018990377e-01
-1.530351727349456903e+00
-2.022751991964961249e+00
-1.889265451055121892e+00
-1.208093363433482725e+00
-8.536186524911621998e-01
-1.000742574145774721e+00
-1.097183108981533817e+00
-1.479467892215577729e+00
-1.848514935924932434e+00
-1.905114576246280444e+00
-1.773356185651048245e+00
-1.693945360317957283e+00
-1.573400654090724382e+00
-1.069464260692003066e+00
1.835288985052585531e-05
1.163300996760578743e+00
-2.372646083456995125e-01
-1.412737374556018555e+00
-1.391429160129741049e+00
-8.217424341570106483e-01
-6.379998818176795261e-01
-9.172830141380881042e-01
-1.608102558773926161e-01
1.629416509902734678e-01
3.744424275540263469e-01
6.605229005816920518e-01
-8.942888283262759863e-01
-1.204800084630442747e+00
-4.145253847991030582e-01
6.911450412871047444e-01
9.329249258232750197e-01
-1.759479598403257850e+00
-2.675116005554115439e+00
-1.315755326280638293e+00
1.093847905415493482e+00
-9.543626587481812695e-01
-2.521206442623030952e+00
-2.201965985004508131e+00
-6.428102948027221153e-01
-3.976516146454107670e-01
-4.251874143709928333e-01
5.771987236959916778e-01
1.765455670517624531e+00
1.270537566374413618e+00
-1.493945788311943357e-01
-5.399579708938135880e-01
5.924348825884069303e-01
7.750240105329253559e-02
-9.605886476888052528e-01
-2.014098718764157248e+00
-2.581127877013217553e+00
-1.819024115387259055e+00
-9.475117919618192275e-01
-2.022239369727530711e+00
-2.844382508152770495e+00
-2.512603814907343303e+00
-1.045879952099865395e+00
3.976236000848181185e-01
9.206434755801924386e-01
8.549579043141954937e-01
6.603495511011513441e-01
4.564160450464271879e-01
8.151332015292644950e-01
7.636447582345795571e-01
1.427052525892180679e-01
-7.637952019594825837e-01
-1.523195700319995627e+00
9.755419047277126277e-01
1.473337225961584007e+00
1.695108775896905451e+00
1.748307307257965793e+00
1.901102597243458092e+00
2.340941457332174291e+00
2.300466689137689702e+00
1.357377300614272198e+00
3.616453984605282335e-01
1.405264588370718659e+00
2.362934094052976608e+00
2.701712683647890856e+00
1.824696459270671367e+00
9.471096998348702556e-01
2.697844555907058073e+00
3.998023979817659779e+00
4.048663312331736819e+00
2.907608195651898875e+00
1.236259001251687417e+00
1.853047611566949193e+00
3.178173052160537360e+00
3.471085264780032098e+00
2.913550682338010844e+00
2.085952404455552855e+00
1.259429182160206162e+00
5.567115411847982642e-01
9.050734251936769226e-02
4.915874570603442906e-01
8.796246455918660390e-01
1.022445019613335226e+00
8.663096056824884927e-01
5.250032105805235716e-01
2.502308452815431572e-01
6.335689517466840393e-01
1.229882585209374657e+00
0.000000000000000000e+00
0.000000000000000000e+00
0.000000000000000000e+00
0.000000000000000000e+00
0.000000000000000000e+00
0.000000000000000000e+00
0.000000000000000000e+00
0.000000000000000000e+00
0.000000000000000000e+00
0.000000000000000000e+00
0.000000000000000000e+00
0.000000000000000000e+00
0.000000000000000000e+00
0.000000000000000000e+00
0.000000000000000000e+00
0.000000000000000000e+00
0.000000000000000000e+00
0.000000000000000000e+00
0.000000000000000000e+00
0.000000000000000000e+00
0.000000000000000000e+00
0.000000000000000000e+00
0.000000000000000000e+00
0.000000000000000000e+00
0.000000000000000000e+00
0.000000000000000000e+00
0.000000000000000000e+00
0.000000000000000000e+00
0.000000000000000000e+00
0.000000000000000000e+00
0.000000000000000000e+00
0.000000000000000000e+00
0.000000000000000000e+00
0.000000000000000000e+00
0.000000000000000000e+00
0.000000000000000000e+00
0.000000000000000000e+00
0.000000000000000000e+00
0.000000000000000000e+00
0.000000000000000000e+00
0.000000000000000000e+00
0.000000000000000000e+00
0.000000000000000000e+00
0.000000000000000000e+00
0.000000000000000000e+00
0.000000000000000000e+00
0.000000000000000000e+00
0.000000000000000000e+00
0.000000000000000000e+00
0.000000000000000000e+00
0.000000000000000000e+00
0.000000000000000000e+00
0.000000000000000000e+00
0.000000000000000000e+00
0.000000000000000000e+00
0.000000000000000000e+00
0.000000000000000000e+00
0.000000000000000000e+00
0.000000000000000000e+00
0.000000000000000000e+00
0.000000000000000000e+00
0.000000000000000000e+00
0.000000000000000000e+00
0.000000000000000000e+00
0.000000000000000000e+00
0.000000000000000000e+00
0.000000000000000000e+00
0.000000000000000000e+00
0.000000000000000000e+00
0.000000000000000000e+00
0.000000000000000000e+00
0.000000000000000000e+00
0.000000000000000000e+00
0.000000000000000000e+00
0.000000000000000000e+00
0.000000000000000000e+00
0.000000000000000000e+00
0.000000000000000000e+00
0.000000000000000000e+00
0.000000000000000000e+00
0.000000000000000000e+00
0.000000000000000000e+00
0.000000000000000000e+00
0.000000000000000000e+00
0.000000000000000000e+00
0.000000000000000000e+00
0.000000000000000000e+00
0.000000000000000000e+00
0.000000000000000000e+00
0.000000000000000000e+00
0.000000000000000000e+00
0.000000000000000000e+00
0.000000000000000000e+00
0.000000000000000000e+00
0.000000000000000000e+00
0.000000000000000000e+00
0.000000000000000000e+00
0.000000000000000000e+00
0.000000000000000000e+00
0.000000000000000000e+00
0.000000000000000000e+00
0.000000000000000000e+00
0.000000000000000000e+00
0.000000000000000000e+00
0.000000000000000000e+00
0.000000000000000000e+00
0.000000000000000000e+00
0.000000000000000000e+00
0.000000000000000000e+00
0.000000000000000000e+00
0.000000000000000000e+00
0.000000000000000000e+00
0.000000000000000000e+00
0.000000000000000000e+00
0.000000000000000000e+00
0.000000000000000000e+00
0.000000000000000000e+00
0.000000000000000000e+00
0.000000000000000000e+00
0.000000000000000000e+00
0.000000000000000000e+00
0.000000000000000000e+00
0.000000000000000000e+00
0.000000000000000000e+00
0.000000000000000000e+00
0.000000000000000000e+00
0.000000000000000000e+00
0.000000000000000000e+00
0.000000000000000000e+00
0.000000000000000000e+00
0.000000000000000000e+00
0.000000000000000000e+00
0.000000000000000000e+00
0.000000000000000000e+00
0.000000000000000000e+00
0.000000000000000000e+00
0.000000000000000000e+00
0.000000000000000000e+00
0.000000000000000000e+00
0.000000000000000000e+00
0.000000000000000000e+00
0.000000000000000000e+00
0.000000000000000000e+00
0.000000000000000000e+00
0.000000000000000000e+00
0.000000000000000000e+00
0.000000000000000000e+00
0.000000000000000000e+00
0.000000000000000000e+00
0.000000000000000000e+00
0.000000000000000000e+00
0.000000000000000000e+00
0.000000000000000000e+00
0.000000000000000000e+00
0.000000000000000000e+00
0.000000000000000000e+00
0.000000000000000000e+00
0.000000000000000000e+00
0.000000000000000000e+00
0.000000000000000000e+00
0.000000000000000000e+00
0.000000000000000000e+00
0.000000000000000000e+00
0.000000000000000000e+00
