-7.433166503906254441e-01
-2.635434944611780850e-02
4.168256173355874283e-01
-8.215089973307043714e-02
-1.743851029385889984e-01
-1.873593519401688390e-01
-2.391996439109393968e-01
1.963815198168950005e-01
-1.890232958072635139e-02
-3.797606070352550489e-01
-6.333659864456537836e-01
4.946034666864229656e-02
1.245314480256955347e+00
1.916224519041165308e-02
-1.334923551787815743e+00
1.046123265331905916e+00
2.558254435272290017e+00
2.081512496782170984e+00
1.316812955899928861e+00
4.013710866824116152e-02
-1.069980647219318737e+00
3.726273898606820012e-01
3.621854660649845847e-01
-1.435915228974793401e-01
-9.141488795230188202e-01
-2.040477118338732243e+00
-6.463789671740560738e-01
-5.080148869643723586e-01
-8.152176229154095566e-03
2.183704907288058550e+00
1.411397791245547539e+00
5.289812691072103279e-01
-8.288730484643976881e-01
-1.215707964952606801e+00
-1.265808352612078025e+00
1.054692260750134114e+00
2.928948821901652622e+00
2.676446778929563397e+00
1.149570506506643497e+00
1.340933669333955081e+00
-1.648067507213566429e-01
-2.589877073470852498e+00
4.230343795607209856e-01
2.341693496108147698e+00
2.180355768981190323e-02
5.782358980207824573e-02
1.290677610231829364e+00
1.506560534866388190e+00
-8.055591756634259415e-01
-6.117484882522024048e-01
1.240116796782571473e+00
1.105325606533774652e+00
-1.301099006644865330e+00
-1.123718287591102261e-01
1.322478694618265394e+00
8.624280759260425366e-01
-3.456586071883577249e-01
-5.565456060440376884e-01
-1.995809189835304975e+00
-2.086644513300734083e+00
-6.621148220986099453e-01
9.481821222055817344e-01
1.688436194936603796e+00
9.500628856027255598e-01
-3.667364947519802243e-01
-1.151564578642787495e+00
-1.501020848417500275e-01
1.035871922383809540e+00
-5.670891200250416375e-02
-2.756683432929601274e+00
-3.803839493346533374e+00
-2.063101913242889829e+00
-3.780529542012620592e-01
-2.461907695916830896e+00
-2.385311667090059373e+00
-1.038322553114985558e+00
4.072841858229736545e-02
-1.391742783343614676e-01
-9.576482657632443551e-01
-1.374224821842566779e+00
-1.112526505604421789e+00
-3.655219534149556360e-01
1.111514621113923518e+00
-3.345407605061003764e-01
-2.833045368588593238e+00
-2.892633925622956070e+00
-1.707180102607997352e+00
-6.519783712853013391e-01
1.597605860373803033e-01
3.875735632986296864e-01
6.596640672968949737e-01
6.644306374346844457e-01
6.117480621928472750e-01
2.559364097691170237e-01
5.397185209145689555e-01
1.347275972265213895e+00
1.612208848772261893e+00
6.507257898984893929e-01
-1.502592718267231620e-01
1.064371575631648748e+00
7.294264804945642666e-01
2.874848815882850017e-01
4.370927778207189252e-01
4.113856784545835144e-01
1.246086211984765324e+00
1.214361825589508337e+00
1.783554357644443478e-01
-7.635734567251223348e-01
7.246854280530354853e-01
-7.964313888442799971e-01
-2.051477102703298083e+00
-1.908688656514193394e+00
-8.226305765409588355e-01
-1.867096142025832517e-01
-1.023233852934755772e+00
-1.003238052012897175e+00
1.269450590903207221e-01
1.060658765847127594e+00
1.138127295011549300e+00
3.347953159330283590e-01
-4.880066885649771979e-01
-6.147743866450341432e-01
2.416695897099212509e-01
1.063641702366224795e-01
-1.508053057709082712e+00
6.154321844609867975e-01
2.874265032805962683e-01
-1.818522550907671675e+00
-2.146957927226730067e+00
-1.787387932479554076e+00
-4.556877719487535394e-01
7.629413085740299749e-01
2.401047336283121503e+00
3.610737462718973667e+00
3.462675743389573846e+00
4.209758094116216043e+00
3.744839079642887647e+00
1.328740806223979831e+00
-1.185915923657236526e+00
-2.713842153674428381e+00
-1.422559775357656875e-01
-2.159241750442838725e+00
-2.409935523222085152e+00
-1.245985674552568145e+00
-4.937031769827120442e-01
-7.060457450916548527e-01
-4.204275859023436368e-01
6.872237345554599308e-02
-9.539916961614185453e-01
-7.574961603302867719e-01
-7.698116686545048992e-01
-7.453468623851691177e-01
8.569193883691341718e-01
6.637763756565193685e-01
1.300029721770834534e-01
2.340841942575367707e+00
2.048414645907540521e+00
-5.118280125078717990e-01
-8.070687235389448766e-01
-8.119701937261682989e-01
-2.062449989512778359e+00
9.523074973570704316e-01
3.758253531464507802e+00
4.143910503628315922e+00
3.607103494240214925e+00
3.056189710536694193e+00
1.902525754709368355e+00
3.128651678661978908e-01
6.404508170901763719e-01
7.847853990357789300e-01
8.084708174969019723e-01
-5.371979483531853505e-01
5.595518901249167953e-01
2.765789723765729402e+00
4.398247707895915681e+00
4.326834486584353101e+00
2.724028533159438492e+00
7.582533169583398625e-01
-1.492342306883688074e+00
-8.315298850925796348e-01
-5.053149230473255038e-01
3.549704010368197604e-01
2.523250527626939910e+00
1.401852774718134631e+00
8.882640537435682049e-02
6.562957343262132426e-01
2.817119385556874356e-01
-6.925598636626291160e-01
-9.616497989636463295e-01
-1.048397482784052093e+00
8.390764759015034713e-02
8.536158804744579109e-01
-1.173929977936163382e+00
-1.109359211418547098e+00
-1.966157181383647146e+00
-2.352722573965593256e+00
-1.618245365160115412e+00
4.683392557764287645e-02
-1.855091272798946811e+00
-4.531284984740373112e+00
-1.337898094553463757e+00
3.109724234010550425e+00
4.992073455730672293e+00
3.536584531135650522e+00
2.603516836621230013e+00
2.488596331528870387e+00
2.813024570146368752e+00
2.856005118294180800e+00
-7.940695248466096423e-01
-3.538245527555488934e+00
-1.505472365782746458e+00
4.865224009817774586e-01
1.195289248104475455e+00
-4.265922796433241349e-01
-1.501928684833475636e+00
-1.207379626847300269e-01
9.587225904074392346e-02
2.111768120782775426e-02
5.047336991029623965e-01
3.168955912465882818e-01
2.476676286265853122e-01
3.796465479128814380e-01
-7.213248435241403911e-02
-5.493000081892087660e-01
6.179959250733912945e-02
-2.983056679305546854e-01
-2.080679798037953887e+00
-2.468100010015357615e+00
-1.408512664089021982e+00
8.997304602961935238e-01
-2.354136669552364669e-01
-1.307938228251446677e+00
7.493500582215897321e-01
1.993248838249749966e+00
1.329812044640750202e+00
3.801227968004093349e-01
1.935612419950364371e-01
4.475001228646382501e-01
8.018750369317577675e-01
6.710254643503015259e-01
3.105150058366223931e-02
-9.157823173670176509e-02
7.555484287163789503e-01
1.189317609106734785e+00
1.880688488049728546e+00
3.737904876213193894e-02
-7.882137907962856183e-01
-3.603444135827134076e-01
7.213646515040288421e-01
1.692277374319498762e+00
1.731550474744164347e+00
-4.148289491277740382e+00
-3.617330377688799725e+00
-1.872154119422388519e+00
2.457496328369210836e-01
6.889038544720706980e-01
-5.821555783950489449e-01
-5.223690747526039679e-01
-3.625992268628559501e-01
-8.684784884889859002e-01
-5.782497939247923657e-01
-1.311645454068763872e-01
-1.387686616542180396e+00
-1.842986713457547721e+00
-1.370751358538421671e+00
-1.170002736776055485e+00
-2.258870745985610995e+00
-4.055645820369806032e+00
-4.390520635932481319e+00
-2.239609690861148472e+00
-1.485094505153927713e-01
4.815607311793854706e-01
3.791114837244196067e-01
7.204016294030588519e-01
1.601102343167913888e+00
1.830148772431024140e+00
5.108579904662806648e-01
-4.651524703654885684e-01
-1.071662667062288854e+00
-9.909121801210594160e-01
-2.386840798204097336e-01
-9.861439478847378037e-01
-3.349054954269380380e-01
9.429680589230002852e-01
4.553033003068482909e-01
5.950983414881960698e-02
-5.739269896050799291e-01
4.419915047249958207e-01
7.810005080839270697e-01
-3.046568068822881337e-01
-1.453166881336718230e-01
7.542953516578021489e-01
6.140659182305778785e-01
7.090281783253331582e-01
1.364480231606329586e+00
7.728417859103409171e-01
-3.112135128027575526e-01
-1.760267402279680038e+00
1.298947530404753081e+00
1.270410637056033742e+00
3.853249998400163356e-01
2.683320510288671912e+00
3.321853532091607608e+00
4.144756202889767760e-01
-1.549970127559523903e+00
-1.155225970303188632e-01
-8.588431703514595172e-01
3.251817506164504934e-01
2.202608546592927485e+00
1.099969453041303336e+00
-1.518129363081128780e-01
-9.445092916302362251e-01
-2.737483902733922392e+00
-2.471684885584658264e+00
7.279463081274935021e-01
9.577301721553608260e-01
-3.947806950943011373e-01
5.368575658346546042e-01
-2.378561821161830903e-01
5.277356757615407901e-01
1.131355862555008640e+00
1.600924650610392019e+00
2.168796756096407652e+00
1.110505468298669474e+00
-7.443985504935500819e-01
1.051298855666633170e+00
3.094526593422211036e-01
-7.681696674699531879e-01
-2.976187550714437524e-01
5.158334216702856745e-01
2.168957329741253437e-01
-1.246205874681359571e+00
-5.737084645005210426e-01
3.267357614827841594e-01
3.467067759426945006e-01
6.388777033045324183e-01
4.868401795531323017e-01
6.366955795088078407e-01
0.000000000000000000e+00
0.000000000000000000e+00
0.000000000000000000e+00
0.000000000000000000e+00
0.000000000000000000e+00
0.000000000000000000e+00
0.000000000000000000e+00
0.000000000000000000e+00
0.000000000000000000e+00
0.000000000000000000e+00
0.000000000000000000e+00
0.000000000000000000e+00
0.000000000000000000e+00
0.000000000000000000e+00
0.000000000000000000e+00
0.000000000000000000e+00
0.000000000000000000e+00
0.000000000000000000e+00
0.000000000000000000e+00
0.000000000000000000e+00
0.000000000000000000e+00
0.000000000000000000e+00
0.000000000000000000e+00
0.000000000000000000e+00
0.000000000000000000e+00
0.000000000000000000e+00
0.000000000000000000e+00
0.000000000000000000e+00
0.000000000000000000e+00
0.000000000000000000e+00
0.000000000000000000e+00
0.000000000000000000e+00
0.000000000000000000e+00
0.000000000000000000e+00
0.000000000000000000e+00
0.000000000000000000e+00
0.000000000000000000e+00
0.000000000000000000e+00
0.000000000000000000e+00
0.000000000000000000e+00
0.000000000000000000e+00
0.000000000000000000e+00
0.000000000000000000e+00
0.000000000000000000e+00
0.000000000000000000e+00
0.000000000000000000e+00
0.000000000000000000e+00
0.000000000000000000e+00
0.000000000000000000e+00
0.000000000000000000e+00
0.000000000000000000e+00
0.000000000000000000e+00
0.000000000000000000e+00
0.000000000000000000e+00
0.000000000000000000e+00
0.000000000000000000e+00
0.000000000000000000e+00
0.000000000000000000e+00
0.000000000000000000e+00
0.000000000000000000e+00
0.000000000000000000e+00
0.000000000000000000e+00
0.000000000000000000e+00
0.000000000000000000e+00
0.000000000000000000e+00
0.000000000000000000e+00
0.000000000000000000e+00
0.000000000000000000e+00
0.000000000000000000e+00
0.000000000000000000e+00
0.000000000000000000e+00
0.000000000000000000e+00
0.000000000000000000e+00
0.000000000000000000e+00
0.000000000000000000e+00
0.000000000000000000e+00
0.000000000000000000e+00
0.000000000000000000e+00
0.000000000000000000e+00
0.000000000000000000e+00
0.000000000000000000e+00
0.000000000000000000e+00
0.000000000000000000e+00
0.000000000000000000e+00
0.000000000000000000e+00
0.000000000000000000e+00
0.000000000000000000e+00
0.000000000000000000e+00
0.000000000000000000e+00
0.000000000000000000e+00
0.000000000000000000e+00
0.000000000000000000e+00
0.000000000000000000e+00
0.000000000000000000e+00
0.000000000000000000e+00
0.000000000000000000e+00
0.000000000000000000e+00
0.000000000000000000e+00
0.000000000000000000e+00
0.000000000000000000e+00
0.000000000000000000e+00
0.000000000000000000e+00
0.000000000000000000e+00
0.000000000000000000e+00
0.000000000000000000e+00
0.000000000000000000e+00
0.000000000000000000e+00
0.000000000000000000e+00
0.000000000000000000e+00
0.000000000000000000e+00
0.000000000000000000e+00
0.000000000000000000e+00
0.000000000000000000e+00
0.000000000000000000e+00
0.000000000000000000e+00
0.000000000000000000e+00
0.000000000000000000e+00
0.000000000000000000e+00
0.000000000000000000e+00
0.000000000000000000e+00
0.000000000000000000e+00
0.000000000000000000e+00
0.000000000000000000e+00
0.000000000000000000e+00
0.000000000000000000e+00
0.000000000000000000e+00
0.000000000000000000e+00
0.000000000000000000e+00
0.000000000000000000e+00
0.000000000000000000e+00
0.000000000000000000e+00
0.000000000000000000e+00
0.000000000000000000e+00
0.000000000000000000e+00
0.000000000000000000e+00
0.000000000000000000e+00
0.000000000000000000e+00
0.000000000000000000e+00
0.000000000000000000e+00
0.000000000000000000e+00
0.000000000000000000e+00
0.000000000000000000e+00
0.000000000000000000e+00
0.000000000000000000e+00
0.000000000000000000e+00
0.000000000000000000e+00
0.000000000000000000e+00
0.000000000000000000e+00
0.000000000000000000e+00
0.000000000000000000e+00
0.000000000000000000e+00
0.000000000000000000e+00
0.000000000000000000e+00
0.000000000000000000e+00
0.000000000000000000e+00
0.000000000000000000e+00
0.000000000000000000e+00
0.000000000000000000e+00
0.000000000000000000e+00
0.000000000000000000e+00
0.000000000000000000e+00
0.000000000000000000e+00
