-5.685119628906250000e-01
-5.006735598367901829e-01
-2.363328688012540368e-01
-1.927988455576428173e-01
-7.738714776933814932e-01
-1.166095003749188175e+00
-1.068593122591156463e+00
-4.728325533579162965e-01
-1.074608951043336535e+00
-2.880208551803371542e+00
-3.538860194689089411e+00
-3.371492857011949340e+00
-2.786888999420100266e+00
-9.026018359525602719e-01
2.376748876333651062e+00
2.384433222983351808e+00
-8.834819419141779484e-01
-4.345482602230159586e+00
-5.520139771186373778e+00
-4.375888714654753819e+00
-1.866438722810014994e+00
1.002527076356206415e+00
3.918028514309995103e+00
3.059959733398577075e+00
9.762525352538600210e-01
5.650042737733000919e-01
7.011625511155399337e-01
-3.334047202572807400e-01
-2.107830588846299591e+00
-1.110791369410190299e+00
7.661627035939999608e-01
1.645860717415563501e+00
1.886222861712998133e+00
7.864388287390613463e-01
-6.775418887925430678e-01
7.001446433564151306e-03
1.491450077145096476e+00
1.237620767451692139e+00
8.639181258083934445e-01
1.207017407640034179e-01
-6.137234550006376299e-01
1.436376759955432902e+00
2.695756796630721652e+00
1.768433456590412511e+00
-1.059741075738513061e+00
-7.270368281248069664e-01
1.744175404128775586e+00
2.410850986024978049e+00
1.935692223145208057e+00
9.927327639977066021e-01
5.291810686187077284e-01
1.669409223594527480e+00
2.811622018053616223e+00
2.831748099482742642e+00
1.256518229453075675e+00
-1.162020243736070491e-01
-2.565430003541078197e-01
-5.410224896645285941e-01
-7.933725127278653533e-01
-8.642364358478418218e-01
4.460340624321156300e-01
1.690604520662937427e+00
1.099213305513040861e+00
4.367256209611403150e-02
-1.171200669000968198e+00
-1.533440063870109782e+00
-3.699177434232545636e-01
3.961023815464044251e-01
7.903591946878196772e-01
7.226732430334500412e-01
-2.205427949282257050e-02
4.652116366157492688e-01
8.942606260746959190e-01
1.139166351652205700e+00
5.234976716726120749e-01
-5.436418277108110431e-01
3.341149297730583445e-01
1.394819878888553299e+00
1.816703133825752658e+00
3.030069495999243578e-02
-6.062367797730965346e-01
1.448895373531153830e-01
9.084021131321455833e-01
8.764724443843556756e-01
1.420156204768346919e-01
-3.250218675039706628e-02
1.089142742639852557e+00
9.761849453960698142e-01
2.518360272231940922e-01
-5.644389384103647433e-01
-9.025719429802819826e-01
6.174949785937814406e-01
5.660809771925174871e-01
5.372057010337649707e-01
5.863244037298406264e-01
-3.994245899476114858e-01
-2.935328399499526064e-01
4.377948930889532519e-01
1.177525798790072020e+00
8.672626178830089572e-01
2.077571711156417367e-01
4.176458547825738776e-01
9.382794077961476020e-01
6.429017846433479066e-01
-8.008217959731593893e-01
-1.573410046425110842e+00
-6.420193716288575825e-01
9.203982792062392893e-01
7.231817325915773642e-01
-4.424634877510189579e-01
-9.205213246844926589e-01
9.376114827042636435e-02
7.927652087186520813e-01
5.973394375195066885e-01
3.204917579221905344e-01
-2.796269058194829071e-01
5.252167567612815446e-01
1.176476579716051241e+00
9.267722141274943315e-01
3.060984197953251496e-01
-9.791956003933288688e-01
-1.670710712175912160e+00
-1.863529777674503674e+00
-1.142697911782529330e+00
-1.047952364668069514e+00
-2.628892513269076581e+00
-2.634497669868790304e+00
-1.319417378638358063e+00
-5.448786630222162142e-01
-1.162273100145706728e+00
-1.496920490835512041e+00
-9.632052113756583989e-01
2.861817660977747924e-01
1.219515150911500978e-01
-3.653819563944673554e-01
-1.061656916137354356e+00
-1.270666802215713487e+00
-7.022530802832032126e-01
-2.800264458981598370e-01
-1.160543762172243643e-01
-7.535254566100668683e-01
-1.858615743059474523e+00
-2.458231594214192128e+00
-2.048364744849897168e+00
-9.433494753822089240e-01
-1.922096919193337694e+00
-3.133464531239676276e+00
-2.503965880635725227e+00
-1.880874356504649292e-01
4.786440110036342954e-01
-1.686850641649787486e+00
-2.473763508293304270e+00
-9.267926048210053391e-01
-5.394509098285680260e-01
-2.472790827359685029e+00
-4.451629089661780725e+00
-3.630139595328665258e+00
8.373529304963511777e-02
-4.142658239711431989e-01
-3.112561100467823305e+00
-3.888109192523121038e+00
-3.636993069116894350e+00
-3.670334213095724607e+00
-3.498091607362784572e+00
-2.677570764909555479e+00
-2.333971606536507259e+00
-2.603905547653588393e+00
-2.130996809438221007e+00
-1.017012993160570922e+00
-2.504578768309319026e-01
-8.781989321437044804e-02
3.881409151546516556e-01
9.320533324425585020e-01
1.116884946033825488e+00
1.071930205589163965e+00
1.042509969933241409e+00
1.218155838045206441e+00
1.914567886070093650e+00
2.568339167026283398e+00
2.497258492142563568e+00
1.539308091468849060e+00
-1.064934111450646925e-01
9.334524528277444722e-01
1.724201288550361477e+00
2.117396279732420616e+00
2.290874722837679567e+00
1.926262097536487916e+00
1.428400812985517909e+00
2.427013927609915633e+00
4.095558756078735207e+00
4.764279969818719707e+00
3.495278605643833636e+00
8.405020173305288722e-01
-8.686799752822746967e-01
-3.120556608897788742e-01
-1.623470115938183689e-01
-1.954222458773346993e-01
-8.484050150094741838e-01
-1.624556074760242552e+00
-1.768605767872997170e+00
-1.941207353881403641e+00
-3.023154164485306161e+00
-2.992251987237650290e+00
-6.969499241990673166e-01
-3.144244774801534525e-01
-4.071717172472772539e+00
-5.467839470596585372e+00
-4.247858217690346549e+00
-2.439434859563550884e+00
-2.279519989392773116e+00
-3.075936496218464988e+00
-2.470582334503193866e+00
-6.762282071952533391e-01
-1.344244536125314804e+00
-3.463142758862522097e+00
-3.816044357018947064e+00
-2.138243472666427003e+00
-8.275734683518234380e-01
-1.983466620882696541e+00
-2.669326468575262901e+00
-2.124192734580064634e+00
-9.750850639524820673e-01
-6.226457832254882474e-01
-9.627916488488799107e-01
-1.222492933562503215e+00
-1.293516337826959184e+00
-1.369503316533600357e+00
-1.256181276024548321e+00
-6.626971035933406640e-01
8.357007693401807824e-02
-5.297639023298862382e-01
-1.753143719578521331e+00
-2.110556703141999169e+00
-1.586634918113114523e+00
-2.073348465965726195e+00
-2.720193693786560285e+00
-1.762443886824573536e+00
1.535874449018357346e-01
-5.386089096814838939e-02
-9.522500644481255438e-01
-5.335341814086755896e-01
9.024510364845639288e-01
1.905948731540314967e+00
2.080767776143440884e+00
2.252475969033862047e+00
2.424987149130431341e+00
2.641873137290686735e+00
1.899253589725316438e+00
1.572819288625815215e-01
1.445227188243950911e+00
3.724890247971542667e+00
3.702048545644041511e+00
2.932264291895947395e+00
2.350797696280247262e+00
1.608421200758934688e+00
6.237813704646519852e-01
8.657394126966091452e-01
1.575380264626373261e+00
2.081976619021512320e+00
1.195077135334979168e+00
-3.597749791345357107e-01
1.255997683886927785e+00
2.608012740480174063e+00
2.783392932603158343e+00
1.462285381986734523e+00
3.174821467092070471e-01
7.563213373267350104e-01
1.152256545923512121e+00
4.753263885902165864e-01
1.460116900152736985e-01
3.726307148707305172e-01
-3.517433294971331614e-01
-7.612001562285585221e-01
-4.993457125423329535e-01
3.704613633040032550e-02
5.468391390005464814e-01
3.819822000492343883e-01
2.405232434240598405e-01
5.965650285521950646e-02
-5.608201722144157131e-01
-1.305124922824361988e+00
-8.406954900755093663e-01
4.932703148680350758e-01
1.849331584259903849e+00
9.675812906172993610e-01
4.270574774287849706e-02
5.001324369953201732e-01
1.943247417478744188e+00
1.683975074712794395e+00
5.624179768571111460e-01
-5.371408387006848528e-02
8.761293054388951118e-01
1.847559423457686645e+00
8.299833757900725306e-01
-3.001603616280934528e-01
-9.906919687513621176e-01
-1.353235093723021532e+00
-1.752094157820546005e+00
-1.733370367069427820e+00
-1.017473602326046445e+00
-7.096901859351417707e-02
-3.579124809593595691e-01
-5.544795558584127981e-01
-2.399983926078175234e-01
2.631459385954407759e-01
-2.160513732551441746e-01
-5.913614286598376513e-01
2.430580310597310056e-01
5.912345588655271156e-01
-3.791433390947760440e-01
-1.395097994153869259e+00
-5.073702823945240858e-01
2.192249899243892131e-02
-1.068656678513381530e+00
-2.105467924428895632e+00
-2.548127327884684767e+00
-2.782101848693132595e+00
-2.513847005577928506e+00
-1.832380597050577986e+00
-1.205491218975979884e+00
-1.205371019334503746e+00
-1.275932754695141336e+00
-2.579693421912223616e-01
-2.792024163289126282e-01
-4.105723041663829065e-01
-4.241918857427212641e-01
-1.560154544088128148e+00
-1.311177808748223317e+00
-3.936857290260991071e-01
1.244331396874420737e-01
-6.008086030838534208e-01
-8.201088490899434147e-01
-9.687892342905313203e-01
-1.164942223895908180e+00
-9.622306026258555800e-01
-1.393156194404747028e+00
-2.531909183932093299e+00
-2.379047364048378466e+00
-5.623154459818793249e-01
2.439282447405195509e-01
-2.158653458792292756e+00
-3.854973069009040909e+00
-4.695249795649458768e+00
-4.717451470567540106e+00
-3.644319274019423460e+00
-2.270841818821595304e+00
-1.050455834829801427e+00
-3.576421897122612492e-01
-2.584197016444546247e+00
-3.899045357519822730e+00
-4.486547264737734686e+00
-4.798668207273636632e+00
-2.491943280590427356e+00
-7.981919294515060770e-02
1.946149111552402111e-01
-1.149618782518298854e+00
-2.171061892044797936e+00
-1.341178060474142342e+00
-2.978122053004539360e-02
3.669612152793610971e-01
1.540257836014562454e-01
1.181947168239300128e+00
1.214783928880054598e+00
2.062033670451596912e+00
2.393009986723198423e+00
1.817760011444591539e+00
5.840303370882791167e-01
7.915554043447762256e-01
1.795991326326177751e+00
2.105534769051955912e+00
1.670996909185777035e+00
6.517930898375718929e-01
8.686532450762686208e-01
1.800291558927771929e+00
2.017069708661844096e+00
1.499188416061294271e+00
4.355872468201457126e-01
9.536481817042902209e-01
2.144572382206546557e+00
2.618715010536903698e+00
2.180963152036606179e+00
1.179318771993455028e+00
4.877677553555804235e-01
5.618186598388773545e-01
2.046021249344283921e-01
3.820035720064266505e-01
9.788401696363926430e-01
2.265889605283974984e+00
3.708920798856881085e+00
4.232044253613766571e+00
3.397310890618507884e+00
1.842672780531039445e+00
2.340058603264163484e+00
4.486921256401271485e+00
5.706487757601488298e+00
4.989592976790835799e+00
2.273389646394126995e+00
1.820177748191666112e+00
4.323955053484433542e+00
4.788030964398593881e+00
3.317014734497402362e+00
9.188888720917904873e-01
1.361913605615687084e+00
2.762725745624175389e+00
3.286681636141457474e+00
2.904269652208783192e+00
1.799847035526014993e+00
1.700820337295194884e+00
2.718291786504357432e+00
3.089820243517550580e+00
2.861783848553651310e+00
2.216047970328288930e+00
1.149131900137213780e+00
6.503970300348329570e-01
2.092890488626043322e+00
3.076110387253756073e+00
3.418047679252416593e+00
3.893207576464489783e+00
4.689677758010855513e+00
4.893951511374925900e+00
4.102578936362071715e+00
2.750072903338116603e+00
1.619065967056640742e+00
9.420598570525650084e-01
9.856275269909398062e-01
2.463909686124527543e+00
3.642983386762538967e+00
3.964075844266050641e+00
3.654246870033338368e+00
3.034582036544628547e+00
2.236125904757647831e+00
1.372124527998544785e+00
6.980285534610820575e-01
7.061686838713169267e-01
1.098696445146711609e+00
1.335961815621171001e+00
1.340331222526920607e+00
1.354121163774647751e+00
1.553863549401812705e+00
1.547292590448669847e+00
1.237855610778919591e+00
0.000000000000000000e+00
0.000000000000000000e+00
0.000000000000000000e+00
0.000000000000000000e+00
0.000000000000000000e+00
0.000000000000000000e+00
0.000000000000000000e+00
0.000000000000000000e+00
0.000000000000000000e+00
0.000000000000000000e+00
0.000000000000000000e+00
0.000000000000000000e+00
0.000000000000000000e+00
0.000000000000000000e+00
0.000000000000000000e+00
0.000000000000000000e+00
0.000000000000000000e+00
0.000000000000000000e+00
0.000000000000000000e+00
0.000000000000000000e+00
0.000000000000000000e+00
0.000000000000000000e+00
0.000000000000000000e+00
0.000000000000000000e+00
0.000000000000000000e+00
0.000000000000000000e+00
0.000000000000000000e+00
0.000000000000000000e+00
0.000000000000000000e+00
0.000000000000000000e+00
0.000000000000000000e+00
0.000000000000000000e+00
0.000000000000000000e+00
0.000000000000000000e+00
0.000000000000000000e+00
0.000000000000000000e+00
0.000000000000000000e+00
0.000000000000000000e+00
0.000000000000000000e+00
0.000000000000000000e+00
0.000000000000000000e+00
0.000000000000000000e+00
0.000000000000000000e+00
0.000000000000000000e+00
0.000000000000000000e+00
0.000000000000000000e+00
0.000000000000000000e+00
0.000000000000000000e+00
0.000000000000000000e+00
0.000000000000000000e+00
0.000000000000000000e+00
0.000000000000000000e+00
0.000000000000000000e+00
0.000000000000000000e+00
0.000000000000000000e+00
0.000000000000000000e+00
0.000000000000000000e+00
0.000000000000000000e+00
0.000000000000000000e+00
