-4.525756835937500000e-02
-4.254529088301300943e-02
-2.748686193223656704e-02
-1.115077266784592069e-02
-5.087769664156999161e-03
-3.656309844995347946e-03
-2.052979740799576458e-02
1.697156505353014655e-03
6.077022502120935088e-02
9.714394377576401896e-02
1.216254567069641745e-01
9.886820032290255522e-02
2.321324701291832548e-02
-4.191435249419617204e-04
9.557073911215353823e-02
1.787720258189648970e-01
1.263436233880120552e-01
9.047950169366424100e-02
7.242000544668340811e-02
6.288500310528910564e-03
-1.130383766854809180e-01
-2.242475179857928713e-01
-1.960307713042968580e-01
-1.242100725679154694e-01
3.835018276354382194e-02
2.466080073153217589e-01
3.764626764550477178e-01
3.202979463710404207e-01
1.501973267685387525e-01
2.155469302402494569e-01
3.663765835235674451e-01
3.584334083659794778e-01
1.722447286493564156e-01
2.471940261156033158e-03
-7.960084365582867361e-02
-6.285863559041160453e-02
-1.299515248663456191e-02
-9.667607195650583518e-02
-1.647718386896044884e-01
-1.914501803190480356e-01
-3.147008082002701324e-01
-3.382185711819307161e-01
-3.508698370790830356e-01
-5.863422839077673254e-01
-5.441498598042995294e-01
-1.432796976357378349e-01
-7.384486695196068595e-02
-1.742587528847396872e-01
-3.210471876794903090e-01
-2.987728830021424420e-01
-3.045612117872098512e-02
4.088850372766882346e-01
6.277933818889511741e-01
9.824522760930554099e-01
1.837150708846526204e+00
2.271568690427978598e+00
2.056280364670458383e+00
1.662862814065200201e+00
1.316531437196711618e+00
9.769968279804124300e-01
7.638792292054494837e-01
4.969070117962351985e-01
1.400956795438671465e-01
-4.726312292495482570e-02
-3.486330655557257074e-02
4.495655665889064512e-02
1.412705859046068380e-01
1.608762108650677036e-01
3.862511793373218927e-02
-6.054728867648767610e-02
-1.000777062577558885e-01
-1.973193102439154689e-01
-3.209621987234486662e-01
-2.928445841769314884e-01
-1.730418710666958571e-01
-1.181722170148821749e-01
-3.242206841759200930e-01
-5.297758160961378859e-01
-6.925341236296713721e-01
-8.002994598916441937e-01
-7.995095736543874620e-01
-7.544365627476142810e-01
-7.496033170237850207e-01
-7.798404317316787182e-01
-7.397535310361804672e-01
-8.008490308152429460e-01
-9.206846686911398514e-01
-9.411619961913257892e-01
-9.896161865412146375e-01
-1.122004416387167414e+00
-1.385233102668253835e+00
-1.705748609056074283e+00
-2.002507882795443894e+00
-2.277900716424385852e+00
-2.588268491484879696e+00
-3.228149156191523428e+00
-4.542924798386057006e+00
-5.971474711019487458e+00
-5.849654699549013515e+00
-3.548108219257378515e+00
-1.231138636724090851e+00
-6.424330028308791185e-01
-9.177222424643036724e-01
-8.356594457459163294e-01
-5.874250103869926853e-01
-4.222689518788804719e-01
-1.846496604369669559e-01
-3.495042649745361274e-02
1.322111508492840315e-01
3.647930767631688553e-01
6.556639178504779508e-01
1.027073504616922817e+00
1.736625701226490071e+00
2.750213189325376284e+00
3.715738287016945307e+00
4.375790189871172409e+00
4.428021843637180766e+00
3.883057067172624333e+00
3.411273227529534324e+00
2.847658803350339607e+00
2.116026405156863355e+00
1.555176255945738717e+00
9.572289235835588217e-01
5.794751660636650037e-01
6.853036247515228441e-01
6.286889448291334004e-01
4.805053155075960092e-01
7.178344695598358749e-01
8.251245249937169124e-01
6.022986242568070248e-01
3.938018689370942349e-01
1.967273755049543382e-01
-4.168789492741109548e-02
-4.385836585392077769e-01
-9.137010895101700392e-01
-1.261401781160712776e+00
-1.437970177551412654e+00
-1.552857869711389061e+00
-1.616002995239190776e+00
-1.647280320891276739e+00
-1.657211466491149032e+00
-1.715183728259424001e+00
-1.920535721172787147e+00
-2.627364116857131560e+00
-3.459981487023567226e+00
-4.135032310878268724e+00
-5.186871743260200063e+00
-6.975206387960708909e+00
-8.281219119161258746e+00
-7.660004871029110873e+00
-5.850521519570986761e+00
-4.185577510618355035e+00
-3.212681744509712445e+00
-2.683881568617411784e+00
-2.215480377538366685e+00
-1.725701537397934526e+00
-1.274375567329644854e+00
-8.757392036904487753e-01
-5.376780171864961044e-01
-2.564183724785715768e-01
-7.760458737296138665e-02
1.157172024940982258e-01
2.932989286989633460e-01
3.569086779621890582e-01
3.753252415254282326e-01
3.646755276769972909e-01
4.207273891648508624e-01
4.975089588867576129e-01
7.793037291629680841e-01
1.545958128164709677e+00
2.482841876670144554e+00
3.151649710363690460e+00
3.532579258048049287e+00
4.164467364943670091e+00
4.912410632392975707e+00
5.057539389947447894e+00
4.573963999158221938e+00
3.795839467610606199e+00
3.086048845070978430e+00
2.601289891357978945e+00
2.173238066819912273e+00
1.795180109818901748e+00
1.518621613257398639e+00
1.322566489948599155e+00
1.303244168401063385e+00
1.377787621815397934e+00
1.470116901439555646e+00
1.872385815851498325e+00
2.775189347790171013e+00
3.739215700719843216e+00
3.978092507011191437e+00
3.309752422533434935e+00
2.365491206654644518e+00
1.586642002464445866e+00
1.107568831649359709e+00
7.033587637167165729e-01
3.026992335770197773e-01
7.614462284048739704e-02
4.823225518295526371e-02
1.744336001576851647e-01
3.336900143538767960e-01
3.603333104314206947e-01
-1.849672440948690877e-03
-9.575158798533545124e-02
1.725726879017069892e-02
-7.328688197546662231e-02
-1.423620507994017292e-01
-8.645556962153583269e-02
-4.133589809318477526e-02
4.997056160440763173e-02
1.306179216383475117e-01
1.084232255161180353e-01
1.235100478062444718e-01
9.399694118945765842e-02
6.435008427358086813e-02
1.301054752785497648e-01
9.868463574564183272e-02
-1.359227845043997629e-02
-3.391224068728625196e-02
5.043001215061788944e-02
6.705169470215135985e-02
1.079553674133588437e-01
2.222588751619431480e-01
3.376932756368767885e-01
3.898851093546901181e-01
3.933743862069754571e-01
4.315810628204128641e-01
5.457287423070423804e-01
7.662451060775764544e-01
1.001348161920102342e+00
1.198727968644706543e+00
1.405120120457499677e+00
1.601663874600355086e+00
1.935804555430894691e+00
2.454062353837446420e+00
2.775860177527608386e+00
2.390790618195477002e+00
1.554655590248669617e+00
1.143102863965302696e+00
8.863169515784025121e-01
5.411549965525996875e-01
3.400522674575503501e-01
2.437113429474654369e-01
1.738594679472037219e-01
7.528572341544900737e-02
-1.937293903638009906e-02
1.402351521931183009e-01
6.518397803689200687e-02
4.974392961514539913e-02
7.645011642164090127e-02
9.041156643018476158e-02
9.737675252626619427e-02
1.030968168045895417e-01
1.013020975396789897e-01
8.221475425160026940e-02
5.176061860060852948e-02
4.304134577314409210e-02
1.262891874526603231e-01
2.878144891292008234e-01
4.274508124170073864e-01
4.440223047651946087e-01
3.105337414233516613e-01
2.459078278420644137e-01
4.345903460673554153e-01
5.272689671924628563e-01
4.322571707694661813e-01
2.416391392772927749e-01
1.182305025508875729e-01
9.513355538440809722e-02
5.603081179254595229e-02
9.788581070308194354e-02
1.271676040173720101e-01
1.247874011967406577e-01
1.734961539475858017e-01
2.336478880592865737e-01
2.475647600448230012e-01
2.170149394887980476e-01
2.035944997806598822e-01
2.425785983820433200e-01
2.895196308363964799e-01
3.132179550799055190e-01
2.991594349779705397e-01
2.546878171110765199e-01
2.024423974073703003e-01
1.773491282419681903e-01
1.935800917186178971e-01
2.142767608256646861e-01
2.183225801553408119e-01
2.014797660841461391e-01
1.881438666795030579e-01
0.000000000000000000e+00
0.000000000000000000e+00
0.000000000000000000e+00
0.000000000000000000e+00
0.000000000000000000e+00
0.000000000000000000e+00
0.000000000000000000e+00
0.000000000000000000e+00
0.000000000000000000e+00
0.000000000000000000e+00
0.000000000000000000e+00
0.000000000000000000e+00
0.000000000000000000e+00
0.000000000000000000e+00
0.000000000000000000e+00
0.000000000000000000e+00
0.000000000000000000e+00
0.000000000000000000e+00
0.000000000000000000e+00
0.000000000000000000e+00
0.000000000000000000e+00
0.000000000000000000e+00
0.000000000000000000e+00
0.000000000000000000e+00
0.000000000000000000e+00
0.000000000000000000e+00
0.000000000000000000e+00
0.000000000000000000e+00
0.000000000000000000e+00
0.000000000000000000e+00
0.000000000000000000e+00
0.000000000000000000e+00
0.000000000000000000e+00
0.000000000000000000e+00
0.000000000000000000e+00
0.000000000000000000e+00
0.000000000000000000e+00
0.000000000000000000e+00
0.000000000000000000e+00
0.000000000000000000e+00
0.000000000000000000e+00
0.000000000000000000e+00
0.000000000000000000e+00
0.000000000000000000e+00
0.000000000000000000e+00
0.000000000000000000e+00
0.000000000000000000e+00
0.000000000000000000e+00
0.000000000000000000e+00
0.000000000000000000e+00
0.000000000000000000e+00
0.000000000000000000e+00
0.000000000000000000e+00
0.000000000000000000e+00
0.000000000000000000e+00
0.000000000000000000e+00
0.000000000000000000e+00
0.000000000000000000e+00
0.000000000000000000e+00
0.000000000000000000e+00
0.000000000000000000e+00
0.000000000000000000e+00
0.000000000000000000e+00
0.000000000000000000e+00
0.000000000000000000e+00
0.000000000000000000e+00
0.000000000000000000e+00
0.000000000000000000e+00
0.000000000000000000e+00
0.000000000000000000e+00
0.000000000000000000e+00
0.000000000000000000e+00
0.000000000000000000e+00
0.000000000000000000e+00
0.000000000000000000e+00
0.000000000000000000e+00
0.000000000000000000e+00
0.000000000000000000e+00
0.000000000000000000e+00
0.000000000000000000e+00
0.000000000000000000e+00
0.000000000000000000e+00
0.000000000000000000e+00
0.000000000000000000e+00
0.000000000000000000e+00
0.000000000000000000e+00
0.000000000000000000e+00
0.000000000000000000e+00
0.000000000000000000e+00
0.000000000000000000e+00
0.000000000000000000e+00
0.000000000000000000e+00
0.000000000000000000e+00
0.000000000000000000e+00
0.000000000000000000e+00
0.000000000000000000e+00
0.000000000000000000e+00
0.000000000000000000e+00
0.000000000000000000e+00
0.000000000000000000e+00
0.000000000000000000e+00
0.000000000000000000e+00
0.000000000000000000e+00
0.000000000000000000e+00
0.000000000000000000e+00
0.000000000000000000e+00
0.000000000000000000e+00
0.000000000000000000e+00
0.000000000000000000e+00
0.000000000000000000e+00
0.000000000000000000e+00
0.000000000000000000e+00
0.000000000000000000e+00
0.000000000000000000e+00
0.000000000000000000e+00
0.000000000000000000e+00
0.000000000000000000e+00
0.000000000000000000e+00
0.000000000000000000e+00
0.000000000000000000e+00
0.000000000000000000e+00
0.000000000000000000e+00
0.000000000000000000e+00
0.000000000000000000e+00
0.000000000000000000e+00
0.000000000000000000e+00
0.000000000000000000e+00
0.000000000000000000e+00
0.000000000000000000e+00
0.000000000000000000e+00
0.000000000000000000e+00
0.000000000000000000e+00
0.000000000000000000e+00
0.000000000000000000e+00
0.000000000000000000e+00
0.000000000000000000e+00
0.000000000000000000e+00
0.000000000000000000e+00
0.000000000000000000e+00
0.000000000000000000e+00
0.000000000000000000e+00
0.000000000000000000e+00
0.000000000000000000e+00
0.000000000000000000e+00
0.000000000000000000e+00
0.000000000000000000e+00
0.000000000000000000e+00
0.000000000000000000e+00
0.000000000000000000e+00
0.000000000000000000e+00
0.000000000000000000e+00
0.000000000000000000e+00
0.000000000000000000e+00
0.000000000000000000e+00
0.000000000000000000e+00
0.000000000000000000e+00
0.000000000000000000e+00
0.000000000000000000e+00
0.000000000000000000e+00
0.000000000000000000e+00
0.000000000000000000e+00
0.000000000000000000e+00
0.000000000000000000e+00
0.000000000000000000e+00
0.000000000000000000e+00
0.000000000000000000e+00
0.000000000000000000e+00
0.000000000000000000e+00
0.000000000000000000e+00
0.000000000000000000e+00
0.000000000000000000e+00
0.000000000000000000e+00
0.000000000000000000e+00
0.000000000000000000e+00
0.000000000000000000e+00
0.000000000000000000e+00
0.000000000000000000e+00
0.000000000000000000e+00
0.000000000000000000e+00
0.000000000000000000e+00
0.000000000000000000e+00
0.000000000000000000e+00
0.000000000000000000e+00
0.000000000000000000e+00
0.000000000000000000e+00
0.000000000000000000e+00
0.000000000000000000e+00
0.000000000000000000e+00
0.000000000000000000e+00
0.000000000000000000e+00
0.000000000000000000e+00
0.000000000000000000e+00
0.000000000000000000e+00
0.000000000000000000e+00
0.000000000000000000e+00
0.000000000000000000e+00
0.000000000000000000e+00
0.000000000000000000e+00
0.000000000000000000e+00
0.000000000000000000e+00
0.000000000000000000e+00
0.000000000000000000e+00
0.000000000000000000e+00
0.000000000000000000e+00
0.000000000000000000e+00
0.000000000000000000e+00
0.000000000000000000e+00
0.000000000000000000e+00
0.000000000000000000e+00
0.000000000000000000e+00
