5.773925781250000000e-02
-7.104453151424694468e-02
-2.682500130713361131e-01
-3.550603203902171212e-01
2.346800948870234049e-01
3.030028202101052726e-01
3.596389420863830289e-01
4.801475042000938886e-01
5.994023732592704823e-01
-4.000710119792825203e-01
-3.225298266757652410e-01
-8.026377705040999011e-02
5.031994844872311745e-02
-1.674849238942188734e-02
7.378324300973648775e-02
-3.143288374642927430e-01
-7.728959227849205860e-01
-9.527413685595025328e-01
-8.152016894459136465e-01
-2.217767157145811296e-02
-4.625062169136084922e-01
-8.550893885080677048e-01
-4.934470628940776926e-01
-2.631771616322431395e-01
-1.439705558325251378e+00
-1.703839406540825330e+00
-4.691419535158964926e-01
1.239624093499467117e+00
-1.033878055812737395e+00
-2.110702616214890082e+00
-1.586410606250228561e+00
7.402061631205605341e-01
-1.135698287527362016e+00
-2.707205382883544953e+00
-6.692417050779386756e-03
3.266352472725816192e+00
7.455681118242583061e-01
-4.340040367816655476e-01
9.930098954866330985e-01
1.160667100994140721e+00
-2.943428273453694288e-01
-4.696024045532438684e-01
8.140428963608625779e-01
6.728198391879929297e-01
-9.206974308315138966e-01
-5.256696265850857586e-02
1.863396876589101137e+00
1.070253484844576830e+00
-6.872035285115287717e-01
-3.298642628810701805e-01
1.326742382951060284e+00
2.223079741862675984e+00
1.992397167164640548e+00
7.735838294174429697e-01
-2.549335283907556149e-01
3.245565892224385740e-01
2.919414647242146721e-01
-2.917999535649087317e-01
-3.293478043792247290e-01
-2.537614780617256649e-01
-6.621309414866145548e-01
-1.162599939786862935e+00
-5.024083921776123507e-01
-4.173365302102860497e-02
2.816095885284450873e-01
2.995192405106770206e-01
-2.285812730688725480e-01
-1.152451378367759238e+00
-1.566365185718081587e+00
-1.899771108340791548e+00
-1.949320233156738080e+00
-1.129655241729465187e+00
-8.411420514226999323e-01
-9.782983936012914494e-01
-8.303019551094492634e-01
-2.574886073228741523e-01
2.549560389722991260e-01
3.591738159337061198e-01
2.633291096036050050e-02
-4.762571448952721553e-01
-9.257444231289138070e-01
-1.285954815584568145e+00
-1.099427828394229589e+00
-6.659485960891697864e-02
6.972644579346183313e-01
5.232713490645031218e-01
-2.298131169865924583e-02
-5.314313872824988350e-01
-1.276215117994780268e+00
-2.253715862748274734e+00
-2.539333087896768593e+00
-1.490591208315710681e+00
5.780532852564457258e-02
8.958443230186170503e-01
4.723725049813938259e-01
5.042749738872335241e-01
2.239905288086159629e+00
1.821201763963702369e+00
6.297017561556845777e-01
-7.690606332070741846e-01
1.839106751174035548e-01
5.852051616749487373e-01
-1.450895548596707663e+00
-4.482387850502654203e+00
-6.643066716088529944e+00
-5.381804314327466088e+00
-2.825601737429797922e+00
-3.890455082492012551e-01
1.563801546537937348e+00
2.593065322629809266e+00
2.135628563607199659e+00
1.121102096526390923e+00
1.346569205113616663e+00
1.620033169578142473e+00
1.368711930323970982e+00
1.513238936792074441e+00
1.522951576162581588e+00
9.709677433262287050e-01
8.484721151592955479e-02
-6.117054623383495482e-01
2.386665410653280306e-01
1.014174703067986627e+00
7.227998528014543123e-01
-4.514814560764035534e-02
-7.184329049359834407e-01
-8.430322858202514702e-01
-3.217226418864798099e-01
1.461032458499755826e-02
-1.628472888985811329e-01
-1.007523337748750247e-01
1.546553053166879188e-01
2.480847649689311707e-01
2.343065056228854637e-02
-3.914997123100509291e-01
-6.737986976888750146e-01
-5.712527471620915120e-01
-1.577494169717459371e-01
3.001038264001203437e-01
6.828223292911848041e-01
1.086337134027067997e+00
1.530781957486401446e+00
1.676248097479058341e+00
1.269932954947069703e+00
6.652843802683561236e-01
1.253548145683569537e-01
-1.599328619747351077e-01
-9.756707316813795217e-02
3.123552136308500593e-01
8.776396610991827885e-01
1.420784874786578111e+00
1.837381096006062808e+00
2.018048895358489858e+00
2.037418867344136242e+00
2.142084914430689935e+00
2.189342458660002766e+00
1.298317777653455574e+00
3.501406293193760622e-01
-2.500677332305432099e-01
-7.472820186306461387e-01
-9.531954843417848044e-01
-3.722939349373765028e-01
-3.823115194297707076e-01
-1.158196471682184869e+00
-1.827914038653203121e+00
-2.251856265000658830e+00
-2.125225347689098321e+00
-1.016880911159539380e+00
5.961055620794963872e-02
7.084629044275378984e-01
8.841187501162037776e-01
5.807753256916696749e-01
-2.826049889480475308e-02
-6.349286848461732635e-01
-8.950284492941673609e-01
-5.199808305177193724e-01
1.929792561773502335e-02
-1.062864858413847813e-02
-4.066376801616997660e-01
-5.969462891789349968e-01
-2.394654405671859942e-01
1.529979220219569447e-01
-2.207094291417854848e-03
-2.188826266471766147e-01
-1.446320317672891154e-01
4.702612242021286804e-03
8.784740894701775771e-02
-2.218717021154655300e-01
-3.888498253098121027e-01
-3.244728247639606655e-01
-2.612451079597015169e-01
-4.965472800886098215e-01
-7.532284793497681097e-01
-1.046856224167352245e+00
-1.252758641942736784e+00
-1.133762560015903365e+00
-8.958905933540377564e-01
-1.105537332922610361e+00
-1.480392087180778748e+00
-1.631982271122395911e+00
-1.407797096010179327e+00
-1.011487361746585822e+00
-8.848281143019082196e-01
-8.789445751196203194e-01
-6.533128410571842348e-01
-6.999870810264168242e-01
-1.257196874068716719e+00
-1.799286207813936223e+00
-1.624750290103721406e+00
-6.469734840339131932e-01
6.595942528414360240e-01
1.318298879395712664e+00
1.039085281245358372e+00
6.504647500243669889e-01
1.343295087192779569e-01
-4.402171808100403538e-01
-4.994479464666280455e-01
2.591979623079687101e-01
1.561199809447562092e-01
-3.489567519232419368e-01
-8.518607266352847818e-01
-1.342527536155766033e+00
-1.543010046357524701e+00
-1.177098763389222924e+00
-8.093180760969571619e-01
-4.494949553221150307e-01
7.878830504965295134e-02
7.956319217689591383e-01
1.678187649355234123e+00
2.619837807811891128e+00
3.320804633792959759e+00
3.233519581247520591e+00
2.603352806623506321e+00
2.018820096483439297e+00
1.632738537475800777e+00
1.343865225670205055e+00
1.130669111071969546e+00
1.063570874976913938e+00
1.128251661122239291e+00
1.192180935343339021e+00
1.146669755867967044e+00
1.010738781603563785e+00
8.873546455183918269e-01
8.269033072328152434e-01
6.441272725796567400e-01
-1.759313044741860343e-01
-1.180680277231630715e+00
-1.641868470225827492e+00
-1.238481112423857722e+00
-2.381861002628404833e-01
5.570844114971579275e-01
3.781538580596256471e-01
-1.364718752547622316e-01
-4.870134976839854968e-01
-4.191401963516143692e-01
-5.803840746361932368e-02
2.742543823757553345e-01
6.891848380596412582e-01
1.360089622127608866e+00
1.511209581074432151e+00
7.944042386787283361e-01
-2.295166173149034705e-01
-1.961569432317019634e+00
-3.230407732597323278e+00
-4.607367236367901242e+00
-6.005363798977862544e+00
-6.948511196426222725e+00
-6.958650159968069460e+00
-5.835858501938537835e+00
-3.846842766416055159e+00
-7.817323218527145734e-01
1.858197144980713089e+00
2.768484501110624940e+00
4.044437269055585205e+00
5.078467345809939637e+00
5.296258040534643996e+00
2.690704109296824686e+00
8.607890557546771237e-01
1.524564809399465037e+00
1.429542421394831564e+00
-1.815277841120637170e-01
-1.966023104154348111e+00
-1.685375336147836078e+00
4.668303254792061097e-01
1.591044095633399769e+00
1.021731228279296078e+00
4.031494791994494342e-02
5.641098204998462595e-01
1.115096788337182954e+00
7.409529468503950334e-01
5.270393402368189761e-02
-5.084360537417211834e-01
-6.623656639984120131e-01
-8.394318854442067712e-01
-1.161267107376660501e+00
-1.133793004558639961e+00
-9.519307031184105483e-01
-1.052923543958650621e+00
-1.402118699259077728e+00
-1.662108088859640898e+00
-1.606590629384542224e+00
-1.566229904973422293e+00
-1.151085344131902222e+00
-1.075290500285182027e-01
8.376376490629702243e-01
1.165148873248921690e+00
8.336082561280901970e-01
2.261488565298592768e-01
1.588704310071076264e-02
1.038788343998033881e-01
-1.551060128021055640e-01
-8.133240756953999950e-01
-6.122294810013557687e-01
-4.117322260297540115e-01
-9.052124023616231474e-02
7.608097117259277065e-01
1.358329459007505680e+00
1.578941836127529141e+00
1.031965708066738152e+00
1.293573893132471397e-02
-1.321204068301378154e+00
-1.340880455147996919e+00
-1.351357466051393841e+00
-1.538464200705262686e+00
-1.018137788970333801e+00
-1.200262467122859000e-02
-1.240417916535185849e+00
-2.047713071362207149e+00
6.006993966159552834e-01
1.877902741648854734e+00
7.907581564573722410e-01
-2.643801352742105593e-01
-7.646244942182847115e-01
-1.341660553503339459e+00
-1.822434051828883739e+00
-8.233511673652715857e-01
1.268013486458168249e+00
-1.339267646163907477e+00
-2.354174101286757192e+00
-3.953313355126757411e-01
1.792759625091578046e+00
3.823366764395892403e-01
5.895738579362355125e-01
1.406867329737289118e+00
3.325005190242996012e+00
1.831692068372427151e+00
3.332350935790442392e-01
-3.252420197180825312e-01
-1.393558355936996840e-02
-3.957149824577688157e-01
-8.915828379739081377e-01
-5.294235257425905505e-01
3.064574996743522073e-01
-2.739765103108893207e-02
-7.376414479890545106e-01
-5.117137581781134870e-01
6.001796359736149000e-01
1.270411700468920380e+00
9.000111498028473545e-02
-2.908053025022068194e-01
-2.299038289650492395e-01
-1.313294116020864433e-01
-3.693233038350707265e-02
2.448234694594409733e-01
4.997948113914859603e-01
4.938642484573112501e-01
2.149966238810990804e-01
2.008570203441135127e-01
1.829048641644963613e-01
1.935816588989849318e-01
2.718780866038570387e-01
1.117718143023928246e+00
3.501067851913295392e-01
7.914013143056183308e-01
1.426557462308135404e+00
1.602548596088320343e+00
1.280695835364450419e+00
5.393857806238527841e-01
3.869474916990742197e-01
1.024069037424513606e+00
1.247327165697020845e+00
0.000000000000000000e+00
0.000000000000000000e+00
0.000000000000000000e+00
0.000000000000000000e+00
0.000000000000000000e+00
0.000000000000000000e+00
0.000000000000000000e+00
0.000000000000000000e+00
0.000000000000000000e+00
0.000000000000000000e+00
0.000000000000000000e+00
0.000000000000000000e+00
0.000000000000000000e+00
0.000000000000000000e+00
0.000000000000000000e+00
0.000000000000000000e+00
0.000000000000000000e+00
0.000000000000000000e+00
0.000000000000000000e+00
0.000000000000000000e+00
0.000000000000000000e+00
0.000000000000000000e+00
0.000000000000000000e+00
0.000000000000000000e+00
0.000000000000000000e+00
0.000000000000000000e+00
0.000000000000000000e+00
0.000000000000000000e+00
0.000000000000000000e+00
0.000000000000000000e+00
0.000000000000000000e+00
0.000000000000000000e+00
0.000000000000000000e+00
0.000000000000000000e+00
0.000000000000000000e+00
0.000000000000000000e+00
0.000000000000000000e+00
0.000000000000000000e+00
0.000000000000000000e+00
0.000000000000000000e+00
0.000000000000000000e+00
0.000000000000000000e+00
0.000000000000000000e+00
0.000000000000000000e+00
0.000000000000000000e+00
0.000000000000000000e+00
0.000000000000000000e+00
0.000000000000000000e+00
0.000000000000000000e+00
0.000000000000000000e+00
0.000000000000000000e+00
0.000000000000000000e+00
0.000000000000000000e+00
0.000000000000000000e+00
0.000000000000000000e+00
0.000000000000000000e+00
0.000000000000000000e+00
0.000000000000000000e+00
0.000000000000000000e+00
0.000000000000000000e+00
0.000000000000000000e+00
0.000000000000000000e+00
0.000000000000000000e+00
0.000000000000000000e+00
0.000000000000000000e+00
0.000000000000000000e+00
0.000000000000000000e+00
0.000000000000000000e+00
0.000000000000000000e+00
0.000000000000000000e+00
0.000000000000000000e+00
0.000000000000000000e+00
0.000000000000000000e+00
0.000000000000000000e+00
0.000000000000000000e+00
0.000000000000000000e+00
0.000000000000000000e+00
0.000000000000000000e+00
0.000000000000000000e+00
0.000000000000000000e+00
0.000000000000000000e+00
0.000000000000000000e+00
0.000000000000000000e+00
0.000000000000000000e+00
0.000000000000000000e+00
0.000000000000000000e+00
0.000000000000000000e+00
0.000000000000000000e+00
0.000000000000000000e+00
0.000000000000000000e+00
0.000000000000000000e+00
0.000000000000000000e+00
0.000000000000000000e+00
0.000000000000000000e+00
0.000000000000000000e+00
0.000000000000000000e+00
0.000000000000000000e+00
0.000000000000000000e+00
0.000000000000000000e+00
0.000000000000000000e+00
0.000000000000000000e+00
0.000000000000000000e+00
0.000000000000000000e+00
0.000000000000000000e+00
0.000000000000000000e+00
0.000000000000000000e+00
0.000000000000000000e+00
0.000000000000000000e+00
0.000000000000000000e+00
0.000000000000000000e+00
0.000000000000000000e+00
0.000000000000000000e+00
0.000000000000000000e+00
0.000000000000000000e+00
0.000000000000000000e+00
0.000000000000000000e+00
0.000000000000000000e+00
0.000000000000000000e+00
0.000000000000000000e+00
0.000000000000000000e+00
