4.019165039062500000e+00
3.333243052585556310e+00
1.306798501677481017e+00
-1.028146247902899546e+00
1.320501879571311044e+00
4.034906669963039150e+00
-5.580649528048040597e-01
-1.313885061499502349e-01
-9.372309455673670797e-01
2.877425621736797723e-01
4.980360201223790639e+00
4.130724331203861510e+00
-3.136910894540426042e+00
1.569143173931731639e+00
6.024105398149316670e+00
1.094131703641743947e+00
-2.961924380512825916e+00
-2.306401616010711031e+00
-1.805885140498041830e+00
5.721311631254968333e-01
1.004994729679264953e+00
-2.516665410002070224e-01
-1.591402118766356955e+00
-6.092499462641609576e-01
4.387577853297877084e-01
1.518370028545627193e+00
3.423198326674395275e+00
3.960101073690160511e+00
1.790508865066420263e+00
-1.905855914632353709e+00
-1.909497192969021206e+00
-2.376177974845304686e+00
-1.408375066856490943e+00
-2.112536179754784804e+00
-4.160399288199418066e+00
-2.592220674779031953e+00
2.231362955731905018e+00
3.744346845463847107e+00
-2.192981501354829277e-03
1.048940630764523263e+00
3.746759235348918082e+00
4.231729695148254144e+00
1.317873141033756301e+00
1.486124762273198563e+00
4.037009539558892968e+00
5.542692200336359676e+00
4.916266210008481963e+00
3.563348347597314891e+00
3.085357255491474326e+00
3.724685815586029403e+00
3.033779718335126940e+00
1.952299182843653114e+00
1.062899698125645997e+00
-1.726194336525299633e-01
1.434882395565502122e-01
1.367238369031935186e+00
1.329724788614585318e+00
1.078502654801307692e-01
-1.899931058079671331e-01
8.650746475074415631e-01
1.377897627630679356e+00
1.977798545698848720e+00
3.376007091125918347e+00
1.820761846351014457e+00
-6.444553745054348859e-02
-1.348701785706285516e-02
9.349661708303458330e-01
-6.303581497965438096e-02
-7.105584377920821648e-01
8.591240442263119448e-01
2.969392926265495003e-01
-3.793777910670663722e-01
7.781704617998150830e-01
2.180136225301429143e+00
2.735453141043937109e+00
2.746024420435454472e-01
4.690702611477108874e-01
1.488943304705354631e+00
9.525630853230195871e-01
1.972872510629976039e-01
1.335948658727878158e+00
2.842502181401795891e+00
3.400100684098501080e+00
2.006093065034057155e+00
7.259121247868074445e-01
-5.191598380196950080e-01
-4.918756018906234040e-02
5.245930700909218203e-01
-4.355798529739424163e-01
-1.327766559204015984e+00
-1.002029639216698520e+00
-3.589236093528932470e-01
3.899253438000862548e-01
2.312860430679595791e-01
-3.803830486704423697e-01
-7.620331752400177905e-02
-1.924686169653554435e-01
-1.162250153517639939e-01
7.118543301553763580e-01
1.019700967522505719e+00
6.065223280825184915e-01
2.071567486103924605e-01
8.645321639115668422e-01
7.320420741760182981e-01
2.593137891827493879e-01
1.885194447152971908e-01
-7.671477175451079100e-01
-1.526000370011861840e-01
9.964992516110308118e-01
1.358624958118792581e+00
4.997865186328542819e-01
-4.851759526872894135e-01
3.064329409513171232e-01
1.020407561539817820e+00
6.926749958866680323e-01
-2.159935235023284772e-01
6.830064646873301726e-02
3.757875924002874735e-01
7.003636896441294279e-01
4.399459521491863034e-01
-7.864068562333663692e-01
-4.044458594482357450e-01
3.694799096511532932e-01
6.485233756106376646e-01
2.767702280066149378e-01
-1.632894414600759014e-01
-3.117813685789251332e-01
4.186777100386096517e-02
4.812447638727355148e-01
3.807242969429682211e-01
2.873316683873936572e-01
5.665728581661494401e-01
-1.274853861909627240e-01
-4.398371733791157645e-01
-5.390594568844053747e-02
3.836197485791952300e-01
6.197147835415803829e-01
2.456651437871428811e-01
1.329727617071330137e-01
3.757925153300123444e-01
-2.541382780574849010e-01
-1.019808673305015567e+00
-1.503916959255179764e+00
-8.285940585535822578e-01
6.295957826896114717e-02
7.500123619724974322e-01
8.042838804615511927e-01
-1.919382636738051762e-01
1.500370023157657773e-01
4.443903638456943028e-01
-1.338003978041467423e+00
-3.231019109337866180e+00
-2.439606919620382008e+00
-8.735468011152822676e-01
4.373708378220797499e-02
-1.480057647205557103e-02
-9.315463891046069644e-01
-1.616329871705924237e+00
-1.754034745693145991e+00
-1.217720356529092829e+00
-9.218953041066552112e-01
-3.032906442137703440e+00
-4.651057161434279053e+00
-4.863064829272078171e+00
-4.397394506733218300e+00
-3.567556915198661471e+00
-2.104927810606258554e+00
-7.241527933846729770e-01
-9.484649237010839284e-01
-2.465169019651085147e+00
-3.059029619526628441e+00
-2.425524016840759689e+00
-9.503668732013204057e-01
2.095309334207211993e+00
3.255486154544435795e+00
1.822127760242490346e+00
2.978330423636452728e-01
-9.432124789956777278e-01
-1.443486283832809303e+00
-7.242002498238355734e-01
-1.681901226287605411e-01
-9.701289546354709969e-01
-2.413089320352612255e+00
-4.451204047401525088e+00
-4.253052351933694908e+00
-7.116595386799282608e-01
2.807215517177909625e+00
4.420040745076549982e+00
3.506952086393536838e+00
3.104251732867245206e+00
2.608296845604216596e+00
1.212362840942885267e+00
-1.677975945938798841e-01
-2.456266594558162986e-01
-5.422614116121446948e-01
-1.137449504132247213e+00
-5.582794215648614333e-01
8.518710443716090985e-01
1.478181155867091423e+00
4.407152155425457796e-01
1.355844470232295818e+00
2.190875958524329370e+00
1.634670179506063858e+00
1.044243379269310212e+00
1.000798187256273897e+00
7.135376698119781924e-01
4.188220703043896709e-01
2.138889188438093836e+00
4.444367980962037556e+00
4.922619654957578916e+00
4.474954552456517298e+00
4.889751158872059023e+00
5.012762410697330751e+00
3.409393495145011777e+00
8.620167632115314227e-01
1.049279165888138410e+00
2.665036277981680968e+00
2.396415641558656606e+00
1.456451777701207595e+00
5.911396594676079363e-01
5.429838568205717086e-01
1.483718264046414159e+00
2.834111140811339080e+00
3.953354630488306043e+00
4.007015965432541904e+00
2.267426678090207481e+00
1.304066857175507632e-01
-4.838291358542715637e-01
-4.441471770498351401e-01
-2.918332076606233727e-01
5.948230603486370782e-03
5.209913021811090061e-01
1.315246369191762410e+00
1.329609201065645285e+00
9.614114998582210525e-01
4.071771589707613437e-01
-1.435853801957245324e-01
-3.421652795571729078e-01
-3.645919482908599463e-02
2.023661578045227172e-01
1.843786186791309678e-01
1.961563157955992232e-01
8.946765152608135985e-01
1.421121570361356223e+00
1.863896417374555803e+00
1.736033361194747382e+00
1.112129080567784145e+00
-2.677047206964554005e-01
-2.604904707098724126e-01
5.147482472827125122e-02
-2.344950491720765307e-02
-3.456053495523315755e-01
4.372041516563949237e-01
1.254604058188362181e+00
1.305316940708544537e+00
4.186546357840349453e-01
-7.347078995278318869e-01
-1.060081071243913708e+00
-7.881098008853012482e-01
3.733532097344648415e-01
6.788056973469236421e-01
1.901191078944681756e-01
8.152725412308762243e-01
1.290186968517924582e+00
8.280618465857274568e-01
4.995769799045074455e-01
-3.342527253932276454e-01
-1.167534366483891084e-01
-1.596793696836806831e-02
2.389035152832917897e-01
4.468968790278925463e-01
-3.293512817652555213e-03
-2.399558182219437841e-01
2.147348500062382093e-01
-8.588283898650512782e-01
-1.164593011627158115e+00
-9.412205049660744560e-01
-5.316651958654768917e-01
-2.117699772445149065e-01
-2.023156201839610979e-01
-4.205097549122520650e-01
2.942922536693957092e-01
-3.675767269831875517e-02
-1.677610680263914356e+00
-3.648344750334087117e-01
1.285707046081181470e+00
3.515684622713830532e-01
1.262430076841967175e-01
3.434578605497047299e-01
-6.998778035531598718e-01
-1.062491290124606413e+00
-6.102850452983297203e-01
-1.046867130293047232e+00
-1.423336527415570263e+00
-6.396024294398885424e-01
2.913456218422310062e-01
-2.799365338916961488e-01
-1.053871713400022170e+00
3.401879125289007932e-01
1.065142557896147313e+00
5.075449897403936372e-01
-1.639812018059518817e+00
-2.458209735384317085e+00
-2.589700494701467015e+00
-2.812739090351116023e+00
-1.397979379115620979e+00
-1.601278340812441581e+00
-4.678155772582607952e+00
-5.963171012638385449e+00
-4.462099310744750191e+00
-1.250372082477631874e+00
-3.189086854464344256e+00
-7.392963894647880174e+00
-8.464156197798528680e+00
-4.461986208753168093e+00
-1.605361749501789337e+00
-1.245896447012830865e+00
-5.958594719892529312e-01
-3.463274574246013593e-01
-5.314733950188765821e-01
3.026193668111967217e-01
1.148106604989593160e+00
-6.075833932028165130e-01
-2.779905608162484665e+00
-1.107130216610758833e+00
2.919330658287839775e-01
-9.358987055707346236e-01
-1.783112332926859001e+00
-1.282701193922112237e+00
-2.246299502432288264e+00
-3.387258646669165429e+00
-1.984564421397760681e+00
-1.142106804585063529e+00
1.424499076804002229e-01
-1.662947056382227728e+00
-1.796544160812779456e+00
1.291486513666439073e+00
-8.503015543327059333e-01
-4.732910195109841567e+00
-3.218066287589054664e+00
-8.082840462750429111e-03
6.657196015020012680e-01
1.247188805934414280e+00
-1.900494440594629353e+00
-1.358001857387566957e+00
3.464167427639796015e-01
3.077974589789298498e-01
3.666833838304024873e+00
4.561045064408900451e+00
4.492219198918218304e+00
4.035478682890460078e+00
4.820861711885223500e+00
7.177629387219163881e+00
8.744725575024146380e+00
7.651658056493016780e+00
4.685452863087063768e+00
3.341061201627721022e+00
6.612271206521884714e+00
8.869339158178684457e+00
7.486475329084300689e+00
4.754861965369341803e+00
5.344516313521637585e+00
6.449196073761861214e+00
5.913924118602725599e+00
4.686779819116988932e+00
3.694015604573521294e+00
2.957047090350650276e+00
2.489910992291118230e+00
2.183899024246746201e+00
7.322219930227129581e-01
3.295369678375778655e+00
5.134354693095425581e+00
4.430275272278808352e+00
3.623143947206278970e+00
4.340413778726875726e+00
3.316626581509574123e+00
1.545961539564457476e+00
3.472145830551448320e+00
4.495468970104705697e+00
3.443006178404847351e+00
1.780802206218265793e+00
1.743581959312857421e+00
8.765709796131920806e-01
4.245519133818726587e+00
6.735213715776857235e+00
5.048432827892830765e+00
1.991339562301480237e+00
6.539889855442655886e+00
8.767657896146380025e+00
7.036647812074562580e+00
4.342265049278228872e+00
2.427218799921595060e+00
1.597794627668592815e+00
5.505068347772891002e+00
5.674476982760666033e+00
2.274253936804019105e+00
2.273496988907659500e+00
5.240603559068905959e+00
0.000000000000000000e+00
0.000000000000000000e+00
0.000000000000000000e+00
0.000000000000000000e+00
0.000000000000000000e+00
0.000000000000000000e+00
0.000000000000000000e+00
0.000000000000000000e+00
0.000000000000000000e+00
0.000000000000000000e+00
0.000000000000000000e+00
0.000000000000000000e+00
0.000000000000000000e+00
0.000000000000000000e+00
0.000000000000000000e+00
0.000000000000000000e+00
0.000000000000000000e+00
0.000000000000000000e+00
0.000000000000000000e+00
0.000000000000000000e+00
0.000000000000000000e+00
0.000000000000000000e+00
0.000000000000000000e+00
0.000000000000000000e+00
0.000000000000000000e+00
0.000000000000000000e+00
0.000000000000000000e+00
0.000000000000000000e+00
0.000000000000000000e+00
0.000000000000000000e+00
0.000000000000000000e+00
0.000000000000000000e+00
0.000000000000000000e+00
0.000000000000000000e+00
0.000000000000000000e+00
0.000000000000000000e+00
0.000000000000000000e+00
0.000000000000000000e+00
0.000000000000000000e+00
0.000000000000000000e+00
0.000000000000000000e+00
0.000000000000000000e+00
0.000000000000000000e+00
0.000000000000000000e+00
0.000000000000000000e+00
0.000000000000000000e+00
0.000000000000000000e+00
0.000000000000000000e+00
0.000000000000000000e+00
0.000000000000000000e+00
0.000000000000000000e+00
0.000000000000000000e+00
0.000000000000000000e+00
0.000000000000000000e+00
0.000000000000000000e+00
0.000000000000000000e+00
0.000000000000000000e+00
0.000000000000000000e+00
0.000000000000000000e+00
0.000000000000000000e+00
0.000000000000000000e+00
0.000000000000000000e+00
0.000000000000000000e+00
0.000000000000000000e+00
0.000000000000000000e+00
0.000000000000000000e+00
0.000000000000000000e+00
0.000000000000000000e+00
0.000000000000000000e+00
0.000000000000000000e+00
0.000000000000000000e+00
0.000000000000000000e+00
0.000000000000000000e+00
0.000000000000000000e+00
0.000000000000000000e+00
0.000000000000000000e+00
0.000000000000000000e+00
0.000000000000000000e+00
0.000000000000000000e+00
0.000000000000000000e+00
0.000000000000000000e+00
0.000000000000000000e+00
0.000000000000000000e+00
0.000000000000000000e+00
0.000000000000000000e+00
0.000000000000000000e+00
0.000000000000000000e+00
0.000000000000000000e+00
0.000000000000000000e+00
0.000000000000000000e+00
0.000000000000000000e+00
0.000000000000000000e+00
0.000000000000000000e+00
0.000000000000000000e+00
0.000000000000000000e+00
0.000000000000000000e+00
0.000000000000000000e+00
0.000000000000000000e+00
0.000000000000000000e+00
0.000000000000000000e+00
0.000000000000000000e+00
0.000000000000000000e+00
