
-----Original_Data-----
0.000 0.000 1.000 0.000 1.000 1.000 1.000 0.000 1.000 0.000 1.000 1.000 0.000 0.000 0.000 1.000 1.000 0.000 1.000 1.000
0.000 0.000 1.000 1.000 0.000 0.000 0.000 1.000 0.000 0.000 1.000 0.000 0.000 0.000 0.000 1.000 1.000 0.000 1.000 0.000
1.000 1.000 1.000 1.000 1.000 1.000 0.000 1.000 1.000 1.000 1.000 0.000 0.000 0.000 1.000 0.000 1.000 1.000 0.000 0.000
0.000 1.000 0.000 1.000 0.000 1.000 1.000 0.000 1.000 1.000 0.000 1.000 0.000 1.000 0.000 0.000 0.000 0.000 1.000 0.000
0.000 0.000 0.000 1.000 0.000 1.000 0.000 1.000 1.000 0.000 0.000 0.000 1.000 0.000 0.000 0.000 0.000 1.000 1.000 1.000
0.000 0.000 0.000 0.000 0.000 1.000 0.000 1.000 0.000 0.000 0.000 1.000 0.000 0.000 1.000 1.000 1.000 0.000 1.000 0.000
1.000 0.000 0.000 0.000 0.000 0.000 1.000 1.000 1.000 0.000 0.000 1.000 0.000 1.000 1.000 0.000 1.000 1.000 1.000 1.000
1.000 1.000 0.000 1.000 0.000 1.000 1.000 0.000 1.000 0.000 0.000 1.000 0.000 0.000 0.000 0.000 0.000 1.000 1.000 1.000
1.000 0.000 0.000 0.000 0.000 0.000 1.000 0.000 1.000 1.000 0.000 0.000 0.000 0.000 0.000 1.000 0.000 0.000 0.000 0.000
0.000 1.000 0.000 1.000 1.000 0.000 0.000 0.000 0.000 1.000 0.000 0.000 0.000 0.000 1.000 0.000 0.000 0.000 0.000 0.000

-----Practice_Data-----
1.000 0.000 1.000 1.000 1.000 1.000 1.000 1.000 0.000 1.000 1.000 0.000 0.000 0.000 0.000 0.000 1.000 1.000 0.000 0.000 0.000 0.000 1.000 0.000 1.000 0.000 1.000 1.000 0.000 0.000 1.000 1.000 1.000 1.000 0.000 0.000 0.000 1.000 0.000 0.000
0.000 0.000 1.000 0.000 0.000 0.000 0.000 1.000 0.000 0.000 0.000 1.000 0.000 1.000 0.000 0.000 0.000 1.000 0.000 0.000 1.000 1.000 0.000 1.000 0.000 1.000 1.000 1.000 0.000 1.000 1.000 0.000 1.000 0.000 0.000 0.000 0.000 1.000 1.000 0.000
0.000 0.000 0.000 1.000 1.000 0.000 0.000 0.000 0.000 1.000 1.000 0.000 1.000 1.000 0.000 1.000 0.000 0.000 0.000 0.000 1.000 1.000 0.000 1.000 1.000 1.000 1.000 0.000 0.000 0.000 0.000 0.000 1.000 1.000 1.000 1.000 1.000 0.000 1.000 0.000
0.000 1.000 1.000 0.000 0.000 1.000 0.000 0.000 1.000 0.000 0.000 0.000 1.000 1.000 0.000 1.000 0.000 1.000 0.000 0.000 1.000 0.000 1.000 1.000 0.000 0.000 0.000 1.000 1.000 1.000 0.000 1.000 1.000 0.000 1.000 1.000 1.000 0.000 1.000 1.000
0.000 0.000 1.000 1.000 1.000 0.000 0.000 1.000 1.000 1.000 1.000 1.000 1.000 0.000 1.000 0.000 0.000 0.000 1.000 1.000 0.000 0.000 0.000 0.000 1.000 0.000 1.000 1.000 1.000 0.000 1.000 1.000 1.000 0.000 0.000 1.000 0.000 0.000 1.000 1.000
0.000 1.000 0.000 0.000 1.000 1.000 1.000 0.000 0.000 0.000 1.000 0.000 0.000 0.000 1.000 1.000 0.000 1.000 1.000 0.000 0.000 0.000 1.000 1.000 1.000 1.000 1.000 1.000 0.000 0.000 0.000 1.000 1.000 0.000 0.000 1.000 1.000 1.000 1.000 1.000
1.000 1.000 1.000 1.000 1.000 1.000 1.000 1.000 1.000 1.000 1.000 0.000 0.000 0.000 1.000 1.000 1.000 1.000 1.000 0.000 1.000 0.000 1.000 1.000 1.000 0.000 0.000 1.000 0.000 1.000 0.000 1.000 1.000 0.000 0.000 1.000 1.000 1.000 0.000 1.000
0.000 1.000 0.000 1.000 0.000 0.000 1.000 0.000 0.000 0.000 1.000 1.000 0.000 1.000 0.000 0.000 0.000 1.000 1.000 0.000 1.000 0.000 1.000 0.000 1.000 0.000 0.000 1.000 1.000 0.000 0.000 0.000 0.000 1.000 0.000 0.000 0.000 0.000 0.000 1.000
1.000 0.000 0.000 0.000 0.000 1.000 0.000 1.000 1.000 0.000 1.000 0.000 1.000 0.000 1.000 0.000 0.000 0.000 1.000 1.000 1.000 0.000 0.000 0.000 1.000 0.000 1.000 1.000 0.000 0.000 0.000 0.000 1.000 0.000 0.000 0.000 0.000 0.000 1.000 1.000
1.000 1.000 1.000 1.000 0.000 0.000 0.000 0.000 0.000 0.000 1.000 0.000 0.000 1.000 0.000 0.000 0.000 0.000 1.000 0.000 1.000 0.000 0.000 0.000 0.000 0.000 0.000 1.000 1.000 0.000 0.000 1.000 0.000 1.000 0.000 1.000 0.000 1.000 0.000 0.000

-----Filter-----
-11.903 -9.789 -14.271 -4.743 19.389 3.373 1.241 16.775 4.464 2.891 -2.457 6.968 -5.738 7.659 2.160 11.677 -13.742 7.372 -3.326 15.540 -9.239 2.344 11.775 5.091 12.463 0.159 12.164 11.720 4.137 0.324 1.072 -10.602 10.894 5.962 7.595 0.146 4.233 3.542 10.646 -10.522
4.189 0.701 4.960 17.155 -7.775 -15.618 -1.334 -10.546 14.596 0.944 8.580 9.328 -9.541 -14.987 -7.210 -0.860 13.705 -5.079 5.395 1.893 0.235 4.817 4.353 -14.277 -11.407 19.560 15.496 17.882 -10.070 5.557 -17.743 17.720 5.469 -4.356 -8.842 -2.619 1.448 -9.487 17.793 19.838
3.758 -16.408 -4.495 16.875 9.894 11.568 11.778 5.951 6.955 -13.760 -3.263 3.122 -5.836 9.099 -17.211 5.323 -16.426 13.098 9.717 7.127 12.109 5.121 10.578 5.438 14.884 4.462 -17.092 7.645 4.397 -15.269 9.039 -7.693 -6.697 13.265 -2.733 -7.961 5.573 6.126 14.655 9.821
6.324 0.298 -9.771 -13.619 -0.804 10.833 11.628 -2.395 -9.536 1.328 10.685 1.309 7.393 11.099 -15.925 -2.044 -14.387 0.758 1.241 -7.315 5.229 -9.091 -17.813 4.193 6.271 -2.415 -15.957 -12.942 9.855 -4.050 12.777 -14.544 -7.087 -1.043 -10.933 15.340 -0.393 -2.121 -9.233 -15.768
-1.057 0.445 7.374 -9.565 -6.196 -15.173 8.899 4.922 -15.774 7.469 13.038 -15.376 4.213 -4.655 2.775 5.823 -14.044 -8.639 -10.039 8.845 5.284 11.179 13.432 9.643 13.181 12.613 14.861 -10.586 -11.113 0.632 6.304 -3.264 -8.029 1.271 10.088 -8.165 7.867 -10.107 -15.895 3.112
-6.098 2.025 -12.889 -0.046 -18.476 -11.962 -7.441 7.531 -13.663 -6.173 -9.617 -5.542 5.218 -5.955 8.499 -1.842 18.884 -0.885 7.963 12.936 -9.104 -0.177 -1.753 2.192 0.959 -8.937 0.173 -2.761 4.419 -0.750 -11.348 -6.420 4.623 -2.432 2.834 1.053 5.716 4.382 3.386 -7.226
3.523 -8.591 -3.491 5.602 -13.523 17.638 6.731 -15.283 -11.132 9.760 -3.297 -11.014 1.193 3.987 3.604 -16.414 2.839 -11.481 1.612 -2.203 2.380 7.517 2.857 -7.566 -0.321 -8.102 -0.345 -18.296 17.001 -12.991 -7.234 2.766 -3.113 2.162 14.133 8.184 10.386 -5.563 -10.022 10.813
-7.673 -16.482 19.743 11.653 -2.271 -10.192 10.097 -13.102 -16.126 15.598 19.347 9.987 3.944 -8.508 14.072 -2.855 -19.026 -8.368 -2.938 4.954 17.824 7.123 -8.264 -15.405 3.873 4.765 -0.037 -4.146 7.089 -17.805 4.640 -2.621 -17.053 -14.849 19.921 -3.286 17.675 -3.789 -9.370 17.034
10.007 9.686 6.350 -0.189 -4.420 9.133 16.659 3.002 -1.936 -10.971 8.378 2.333 3.960 6.394 -6.821 -1.494 7.777 15.550 -16.469 -11.477 17.404 -13.781 -18.782 1.637 -1.125 8.727 -11.780 3.302 -14.315 -5.725 19.229 2.954 1.930 4.053 -10.620 6.438 12.587 -10.045 -19.321 -17.601
-8.629 -2.211 7.432 1.778 8.363 18.954 -7.653 -3.838 11.643 11.155 10.333 -12.290 -6.068 -1.813 -1.195 -0.796 -11.698 -19.146 6.958 -5.706 -6.161 6.205 1.920 3.346 -6.645 -16.358 -2.480 5.582 -8.155 4.908 1.673 3.298 -6.261 -7.263 4.622 -7.840 11.262 5.004 -4.485 9.735
-14.058 1.823 -5.842 -6.342 -14.488 -0.303 -13.847 -0.429 9.542 12.804 2.105 10.878 5.016 1.255 5.603 1.435 -11.923 -12.988 -15.109 -1.665 -18.641 -10.552 1.530 -17.635 -14.797 -17.977 -5.643 -0.506 3.918 8.760 -14.957 4.127 17.489 -4.772 15.800 0.224 -0.724 14.650 6.256 -7.784
2.220 -17.043 12.172 -8.536 7.223 -15.453 8.594 -17.400 18.410 2.740 19.294 8.567 -2.905 14.858 9.752 10.043 -2.280 10.865 -2.354 -16.668 10.439 -2.154 6.076 -7.445 7.831 5.899 0.289 -4.612 6.574 -3.645 19.663 -9.052 -16.507 -2.642 -3.583 3.741 8.443 12.576 -3.959 11.717
5.752 -19.255 -19.484 -2.282 -7.583 19.051 10.763 -19.678 14.138 -11.633 -1.539 -11.119 -19.835 18.975 -8.924 7.357 9.796 9.118 -12.104 -5.373 -15.042 5.585 18.931 -8.762 4.609 12.552 7.372 10.791 9.244 7.014 -7.990 12.630 14.910 14.880 -3.883 13.852 1.306 3.268 18.395 17.502
-1.046 7.023 -7.877 -4.955 4.231 4.451 15.611 -7.952 -5.464 -12.828 -19.026 -15.605 7.483 -15.515 8.113 12.359 14.981 3.259 -5.261 18.518 -12.612 -1.169 7.243 1.656 2.261 10.570 -5.063 2.599 -0.411 14.225 -19.868 -6.343 5.389 -3.611 -11.457 -5.749 1.208 11.538 19.505 -2.148
0.072 1.749 1.104 5.317 10.911 -14.556 -0.039 12.012 7.236 -3.396 0.759 -1.507 4.122 11.515 -9.482 -2.337 10.460 8.788 -2.788 2.097 -3.546 -13.029 -8.886 -2.875 -1.364 -13.226 -4.312 1.370 18.106 -7.143 -2.822 -2.003 15.730 12.385 -2.557 4.068 2.023 18.080 12.029 16.383
7.969 10.982 4.054 -2.512 11.008 3.279 11.962 -11.454 -1.983 -8.653 -8.938 8.116 7.700 -16.293 3.243 6.973 -19.190 11.911 12.223 4.836 -3.329 -2.289 -19.717 -2.434 -3.383 15.571 6.548 -1.318 -4.692 13.511 -14.783 1.649 -2.404 -4.926 -17.172 -6.932 -13.178 8.496 15.678 5.894
14.051 10.756 -18.433 -8.611 7.315 -14.455 4.806 -16.765 -6.084 4.928 -19.332 -12.762 -12.365 1.552 4.747 -10.915 -16.919 12.201 6.904 -18.094 -5.361 2.757 -18.782 9.787 -8.998 5.901 -3.272 2.276 11.401 12.320 1.627 8.775 0.068 -2.804 -16.748 19.843 0.375 -9.537 -10.961 -1.007
11.027 17.462 14.011 -8.788 12.792 7.726 -17.451 -5.464 16.531 -7.458 -5.274 -10.388 6.540 -11.791 -10.889 -0.064 -3.596 -14.941 6.940 -9.043 -5.098 8.032 3.803 9.732 -6.362 3.434 19.193 -19.058 -6.902 -10.960 -9.694 10.141 -10.039 1.538 -9.836 -16.007 -1.781 -2.702 -3.985 -0.805
-10.484 9.031 2.664 2.682 0.304 8.432 -6.667 17.660 10.623 -15.410 -7.551 -6.855 -5.786 2.930 -18.325 1.977 15.812 -18.332 -17.774 10.087 -6.857 7.789 10.183 17.190 2.186 -9.044 14.036 10.172 7.143 3.556 2.856 10.543 16.570 15.163 -13.538 -17.461 -11.698 12.227 -6.834 -8.282
-8.825 -2.775 -16.155 11.617 2.953 5.468 13.752 -5.846 -8.151 16.215 0.154 -5.795 -0.384 -13.101 15.595 -0.972 19.013 -0.636 17.652 6.232 -4.369 -5.372 -6.564 -10.769 -9.441 -9.055 -17.577 15.693 12.289 -0.461 -9.440 -3.472 -2.858 -17.347 -4.257 1.097 -8.711 13.798 12.942 0.507

-----Original*Filter-----
1.005 -0.067 -28.691 0.975 -18.405 -1.830 55.226 -28.110 -13.191 -1.051 -9.028 -24.327 0.024 0.072 11.461 -0.063 -16.456 10.662 -5.673 -0.043 -0.044 0.039 -20.941 0.039 0.977 0.057 -19.803 1.007 37.023 -0.061 0.955 0.915 1.073 0.990 -25.795 0.061 16.636 37.004 -14.076 -0.035
-0.113 -0.000 -12.081 0.126 10.958 9.161 29.757 -20.533 -6.609 -3.165 -6.947 13.796 0.065 1.134 -23.797 -0.106 -82.059 -1.722 -5.735 -0.070 0.973 0.859 -42.286 1.136 0.037 1.263 -21.418 1.181 39.111 1.024 1.199 0.237 0.886 0.034 -25.402 -0.234 -2.370 26.053 0.190 -0.090
0.009 0.057 -4.727 0.875 14.235 -20.671 17.342 -2.344 7.849 15.358 33.282 -13.939 0.857 0.865 -30.876 1.052 -70.934 -12.281 -5.550 0.093 0.936 0.949 -26.889 0.868 0.934 0.707 1.312 -0.223 12.766 -29.200 -0.202 -0.130 1.038 0.954 -1.407 1.233 65.861 3.997 -8.485 15.211
0.005 0.921 -0.449 -0.128 -24.876 26.408 36.129 -29.221 13.542 -19.456 17.780 -29.768 0.946 0.999 -19.508 0.930 45.634 -24.492 -18.687 0.065 0.954 -0.043 -5.715 0.925 0.011 -0.099 -5.632 0.924 12.042 1.086 0.005 0.923 1.013 0.030 -37.383 1.087 38.959 18.511 -13.171 1.078
0.030 -0.009 -15.531 1.027 -17.505 38.489 31.339 -18.291 -8.119 -18.504 14.584 -26.070 1.050 0.043 -22.718 0.064 34.274 -17.737 -15.487 1.001 -0.013 0.109 -20.259 0.008 0.969 0.027 -4.577 1.049 28.822 -29.179 1.031 9.212 0.996 -0.038 -30.312 1.025 14.701 15.018 -14.021 -14.638
0.056 1.018 8.415 -0.053 16.015 -54.908 21.312 -21.518 -1.587 -10.366 -6.037 0.004 -0.073 0.100 12.506 1.044 -12.259 16.178 1.236 0.148 0.066 0.020 -41.143 1.011 1.105 0.929 13.423 0.980 50.040 0.045 -0.168 0.872 1.027 -0.105 -30.842 1.026 9.356 42.435 -0.032 34.513
0.968 1.029 -4.182 1.048 44.905 1.564 53.333 -32.363 8.371 2.068 -9.003 -36.071 0.064 -0.019 12.526 1.006 15.320 4.276 -17.801 -0.057 0.966 0.058 -19.341 1.033 1.004 0.028 3.295 1.019 62.113 -28.303 0.029 1.087 1.012 0.009 -30.946 1.013 34.741 40.126 -9.329 16.090
-0.021 1.008 -16.421 1.134 -2.336 19.570 25.713 -11.965 20.208 -6.134 18.896 -11.089 -0.050 1.094 -19.560 0.008 44.026 -16.810 0.881 -0.017 1.020 -0.076 -5.865 -0.023 1.054 0.227 15.692 1.097 30.132 -29.143 0.139 0.036 -0.118 1.057 -37.047 -0.089 20.230 16.607 -8.587 -17.328
0.966 0.078 0.074 -0.064 20.818 52.378 28.940 -10.797 1.056 4.182 4.019 -5.887 1.046 -0.066 0.990 -0.054 -34.014 4.206 0.998 0.992 1.056 -0.003 -21.947 0.074 0.990 -0.003 4.107 0.989 -6.024 0.027 -0.043 0.065 1.047 -0.014 -1.441 -0.004 25.291 1.434 -7.504 -1.680
0.898 0.983 11.099 1.067 4.499 -15.558 11.501 0.156 8.166 17.499 43.394 -18.536 0.118 1.160 -31.037 -0.213 -15.965 -23.318 0.768 -0.185 1.041 0.081 -6.993 0.030 0.037 0.174 7.607 1.305 -1.378 -0.096 0.189 1.208 -0.179 0.994 -7.620 0.784 22.207 1.369 0.209 33.300
