-8.294067382812500000e-01
-5.328465165465017250e-01
3.667842957490892175e-01
4.111634807041379958e-01
-5.794963643313684187e-01
-9.693167808677349839e-01
-9.165993530638960607e-02
1.476365759455893212e-01
-2.501526694142657270e-01
-4.989293254551865342e-01
-2.492309368920042623e-02
2.998266579495254547e-01
3.455459634594465479e-01
-1.136601133882501058e-01
2.385935728165263225e-01
2.311815637618106489e-01
8.807092045889353127e-02
-1.642167556658691296e-02
4.619477359675516759e-02
7.549932197995246064e-02
1.726603702572817034e-01
-2.044684680068531435e-02
-1.522591462210409752e-02
1.617500474277666633e-01
1.041724544450608470e-01
4.760195360966035238e-02
2.634627183540892981e-01
6.394232528417265193e-02
-3.390855240413790384e-01
3.272197490953210330e-01
5.061266385306226745e-01
1.005204897420994836e-01
-7.680880783245508381e-02
4.460418449561041609e-01
-1.045693655744857065e-01
-6.080510908124956426e-01
1.435257290401603658e-01
4.843303657912788607e-01
1.694560344702122912e-01
3.258653283493677666e-01
4.623066454503943490e-01
-1.523823397622991460e-01
1.135996203020517292e-01
5.329861029370990266e-01
6.963358887747674864e-01
7.763983373413830824e-01
4.769923867843962051e-01
1.684317865021952021e-01
1.252839689710372184e-01
2.086900689803006248e-02
4.747547503796203938e-01
9.046714175071925990e-01
7.860257277659766784e-01
9.599261650970843940e-01
9.591515907428098675e-01
1.308053973100279599e+00
1.598323283735382461e+00
5.537959043483342558e-02
-4.472855077310284311e-01
-1.470861561153027353e-01
-9.620879495952523452e-01
-1.011001754088749927e+00
-7.832021326376780168e-01
-2.307488966776014561e-01
4.216189978695510376e-01
8.820576086725346876e-01
-4.428056721340469237e-01
-5.182208414445390599e-01
-5.266228159605594872e-01
7.363318205624453938e-01
2.153273884399404814e+00
2.139415962451081121e+00
5.993045963156465872e-01
8.802403572575947521e-01
2.749984607919027990e+00
4.242269564773732071e+00
5.101002398293890572e+00
3.476006847861573323e+00
-4.030857733716641800e-01
8.790111562972380277e-01
3.020806352926113547e+00
2.966667787582398574e+00
2.285244263742122861e+00
1.656436263314307045e+00
2.956680902201302974e-02
1.060604013901620402e+00
2.906693612308771435e+00
3.177362153181842785e+00
1.559717911751242303e+00
9.532809401342297040e-01
1.829981063045148959e+00
7.369399896840179709e-01
1.589710045918112158e+00
2.539384699822352598e+00
1.570395713133410531e+00
-4.768060279246797428e-01
-2.284950522924154015e-01
7.498613986981967905e-01
2.082679252740711195e+00
-5.220119545433625774e-01
-7.699999301221716053e-01
-1.913289996863147824e-01
-1.212254480726170369e-01
8.819233865768723035e-01
1.854047486469952322e+00
1.833340745476556455e+00
1.271313418143974250e+00
8.920579998250621756e-02
1.542361129995394986e+00
2.841935397404000696e+00
-1.213479488697398967e+00
-1.185785237266508307e+00
1.174754208031820291e+00
-3.125480110195451466e+00
-2.716676924876205490e+00
1.000724265459562279e+00
-1.087579070795221980e+00
-4.151760719785751341e+00
-2.593743706796756143e-01
2.325603679319905304e+00
1.300350137205076084e+00
-2.216399208324000725e+00
-1.342356245394720204e+00
2.975665907902658169e-01
1.409664028179220097e+00
-1.051474273383111502e+00
1.393245249577388378e-01
1.725453210715179431e+00
1.140353195148052334e+00
-9.922503828421436189e-02
5.512254898932866798e-01
-3.848863588182238615e-01
-9.338063461329779713e-01
-1.537603743679285095e+00
-1.445231917023091839e+00
-1.560697245438458225e-01
1.394359011799645387e+00
1.587547986119116850e+00
-2.207358542379731503e+00
-2.326827815981689085e+00
-4.393817788200307106e-01
-7.667246343108780060e-01
-8.722268160453845454e-01
7.171134350177266192e-01
4.494829350529618850e-01
9.007004101999234180e-01
2.219676212677355487e+00
2.985304031806307989e+00
9.341111120389518074e-01
-1.011743066704928751e+00
9.348540496818289469e-01
2.564006973470962514e+00
3.147615590614750047e+00
6.558628370241710304e-01
-6.316309848047434450e-01
1.034463869185864526e+00
4.764586768070802059e-01
1.286052502181664892e-01
1.661548264416198961e+00
3.517203059054537562e+00
-3.350389374446116619e+00
-2.054996387076165831e+00
8.951276050963388187e-01
2.730890952860578924e+00
9.302743078967998791e-01
-3.190833771973236033e-01
6.558861779966354000e-01
-2.129024854700614533e+00
-3.874837829973634129e-01
1.462731169509773999e+00
2.705445935465372376e+00
1.418696877096593534e+00
6.834808263466369826e-01
7.674687392241760220e-01
-2.667268349700499530e-01
-8.301180670076642176e-01
2.498790531076022781e-01
7.451084194504339342e-01
-9.451252977320243609e-01
4.463024801075481385e-01
1.317658377076203813e+00
-3.953603583919125253e-01
-2.143814232153038013e+00
-1.571778419853432807e+00
-1.463760675544163004e+00
-2.511745055995346920e+00
-2.283606686351109527e+00
-1.503636920644957353e+00
-4.102132462619088038e-01
3.885143711563419089e-01
-7.630354881164587155e-01
-1.291088928075850406e+00
-8.193036456248572463e-01
6.986936219103556667e-02
-3.154194901148159591e-01
-1.636102447497780998e+00
-9.645020170537863535e-01
8.348749226093454823e-02
7.588026087406218867e-01
1.957944368380598599e-01
-4.952159439144353525e-01
3.335798466516921579e-01
-4.891219063736794714e-01
-1.391802199618935365e+00
-9.926737440664765710e-01
-1.347431920673032302e-01
5.544776993263751397e-01
-9.187160978405854994e-01
-1.680930304481760729e+00
-6.852005616204275285e-01
4.568771787834815523e-01
-6.747666597629453644e-01
-3.098387340066003581e+00
-2.598483179367060192e+00
-1.450365976380281197e+00
-5.204206405127247415e-01
-5.674218115893285841e-01
-1.899003249289489936e+00
-1.606109720563402732e+00
-2.702890557435193575e-01
3.817438699169114491e-01
5.227962284490756950e-01
9.141035690833598792e-01
9.747287801078688974e-01
-7.299376860325321736e-01
3.003260376167242729e-01
5.490331505300110049e-01
-5.007801232309246897e-01
-6.188251754934779303e-01
7.037283644176333119e-01
-1.097656948980750613e+00
-3.054742716358640475e+00
-1.021856236676237373e-01
3.144946404903383286e+00
3.169921688911614854e+00
-1.524050394644798745e+00
-1.569686905619422923e-01
-6.187719517112100220e-01
-1.590611376629420093e+00
-1.938415370755501854e-01
2.342396468822158795e+00
3.478760144360608209e+00
-3.501473928041175299e+00
-7.052025018041092608e-01
2.414606531718143767e+00
3.073659107143488889e+00
1.733922333692980988e+00
1.603858271699474036e+00
3.791301129378688017e-02
-1.025851132929406440e+00
9.571924738011521328e-01
2.816877934624586910e+00
3.581235104761445243e+00
3.752108166202263728e-01
-1.503186979926195876e+00
-1.892367989357168767e-02
1.534037584324585701e+00
1.960847329374657111e+00
9.638881570367248131e-01
3.188160130561725758e-01
-2.546535113209371204e+00
-3.410720431766468330e+00
-2.549067313312107785e-01
-5.906085185900211698e-01
-5.257433481232517636e+00
-4.645465266524561265e+00
-1.799241120237635272e+00
1.452932934330815939e+00
3.680862119003198707e+00
4.652593492966818900e+00
4.340337812556469999e+00
1.509956512358965330e+00
2.390116752131645761e-01
-1.633564712659229423e+00
-2.091409155384213125e+00
9.898128062280946438e-01
3.832515821119472754e+00
-1.234023485994717007e+00
-2.855814127746662656e+00
1.824918162051747395e-01
2.813016911087257821e+00
-1.393273922567558110e+00
-3.918943206236152221e+00
-1.367782873306762959e+00
2.613928796565561097e+00
-9.704337178616131432e-01
-5.044218913038537977e+00
-7.559292590505730658e-01
3.044494787508742029e+00
-2.774512798854738449e+00
-5.675072385912018902e-01
2.165277911396136457e+00
-1.297859582005536083e+00
2.320208465151245125e+00
4.092292651126574476e+00
4.075684089434614688e-01
-2.415892752529658072e-01
1.721764263149775154e+00
3.260268812426075691e+00
1.028380021454204485e+00
-1.804938211762203704e+00
-3.115973102714488796e-01
1.508755568262905467e+00
-5.822852305832888486e-01
5.128039333755163298e-02
1.395890670829025737e+00
1.815746639508211802e+00
5.815532068138381527e-01
1.607890161783648741e+00
2.517127929541864262e+00
1.554301106332466764e+00
4.241899946805390842e-01
1.395227477197111599e+00
8.772769068296530914e-01
1.567108061322759927e+00
3.060388538012351223e+00
2.822208883405304292e+00
7.538355536877339169e-01
-5.600925321629718345e-01
1.708750386908045149e+00
2.760244924922012899e+00
2.504859053909567645e+00
2.457297303320045145e+00
1.616010975489387214e+00
5.322139805716336047e-01
3.638072587063303498e+00
5.262989660131892400e+00
4.444819831965941326e+00
2.560808772202746386e+00
7.761768843691944086e-01
6.802921274056121792e-01
2.060508925928536961e+00
1.445125428599574047e+00
-1.516514176674870207e-01
-2.548544754290194003e-01
4.976067052431472626e-01
-7.140824973711341617e-01
1.873689093226813540e-01
4.705742068094398434e-01
-5.378296610361825714e-01
-8.582591814177987777e-01
-7.110628752184366963e-02
-6.471147520975639722e-01
-5.857205563530523129e-01
4.131302270918268960e-02
4.068949039365783449e-01
1.029930116010585817e+00
1.027631837847166274e+00
1.272807212711818181e+00
1.521287222371883407e+00
9.629297822847480148e-01
3.060050665385248836e-01
8.012592025099662951e-02
4.000618285543929287e-01
6.201380379498013795e-01
4.342936210223971027e-01
1.988053827166332832e-01
-1.148508469416659183e-01
2.168584952300587343e-01
1.184073212381744122e+00
5.704332433437493410e-01
-7.426041368620401872e-01
2.924042555977972579e-01
9.166576684646301487e-01
2.261489091811615948e-01
1.885664722040547581e-03
-3.447462788208244255e-02
-1.728709186874971548e-01
5.243739519894934364e-01
2.948951265184762693e-02
-9.374511007295048826e-01
1.044680683977697866e-01
8.566580069760115768e-01
3.342773246152339617e-01
-4.380997800419230703e-01
-2.346756408682968420e-01
-2.764907363027337972e-01
5.383945111860066746e-02
3.863166080569466754e-01
4.239965000009355833e-01
6.341741558010240976e-01
-3.529378320310909700e-01
-6.491238491432609337e-01
5.548515935178160996e-01
6.045422897051601074e-01
1.805802282722889229e-01
3.231698765474698143e-01
4.512923380242367943e-01
9.897708845574015868e-02
-1.107780751554233056e+00
-7.137723209745664432e-01
-6.566386835794548738e-01
-1.861830196532453074e+00
-3.441246177223471925e+00
-2.759136157884942264e+00
-3.010209799165153299e-01
1.500395148626356701e-01
-9.088948511895491578e-01
6.725690546333336073e-01
1.509004668700457685e+00
4.907166595594674163e+00
3.987508025578224924e+00
0.000000000000000000e+00
0.000000000000000000e+00
0.000000000000000000e+00
0.000000000000000000e+00
0.000000000000000000e+00
0.000000000000000000e+00
0.000000000000000000e+00
0.000000000000000000e+00
0.000000000000000000e+00
0.000000000000000000e+00
0.000000000000000000e+00
0.000000000000000000e+00
0.000000000000000000e+00
0.000000000000000000e+00
0.000000000000000000e+00
0.000000000000000000e+00
0.000000000000000000e+00
0.000000000000000000e+00
0.000000000000000000e+00
0.000000000000000000e+00
0.000000000000000000e+00
0.000000000000000000e+00
0.000000000000000000e+00
0.000000000000000000e+00
0.000000000000000000e+00
0.000000000000000000e+00
0.000000000000000000e+00
0.000000000000000000e+00
0.000000000000000000e+00
0.000000000000000000e+00
0.000000000000000000e+00
0.000000000000000000e+00
0.000000000000000000e+00
0.000000000000000000e+00
0.000000000000000000e+00
0.000000000000000000e+00
0.000000000000000000e+00
0.000000000000000000e+00
0.000000000000000000e+00
0.000000000000000000e+00
0.000000000000000000e+00
0.000000000000000000e+00
0.000000000000000000e+00
0.000000000000000000e+00
0.000000000000000000e+00
0.000000000000000000e+00
0.000000000000000000e+00
0.000000000000000000e+00
0.000000000000000000e+00
0.000000000000000000e+00
0.000000000000000000e+00
0.000000000000000000e+00
0.000000000000000000e+00
0.000000000000000000e+00
0.000000000000000000e+00
0.000000000000000000e+00
0.000000000000000000e+00
0.000000000000000000e+00
0.000000000000000000e+00
0.000000000000000000e+00
0.000000000000000000e+00
0.000000000000000000e+00
0.000000000000000000e+00
0.000000000000000000e+00
0.000000000000000000e+00
0.000000000000000000e+00
0.000000000000000000e+00
0.000000000000000000e+00
0.000000000000000000e+00
0.000000000000000000e+00
0.000000000000000000e+00
0.000000000000000000e+00
0.000000000000000000e+00
0.000000000000000000e+00
0.000000000000000000e+00
0.000000000000000000e+00
0.000000000000000000e+00
0.000000000000000000e+00
0.000000000000000000e+00
0.000000000000000000e+00
0.000000000000000000e+00
0.000000000000000000e+00
0.000000000000000000e+00
0.000000000000000000e+00
0.000000000000000000e+00
0.000000000000000000e+00
0.000000000000000000e+00
0.000000000000000000e+00
0.000000000000000000e+00
0.000000000000000000e+00
0.000000000000000000e+00
0.000000000000000000e+00
0.000000000000000000e+00
0.000000000000000000e+00
0.000000000000000000e+00
0.000000000000000000e+00
0.000000000000000000e+00
0.000000000000000000e+00
