6.422729492187505551e-01
1.062777486286607287e+00
4.627607815372603017e-01
1.651367412757500652e-01
-9.199050833889426126e-01
-1.540745985964806941e+00
3.645487554647988127e-01
9.732243840116330258e-01
1.025719297485519821e+00
1.277991376012207470e+00
7.105536014735057693e-01
5.396744573236503806e-01
1.063211050491446930e+00
-5.398763943542865817e-01
-2.261754927454669772e+00
3.065210133833096151e-01
1.075891356485041195e+00
1.903294814272615376e+00
4.054835013516562725e+00
1.649605089163950211e+00
-7.914663019745264982e-01
-2.293905106064508814e-02
2.491615123687538347e+00
5.475452494152389882e+00
4.411211130295614069e+00
4.965270079120172042e-01
-2.757789716222043719e+00
8.884335398960456764e-01
2.043174128232897679e+00
9.104436895700764865e-01
3.857586169572589707e+00
2.165006435476739544e+00
4.008044581881451407e+00
7.677107423596240210e+00
6.924324959022012393e-01
-2.165855675269381386e+00
-1.722025266442388514e-01
-1.452366555085960353e+00
-2.452432386831722155e+00
1.211565949868575132e+00
3.682442748725353265e+00
-9.150667172357129786e-02
4.966332466197052042e-01
1.158706731663734946e+00
-4.109683378994706260e-01
-5.756968135789715113e-01
-2.921732933864082948e-01
-3.028791205650689378e-01
-1.297876952153373287e+00
1.135430340688415640e+00
3.784018173864980294e-01
-1.071136445896586853e+00
-3.821456988878749961e+00
-2.193414606309628034e+00
1.428930454468235745e-02
6.918746287065065115e-01
-3.361770791043694473e-02
-1.142487807772347042e+00
1.654546051415398233e+00
2.466041367079249813e+00
3.750166198814963714e-01
-2.600122919175987257e-01
-1.317864431044898921e-01
7.882087142640374910e-01
-1.760016095999212826e-01
5.248540425415795241e-01
1.301232472062753942e+00
8.525057589072599917e-01
2.366272859685058183e+00
1.699739804578790592e+00
4.700004606743186653e-01
1.502374896806927040e+00
-3.992799227831931308e-01
-1.388266290538631598e+00
-9.099677461124344724e-01
-8.339328996669281846e-02
-2.808048544981445183e-02
-2.418853180501987499e-01
1.376741284694816825e-01
4.999255916473975270e-01
2.930931488532292351e-01
-9.682126355610262136e-01
-1.052948725084059900e+00
-1.223557656839231456e+00
5.302428609466497411e-01
1.124414435856242012e+00
-1.223929354135763425e+00
-8.987716343932108387e-01
-1.657122790921788935e-01
-1.026603286362274270e-01
-4.146375915454671990e-01
-1.193756705743920898e+00
4.043821577729533878e-03
1.803298084804421997e+00
4.422555641160193396e+00
3.728974147093464975e+00
2.061154434178812611e+00
2.516209471674560660e+00
3.544217770649331190e+00
3.409461850740657773e+00
6.304409397027899153e-01
-2.142954820333183186e+00
-2.512825333524617122e+00
-1.188864120258234403e+00
-1.528469451343119845e+00
-2.275545690475760274e+00
9.640699680663269433e-01
4.089300238123376730e+00
5.087722459285493493e+00
2.414831667278300120e+00
3.061764606359385077e-01
3.111249206901685938e+00
5.352567279207981699e+00
2.816489818585758975e+00
-4.610541141657305886e+00
-7.478517858031322518e+00
-6.048957605731001053e+00
-3.061242479491369295e+00
-6.659077235871462275e-01
-1.025302140156226116e+00
-8.617737930175799477e-01
5.464685437137117852e-01
4.328803871151936100e-01
-2.620598916036581461e+00
-2.077443383253426923e+00
-5.942816974659101970e-01
1.047433561513256395e+00
9.265374207359236003e-01
-6.570478791827341070e-01
-1.146050570202820751e+00
-1.862794339574034286e-01
-2.744207216165883700e-01
-2.362385959242369049e-01
-2.218222996797869495e-01
-1.272594575014248663e-01
-4.458273280010093265e-01
-8.299214525325792069e-01
7.069813871090726565e-01
1.374149336398526877e+00
2.942515753929892952e-01
7.736388293418482442e-01
1.812878611111087723e+00
1.258540493345412514e+00
4.201746878041262567e-01
1.074009629198075411e+00
8.387295062346544761e-01
9.961442979781753859e-01
1.242283685804286719e+00
-2.575019247853926885e-01
4.570660922431366568e-01
3.816628401353452826e+00
2.587193024411894804e+00
-1.663739725902382283e-01
1.308374205725522543e+00
3.811358159153727776e+00
1.189857864247185315e+00
-2.497720612203262913e+00
1.752460789315816392e+00
5.015099277724828220e-01
6.090990169961341127e-01
2.782685758643922647e+00
-5.413044533429478555e-01
-3.008990269452731958e+00
-4.540938051601686176e-01
9.253268016820781483e-02
-2.802437069356920052e+00
-4.183358433777269347e+00
-5.904413294815942237e-01
1.895720288503077944e+00
6.236933254941685600e-01
-3.103549414419226604e-01
1.198531412045643618e+00
7.801181143613011848e-01
3.262031795827007308e-01
-9.692622586560006859e-02
-9.030508154182942393e-01
-3.853650974042657218e-01
9.859247105875432737e-01
1.428103477734711246e+00
3.038123957720972879e-01
4.765515519598427785e-01
1.650959149556992411e+00
1.219692255146226145e+00
-3.431392634628773752e-01
-2.147002634976844515e-01
1.967291907239666626e-01
3.402849237716213393e-01
1.187243057644118971e-01
-2.124690991562948328e-01
5.825245084514014682e-01
1.087654225008288789e+00
7.719982385848713768e-01
4.354694034745513198e-01
7.076013989203107091e-01
8.703972683242282571e-01
8.506746525473467546e-01
8.173160941708745852e-01
1.270594759125445172e-01
-1.142711952730817160e-01
-8.322499386565507251e-02
-2.015592267374423374e-01
-2.335915274402907693e-01
-3.636623584160458833e-02
7.574626266368729155e-01
5.579622926965240870e-01
4.215251192858436857e-01
1.834911875701106032e+00
1.594834760002614482e+00
6.040222401337280722e-02
-9.313475747032562424e-04
1.821057369441273055e+00
2.382082597807565261e+00
9.455064784638823605e-01
1.154367198975490005e-01
1.335174898317948111e+00
1.409395970872540094e+00
1.178553872571261874e+00
1.129066326705177925e+00
-1.972364841426615945e-01
8.114862325602854032e-01
2.521123388916912678e+00
2.606963998689132644e+00
1.960492662160324695e-01
9.172309854612143987e-01
2.809547243904229497e+00
3.052619714676053864e+00
1.176357970589034130e+00
2.778161234064041807e+00
4.168459876505564488e+00
2.068868690176497882e+00
1.811335277275696098e+00
2.365565084872639279e+00
-2.904658464501097548e-01
3.710543994776140941e+00
5.440878140572237953e+00
3.477467680195359012e+00
2.844983842142787100e+00
4.942390301312005185e+00
4.210405748891936639e+00
6.862895259468231313e-01
1.083470076005488281e+00
2.238245827071112970e+00
4.150829760516587807e-01
1.044091292686355477e-01
4.500054430520612492e-01
-4.515981796450131425e-01
2.762287516445116164e+00
2.766134967909003706e+00
2.404269916036043675e-01
3.189454012514401082e-01
1.069949353210817300e-01
-2.436252928975999765e+00
-4.209224834990881625e+00
-3.329811402689450528e+00
-3.834960902771052282e+00
-4.071559141668826598e+00
-2.421468894584413611e+00
-4.228299858696737967e-01
-8.852811237829396607e-01
-1.421427406096552604e+00
-2.118108495758330712e-03
-1.136256244415353223e+00
-1.730022404673380976e+00
-1.338288823253620974e+00
-2.051622519484980867e+00
-3.353103891087952704e+00
-4.458664090300756833e-01
2.764019869953576514e+00
2.264851671336489680e+00
-5.051027559894736285e-01
-2.213698255855390595e+00
9.671207644238331014e-01
1.895079689305430914e+00
1.405978815571103047e+00
2.289767152510831849e+00
3.403043583521748960e+00
5.032006539625784924e+00
4.545035129449210842e+00
4.605433801033620433e-01
1.600903084633047424e+00
4.790296572340507097e+00
6.124320721937070111e+00
4.696891831833032604e+00
1.216791838283514782e+00
5.091513068589813562e-01
5.067992458864336580e-01
-8.753543476727032591e-02
1.900833928504452874e-01
1.246640805757463832e+00
2.468576960395993947e+00
2.954513639860255392e+00
1.690637324782386264e+00
9.782605342733705633e-01
1.665202156537989975e+00
1.533160334307003048e+00
2.856427191875439142e-01
-2.701986523190267775e+00
-4.324553565961232415e+00
-2.187273833016234015e+00
-3.345910025040180757e-01
-3.932676382119473235e+00
-7.886382783993592049e+00
-9.340327233744234903e+00
-5.131249519146264149e+00
-8.991610935709182240e-01
-7.115101937846178837e-01
-1.329259963297743097e+00
-1.605530693419439103e+00
-1.040654820752088039e+00
-1.402355044766851799e+00
-2.740375957258007755e+00
-3.406269460488787537e+00
-3.077932652022737692e+00
-2.361773835133018640e+00
-2.598595415939394471e+00
-3.144758254293773092e+00
-2.097744160938909808e+00
-3.310382893541961025e-01
1.059517259174113324e+00
2.457292005818783043e+00
2.991655726265944448e+00
1.087288661110528132e+00
1.350789608618955029e+00
1.519255111154357962e+00
-9.921355204800930139e-02
9.704660981887724969e-02
-1.213869231761711243e+00
-1.337995681388229219e+00
5.386450920501473227e-01
2.054335293848652988e+00
8.576290787953675387e-01
-9.576019476145503084e-01
7.243002658833473939e-01
3.095315700509141399e-01
-8.444382125939253747e-02
-3.658228893110508917e-01
-6.318940449017718120e-01
1.342035188569220105e+00
1.405337871122316784e+00
5.870169714887835122e-01
-6.695054961100761481e-01
1.082309841434517139e+00
5.224069081696930406e-01
2.597348528873239637e+00
2.341021458352076312e+00
2.388444234546929223e+00
4.224061201321893222e+00
8.465970108464229149e-01
4.851518834666248559e+00
4.733107147799128001e+00
7.318192457490235725e-02
-1.095070088372124273e-01
3.084920235754791573e+00
3.431846306897659460e+00
5.355031640836076079e+00
8.400901646835384540e+00
5.489270311933941215e+00
3.589563312241434989e+00
5.145286169540417731e+00
1.927982403907296360e+00
7.907625396081212621e-01
1.897010493618916716e+00
9.208590001370495770e-01
2.074094539818554850e+00
2.002491882243889521e+00
1.273963925758590854e+00
1.000990775795647991e+00
1.693786173129022021e+00
2.979235036356101318e+00
2.959232036230969864e+00
3.287910547275873618e+00
1.002131023125257814e+00
-2.495819198517599258e+00
-1.932871365949676346e+00
-1.758136637847255379e+00
-1.678693758269977021e+00
1.787201696632934045e-02
-1.622914778185086337e+00
-2.956442625643691535e+00
-1.900446642255947838e+00
-6.845783125896975907e-01
-2.465387197204514269e+00
-4.766771189157386956e+00
-3.995047316991898079e+00
7.682246903204703603e-01
9.543969924037920549e-02
-1.190544717510121808e+00
-5.191300142233195025e-01
-2.192410667636620847e+00
-8.944841778300395285e-01
-2.759851308583927576e+00
-4.226991041781819725e+00
-3.467590450105869859e+00
-1.526978206568498253e+00
-2.396976668950873968e-01
-1.148227073749654270e+00
-2.832511158883408431e+00
-4.122144472424678519e+00
-3.534922887521978474e+00
-1.684714035541193367e+00
-4.478067622555305660e-01
-8.367304361926521938e-01
-2.483905209646080081e+00
-3.478861259192859379e+00
-2.875579102225646277e+00
-1.167501970989818894e+00
-1.971114906637105035e-01
-6.103603416170083618e-01
-4.767826918310818507e-01
-6.940706691753960600e-01
-1.081747252839171614e+00
-1.470438866229293540e+00
-2.502313279066207485e+00
-2.883348997607766417e+00
-2.083827957461354519e+00
-8.095325189001689736e-01
-4.330237110829536218e-01
0.000000000000000000e+00
0.000000000000000000e+00
0.000000000000000000e+00
0.000000000000000000e+00
0.000000000000000000e+00
0.000000000000000000e+00
0.000000000000000000e+00
0.000000000000000000e+00
0.000000000000000000e+00
0.000000000000000000e+00
0.000000000000000000e+00
0.000000000000000000e+00
0.000000000000000000e+00
0.000000000000000000e+00
0.000000000000000000e+00
0.000000000000000000e+00
0.000000000000000000e+00
0.000000000000000000e+00
0.000000000000000000e+00
0.000000000000000000e+00
0.000000000000000000e+00
0.000000000000000000e+00
0.000000000000000000e+00
0.000000000000000000e+00
0.000000000000000000e+00
0.000000000000000000e+00
0.000000000000000000e+00
0.000000000000000000e+00
0.000000000000000000e+00
0.000000000000000000e+00
0.000000000000000000e+00
0.000000000000000000e+00
0.000000000000000000e+00
0.000000000000000000e+00
0.000000000000000000e+00
0.000000000000000000e+00
0.000000000000000000e+00
0.000000000000000000e+00
0.000000000000000000e+00
0.000000000000000000e+00
0.000000000000000000e+00
0.000000000000000000e+00
0.000000000000000000e+00
0.000000000000000000e+00
0.000000000000000000e+00
0.000000000000000000e+00
0.000000000000000000e+00
0.000000000000000000e+00
0.000000000000000000e+00
0.000000000000000000e+00
0.000000000000000000e+00
0.000000000000000000e+00
0.000000000000000000e+00
0.000000000000000000e+00
0.000000000000000000e+00
0.000000000000000000e+00
0.000000000000000000e+00
0.000000000000000000e+00
0.000000000000000000e+00
0.000000000000000000e+00
0.000000000000000000e+00
0.000000000000000000e+00
0.000000000000000000e+00
0.000000000000000000e+00
0.000000000000000000e+00
0.000000000000000000e+00
0.000000000000000000e+00
0.000000000000000000e+00
0.000000000000000000e+00
0.000000000000000000e+00
0.000000000000000000e+00
0.000000000000000000e+00
0.000000000000000000e+00
0.000000000000000000e+00
0.000000000000000000e+00
0.000000000000000000e+00
0.000000000000000000e+00
0.000000000000000000e+00
0.000000000000000000e+00
0.000000000000000000e+00
0.000000000000000000e+00
0.000000000000000000e+00
0.000000000000000000e+00
