-2.255462646484375000e+00
-1.763889927447271688e+00
-6.466251352984661027e-01
-4.989504960120083599e-01
-5.612313407324547310e-01
9.775872576621491561e-02
4.049993247413505859e-01
-6.446038295057312517e-01
-1.069358992609487746e+00
-5.723542798130081266e-01
3.783782347831254889e-01
1.118319982791572409e+00
-6.628397254640129299e-01
-1.141608976225537919e+00
-6.087139565740624647e-01
-1.695775187310055721e-01
-5.548475882385837110e-01
-6.764136861503367015e-01
-5.347772778428233620e-01
-8.374260588395806559e-01
-1.380012472445961036e+00
-1.506743680356205095e+00
-1.178768682135017398e+00
-8.177261768018806443e-01
-1.027044798881078913e+00
-1.895692220728439459e+00
-1.243773951594671523e+00
-5.822758540757777546e-02
-1.426074333999589605e-01
-5.148250110297696303e-01
3.766252696967733460e-01
1.086082291349909079e+00
4.693993657439352596e-01
-1.052630503779408144e-01
-3.147262138314825819e-01
-1.236170671762131690e+00
-3.199483037676004393e+00
-4.096610293370507527e+00
-1.545481131421495125e+00
1.300994948667097972e+00
-5.234381917906305581e-01
-2.419423137415201097e+00
-4.054250365171303550e-01
6.922380285098954644e-01
1.521326431249967470e-01
-6.874179318280453366e-01
-5.691241716833104203e-01
1.537136323898359525e+00
3.954280253422322033e-01
-7.850489516049163896e-01
6.318495001191473115e-01
1.890186238075473923e+00
3.298228991722638170e-01
-1.298715274539767428e+00
-1.447093835741974921e-01
-6.856279539082521524e-03
-1.120143506110748532e+00
-1.648487105786940354e+00
1.042082326295664441e+00
2.842476058530226446e+00
3.000306412968994252e+00
2.614355328619369701e+00
1.847024405077148712e+00
1.741660630440144963e-01
6.840226066565182617e-01
3.230060090180059351e+00
3.539369655975815654e+00
1.973073625548740218e+00
-2.649182822837570228e-02
-2.570116835999018967e-01
1.859686299718905644e-01
-3.322485447449041729e-02
4.518589234759984308e-02
1.067207196369390765e+00
1.508253876621927780e+00
4.228380022987919817e-01
-6.382081653832986090e-01
4.992060236603834689e-02
-8.418639090357182830e-02
-7.822935929051861859e-01
-1.032258143836815245e+00
-1.399943300175678917e-01
2.921270051605641127e-01
-1.736852581342679169e+00
-2.804588362191656525e+00
-1.738892494411899303e+00
-8.261739057383910012e-02
9.336383511544147362e-01
1.080558122742724558e+00
8.558629964174326865e-01
1.996700831615907390e-01
-3.091683830311635628e-01
-2.949334266270884353e-01
-3.043314157412812526e-01
9.344483708940050093e-01
1.646064836583663205e+00
1.430111952568449585e+00
8.569466682196758001e-01
4.874969944631892815e-01
-5.977923991835343287e-02
-3.467095300462823548e-01
8.166297610293136167e-01
1.136251226049589835e+00
2.892456710291133604e-01
-6.677281780785857546e-01
1.732204682418114761e-01
9.786013329750808953e-01
1.144583493288840348e+00
9.004029722169792915e-01
4.389222025960453077e-01
-1.458098399542788748e-01
2.579707657788210540e-02
1.192280610108797489e+00
1.257242492683322554e+00
-5.230169405640061608e-02
-1.244768765220640061e+00
-1.104158194000439686e+00
-5.374948869373172844e-01
2.475928653732695772e-01
-1.293588412525202180e+00
-1.706495255652344722e+00
-1.263148101416129432e+00
-5.964551451602533305e-01
1.441564247298123824e-01
9.827360549010923929e-01
1.050334794249363268e+00
4.055455997821990621e-01
-1.282280396501569442e-01
3.473000030751112188e-01
-1.886950507539759680e-01
-7.808620956909340105e-01
-4.445090693173224250e-01
-1.692939190485179823e-01
-2.656552313168586421e-01
-1.444073568704377086e-01
-3.588315316223815721e-01
-4.419341928232667360e-01
-1.727472409474017923e-03
4.930991246544187412e-01
4.098654615604284679e-01
-3.228269420015617008e-02
4.690465202555004209e-01
1.046135403220475046e+00
1.038634349569570015e+00
5.160206849967479137e-01
-8.710082685011855119e-02
-2.865509887509880560e-01
6.368796170738071361e-01
1.191659824880400453e+00
1.185384720204936571e+00
5.258007578043697450e-01
-1.917769787323282404e-01
-3.730959225874963536e-02
2.271169325248065807e-01
2.244312739427851700e-01
-1.083350538622918968e+00
-9.272581365240611939e-01
-1.527444899797054667e-01
5.529457677566060880e-01
1.131735600802245223e+00
1.818194506292552415e+00
1.930130153795087233e+00
1.616212311322902107e+00
1.603442769411223656e+00
2.101951606844131515e+00
2.148296679198639314e+00
1.512599206213580239e+00
-5.368393145551486612e-03
5.706807216819997919e-02
5.173777226776890004e-01
3.241439767476261835e-02
-9.131927925080525199e-01
-1.272545462524454329e+00
-3.389619790056506154e-01
3.075532906699148805e-01
-4.511806155981759048e-01
-9.109469097035522989e-01
-2.379017588746901168e-01
6.274787796301197762e-01
8.298519734600617870e-01
-5.390093087913072623e-02
-4.924700796229375399e-02
7.281663353172903586e-01
7.781271009419246099e-01
-4.352205030365962068e-01
-8.934897997761761523e-01
1.663555261270679986e-01
-5.153895967615496065e-01
-1.002275289867227137e+00
-1.191166682209969352e+00
-1.018895685720300648e+00
-5.803215540281447815e-01
-2.648671332485412755e-01
-1.189278579346721987e-01
5.976120862746014950e-02
3.218115595721013356e-01
2.784613437824597360e-01
4.998468851367787735e-03
5.267105917820807948e-02
5.267105917820807948e-02
4.998468851367787735e-03
2.784613437824597360e-01
3.218115595721013356e-01
5.976120862746014950e-02
-1.189278579346721987e-01
-2.648671332485412755e-01
-5.803215540281447815e-01
-1.018895685720300648e+00
-1.191166682209969352e+00
-1.002275289867227137e+00
-5.153895967615496065e-01
1.663555261270679986e-01
-8.934897997761761523e-01
-4.352205030365962068e-01
7.781271009419246099e-01
7.281663353172903586e-01
-4.924700796229375399e-02
-5.390093087913072623e-02
8.298519734600617870e-01
6.274787796301197762e-01
-2.379017588746901168e-01
-9.109469097035522989e-01
-4.511806155981759048e-01
3.075532906699148805e-01
-3.389619790056506154e-01
-1.272545462524454329e+00
-9.131927925080525199e-01
3.241439767476261835e-02
5.173777226776890004e-01
5.706807216819997919e-02
-5.368393145551486612e-03
1.512599206213580239e+00
2.148296679198639314e+00
2.101951606844131515e+00
1.603442769411223656e+00
1.616212311322902107e+00
1.930130153795087233e+00
1.818194506292552415e+00
1.131735600802245223e+00
5.529457677566060880e-01
-1.527444899797054667e-01
-9.272581365240611939e-01
-1.083350538622918968e+00
2.244312739427851700e-01
2.271169325248065807e-01
-3.730959225874963536e-02
-1.917769787323282404e-01
5.258007578043697450e-01
1.185384720204936571e+00
1.191659824880400453e+00
6.368796170738071361e-01
-2.865509887509880560e-01
-8.710082685011855119e-02
5.160206849967479137e-01
1.038634349569570015e+00
1.046135403220475046e+00
4.690465202555004209e-01
-3.228269420015617008e-02
4.098654615604284679e-01
4.930991246544187412e-01
-1.727472409474017923e-03
-4.419341928232667360e-01
-3.588315316223815721e-01
-1.444073568704377086e-01
-2.656552313168586421e-01
-1.692939190485179823e-01
-4.445090693173224250e-01
-7.808620956909340105e-01
-1.886950507539759680e-01
3.473000030751112188e-01
-1.282280396501569442e-01
4.055455997821990621e-01
1.050334794249363268e+00
9.827360549010923929e-01
1.441564247298123824e-01
-5.964551451602533305e-01
-1.263148101416129432e+00
-1.706495255652344722e+00
-1.293588412525202180e+00
2.475928653732695772e-01
-5.374948869373172844e-01
-1.104158194000439686e+00
-1.244768765220640061e+00
-5.230169405640061608e-02
1.257242492683322554e+00
1.192280610108797489e+00
2.579707657788210540e-02
-1.458098399542788748e-01
4.389222025960453077e-01
9.004029722169792915e-01
1.144583493288840348e+00
9.786013329750808953e-01
1.732204682418114761e-01
-6.677281780785857546e-01
2.892456710291133604e-01
1.136251226049589835e+00
8.166297610293136167e-01
-3.467095300462823548e-01
-5.977923991835343287e-02
4.874969944631892815e-01
8.569466682196758001e-01
1.430111952568449585e+00
1.646064836583663205e+00
9.344483708940050093e-01
-3.043314157412812526e-01
-2.949334266270884353e-01
-3.091683830311635628e-01
1.996700831615907390e-01
8.558629964174326865e-01
1.080558122742724558e+00
9.336383511544147362e-01
-8.261739057383910012e-02
-1.738892494411899303e+00
-2.804588362191656525e+00
-1.736852581342679169e+00
2.921270051605641127e-01
-1.399943300175678917e-01
-1.032258143836815245e+00
-7.822935929051861859e-01
-8.418639090357182830e-02
4.992060236603834689e-02
-6.382081653832986090e-01
4.228380022987919817e-01
1.508253876621927780e+00
1.067207196369390765e+00
4.518589234759984308e-02
-3.322485447449041729e-02
1.859686299718905644e-01
-2.570116835999018967e-01
-2.649182822837570228e-02
1.973073625548740218e+00
3.539369655975815654e+00
3.230060090180059351e+00
6.840226066565182617e-01
1.741660630440144963e-01
1.847024405077148712e+00
2.614355328619369701e+00
3.000306412968994252e+00
2.842476058530226446e+00
1.042082326295664441e+00
-1.648487105786940354e+00
-1.120143506110748532e+00
-6.856279539082521524e-03
-1.447093835741974921e-01
-1.298715274539767428e+00
3.298228991722638170e-01
1.890186238075473923e+00
6.318495001191473115e-01
-7.850489516049163896e-01
3.954280253422322033e-01
1.537136323898359525e+00
-5.691241716833104203e-01
-6.874179318280453366e-01
1.521326431249967470e-01
6.922380285098954644e-01
-4.054250365171303550e-01
-2.419423137415201097e+00
-5.234381917906305581e-01
1.300994948667097972e+00
-1.545481131421495125e+00
-4.096610293370507527e+00
-3.199483037676004393e+00
-1.236170671762131690e+00
-3.147262138314825819e-01
-1.052630503779408144e-01
4.693993657439352596e-01
1.086082291349909079e+00
3.766252696967733460e-01
-5.148250110297696303e-01
-1.426074333999589605e-01
-5.822758540757777546e-02
-1.243773951594671523e+00
-1.895692220728439459e+00
-1.027044798881078913e+00
-8.177261768018806443e-01
-1.178768682135017398e+00
-1.506743680356205095e+00
-1.380012472445961036e+00
-8.374260588395806559e-01
-5.347772778428233620e-01
-6.764136861503367015e-01
-5.548475882385837110e-01
-1.695775187310055721e-01
-6.087139565740624647e-01
-1.141608976225537919e+00
-6.628397254640129299e-01
1.118319982791572409e+00
3.783782347831254889e-01
-5.723542798130081266e-01
-1.069358992609487746e+00
-6.446038295057312517e-01
4.049993247413505859e-01
9.775872576621491561e-02
-5.612313407324547310e-01
-4.989504960120083599e-01
-6.466251352984661027e-01
-1.763889927447271688e+00
0.000000000000000000e+00
0.000000000000000000e+00
0.000000000000000000e+00
0.000000000000000000e+00
0.000000000000000000e+00
0.000000000000000000e+00
0.000000000000000000e+00
0.000000000000000000e+00
0.000000000000000000e+00
0.000000000000000000e+00
0.000000000000000000e+00
0.000000000000000000e+00
0.000000000000000000e+00
0.000000000000000000e+00
0.000000000000000000e+00
0.000000000000000000e+00
0.000000000000000000e+00
0.000000000000000000e+00
0.000000000000000000e+00
0.000000000000000000e+00
0.000000000000000000e+00
0.000000000000000000e+00
0.000000000000000000e+00
0.000000000000000000e+00
0.000000000000000000e+00
0.000000000000000000e+00
0.000000000000000000e+00
0.000000000000000000e+00
0.000000000000000000e+00
0.000000000000000000e+00
0.000000000000000000e+00
0.000000000000000000e+00
0.000000000000000000e+00
0.000000000000000000e+00
0.000000000000000000e+00
0.000000000000000000e+00
0.000000000000000000e+00
0.000000000000000000e+00
0.000000000000000000e+00
0.000000000000000000e+00
0.000000000000000000e+00
0.000000000000000000e+00
0.000000000000000000e+00
0.000000000000000000e+00
0.000000000000000000e+00
0.000000000000000000e+00
0.000000000000000000e+00
0.000000000000000000e+00
0.000000000000000000e+00
0.000000000000000000e+00
0.000000000000000000e+00
0.000000000000000000e+00
0.000000000000000000e+00
0.000000000000000000e+00
0.000000000000000000e+00
0.000000000000000000e+00
0.000000000000000000e+00
0.000000000000000000e+00
0.000000000000000000e+00
0.000000000000000000e+00
0.000000000000000000e+00
0.000000000000000000e+00
0.000000000000000000e+00
0.000000000000000000e+00
0.000000000000000000e+00
0.000000000000000000e+00
0.000000000000000000e+00
0.000000000000000000e+00
0.000000000000000000e+00
0.000000000000000000e+00
0.000000000000000000e+00
0.000000000000000000e+00
0.000000000000000000e+00
0.000000000000000000e+00
0.000000000000000000e+00
0.000000000000000000e+00
0.000000000000000000e+00
0.000000000000000000e+00
0.000000000000000000e+00
0.000000000000000000e+00
0.000000000000000000e+00
0.000000000000000000e+00
0.000000000000000000e+00
0.000000000000000000e+00
0.000000000000000000e+00
0.000000000000000000e+00
0.000000000000000000e+00
0.000000000000000000e+00
0.000000000000000000e+00
0.000000000000000000e+00
0.000000000000000000e+00
0.000000000000000000e+00
0.000000000000000000e+00
0.000000000000000000e+00
0.000000000000000000e+00
0.000000000000000000e+00
0.000000000000000000e+00
0.000000000000000000e+00
0.000000000000000000e+00
0.000000000000000000e+00
0.000000000000000000e+00
0.000000000000000000e+00
0.000000000000000000e+00
