2.345947265625000000e+00
1.473435378403614715e+00
6.527956825757219583e-01
9.481319161701398102e-01
1.315758351913604240e+00
1.448705883868214306e+00
2.022542685941242091e+00
2.675079379836420301e+00
1.423877506085367450e+00
1.173558488803075672e+00
1.289487414758096362e+00
-9.616956419517386223e-02
-1.778428179055386416e+00
-2.258617586231224550e+00
-1.736697849665265414e+00
-2.131131673202687260e+00
-2.783345163316616855e+00
-1.798287692813319794e+00
9.689328620726156416e-02
4.286978299205697063e-01
-3.469297872849197439e-02
2.088431460744498702e-01
-9.622285810455712962e-01
-1.439181390801498761e+00
-7.627775978975521731e-01
1.329924537657161121e-01
7.683834652358993988e-01
-2.929908454606666712e-01
-4.134586519598661969e-01
1.812138328766723649e-01
-4.785194873256883863e-01
-1.263504160103015472e+00
1.332497696612633620e+00
9.179123223001117715e-01
-1.338866992577811388e+00
-1.898781390024184557e+00
-7.547008755431541260e-01
-5.589954543345605487e-01
8.559130168851958320e-01
1.167797932184460707e+00
-2.254342578033590172e-01
-1.096149640372555023e+00
-1.177125271161954201e+00
-1.209728477042563588e+00
-6.358849742753580614e-03
1.286126032120701979e+00
1.705173320201906595e+00
6.759520002684382689e-01
-1.059844523298631991e-01
5.072831470079908200e-01
1.413204241778064807e+00
1.228622857232029464e+00
-1.933892812050711507e-01
-1.772224754441504846e-01
3.417507701123296826e-01
2.458292859142350295e-01
4.496881411056535827e-01
9.644108850959760559e-01
8.147815901835936403e-01
-7.212387662584940351e-01
-1.215255237209844852e+00
-6.114342225371249828e-01
-4.665721661005148846e-01
-4.537208137299142408e-02
5.228257023435300965e-01
1.402590908177214768e+00
2.065208092123425487e+00
1.698858821269042529e+00
1.475871639539763525e+00
2.369597748725978947e-01
-9.732477647399828680e-02
1.574944266910856427e+00
2.826784432150303950e+00
2.211723907787590981e+00
7.374472033332214460e-01
3.893114828466652799e-01
-2.833006504870296816e-01
-5.070497589134050909e-01
1.448449877312573575e+00
2.185553270073512078e+00
6.786016754896511127e-01
-1.126496049130504495e+00
-9.877023782675919961e-02
4.168962426782347741e-01
1.405071831624073786e+00
1.521814028129646168e+00
3.100099511160654409e-01
4.128759186585222452e-01
2.752260458631754503e+00
3.623984605362177813e+00
1.229478298596609953e+00
1.105086821969827326e-01
-3.164876372140468241e-01
-1.230266961408762461e+00
-7.948788305539375987e-01
-1.793348425811139624e+00
-5.077938030791980140e+00
-7.040991563872543324e+00
-7.253015193605945932e+00
-6.520874837805414437e+00
-6.483133896498102011e+00
-3.428168905087445761e+00
1.529835873989071615e+00
4.595037938118796461e+00
5.950712332775077940e+00
3.742041473727365286e+00
3.302006123256844283e+00
2.991020248169831142e+00
-9.621769924122727247e-01
-5.944144733908338196e+00
-6.476957090313504750e+00
-2.142899382490464077e+00
1.498772077641410183e+00
5.399797560888499603e-01
1.942983426832327609e+00
4.408652751360968125e+00
3.497218490067356633e+00
1.650759810449891951e+00
3.654967110955160692e-01
-1.294805075651189075e+00
-7.942033633404514958e-01
3.541450375867922773e-01
-2.123349544093138808e-01
8.929015337196415381e-01
2.127417587525024967e+00
2.468339441365780207e+00
2.491874487169230434e+00
2.255030428162819511e+00
3.435520534511538049e-01
-1.646217070391254644e+00
-9.551341193834401722e-01
-5.749790077121375020e-02
3.850442353185099531e-01
3.233024852143298045e-01
-1.144851768337312725e-02
-1.237482866399490788e-01
-5.522078029768906493e-02
-1.904561813344638477e-01
-7.483978865184268692e-01
-1.311195263318818860e+00
-1.774610039264965744e+00
-2.394742587055123550e+00
-1.076632623416202694e+00
-2.502157915994300819e-01
-9.312937695597618415e-01
-1.747007036634601551e+00
-2.245933804793942556e-02
6.526211189400838997e-01
-2.257227871389102525e-01
-2.048487895426277738e+00
-1.543347907871747582e+00
7.396999869883424950e-02
5.573574333018580518e-01
-5.162051069999495923e-02
-1.046066602993393824e+00
-1.014353004175418294e+00
3.224824487422939256e-01
1.499270379231139483e+00
1.435658745328566965e+00
1.112915113678913492e+00
1.042917585819987059e+00
9.448200612513133478e-01
4.998759697237238342e-01
2.136751303520934009e-01
3.433147421195500426e-01
6.147934669918397876e-02
1.134320707465472644e+00
2.429683764377895461e+00
3.061700213632610801e+00
2.613837878275536486e+00
1.611862631027116910e+00
1.305895388482984920e+00
1.334893040955775323e+00
8.862454296634048045e-01
4.200213860200713301e-01
1.088374907145294390e+00
1.393229488532071514e+00
1.811409439878457928e+00
2.377831673136759694e+00
2.390907741918828044e+00
1.711764899855793054e+00
1.262091146407475772e+00
8.909314450232226346e-01
-1.811105772531800273e-01
-1.120728300444000736e+00
-3.459199376930945924e-01
5.031342478748781488e-01
8.714014476372476947e-01
7.044773285424947851e-01
6.516562901610272185e-01
1.179389416473729524e+00
1.257552357266175758e+00
1.118793427452182021e+00
9.435406256858726026e-01
-7.699461497075044125e-02
-6.938101886984805455e-01
-7.272373514139786055e-01
-3.432228827883704314e-01
1.883975104413466717e-01
8.681487345594024463e-01
1.281302795683995299e+00
1.098317587392902972e+00
7.008937166153379472e-01
8.301974368903262125e-01
8.097727355046030473e-01
5.586881355807424843e-01
1.535068346592765032e-01
-3.325735183463163214e-01
5.339550547878948450e-01
1.224122290943693514e+00
1.350206654634377390e+00
1.678870245103338377e+00
1.424108718874442570e+00
5.279271302787300613e-01
-5.026190115294424388e-01
-1.366174032936845473e+00
-2.036291426312990538e+00
-2.008097762065830238e+00
-1.283445004708197112e+00
-8.064550283913214379e-01
-6.385797210745378649e-01
-4.361501288564495482e-02
1.007698921026473293e+00
1.354333371605814129e+00
6.265781847244085156e-01
-7.249844103122136119e-01
-1.722513429235544846e+00
-1.280435244127195782e+00
-1.107376709404989779e+00
-3.950081428072125256e-01
5.123208356007979969e-01
1.001965335800794277e+00
1.356692846863684299e+00
1.632092234012258336e+00
1.579891651836041966e+00
9.637054555972079939e-01
-1.421409941393685372e-01
-3.129255462447171343e-01
5.645511583351523477e-01
1.435281083562697013e+00
1.589063635920729300e+00
5.759292793159082047e-01
-4.574885310921246173e-01
5.903469009318755845e-01
1.108742393027001949e+00
8.304905967734645955e-01
-1.032427716561190589e-02
-6.552695954513070298e-01
-1.644556631882261089e+00
-2.487088029298446745e+00
-3.542659797581561687e+00
-3.999637921919575234e+00
-3.371315799407661018e+00
-1.793458339702231230e+00
-2.734581907224925335e+00
-3.200183793395424914e+00
-9.520454866960466056e-01
-3.167731177972525014e+00
-6.481491347804778869e+00
-6.997506225076100428e+00
-4.962437818470252004e+00
-3.764915624744789913e+00
-3.712319646083402702e+00
-2.341559424755430552e-01
2.607766956964415073e+00
1.384743257072633682e+00
-1.272210050563478134e-01
-2.847799686167867605e+00
-5.399156966011471326e+00
-7.030346349140875972e+00
-6.118315922322656419e+00
-6.321362876034278599e+00
-5.248552030200290375e+00
4.606421939815921185e-01
5.153272775501093861e+00
5.543971814384926589e+00
5.543107788252816803e+00
3.493170382776098482e+00
1.654774266399229532e+00
1.589938239531578645e+00
-2.120442192348477306e-01
-1.779288197020205020e+00
7.924118971376374887e-01
5.265696721895822385e+00
7.713570358374447267e+00
6.568036829528091758e+00
4.369167725311321249e+00
5.127320713350313142e+00
6.167995455388316728e+00
5.274310096295239170e+00
2.254726967148097394e+00
-6.024268086496826768e-01
-9.555630060883388843e-01
1.832887175415620629e-01
1.610636656478601658e+00
1.918018901378650831e+00
1.300144318065818982e+00
-3.593076705056952314e-01
-8.843263316842531196e-02
3.321582020419487913e-01
1.354118084290659496e+00
3.256133895791931021e+00
4.638322593720203280e+00
3.303949193207797119e+00
1.191800458023265286e+00
5.699960921547249093e-01
1.230142512278237010e+00
8.424465801253995245e-01
1.264443379702528958e-02
1.522801967294182823e-01
-2.139483421287957654e-01
1.230736839880763878e+00
2.660662914547486047e+00
1.962291286662514844e+00
9.748693341566028181e-03
1.640813466368500340e-01
4.492684101389702311e-01
1.918715860067472523e-01
1.095610126807782025e+00
7.290953588453956691e-01
-9.821162945602601724e-02
-6.515164208910620980e-01
-2.084030393977138740e-01
7.742212885318906501e-01
8.056042334258635140e-01
-1.398355491114435800e-01
-5.809022572750954794e-02
7.869232563909458467e-01
4.282919218819003504e-01
-8.587037229864757926e-02
-1.105010309159546456e-01
-2.154389512619444336e+00
-2.511078769258235699e+00
-1.843656031421045727e+00
-2.036633245195299757e+00
-1.339697430252020593e+00
8.729140003531288272e-02
-4.320442276035532103e-01
-5.638447379841697860e-01
-5.895393026564157424e-01
4.878282312689448119e-01
1.755719007048503144e+00
2.683093520995780690e+00
1.236003558705291328e+00
2.968448004705463994e-01
5.433441524509676768e-01
9.132810596446288010e-01
1.107841650868410799e+00
5.247772259931466898e-01
4.821268562164298110e-01
-1.361076102297687385e+00
-2.767154165015438760e+00
-2.370159763083974802e+00
-1.685838490301570181e+00
-4.117979589892621917e-01
-2.167553760988329969e-01
-1.446098129080768402e+00
-3.556713673031186573e-02
1.825748548417643002e+00
1.401239780676747593e+00
1.676311920404297551e-01
7.666234894824275337e-01
2.623758918517966610e-01
-2.127336906297410124e-01
-3.979955964748158603e-01
-4.338407829154677930e-01
-6.966590837843487094e-01
-5.999008421434510741e-01
9.672284301679173746e-01
9.450762169167297166e-01
7.767459920249766281e-01
7.960830308027802005e-01
1.410749936265230930e+00
2.072907744149283804e+00
2.045725344484619512e+00
1.536016712706339993e+00
1.155179477302404889e+00
5.994879097749323815e-01
2.343471159408405669e-01
9.305647179195561947e-01
2.062107031921319944e+00
2.570160406910657169e+00
2.089516385672002485e+00
2.117328162456285412e+00
3.181290736253730600e+00
3.334140916721752390e+00
2.935700123290304386e+00
2.775491169698011351e+00
2.638886564216222030e+00
2.728361247295617353e+00
3.267441179221192815e+00
0.000000000000000000e+00
0.000000000000000000e+00
0.000000000000000000e+00
0.000000000000000000e+00
0.000000000000000000e+00
0.000000000000000000e+00
0.000000000000000000e+00
0.000000000000000000e+00
0.000000000000000000e+00
0.000000000000000000e+00
0.000000000000000000e+00
0.000000000000000000e+00
0.000000000000000000e+00
0.000000000000000000e+00
0.000000000000000000e+00
0.000000000000000000e+00
0.000000000000000000e+00
0.000000000000000000e+00
0.000000000000000000e+00
0.000000000000000000e+00
0.000000000000000000e+00
0.000000000000000000e+00
0.000000000000000000e+00
0.000000000000000000e+00
0.000000000000000000e+00
0.000000000000000000e+00
0.000000000000000000e+00
0.000000000000000000e+00
0.000000000000000000e+00
0.000000000000000000e+00
0.000000000000000000e+00
0.000000000000000000e+00
0.000000000000000000e+00
0.000000000000000000e+00
0.000000000000000000e+00
0.000000000000000000e+00
0.000000000000000000e+00
0.000000000000000000e+00
0.000000000000000000e+00
0.000000000000000000e+00
0.000000000000000000e+00
0.000000000000000000e+00
0.000000000000000000e+00
0.000000000000000000e+00
0.000000000000000000e+00
0.000000000000000000e+00
0.000000000000000000e+00
0.000000000000000000e+00
0.000000000000000000e+00
0.000000000000000000e+00
0.000000000000000000e+00
0.000000000000000000e+00
0.000000000000000000e+00
0.000000000000000000e+00
0.000000000000000000e+00
0.000000000000000000e+00
0.000000000000000000e+00
0.000000000000000000e+00
0.000000000000000000e+00
0.000000000000000000e+00
0.000000000000000000e+00
0.000000000000000000e+00
0.000000000000000000e+00
0.000000000000000000e+00
0.000000000000000000e+00
0.000000000000000000e+00
0.000000000000000000e+00
0.000000000000000000e+00
0.000000000000000000e+00
0.000000000000000000e+00
0.000000000000000000e+00
0.000000000000000000e+00
0.000000000000000000e+00
0.000000000000000000e+00
0.000000000000000000e+00
0.000000000000000000e+00
0.000000000000000000e+00
0.000000000000000000e+00
0.000000000000000000e+00
0.000000000000000000e+00
0.000000000000000000e+00
0.000000000000000000e+00
0.000000000000000000e+00
0.000000000000000000e+00
0.000000000000000000e+00
0.000000000000000000e+00
0.000000000000000000e+00
0.000000000000000000e+00
0.000000000000000000e+00
0.000000000000000000e+00
0.000000000000000000e+00
0.000000000000000000e+00
0.000000000000000000e+00
0.000000000000000000e+00
0.000000000000000000e+00
0.000000000000000000e+00
0.000000000000000000e+00
0.000000000000000000e+00
0.000000000000000000e+00
0.000000000000000000e+00
0.000000000000000000e+00
0.000000000000000000e+00
0.000000000000000000e+00
0.000000000000000000e+00
0.000000000000000000e+00
0.000000000000000000e+00
0.000000000000000000e+00
0.000000000000000000e+00
0.000000000000000000e+00
