-5.224223533379481269e-03 -6.779327575807216066e-03 5.307379283765340308e-03 -8.263560195873771719e-04 -3.301781409317598205e-03 6.840224810143239603e-03 -1.736063435589672334e-03 -7.785537538457779592e-03 5.801648009094329851e-03 -3.859620537545372602e-03 -1.395876703607468010e-02 -2.642960136585878971e-05 1.459206318768222280e-02 2.155131962551082303e-02 1.585466317886172899e-02 -9.310600325351385195e-03 -8.989038783206303174e-03 8.898054853007235018e-03 7.521779823906519537e-03 -5.046745591973777340e-03 6.563813951632083837e-03 1.483994655308124543e-02 5.424501678926286694e-03
5.878114199231584611e-04 -6.155408798381571157e-04 3.236546642969458792e-03 1.823826350661308764e-03 8.177502660849187560e-03 -3.428203358428401435e-03 6.367609297370177730e-03 4.597798885918919984e-03 -6.274275910792759085e-03 9.378350699888172298e-03 -2.984952443991417768e-03 3.457354613259948188e-03 3.710207328274743848e-03 -1.661605607442547244e-03 -4.867785704115360976e-03 -3.104444852303645669e-03 3.626941351931184387e-02 -2.578796070624583825e-03 -5.754060830992736505e-03 2.636472667652955005e-03 9.034496165938191506e-03 2.763240823964683516e-03 4.956301567415615124e-03
1.204156767709786344e-02 -1.700177730606303866e-02 8.922480539867789356e-03 -1.236861817051050291e-02 -4.174919607319288635e-03 1.110946540752230476e-02 3.708267061585188672e-03 -3.168236986889133404e-03 1.960291974258811069e-03 2.575912230441457663e-03 8.359294481206124613e-04 -8.838508498374985940e-04 9.204739547538866654e-03 8.393901212674021242e-03 -1.837711425299171867e-03 -5.858530329824218098e-03 -5.711705253131015361e-03 -4.269945799374424110e-03 -1.493677932481655979e-02 -4.633453671482701958e-03 5.319951259148828111e-03 1.500226770160715227e-02 2.567332026099925033e-03
-5.604585967295823770e-03 -2.540394655603822171e-03 -1.074142518096587832e-02 1.307847190728236506e-02 -9.094972962234923464e-03 -9.930665166994277759e-03 -1.053147462655359447e-02 2.130633888796238523e-02 1.093761061464675055e-02 5.720956107750425033e-03 -2.693826754796269617e-04 -1.784629740396222186e-02 -4.933032484325081297e-03 -1.498782569373500757e-04 -4.455662667028650187e-03 8.949661120965115776e-03 1.013347792545174660e-02 -2.157825514057689145e-02 -5.902556315238040308e-03 6.365783507969787619e-03 1.667847367860579751e-03 -1.735982132529824418e-02 -4.556822285352282904e-03
1.190062115031509035e-02 -2.675010296498219007e-03 -1.129319357548904269e-03 1.594776399691086310e-02 -7.931577047780209028e-03 -6.349645980476277540e-03 4.204466304000326234e-03 -1.406155746038496336e-02 1.657208672011979689e-02 1.241491191701348668e-02 1.248083901692464276e-02 1.366709023141903477e-02 1.020145137872188919e-02 1.329072399936855053e-02 1.222314892762140295e-02 -8.240512323599553587e-03 -3.705029761317738674e-02 -7.014790838093478212e-03 9.492517948745515105e-03 2.354986539935148993e-03 1.608079718763617827e-02 -1.137830009596850142e-02 1.716018123037417855e-03
-7.632711983380301157e-03 -8.020499515460099461e-04 -6.937286252130085012e-03 -9.503581429910477538e-03 4.938184831624587746e-03 -3.747059117353854565e-03 -9.446613309935028568e-03 7.772282205896921623e-04 2.323858403833484708e-03 1.031699384964468967e-02 -5.033455335587879581e-04 -1.346779162634338927e-03 -5.053275126920599440e-05 -3.080514313892392022e-03 -2.233161538022813801e-03 1.027479186537407635e-02 4.562716947022002131e-03 -3.555763238877412621e-03 -7.095938895335811118e-03 -9.893549724384069401e-05 -4.243788496751672423e-04 -9.831867061783348179e-04 9.418626392233439559e-03
-6.203744557573527899e-03 5.591164622566311034e-03 -1.920176391498937653e-04 -2.106544307142346750e-02 4.194930857834533802e-03 1.610183746216652112e-02 -1.146875919477123237e-02 3.814741092158768429e-03 -4.812399835300467440e-04 -1.488490249683231204e-03 -7.432281951999308162e-03 1.872354062800466595e-02 8.994820608053276725e-03 -1.051558298829399340e-03 1.871236559847294992e-02 9.257828517440238290e-04 4.972536530075654868e-03 -8.777951117246742679e-03 8.536029707364016852e-03 1.120230451549303168e-02 -1.076704501011801693e-02 1.698289356869647510e-03 -9.253812575197367316e-03
7.310016861074538838e-03 1.639750936511336944e-03 1.071070519701362508e-02 1.266093068817962866e-03 8.041704715873121412e-03 -1.339750585414156009e-02 2.737998400427202415e-03 1.007639016244314852e-02 1.441849239798846313e-02 -5.791214969092910343e-03 7.805909243663507538e-03 -7.432184695321535257e-03 1.067572893996786981e-02 1.129914664799656042e-02 6.765695875543426344e-03 1.684628200454596795e-03 -4.009049740085092808e-03 -7.219326970325807419e-04 -9.680148683965369982e-03 -5.744126109796673062e-04 1.605027486019641389e-02 -9.598870092831382136e-03 3.529687879350529777e-04
4.282478640453144664e-03 -3.503679975170775288e-03 2.040510987159254233e-03 -2.809517821539911277e-03 1.110184981163720927e-02 1.864085227367616449e-02 8.282989520065425770e-03 -7.067129894745788864e-03 2.055228541798965591e-03 -9.059826716231988639e-03 3.749269783270085896e-03 1.109205190702499538e-02 -1.834961961007049516e-03 -1.760420927756380788e-03 4.458839547072504517e-03 -1.274801564650215185e-02 2.177648621489805709e-03 -3.341666011366902292e-03 1.838573492201964893e-02 1.499323609251350560e-02 -5.873290148401340456e-04 1.483992923059165685e-02 -1.104185053016274419e-02
-8.210602014905222026e-03 -5.699886236559868410e-03 6.262080475847741148e-03 1.540184733096559670e-02 2.349943954983750669e-03 -9.434654967229947828e-03 5.079331381023973954e-03 -1.502119232805429559e-03 4.854299293370651844e-03 1.409879012826223757e-02 -9.575669880805199805e-03 -2.075522638601791717e-02 -5.574147475555038707e-03 6.851736517649405743e-03 -1.704331225303359898e-02 -8.450205396862820947e-03 -7.702019349979303403e-03 2.851751629087236322e-03 -2.409779885019031065e-02 -1.118048009066934662e-02 -3.324739336266805366e-03 -1.076930994401942808e-02 1.652105429196103637e-03
-1.669032197926998209e-02 -7.263598120576239547e-03 -1.318608756540560860e-03 7.587215872615238332e-03 -4.996411097057947698e-03 -3.965403550754524609e-03 -4.104113719995398750e-03 -1.914125573595659279e-03 -6.658039480367172400e-04 1.374124708180313355e-02 1.717795576673406335e-02 9.018609938647509025e-04 -1.241768507894653933e-03 -3.745359783781448786e-03 -1.483822149933066922e-03 -1.851902713274028445e-02 1.185896127616298474e-03 1.492593158202762914e-02 -1.049387737589072001e-02 -1.807862868846082938e-02 1.429380129547771225e-03 1.001134571596474458e-03 1.546257295962780425e-03
-6.624805928474730363e-03 -8.709736449360435187e-04 -1.809836349419106927e-02 -8.443947009573357990e-03 2.900191707710963497e-04 1.269198230568511186e-02 -1.150463297040461505e-02 1.936014413574189963e-02 4.423602744063120581e-03 1.046914400390679080e-03 -2.900984072639337368e-03 1.719360207700123752e-02 -2.490561521648081839e-02 -1.355916297841850554e-02 5.089677556528487273e-03 -6.609546259558494920e-04 -7.831319035045388247e-03 -3.267235447244752795e-03 -1.351069385635446721e-02 1.781492111452037674e-02 -9.415377325929180728e-04 -9.125542461638394554e-03 4.569272513116059281e-03
-1.267285261733799850e-02 5.557182947986806162e-03 8.647265010387025124e-04 -5.025795363510713720e-05 4.372816324508855407e-03 -1.009814546184396172e-02 -8.096725354610759956e-03 1.269113914565695930e-02 8.029103821375036670e-03 7.263012073373408158e-03 2.646454127303678530e-02 2.213794726054933368e-02 3.369712443109754152e-03 -5.623122833809896491e-03 1.579301479482559528e-02 -4.493425403878524051e-03 9.572040273729998279e-04 4.363812151284367203e-04 -1.581567727965086517e-02 -1.066010067077787123e-02 -1.801830712047272978e-02 3.466153196637732168e-03 7.930064884535761166e-03
1.379110514882355733e-02 1.345265833551159739e-03 -8.806534457721644851e-03 1.150290319422488626e-02 -4.058845607927772520e-03 2.409108462057869045e-03 7.927927142840563574e-03 -8.664601939097849037e-03 8.521327174940397653e-03 9.910157592961725895e-03 1.133969659346613715e-02 -3.881476169617287253e-03 -2.994029079946262765e-03 1.571527728925680226e-02 1.453448252284332554e-02 -7.743712040323769748e-04 1.452520582891114395e-02 3.105365363585675144e-03 1.215775501265052572e-02 8.255910234717028784e-03 -8.991661611387518488e-03 -1.690866119661743605e-02 -1.284163144970685254e-02
1.095619589054719345e-02 8.237604753563641108e-03 2.308903905495591873e-03 2.315369367391306027e-03 2.119440891108643251e-03 -1.234979625281051093e-03 1.206806422415667226e-02 1.894258216464563297e-03 -1.019676891087845788e-02 2.554419833280324563e-03 -1.420500342331067027e-03 -2.944549057561954199e-03 -4.417446216193977870e-03 -8.576647773522119364e-03 4.491402974429101018e-03 3.646365899069291608e-03 2.134294505859457569e-02 3.133998694611495744e-03 -4.970126109066356698e-03 1.309098728125308864e-02 1.014635933611241110e-03 7.212107219111712000e-03 7.380322244935327153e-04
2.388460540923805983e-02 -1.569652879380607768e-03 -3.346736465422416647e-03 -2.068441837964495825e-03 1.038984322046758793e-02 -3.692670152745958136e-03 8.188262834411888513e-03 2.273623949305212874e-02 8.513879809093461521e-04 4.345796224773243281e-03 1.329616266475035918e-02 1.264699559669616412e-03 1.288308430356432943e-02 -1.654445104583841201e-03 -5.989295737312782392e-03 6.440979480573904778e-03 -1.986790300015470190e-02 1.083373945065435259e-02 -1.221614392394871317e-02 7.108671837338344929e-03 -9.606618812607728430e-03 -2.526472492150079463e-03 -1.405463328991713237e-02
-2.553086385794151383e-04 1.361638929519603039e-02 9.185705286380994178e-03 1.376205755697498291e-02 3.296525828328913249e-02 8.234394738216143511e-03 9.351539258865665741e-03 5.002803896406923627e-03 -6.454106011172672415e-03 1.617154418310811541e-03 8.859378657471619900e-03 -8.095904465552300824e-03 7.881703969025263129e-03 6.285219561563503256e-04 -9.175186404482784178e-03 1.046760699416844805e-02 9.882055611522567659e-03 -1.148106569266703174e-02 -1.013391442879696402e-02 1.775769809611464417e-04 -3.386682773274476803e-03 -6.885580174162088049e-03 1.156203439851572617e-02
-2.957137482618929069e-03 1.235741514507820299e-02 -2.106109232055763947e-02 -9.829394950766866257e-03 1.559105619931794307e-02 -2.208526033394034999e-02 6.586531771288281142e-03 -8.229391301283478163e-03 8.532844587400097896e-04 1.290673089321436352e-02 1.403434717800190572e-02 7.516519319033417024e-03 -3.776923615429028224e-04 -8.122817163229011095e-03 -1.410176381992163993e-03 6.763709060716821021e-03 -1.441769711676967568e-02 9.557842592934582063e-03 -1.483710368968979565e-03 3.680983101744054456e-04 8.573339097826654029e-03 -1.544953243603526885e-02 7.601333422080589278e-03
5.808144276087175584e-04 3.859502616337247630e-03 -3.654897590513171615e-03 -1.958752141429328012e-04 1.037149504926498933e-02 -6.576166031589256861e-03 -1.339372743408448474e-02 2.680040438907784969e-03 6.753072467641967405e-04 -5.268971770915895254e-03 -4.130250433477726177e-03 -4.291195403185114020e-03 1.820950036400675182e-02 -7.764075432903611669e-04 9.238399464260083939e-05 -7.431638619099406248e-03 1.292602142168059257e-02 -9.358196436626031386e-03 -1.170531070002457132e-02 -1.070050856671878915e-02 7.147148017231439018e-04 -1.415455118938817834e-02 -2.478764333871195588e-02
1.658619698938127492e-03 1.607182143142138475e-02 2.659203540595242356e-03 2.244322080940989138e-04 -2.108444523336165319e-03 -1.155554755985144753e-02 -8.285196693050599429e-03 -1.234810095486627967e-03 1.064282903288944933e-02 7.435389492719992124e-03 -9.705546423520589050e-04 -4.976037386506913275e-03 6.875737994920715947e-03 1.586526629517174929e-03 6.258231789604398743e-03 -1.267160939378468576e-02 -2.193378759911800754e-03 5.437083802351650938e-03 -1.781745306806565080e-02 1.378654081495511198e-02 -1.285311533914419713e-02 3.137415794261816642e-03 1.238120582233504137e-02
9.653518977968169809e-03 2.046822614851522004e-02 4.550507806372457165e-03 -2.070875842831971028e-02 -1.230319061569119105e-02 9.300619708982106951e-03 1.302721850109582989e-02 -7.522130036449804248e-03 4.173025870870314576e-03 -2.635752043060528554e-03 -7.025932021892673796e-03 -5.478969571007537460e-03 1.312165417353913788e-02 3.308155750218345469e-03 -4.580817265722005645e-04 -1.922539295250842023e-03 1.306056124760608499e-02 1.333654160730731592e-02 3.686165103995770690e-03 -1.524325212203116522e-02 -5.900239214452392307e-03 5.309732487517968003e-03 -5.879543721677244969e-03
2.171311933849700681e-03 1.968430112694238149e-02 1.853291404851695537e-02 2.685101486538040393e-03 -8.951882138882906459e-03 -2.517228264597978771e-02 1.842089528948711100e-02 -1.985290738170415736e-02 -3.611480020730026448e-03 1.141877844258231897e-02 -3.490944324616620641e-03 -9.812016481285025515e-03 2.533053781265881543e-02 2.211387285653549500e-02 3.286022348274954437e-03 3.176687170623195781e-04 2.026235426930953279e-02 -2.197356255868376101e-03 4.292842968349250450e-03 5.801922582928322955e-03 1.005545458811532566e-02 -1.516265072978821571e-02 -1.499608277040227582e-02
1.528647518307212419e-02 3.428900600181647353e-03 3.495802279891492038e-03 9.490175678945340920e-03 1.860759853888912380e-02 -4.431286683518390751e-03 -7.159364724513197359e-03 1.067561488441178159e-02 1.944076368266357824e-02 -3.121653980067170056e-03 9.442625801080760384e-03 4.879384823899705036e-03 1.341321880474977482e-02 -1.240092961692175824e-02 9.564723848181477112e-04 2.548855240756829448e-03 9.377836018811220448e-03 -4.147780391966500273e-03 1.813384249166034076e-03 3.518009220218884254e-03 -1.117546657379327006e-02 -2.301593707876680231e-03 1.257395106871892626e-02
-6.424348343172689782e-03 1.079932496480060129e-02 7.460890668815584048e-03 9.397100282112534966e-03 -1.801942098161233088e-02 -1.226787134540605062e-02 -1.038737369880128950e-02 1.256439591194199665e-02 -8.732660332337880901e-03 -6.593942493985057926e-03 9.277011380625732259e-03 1.656178146732683112e-02 4.346966592210160319e-04 6.335761591668459536e-03 1.507321398025907727e-02 8.497556121982875049e-03 -2.549759574740204093e-02 -4.476917677191880225e-03 1.497306122173804391e-02 -1.496902183037333509e-02 -1.111423160079897526e-02 -9.772209470697604608e-03 -5.145805000998380889e-03
-1.035624070402348194e-03 -1.136768372290942498e-02 7.576392331622338249e-04 -1.868406618575853620e-02 1.650402932353255483e-02 3.846397042367249129e-06 1.473672520376913438e-02 1.456779632268457268e-02 8.487836601329043756e-04 -2.040309277800994581e-03 7.239726651159589937e-03 6.956453920963865528e-04 1.285845017819835928e-02 8.889000597355864626e-04 3.413930126392170951e-03 -2.684988761541697022e-02 1.349595484095642006e-02 -2.630988926372438558e-02 -1.599639106588050461e-02 -1.096038011479207042e-02 -4.535924861227864403e-03 -1.142252460550490303e-02 -1.209225402227644131e-02
-1.605575951427630488e-02 9.443391428698882581e-03 7.547999796183801728e-03 -5.747448521382999762e-03 1.006106843010438553e-02 -4.858146348012429457e-03 1.242589076665059564e-02 6.280097659080387598e-03 -1.378595034147672010e-02 1.631861216247613294e-02 1.691744418213222620e-02 1.558774485501415947e-03 7.321828621037143429e-03 1.271834118207872989e-02 1.137525506387702251e-02 2.391443679066430298e-04 7.070869646310939255e-03 9.930076256366089302e-03 1.073976040568625986e-02 4.872233376325377230e-03 -8.325226601982035207e-03 -1.187479883300005153e-02 1.096487598508586597e-02
-3.267784755321131735e-03 9.684840992096892601e-03 2.037913318957940059e-03 -5.939364806718724736e-03 -7.935993872952816497e-03 -1.204265607052170403e-04 1.895565796934763070e-02 4.263084205232606401e-03 5.207302841336579856e-03 9.021116826897995419e-03 1.804142712592887721e-02 1.650612493882086182e-02 -1.473325717311999017e-02 2.830198296102431010e-04 1.181366439269234195e-02 3.064949891224984409e-03 1.919008317976428346e-02 -2.300306832415424901e-04 -1.402460298160184554e-02 2.679969499032536923e-02 -5.456554913696053024e-04 1.072728352733244572e-02 -5.659686047260589249e-03
-4.197826661135972345e-03 6.369047032547472606e-03 -3.983078926597297294e-03 2.005875675111491296e-03 -9.388211707895000036e-03 -4.799762363014672961e-03 -1.012210820369688867e-02 1.772237525680647307e-04 2.036555732713691592e-03 -5.741223861085714177e-03 6.038843408422021799e-04 7.195807492460561290e-03 1.186450104849189405e-02 6.076020284124924661e-04 1.600992006520773154e-03 9.072874397696618562e-03 -1.847191730087896847e-02 -4.585015446856992825e-03 1.507418396167758273e-02 -9.746439217449330648e-04 -2.458316083410468089e-03 -1.201190457881860449e-02 -2.338765959036728098e-05
2.356395539909953915e-02 7.747808560128492325e-03 1.297333972118383527e-02 4.886968495392178882e-03 -2.345186445811408768e-02 1.061077962701817076e-02 1.745281815804274744e-02 -1.715688303076751565e-03 -1.161136181466436391e-03 1.844134023713687662e-02 8.792576396166266323e-03 3.761482970428575625e-03 -1.747476095724488990e-02 6.099480766951565630e-03 -5.276174210673443762e-03 1.436340010872479145e-02 9.864688969332470123e-03 5.111123875559220146e-03 1.099909821814006733e-02 -3.118559516156396184e-03 1.213349790974240817e-02 -2.594809094176889555e-02 7.067602988367698534e-03
3.159013316845154379e-02 1.580518593824228228e-03 4.738749099603964399e-03 -1.470806990762766383e-03 8.563160178018020680e-03 4.685228781683922501e-04 4.944033543447143644e-03 -5.270094420624887692e-04 5.791849926905514971e-03 1.568250165029502069e-02 9.973443299578112556e-03 -1.093180423056141874e-02 6.681645699777651569e-03 -1.568263927512617353e-02 3.009747760530088242e-03 -9.489050692052780275e-03 1.133977404085391091e-02 -3.670168368161059493e-03 9.340647643040100867e-03 6.375775474392605252e-03 7.182544579609306638e-03 -3.643824482070485461e-03 5.041834202452667724e-03
5.700909883836232164e-03 -2.510917901262105841e-03 -4.567238491120105028e-03 5.150171023352381923e-03 5.581717695192923989e-03 -9.985504464794276933e-03 -8.737379143073540841e-03 -1.304293478243724949e-02 -9.521982265415200250e-03 8.120786468005045805e-03 5.666300160605573094e-03 -1.320188781551520684e-03 -3.761818076353123149e-03 -8.975978726374435118e-04 4.141116419726967833e-03 -1.061556653254098169e-02 -1.426305007508978269e-02 8.061395936972796938e-04 7.438988330272584999e-03 -8.863877376536750605e-03 -4.162053433998279782e-03 4.183961421129673598e-04 1.299073616447676306e-03
2.551127431681153926e-02 -8.951575181111705304e-03 -8.867120948254151452e-03 1.504164587569232093e-03 5.459307881383654477e-03 7.987512438768489421e-04 4.387271397060674150e-03 -1.055746061595806175e-02 8.634072001433172605e-03 1.218401688205594758e-03 7.124511378673797218e-03 -7.098143224755126303e-03 -9.995043400007664475e-03 -7.048958836239436337e-03 -6.135289343305918783e-03 -8.578918624948993210e-03 -1.119829142510916052e-02 -4.303403368463638748e-04 9.806442569361762882e-03 -6.112066532265418572e-03 1.204439198374436699e-02 1.352020492159278393e-02 -1.194079346090734647e-03
1.531572859186512182e-02 1.601185369492263977e-02 2.162970883456130644e-02 1.753612660617512829e-03 1.856224423241761151e-02 -1.224376467853724101e-02 6.650177698973385419e-04 -7.887362208304859665e-03 1.237605826815615234e-02 1.426914276840937114e-02 3.037577729276695962e-03 1.881052630720954355e-02 5.605067927318542302e-03 1.382173429302280439e-02 -2.736204845739940213e-03 7.108257358022501173e-03 4.995843714817007480e-03 -9.083077976087025607e-03 1.119302625501511841e-02 3.567996691847194913e-03 1.024219656747262994e-02 6.327940301444894000e-03 -6.171577675764773271e-03
-2.952209134075556556e-03 1.665395564447854845e-02 1.288338740457457485e-02 9.137231861246986053e-03 1.081825634798190550e-02 1.205774192077320797e-02 -1.204485326670158389e-02 -6.862740522284921027e-04 6.173104401430019872e-03 3.917656598631069458e-04 8.379344254445643750e-03 -6.931044875791416739e-03 -3.441090116829806193e-03 -5.017958208443229137e-03 7.826017864486813080e-03 4.778677542456743858e-03 -1.165885295417136251e-02 2.637804286468836603e-03 -3.117963776230411183e-03 -4.201301984143103116e-03 -4.813075216838324632e-04 4.450744151799209888e-03 1.477397515598550572e-02
-4.726302752764527729e-03 1.619683702944538228e-02 8.282945781122912771e-03 1.655595339166202745e-02 -5.625185831028973495e-03 9.444560246477095092e-03 -3.387389769692971883e-03 -9.609949828839758554e-03 1.711830161726940556e-03 7.356195959246952971e-03 5.762661951731305396e-03 -9.312833082162704987e-03 5.357835661220214027e-03 -1.342833262576491674e-03 4.972903904894902805e-03 -5.707931633176570492e-03 -2.323296565311528533e-02 9.929426004067864846e-05 1.737925870844218151e-02 -1.017315031691703488e-03 1.583155264005290178e-02 -6.224181859405684275e-03 4.580922371523825343e-04
-5.472947147289134590e-03 8.817522184300811972e-03 1.042404624221526625e-02 -1.438684361641229519e-03 -1.101161424188030341e-02 -1.610496300782481710e-02 1.114498888800780248e-02 -6.774594779755316841e-03 -1.769964546850565437e-04 -4.716542587645303729e-04 -1.554310906782841676e-03 9.210029741643436770e-04 -5.419602067462900644e-03 -7.444454819205387208e-03 -3.380941788128834485e-03 -2.264554928886741356e-02 -1.622431682987409904e-02 1.668329966196529027e-02 4.326710668951205298e-03 4.985881944068347102e-03 7.495693852768599980e-03 1.294415949894107444e-02 1.735072979193692105e-03
1.995304305391683297e-02 5.678906217955966701e-03 2.577292295171874047e-03 -7.780650929642501067e-03 1.597224950674558386e-02 9.180283179092078860e-03 -2.932459052001635744e-03 -4.321348951320785198e-03 -9.265093473607471236e-03 1.019930859198174208e-02 6.724259362706519125e-03 1.012672714463460320e-02 8.257664264012967367e-03 -1.740035859481473685e-02 -4.890386263533438166e-03 -8.356883119019985554e-03 2.734650295957541735e-02 1.043431982531269932e-02 9.811328817284876297e-03 -3.385142803757232050e-03 7.694930566707880275e-03 -9.908478283176144069e-03 -6.893031271717314432e-03
-4.398124976469356545e-03 7.573866000176104202e-03 1.151675823581401782e-02 -1.158785009609196795e-02 -7.601889175303618539e-03 1.442354021000154946e-02 -1.017836988166061912e-02 1.202014766484432945e-03 1.338900892706157116e-03 -6.601678024504544808e-03 -1.393632340263912910e-02 -2.886569138010976632e-03 1.282097324534375860e-02 -8.317218034602428048e-03 -9.244529742192137203e-03 1.448715908654106370e-02 -6.207559756146823621e-03 1.063419808192422075e-04 1.033423502003106946e-03 -1.400143137513785822e-02 -4.172028004590070012e-03 -4.255439531600601830e-03 7.537334294118204318e-03
-7.282204882393075729e-03 -1.002752645317141894e-02 5.366534255482886644e-03 1.757535821831872260e-03 -5.068357351680833657e-03 -1.758347307434810630e-02 3.137653462773966947e-03 2.686603880330893507e-02 9.764639895021180738e-03 6.772935121807519476e-04 -3.537364266235934213e-03 4.890441296826036552e-03 1.762905836576388746e-02 6.471166525982738685e-03 6.722513309033281009e-03 -1.430569848613962979e-03 2.528662787660942990e-02 -9.125407191097497511e-03 -1.755483016607038010e-02 1.554665591425252909e-02 1.617731592747917446e-02 1.232328639592487896e-04 -4.177497641136677237e-03
2.061372751817205223e-02 1.768880206196180721e-02 -8.801508487412037368e-03 7.875417971184303992e-03 -1.009244092052707931e-02 -8.069359019002578714e-04 4.434573792890993994e-03 -8.396343548485516242e-03 3.518831316558908469e-03 -2.687554157339971765e-03 7.783904695914316968e-03 -1.645871860295218189e-02 -5.243286204843247179e-03 6.390368791037542330e-03 -1.043973443599406246e-04 1.166645299802599248e-02 1.096753036554769418e-02 7.008058920048637272e-04 1.782474281712337523e-03 -6.951020044918975252e-03 1.521958552719376856e-02 8.500494564275701617e-03 -1.036841432734433507e-03
6.807324159196017493e-03 -2.015809972962861671e-02 -7.716176371872272496e-03 -3.272369568321201096e-03 1.438326765400602114e-02 2.918996676045074613e-03 1.125142113534976195e-02 2.128052704905271375e-03 9.728379550767824249e-03 -3.339145331750149230e-04 -1.861317792591373529e-03 -3.283866735652642838e-03 -8.388536191881852677e-03 9.402250381624220957e-03 -2.963050597407884072e-03 2.962295663794845685e-03 1.776908414536383304e-03 -2.499708360925803358e-03 2.750205816267130635e-03 -2.967959318007189207e-03 1.226367306786312755e-02 6.438624566496816901e-03 -4.486280679233563533e-05
-3.511026592473434019e-03 8.046360997831661713e-03 1.138793206652119819e-02 -1.088077530412336243e-02 -8.772594376155280413e-04 1.066870976229485589e-02 -1.116351095493535103e-02 -4.290539275591807519e-03 3.933801533877953789e-03 -4.252375168098980127e-03 3.084653004479209239e-03 1.729335232241371173e-02 -8.490542869357303388e-03 -2.719193286549093092e-02 1.602378479709000176e-03 1.780345415397680030e-03 7.502062094469543613e-03 6.228960394910256805e-03 1.239967362673368399e-02 -1.072007790120162347e-02 7.803578712300613708e-03 6.703574306545483780e-03 -1.365393644117192905e-02
-1.535178758671524278e-02 -4.150211464280750134e-03 3.700864415056646494e-03 -1.181759113986086823e-02 1.108680158626442272e-02 -3.669429661736180268e-03 1.520912312246031463e-03 1.240603337061459968e-03 -2.875127506335098740e-03 5.801183805867729873e-03 -1.362408309440964714e-02 5.175009548094283013e-04 7.450380860560548539e-03 6.413779028500109052e-03 8.267821360308878070e-03 1.632066102437503344e-02 4.007611285800799159e-03 -2.768152956227275599e-03 2.824418375703452097e-02 -7.307345550550950128e-03 3.863211860948883442e-03 1.241701538262512429e-02 7.963702874240482328e-04
1.077369211838023234e-02 1.029548174028692246e-02 5.090047439105857899e-03 1.044882131819074508e-02 -6.858806737992029744e-03 -6.023652544827231073e-03 2.548892638396511520e-03 -1.247259198206850973e-02 4.396565080446824397e-03 -1.468930611900916023e-03 -2.979222266302414268e-05 -1.976708413550865365e-02 2.291428897502734326e-03 1.066571010852622285e-02 2.917748336340160974e-03 -4.909207517751057806e-03 -3.153997579041896426e-02 1.177227150659764486e-03 -1.816298599793878671e-02 -6.056751599093917679e-03 -1.148991580491452551e-02 -6.393124548255878226e-03 -5.300498172138489936e-03
1.455820748788932972e-02 -6.898855750983546795e-03 -1.224727301291133989e-02 1.514796441175780047e-04 9.267321302442359590e-03 -1.097589145452980419e-02 2.895717397877485642e-03 1.182257095413966584e-02 7.003171392168311589e-03 -8.287903327376014428e-03 4.239868025064126925e-03 -1.112338980626883730e-02 -4.513558284281113386e-03 -3.021668141838265665e-04 6.129545790715399539e-03 -3.854635224508913658e-04 1.017580596550192798e-02 -9.444593542064472561e-03 -1.614913696679147123e-02 -1.788015827253418115e-03 1.223227337433545857e-03 -2.216369045875774685e-04 2.034636936318139772e-02
1.283479666482758262e-02 6.966144632044249038e-03 6.710849017759873067e-03 3.199697825290076340e-03 4.979887363232521867e-03 1.459555528603649101e-02 3.910861379795180399e-03 6.128951889316957419e-03 -7.259532259089314203e-03 1.037965939636279790e-02 5.073612261447858068e-03 -1.564863751028003564e-03 7.649779319286379234e-03 -9.412631103003167923e-03 1.145235278792675017e-03 -1.531934481469143620e-02 1.170312432854591495e-02 -1.218482414545898895e-02 1.300743960181065077e-02 2.191837337913245254e-02 -7.435721269105414338e-03 -2.528678335471900608e-03 6.262348685337109158e-03
-1.663548720069859058e-02 -1.403831943309536388e-02 -6.205670767532627452e-04 -2.013382931563081207e-03 2.934622541118949574e-03 8.684191716819391130e-03 5.505700192369455959e-03 2.678650025523545385e-05 -2.312275427826010650e-03 -6.771258609903459819e-03 1.118580036931545937e-02 2.210056746246509551e-02 -1.718539049979944666e-02 -1.081518525786107771e-02 6.970580245437155500e-03 -1.257178396597741915e-02 2.997721005603669504e-03 1.312104183415084904e-03 6.620758854677114696e-03 3.410068581790297402e-03 8.786952938393681120e-03 1.031753061354065762e-02 1.844408256501419568e-03
1.514392142801341103e-03 -1.896271538742477780e-02 9.515115409523780543e-03 8.045676557103061469e-03 5.630335368891556391e-05 9.178471033342350260e-03 1.311499899992519744e-02 9.359196601551524053e-03 2.124297511379061310e-03 1.405898290828884109e-02 2.611143625626178699e-03 1.095229333907940354e-02 4.521406532328207072e-03 -9.738712375266000629e-03 -4.198588182081098089e-03 -1.441556734564911936e-02 -3.099932959510916155e-03 8.414598036913321921e-03 2.050471885339754633e-04 1.209390630882253154e-02 4.101980262338369640e-03 -5.172257312121973649e-03 1.047028993914835872e-02
9.994023028213623594e-03 -1.439928893855192855e-02 -5.730602652895695412e-03 -1.272198337717120147e-02 -8.868989803766665070e-03 2.334441384860374419e-02 -5.084130111342136105e-03 1.268636575484013637e-02 6.476559846370777938e-03 -8.796159244150090345e-03 -9.683372498810564888e-03 -1.428167016595842907e-02 -4.939179846271572923e-03 -2.883949445573042022e-04 3.213642370533440580e-04 -3.595859150227763250e-03 -2.248591288070803801e-02 -2.900449887785338989e-03 1.820886014389518776e-02 -1.801911105829443263e-02 -7.451956023634192725e-03 1.592195196510902064e-02 2.754723134742053606e-03
-2.521578477781048766e-02 -7.126665757469086496e-03 -5.222216692478218007e-03 7.757454510780562376e-03 3.152701590758510974e-02 3.675367124294309784e-03 8.593033557740846484e-03 -6.462364601148830323e-03 -4.819777462065121323e-04 1.856764006577240819e-02 2.311160602496257002e-02 -1.474002248131673146e-02 2.475879820321555316e-03 2.566763781111451245e-03 -2.216212375073636602e-03 -2.545754928388188273e-03 1.287861548156262956e-02 2.774503702909592289e-03 2.636719555652983302e-03 6.455368088088310474e-03 -5.313970155426030878e-03 -1.811797628205972024e-02 2.906160781183009419e-03
1.104380799138326118e-02 6.176797062319449444e-03 7.994089226470667969e-03 1.659911733682938040e-02 1.304008371809288816e-02 -2.515618289330959212e-03 1.077394693692028220e-02 -6.593276817827284971e-04 -9.151387519359916595e-03 7.661278505836286584e-03 -1.142431059499368455e-02 1.610722637280473726e-02 8.831094039417251851e-03 4.724641719340933084e-03 -1.152002645899257924e-02 1.661948686208265455e-02 1.235521204838784881e-03 -2.809149419453391659e-03 -3.821907580484572558e-03 -1.606173582365115135e-02 -1.171219646607414913e-02 -2.973684665817468310e-03 -1.529542029513521369e-02
-8.845173861342713745e-03 1.784912896417471112e-02 9.551031592250921673e-03 -6.640803949405968800e-04 -1.498315321895904093e-02 -1.286016090684434336e-02 4.350941283076999871e-03 -6.795663185234594554e-03 -1.855921019987055156e-03 4.552223185518402930e-03 5.278493364350690664e-03 3.515737717526711339e-03 -1.035176711284307993e-02 7.216384315153781710e-03 1.193041955697929021e-02 1.376711005693381958e-02 4.251359582005394093e-03 -1.209874320619682385e-02 1.576855889524214627e-02 1.890353201103202319e-02 1.330401345188501547e-02 5.659478119828040624e-03 -1.696299411968873799e-03
1.042778117493820857e-02 7.851336568161686527e-04 2.684816879846254039e-03 -2.649089547384514756e-03 5.360522516515092359e-03 1.593003687306670298e-03 -7.490077218518893451e-04 -2.206907476963174825e-03 6.926746623809100847e-03 -7.424874272729979153e-04 4.495004945082009540e-03 3.927810121903451204e-03 5.262838697311325586e-03 4.141245439938260296e-03 -2.377775388026937779e-03 7.500566009752429077e-04 3.085432281527711665e-02 -1.858219689039005904e-03 5.521236742728892824e-03 -8.468957284261627305e-03 -5.479075226290106362e-03 -6.955573095202404604e-04 -7.618400442867909010e-03
-1.151059833606251324e-02 3.088921375871912268e-03 2.011606413593336647e-03 -7.934340678903046423e-03 -6.847115436369287898e-03 2.533982707728642952e-02 1.462997799490994323e-02 -9.509853994936324703e-03 4.697081628294518495e-03 -8.528383874359600188e-04 -2.708043782697348596e-03 -3.611391609375723096e-04 9.474151310556608308e-03 2.001752674774319191e-03 -1.337188402749778238e-02 -1.097123585777384953e-02 2.597459778426306626e-02 7.040171283863290962e-03 3.272095014218113357e-02 8.692025450930436145e-03 2.507132987269330114e-03 1.906837397606777566e-03 -4.784082666555295599e-03
-1.427171317661822363e-02 1.449496269362796595e-02 1.767357080865013946e-02 1.596543443589883496e-02 4.470649095242537965e-03 1.925495317112689564e-02 -6.294776046455977277e-04 1.097963090045761710e-02 -6.281249529673121369e-03 -1.391311506519228363e-03 -9.148073057633000424e-03 -7.477208426616071407e-03 -2.141433525988341302e-03 -2.435119685530978250e-03 -1.351146200080071986e-03 2.375621835344918307e-04 1.385885927133724375e-02 2.393798585938993872e-03 -9.827642743557664373e-03 5.098631678442516746e-03 -1.546004389810599379e-02 8.212077570211803040e-03 -5.288370703877327654e-03
-8.735598679709294725e-03 -6.056170716732818537e-03 1.973017753837587665e-02 -4.911343058472132823e-03 -1.668115011159735511e-02 -8.209672380173690595e-03 1.190996184015100795e-02 -1.023083186874037750e-02 1.011916131156250301e-02 -4.300209027119194193e-03 9.197201710937675384e-03 1.786062043490019031e-03 -1.010167342837431804e-03 -5.912248101586318506e-03 4.473640784976294985e-03 1.273305056899071142e-02 -2.064462937561694494e-04 8.979622896369752333e-03 3.056611527264800707e-03 -1.783015762767877497e-04 3.425343476030739097e-03 -3.743806682384847109e-03 6.447132105969768934e-03
7.162329150287553500e-03 -5.868154364384895946e-03 -7.205099220120641731e-03 1.656556951766826463e-02 1.807673040905879644e-02 5.423346113011330225e-03 1.825411963596525189e-02 9.848571286637675809e-03 1.058788964928919149e-02 7.051596877753950506e-03 8.388264192433329131e-03 1.382512852188667310e-03 -2.093850690616456955e-02 1.004634840909156626e-02 1.896765957764762200e-02 -7.517751193280603796e-03 1.309010811038237646e-02 1.072417440861334927e-02 1.461960332534104068e-02 -7.302163987277265553e-03 1.894784202874850304e-02 -3.944129995444386853e-03 -3.118513028823901440e-03
6.588866056138817633e-04 8.882937062858437677e-03 1.628158139089063393e-03 -1.172772995528031936e-02 5.672971318434924873e-03 -1.850137627589381467e-02 -1.307513182538563509e-02 -2.040019435407351136e-04 1.878721371232251183e-03 5.445942833359774041e-03 8.471129040714422270e-03 1.102022094782513506e-02 4.774283354775346079e-03 -1.157446739730262977e-02 -1.107474368910846968e-02 2.167345336907321261e-04 -6.533906508157251436e-03 -7.523245832304336148e-03 -4.511510884845388626e-03 3.784698518676156680e-03 -3.971289842011241356e-03 2.707374092278846695e-03 7.553855657716010072e-03
7.361553016267455979e-03 -1.162484953919570851e-02 7.680205186533097840e-03 1.866420500528392749e-03 -9.323006129390604135e-03 4.727806767120113288e-03 1.517670027339118946e-02 2.770396194452304575e-03 7.531427219267219225e-03 -1.015021919345164732e-02 1.570078522598623155e-04 2.972250929707608274e-03 -6.986718350904996301e-03 -2.413672412754612473e-02 -1.038618759991058287e-02 -4.878622522209622760e-03 -3.302772454510052250e-03 -3.813169968599693441e-03 -4.112435842531626286e-03 9.403871264870087079e-03 -2.702622779855133606e-03 -4.240922856638110541e-03 1.996830577592736446e-03
4.357085984280364369e-04 1.891885154985611939e-02 2.706557323703715802e-03 2.917275738562974223e-03 6.092033970649563500e-03 8.849397928557506225e-04 -3.100948020753905437e-02 5.200462760685396930e-03 -1.159383808792636104e-02 -5.339081206014318747e-04 2.090470191517369326e-03 6.812410040122307033e-03 8.370759952154601877e-03 -1.805777949540262554e-03 1.058652993726968451e-02 4.946615152486077277e-03 -1.365819447414276001e-02 1.038815467292777267e-02 2.043651906843160521e-03 8.828624404731892292e-03 -1.577101177910398460e-03 -1.286140529287274799e-02 1.403153614806865700e-02
3.075212090582570869e-04 1.514146054438253453e-03 -2.262429116634532156e-03 -8.072018666132567757e-03 -7.081377148210786336e-03 -1.454221105435336576e-03 -2.626045057876813180e-03 -1.645904712934183681e-02 3.652873578864336730e-03 -9.709177950682513006e-03 6.828023923516461993e-03 1.464905042410967126e-02 -3.962078420981235069e-03 -8.009801696313222780e-03 8.168709414957809993e-04 -1.070302684241246013e-02 2.513382956383045791e-02 9.708625368782957538e-03 -2.251603603810086590e-03 -1.016268547654057032e-02 -9.124005344646505047e-03 2.013965064622678242e-02 -1.293342235728697949e-02
8.539400364031300705e-03 -3.631402491873433631e-03 1.311944752282321290e-02 -2.338185784005870861e-04 1.678545179823795214e-03 -2.809999495568251543e-02 3.369250440129352951e-03 1.636549082948651063e-02 -1.368390134032545407e-03 2.355585338394602588e-03 -6.683351755368397741e-04 1.881274483737001681e-03 -4.978007724153994153e-03 1.061057034751239879e-02 -7.422948967590369332e-03 -2.003482992108999994e-03 -2.083435153817784005e-02 -3.903828341467675128e-03 -1.553472338140057156e-03 -5.074167513086581122e-03 -1.975604501449883948e-03 -1.167983022114197321e-02 3.296075515136320626e-03
-1.471036356465517218e-02 1.970882556333791724e-02 6.343761945433575022e-03 -8.773472647584979606e-03 1.234547098436856311e-02 1.816873257126624258e-02 1.231262505402685526e-03 -3.189622094334228610e-04 1.109911033530451563e-02 -9.267534888338858218e-03 9.099981570913311460e-03 4.149480592171267412e-03 -6.791360296244578973e-03 -1.035919239672592092e-02 -3.710340929175221045e-03 -1.643595907578411508e-02 1.587548242405925278e-02 -1.171133888192161035e-02 2.947692009603754119e-05 -6.767122993406038400e-03 1.566886564160513765e-02 -1.252631130652674327e-02 -5.705104135765562759e-03
2.050447067360883918e-02 -2.124101509169579963e-03 -1.957325448666510231e-02 -7.735141671801858999e-03 -3.040027469770382150e-03 -2.592425077097737680e-03 7.636433927426695099e-03 8.321845658663623232e-03 -9.800318092022230684e-03 -5.107041748835810732e-03 7.374913874449096768e-03 1.194262297423445175e-02 5.208411584968886295e-03 -8.803796968608626483e-03 -4.861847127905863722e-03 2.334876025970166954e-02 8.990501271200100272e-03 2.943328292329750514e-03 1.051896031761685550e-02 1.605226003152955203e-02 4.364960400837596816e-03 -2.676258956324960563e-03 1.073137052030308757e-02
-7.360089522202630311e-03 -6.107194094986322444e-03 -1.067775385559357505e-02 2.824673917178467924e-03 -3.723077584888665262e-03 2.758527592724797830e-04 8.701926864078751711e-03 -1.132410758045078805e-02 -3.644801896029660655e-04 2.258017761740346852e-02 6.163069315015120512e-04 -6.157702696987584975e-03 1.379836382908350596e-02 1.818890314254373308e-02 7.467506504731619837e-03 7.401719177275772367e-03 3.255290688570209191e-03 -3.632483141758940026e-04 2.851472502474020152e-03 4.879610831849389221e-03 -8.301827563392729509e-03 8.956652313020924128e-03 8.496442046233555062e-03
2.088185307629486769e-03 2.114335043144747496e-03 -1.102500040543957695e-03 4.553351403438647476e-04 -1.787661902965959754e-02 6.379837310072219818e-03 -2.592286318517580436e-03 2.944309341965560024e-03 -4.622400673603908362e-03 1.332439566997811395e-02 1.073887406108298831e-02 -4.931719957285118352e-04 -1.662596906917966980e-02 -3.981234662940862958e-03 1.558048344305943377e-02 5.237928726762991136e-03 -1.072389457436772817e-02 2.216094205489721469e-02 2.462526510656237386e-03 9.100352188567164408e-03 1.014547703072077138e-02 2.695604959926148434e-03 -8.939542155541872759e-03
3.448859259904973277e-03 8.909077051980462958e-03 -3.074509950738277611e-02 -1.345410066724163529e-02 1.965836256311777677e-03 2.389847108885318622e-02 -4.169931334425898417e-03 7.534359232755791225e-03 3.288116794496222933e-03 -1.557535459975607078e-02 8.420810216393490727e-03 1.018074619351108483e-02 5.022360734924640260e-03 8.624050156635433215e-03 -1.447412297040350133e-03 6.369363631191274876e-03 -1.214089783839789743e-02 -8.013913916655575342e-03 9.299863801183775799e-03 -5.908544709649453733e-03 -3.426405190533146107e-03 -8.426362619279462521e-03 5.958423987117727853e-03
-6.723886064366397727e-03 -1.536052107401733331e-03 -2.121426943427211220e-02 3.348198913194460734e-03 1.066141610041040910e-02 3.153951281701872222e-03 1.971879966587263520e-03 1.502302531477275362e-02 2.700570372194249606e-03 -1.403910882581317979e-02 -3.971426136427598508e-03 -8.479467392077996019e-03 7.364953260584060010e-03 9.457737343537969688e-03 -4.705780502495648943e-03 1.691199827171326053e-02 -1.205847780847718858e-03 8.329686488401530364e-03 -2.317054977366729898e-02 -2.808382010462981936e-03 6.402514112192170259e-03 -2.503754230670832658e-03 -1.871677281683762446e-03
1.615946013589875108e-02 5.324540650115902954e-03 -1.961639864408920575e-03 1.485230115088529389e-02 -1.092076551363007145e-02 3.149795546741203031e-03 8.227783647487068100e-03 -1.746007075022359967e-02 7.057600146640763579e-03 -7.790554876726652964e-03 -9.092205748406230123e-03 1.222108547916747265e-02 -6.996285345198864592e-04 4.120434949257896322e-03 -1.248913734833947270e-02 2.126912606097530051e-02 -8.714505240860984797e-04 -1.773795869678917309e-02 9.197960164294395613e-03 -5.057884285346031863e-03 1.148746322673753137e-02 -1.433289877497196524e-02 6.209204929551086563e-03
2.360318409253110705e-02 -6.895176336067615833e-03 2.358173536342914739e-02 1.634399125689154492e-02 1.387109805890699918e-02 -5.827345589897988364e-03 -2.364253232630784962e-02 6.863718028702673474e-03 1.228240087583143576e-02 -3.804544967647215375e-03 -1.123321165248063538e-03 -1.103017986421186286e-02 -7.249348605716647055e-03 -3.234105395089733204e-03 2.662542789322799343e-03 -9.984729179768716319e-05 1.926452636120645767e-02 1.075721959165533252e-02 1.042694078210346272e-02 7.034523342612581526e-03 1.309550644238344740e-02 1.060705313807770375e-02 -4.134091869064743241e-03
-3.718220337717112033e-03 -9.385136664031806623e-04 -9.058474741730314708e-03 7.089820049514800396e-03 1.173219794934610150e-02 -1.221645230703763971e-03 -4.745305986017224475e-03 2.964740337301706961e-03 1.036858880659307161e-02 3.903380073649161119e-03 -4.463819325534287841e-03 6.651087515530396989e-03 2.291152906475812587e-02 -1.218004370682548333e-02 4.572272980350382959e-03 6.713672083869623441e-03 1.573818970543438417e-02 1.310793069942512573e-02 1.396031112822997654e-02 8.490526415057459732e-04 6.069591734419935505e-03 2.954386099026139103e-03 1.410653942736850297e-02
