4.933166503906245559e-01
3.907737692191267653e-01
5.615207747018462481e-01
7.438566887390811733e-01
6.666884756938696865e-01
7.724416024951955562e-01
1.247603153887881344e+00
1.070079844852337203e+00
5.788497171458875101e-01
7.459462910576748484e-01
9.989526364261731572e-01
6.794781995397447538e-01
1.562478314282755854e-01
3.852748863183830252e-02
1.496312128486123605e-01
6.016296044937250453e-01
-2.033469257463049740e-02
-3.017040426833212385e-01
3.011448576692002388e-01
5.791848084532373875e-01
-1.832004238037100441e-01
-5.848654481304322861e-01
-5.264026642723961258e-01
-3.507276648307330325e-01
-7.069641788034730645e-02
2.126615573788137592e-01
3.733814288377079738e-01
3.918056874951010293e-01
2.140502544294337062e-02
-8.433070788059521261e-03
5.143108855018512227e-01
2.438287549495500306e-01
-8.908624924671837420e-02
4.393419049644553542e-02
4.870345854868756152e-01
6.645853242680910267e-01
4.064216206411538912e-01
2.066625187868759150e-02
-1.826502360580178896e-02
-1.429422949931206666e-01
-5.381764203944521263e-01
-9.211618089176355495e-01
-1.158051377076168675e+00
-1.006446103399958325e+00
-7.377463801612258454e-01
-7.437074905063867369e-01
-8.603563676217855782e-01
-7.041857609414865493e-01
-5.269035402269712787e-01
-6.233586783682441013e-01
-3.935989647397574176e-01
-2.052703134193620826e-01
-3.827295274343900378e-01
-5.985481416232782959e-01
-5.942982844813532450e-02
3.923611653816173606e-01
1.530874685132281865e-01
1.130411908287189959e-01
1.916411601163403589e-01
2.593082756805286104e-01
2.661279574267075843e-01
2.187463485040170852e-01
2.278264274769603581e-02
-1.366122040336215093e-02
3.343623266062640820e-01
5.333832737062196294e-01
2.779835452272991780e-01
-2.013580906680978444e-01
-1.210594894911749542e-01
7.410755198334615379e-01
7.120385938997051412e-01
8.840128766903099233e-03
-1.038693571646986280e+00
-6.546769063626094454e-01
2.052781086380131015e-01
-8.490125217574591154e-01
-1.143490668371686114e+00
-5.371908950586865572e-01
-5.695051650504034946e-01
-2.542982607097004077e-01
1.044389210428723791e+00
1.874341561097368825e+00
1.549722978908684379e+00
7.419017937027274634e-01
5.227113580646758351e-02
-5.326775636980152218e-01
-7.271351202922071710e-01
-4.617851883607366759e-01
-6.115653358114192528e-02
6.292361106899553302e-01
1.102043890790198821e+00
4.592549013474767072e-01
-8.784749089757251106e-01
-1.235789041641154773e+00
-3.246414597371589661e-01
1.878184400357720829e-01
6.181383011146563966e-01
5.949357665169094922e-01
-8.079882570658347696e-01
-1.754744231695014811e+00
-1.225130724730945087e+00
4.982509429817585378e-01
2.196943244210250779e+00
2.404212498842189127e+00
1.561258259281816718e+00
1.061273157145567136e+00
1.516464033396726752e+00
1.060080955200029429e+00
-4.252389816011650225e-01
-1.467124170482788870e+00
-1.649343020722990438e+00
-8.474954660442788335e-01
4.967373294548880214e-01
1.765822031761683064e+00
1.380110865823584554e+00
2.014301082898333206e-01
-4.121234774365016840e-01
-5.547617870827212805e-01
-9.125618143718390307e-01
-1.258240702944232181e+00
-9.266040873842882331e-01
-7.542804504912847818e-03
1.443149829160391029e+00
3.593157036799907278e+00
2.505877776304464621e+00
8.389944596555638512e-01
-1.707800118151783231e-01
-2.248529632328541972e-01
4.960216523259961541e-01
4.809437386151591554e-01
2.287936996363805431e+00
5.255009545929061332e+00
3.398160116559155952e+00
-1.218050607774996408e+00
-3.946467425567883325e+00
1.426782603831512120e+00
2.121734243894230154e+00
-1.484394653980860568e-01
-1.460102215704278450e+00
-1.746457271413581758e+00
-1.176426699902614059e+00
2.423970144187376885e+00
1.468671202331536030e+00
-4.401934088214782825e-01
-1.103045044886474813e+00
-1.021450935031742446e-01
-3.740831079995032837e-01
-2.589045553771982533e+00
-4.372233702492072993e+00
-3.192362952615062976e+00
-2.520313619849212650e-01
1.238486700232368509e+00
7.973713816174434754e-01
2.025271913815189784e-01
-5.792087402465500023e-01
-1.966842208347313159e+00
-1.499864534436215147e+00
3.038197866088094834e-01
1.412603988803271982e+00
-4.020803887571728907e-01
4.956014574219347324e-01
2.980092044578463994e-01
-8.826596520813825286e-01
-1.834666195103538122e+00
-2.947375970812952328e+00
-3.709415214741595523e+00
-1.283521934238472717e+00
2.302371440582235973e+00
4.983228017365025408e+00
3.564047888687666976e+00
1.087484194758744138e+00
-1.220557937954843464e+00
-1.411242417174361607e+00
1.478170173977849444e+00
3.857701425631843151e+00
1.047062198113578813e+00
-2.524484338279420648e+00
8.451430184260910750e-02
2.571979808509379684e+00
-1.261881081257679060e+00
-2.094411511236911494e+00
3.464156788447777302e+00
2.048354547182650531e+00
-1.905645078546604143e+00
-2.792519650574198931e+00
-2.970693278902158951e-01
8.639559333302975208e-01
-1.419501755103254048e-01
-1.544239160655169973e+00
-2.550189977412665510e+00
-2.768411565209612402e+00
-2.157688024212391031e+00
-7.418015131874950985e-01
-1.299692554242189324e+00
-1.443633066749410387e+00
-7.101498389171996273e-01
-8.031587383542185821e-01
-2.729039551976981670e-01
6.751441701137075313e-01
-3.402229251249488939e-01
-1.529427070429239865e+00
-2.339055640044139572e+00
-1.770598825804407195e+00
1.246033523959639844e+00
3.873322193107534339e+00
2.794772965075441817e+00
-2.314031590591936194e+00
-2.976511274676858054e+00
4.255542304658832542e-01
9.991756120651384965e-01
-3.352466467947845530e+00
-4.570601937056752995e-01
3.137870842353939427e+00
1.033569588456995536e+00
-1.749676928543131504e+00
-1.142238570571967315e-01
3.681291844810384184e+00
3.538560862947219388e+00
2.706229185927814918e+00
1.407977522605265097e+00
-1.600690908553779046e-01
-4.929673494779527321e-01
1.646878708250445911e+00
3.738682114818447921e-01
-1.609641560778363178e+00
-3.217558043871913576e+00
-4.083506594847239768e+00
-3.636491942961407098e+00
-1.492350667988942670e+00
7.585683608503774877e-01
1.086597088001957090e+00
-6.565913740731810222e-01
5.440409648290404077e-01
5.272750683292355411e-01
1.820773937971496004e-01
8.206442719883892956e-01
1.320436543658355388e+00
-2.289720133392383339e-01
-3.143447740337208529e-01
1.545947251172597792e+00
1.491463285701545072e+00
-1.133610247241810143e+00
-3.488848868675289872e+00
-3.124683949523809900e+00
-1.337832348751457179e+00
-1.496504896016003006e+00
-2.849582689763732191e+00
3.038792326097081720e-01
4.551319429088707125e+00
7.851438374407964993e+00
4.995272018081477583e+00
-7.801848287838106799e-01
-5.781772260810191355e+00
-2.601940954266745543e+00
2.388276490495144344e+00
4.114449540107171899e+00
-4.089188278157616097e-01
-3.068765384654990491e+00
-2.259332258982706954e+00
-1.112195484953866220e-01
-1.097886751533247995e-01
1.096125402410083716e+00
2.840728932918593852e+00
1.338959818231887144e+00
-9.454315690028400887e-01
-1.609242819531269575e+00
-5.059338161731996575e-01
1.387973111449136265e+00
9.383107453605017412e-01
8.762896383875902195e-01
9.104031950269173556e-01
8.535874110389425340e-01
3.978432673567779965e-01
-9.244198500914744265e-01
-2.218656484914047766e+00
-1.647028863448517066e+00
1.205344465939679921e+00
4.484577160515373251e+00
5.128214877894445856e+00
3.120617864669832375e+00
-6.165100569405019826e-01
-3.683776041900117537e+00
-3.816030332443562934e+00
-1.372100457852934330e+00
7.305261908429727669e-01
1.154771430775618501e+00
1.112100286625435919e+00
8.077692838528420793e-01
3.065651821828763168e-01
-7.033935137776350377e-01
-1.956636699979007687e+00
-2.575743339156396416e+00
-1.882409537618228601e+00
-9.223793669272315476e-01
-1.783249404505944380e-01
8.893427440908048265e-01
1.248287499999135797e+00
5.086096144033045441e-01
-1.405105783153466348e-01
-6.246566274330711543e-02
8.247093181739439949e-02
3.283144785536045163e-01
1.373170317065981250e+00
2.553617388427252166e+00
2.859151074402993764e+00
1.923537224246081312e+00
-1.071679616426060022e-01
-2.108121835203172090e+00
-2.854380751890087442e+00
-1.697095180455309826e+00
-3.355457257629081980e-01
4.514538291305936202e-01
8.974459637592294703e-01
-6.998195553465380581e-01
-8.672816270776009251e-01
5.089215384431611255e-02
1.254504474324536822e+00
9.504278521126972024e-01
-1.257446045153535419e+00
-1.009326637101577884e+00
2.099267584286832466e-01
8.086960393246500622e-01
-1.030835153900200307e-01
-1.059623132394389655e+00
-1.032193321474087488e+00
-6.067724167910821809e-01
-2.769206544376620061e-01
-6.793957621685065007e-02
2.025624773513530208e-01
5.335187663868119490e-01
5.781298451838101649e-01
1.439123678175399101e-01
-7.447192897215706431e-01
-6.379716195181412974e-01
1.052943514061455144e-01
7.006151342999221709e-01
3.365050471024496614e-01
-5.012975157058567888e-01
-3.946351782017856191e-01
-2.349936261961818040e-01
-6.623260349847481798e-02
-2.387395246876822252e-01
-4.703561161933498269e-01
-5.919973527208564068e-01
-6.740580852198716499e-01
-8.928499759141880210e-01
-1.488559385095089116e+00
-1.937127915739862649e+00
-1.928943666522672906e+00
-1.370945547206463111e+00
-1.867253585112378378e-01
5.649504547408752408e-01
5.282061908898481040e-01
2.593049705238032465e-01
2.116355520234229348e-01
3.508139953379474929e-01
1.516117812456693192e-01
-4.350370960237512907e-01
-3.821378731055845579e-01
2.171021498056080468e-02
3.549387243378110401e-01
2.116466149115588946e-01
1.904909752130372058e-01
5.389596521964248321e-01
6.474747891215605344e-01
3.390631478907510377e-01
-5.284095896816476401e-02
-3.048191241625044512e-01
-5.538846545765951923e-01
-7.241015190424808790e-01
-2.287915970708337410e-01
7.381111064310703629e-01
9.046499533457019737e-01
8.804213154401896446e-01
9.009547473955114016e-01
1.228173782387361079e+00
8.760434425782155365e-01
5.094724919427395804e-01
7.120807172869252355e-01
1.349016918544157617e+00
8.728550963830987719e-01
-2.265592319892073547e-01
-5.406546242998842011e-01
1.589375114180142656e-01
7.557109754164972326e-01
9.710871435855189526e-01
-1.804762031216923523e-01
-5.451953757225207475e-01
-8.851776968946598600e-01
-9.186486465675675062e-01
0.000000000000000000e+00
0.000000000000000000e+00
0.000000000000000000e+00
0.000000000000000000e+00
0.000000000000000000e+00
0.000000000000000000e+00
0.000000000000000000e+00
0.000000000000000000e+00
0.000000000000000000e+00
0.000000000000000000e+00
0.000000000000000000e+00
0.000000000000000000e+00
0.000000000000000000e+00
0.000000000000000000e+00
0.000000000000000000e+00
0.000000000000000000e+00
0.000000000000000000e+00
0.000000000000000000e+00
0.000000000000000000e+00
0.000000000000000000e+00
0.000000000000000000e+00
0.000000000000000000e+00
0.000000000000000000e+00
0.000000000000000000e+00
0.000000000000000000e+00
0.000000000000000000e+00
0.000000000000000000e+00
0.000000000000000000e+00
0.000000000000000000e+00
0.000000000000000000e+00
0.000000000000000000e+00
0.000000000000000000e+00
0.000000000000000000e+00
0.000000000000000000e+00
0.000000000000000000e+00
0.000000000000000000e+00
0.000000000000000000e+00
0.000000000000000000e+00
0.000000000000000000e+00
0.000000000000000000e+00
0.000000000000000000e+00
0.000000000000000000e+00
0.000000000000000000e+00
0.000000000000000000e+00
0.000000000000000000e+00
0.000000000000000000e+00
0.000000000000000000e+00
0.000000000000000000e+00
0.000000000000000000e+00
0.000000000000000000e+00
0.000000000000000000e+00
0.000000000000000000e+00
0.000000000000000000e+00
0.000000000000000000e+00
0.000000000000000000e+00
0.000000000000000000e+00
0.000000000000000000e+00
0.000000000000000000e+00
0.000000000000000000e+00
0.000000000000000000e+00
0.000000000000000000e+00
0.000000000000000000e+00
0.000000000000000000e+00
0.000000000000000000e+00
0.000000000000000000e+00
0.000000000000000000e+00
0.000000000000000000e+00
0.000000000000000000e+00
0.000000000000000000e+00
0.000000000000000000e+00
0.000000000000000000e+00
0.000000000000000000e+00
0.000000000000000000e+00
0.000000000000000000e+00
0.000000000000000000e+00
0.000000000000000000e+00
0.000000000000000000e+00
0.000000000000000000e+00
0.000000000000000000e+00
0.000000000000000000e+00
0.000000000000000000e+00
0.000000000000000000e+00
0.000000000000000000e+00
0.000000000000000000e+00
0.000000000000000000e+00
0.000000000000000000e+00
0.000000000000000000e+00
0.000000000000000000e+00
0.000000000000000000e+00
0.000000000000000000e+00
0.000000000000000000e+00
0.000000000000000000e+00
0.000000000000000000e+00
0.000000000000000000e+00
0.000000000000000000e+00
0.000000000000000000e+00
0.000000000000000000e+00
0.000000000000000000e+00
0.000000000000000000e+00
0.000000000000000000e+00
0.000000000000000000e+00
0.000000000000000000e+00
0.000000000000000000e+00
0.000000000000000000e+00
0.000000000000000000e+00
0.000000000000000000e+00
0.000000000000000000e+00
0.000000000000000000e+00
0.000000000000000000e+00
0.000000000000000000e+00
