1.535430908203126332e+00
1.012703933635308751e+00
2.834311289033831560e+00
6.848694810094476004e+00
-2.643855090383888662e-01
1.167176055973130033e+01
1.328746819563649240e+01
2.275777192033728191e+00
5.547404063680006381e+00
4.483274301607409917e+00
6.801765211861421356e-01
2.658513834340986648e+00
2.421557893006264006e+00
1.444544261975277299e+00
1.141898114631455297e+00
3.445196679018133423e+00
4.127016461400087266e+00
2.981846844489030701e+00
-7.803843128288049380e-01
1.671924718910328345e+00
-1.518495675990649829e-02
-1.925494297198550031e+00
-8.587163197814180471e-01
-4.487511885119290778e-01
-1.346405538818430614e+00
-1.188767661584738677e+00
1.478668321301590094e+00
2.469583880427288491e+00
9.732122306484751739e-01
2.270023318445351102e-01
-1.528246713030947390e+00
-7.129204133049609204e-01
-1.213238624113971653e+00
-2.124771728834902618e+00
8.350500166679117875e-01
-1.273204853749283050e+00
2.153976542584106202e-01
-7.255300935942499141e-01
-3.756608861733079952e+00
-2.661674988925526009e+00
8.867299852942389649e-02
1.050668361924300243e+00
8.631456371025187924e-01
5.239414574252514445e-01
-3.075870794333424030e-02
-2.121978082374406771e+00
-1.700675016128454953e+00
-7.601275408949801360e-01
-2.005812474503574361e+00
-6.732224880610300222e-01
9.187378981956777491e-01
1.613680107863790791e+00
3.589566495502092280e-01
-1.105594383253429402e+00
-1.275442351914331862e+00
-7.684802196979527711e-01
-5.771021442737813700e-01
2.149155755587467409e-01
7.458732257148388278e-01
-2.224421449927249661e-01
-1.395735714388568471e+00
-1.865999318751117464e+00
-1.635875071671899494e+00
-6.270765166092866494e-01
-7.383650053030101912e-01
3.322077908688836345e-02
4.393062450560920595e-01
-3.786163424352098072e-01
-1.193658518702895188e+00
-5.090877528055985923e-01
-3.759232911487726536e-01
2.189955473394388230e-01
1.494345612603374951e-01
2.683236733000018970e-01
1.119445625056505911e+00
5.063810297473771982e-01
-2.693217704933317247e-01
1.771239485619771070e-01
7.810193164570509161e-01
3.047636181573354919e-01
2.501044031093566655e-01
1.473155229846736525e-01
2.254241463561311720e-01
-5.877254965255935826e-01
-9.007350393668952515e-01
-4.560078485606718912e-01
-4.744759985990788520e-01
3.795439861368097856e-01
-3.507814282114389837e-01
-1.520315977671450325e-01
3.340769874729965228e-01
1.861998706163838224e-01
6.595123867706231824e-01
-5.849218418825361532e-01
-5.531215788115244614e-01
-6.140211052968737038e-01
-1.611735783965631219e+00
-2.203232139247284227e-01
2.064312630200153542e-01
-3.728459205754501293e-01
5.795343164906268107e-01
3.070108578537289468e-03
-4.886474799271407488e-01
-4.695647288862200286e-01
-1.930835515441457484e-01
1.656825996307405013e-01
-1.556315861675833911e+00
-9.285026596278744826e-02
-6.346103195635574012e-01
-9.143430901929788801e-01
-6.330143062712347835e-01
-1.088366581742354455e+00
-9.815353762801157789e-01
6.119186454705660694e-02
-1.226813211550409566e+00
1.207485252846000057e+00
-7.318601805242130887e-03
-3.420985097852002887e-02
-1.204115716887822263e+00
-2.551147125770764745e+00
-8.381511172891205064e-01
1.272201800775285552e-01
-9.648863256227218077e-01
2.271190698075632675e+00
-1.176727690083489986e-01
1.460348799154917998e-01
-7.107563344462457522e-01
8.370476838776063078e-01
2.416039825024401289e+00
1.342297780920986838e+00
-7.196142053291804119e-01
2.380435142329169196e+00
1.938673276798397183e+00
1.230371293298473390e-01
1.509194403229507042e+00
-8.494750945030817846e-01
-3.786849819025116304e+00
-3.871346043389387148e+00
-6.406048030381070291e+00
-5.636384765002500963e+00
-7.004906087646044277e+00
-3.154885889578198821e+00
-3.383721112115011476e+00
-3.814479170098072469e+00
-9.919491373922149080e-01
-1.145611490096237972e+00
5.001127522858677565e+00
3.701811021030207538e+00
-1.288234700700867874e+00
1.169519749589069235e+00
-1.051822030943627695e-02
-2.003970449598083459e+00
7.504174798177554173e-01
-3.352013467268917246e-01
9.406650962338169997e-02
-4.174575075994630957e-01
4.432366940041447823e-01
-1.684386138655272980e+00
-1.164948750053299786e+00
-1.670073853762201299e+00
-1.286229424912677111e+00
-3.117334187939668766e-01
-6.936908277299947967e-01
-1.073692819301791390e-01
-6.169270226765730669e-01
-2.085299369470832609e+00
-1.495620368202029704e+00
-1.323765201378772405e+00
-7.532483834390968358e-01
3.720600622560362725e-01
3.948474474996033212e-01
-9.777934308263519503e-02
-1.177851983417731452e+00
-1.007030483636668805e+00
-3.717004584390515287e-02
3.476642982559365880e-01
-6.761183045096736954e-01
-1.436632206979599147e+00
-7.022061674226003358e-01
-4.142367501442789646e-01
4.080202758251416650e-01
-1.112061596173220535e-01
-1.088666620534326057e+00
-8.828078692481544643e-01
-8.110511809888019119e-01
-1.628253484056754186e-01
-9.303235661354198882e-01
-2.358323235442874921e+00
-3.206611942781238511e+00
-3.428513999514639199e+00
-3.015302229860981065e+00
-2.376505156616737224e+00
-1.854724150068176591e+00
-2.579182364300326658e+00
-3.664182688583804470e+00
-3.718016716330057925e+00
-2.632371245020096673e+00
-1.795111054681527651e+00
-1.198779509749158034e+00
2.498682375941521094e-01
1.900105400772233777e+00
-4.937440322785757729e-02
-1.073351302267185003e+00
-5.316796085689562412e-01
-2.256302822137323805e-02
-7.786119522149992367e-01
9.604059379658416162e-01
2.055688148576981789e-01
2.229779069717308104e-01
6.281769944229778080e-01
1.161946103382033080e+00
-1.705395090232630473e+00
-4.396465460115731361e+00
-4.541670935841458423e+00
-1.654398013166514136e+00
1.465793023780999071e-01
2.656023890767891249e-01
1.155095416555307786e+00
-7.416527647964048509e-01
-1.711736589683901411e+00
-2.563350381738627615e+00
-1.159821577603531662e+00
-2.182611145690383836e+00
-3.092873659180848556e+00
-4.457661323571036505e+00
-4.758356631250259206e+00
-3.904478588637360303e+00
-4.402004659874867443e+00
-6.590389709267877372e+00
-6.745937252294062603e+00
-3.216437935310872298e+00
3.817984938016536489e+00
2.132098221908734992e+00
-8.668666295236757691e-01
-1.335753136417007436e+00
9.941996261008109181e-01
-2.155217079059717378e+00
-1.091333445986759187e+00
-2.701976610317933236e-01
-3.501241864297546691e+00
1.375853672523374982e-02
3.032167473467521912e-01
-1.007804351700641643e+00
6.380794358685726309e-02
-5.906541759425762983e-01
-1.108103693421354174e+00
8.077418161072007496e-01
2.049001890751469546e-01
-2.514917214546945612e-01
4.159612074369427592e-01
1.685183575258819566e+00
-6.856330448516327891e-01
-2.506149323121350303e+00
-1.110006699851363132e+00
-2.550966868355544648e+00
-2.550041515469897213e+00
3.223683015966801735e-01
-3.294082361064717190e+00
-2.039483803498472803e+00
-6.389091244218887411e-01
3.731979146033435057e-01
-3.232060955721986595e+00
-9.044395772814961987e+00
-8.620681551423469813e+00
-2.383274066083822085e+00
-4.391255315625715028e-01
-3.778305864683800586e+00
-7.128529516759058993e-01
3.252618781785452384e-01
-1.088726572320439789e+00
-9.770456635118931477e-01
-1.908279193092208947e+00
-1.946724583258536256e+00
-7.478819449114038065e-01
1.019202539980864408e+00
-6.992893251075991135e-01
-2.482894179619179909e+00
-3.013096776671834842e+00
-4.004799635941195035e+00
-3.552337996595491099e+00
-4.167133227590973377e-01
2.206883945074907150e+00
8.128564657648793546e-01
-1.126575948808696603e+00
-1.041992378399092534e+00
5.684048854182810473e-01
7.771209237493090782e-01
1.281182363520900980e+00
1.331792783396255064e+00
1.084914178526443784e-01
-1.432418224233899640e+00
-5.612545669982904606e-01
-9.144542455825991345e-01
-2.762378028055343382e+00
-4.150169263076927351e+00
-4.288756927900209348e+00
-5.506978893808502917e+00
-5.627875043374606534e+00
-3.576168195923830506e+00
-1.470770858710218842e+00
-1.056033428482996861e+00
-8.427473494706614332e-01
-7.459575262170670129e-01
-9.827257881736755074e-01
-6.536860343577677313e-01
4.295026873465301875e-01
9.552563620639658026e-01
3.066539128424670135e-01
-3.988281415604775226e-01
-3.885890023168858676e-02
8.900557938384351386e-01
7.081555632141336432e-01
-7.128205908866060980e-01
-4.686526363723895194e-01
-1.045087336102049624e+00
-8.030279043382944071e-01
1.794521451115527189e-01
-2.541381348254008188e-01
-1.320257939181432860e+00
-1.752702197267169471e+00
2.359026796271734838e-01
5.123236626866987109e-01
3.668865180707575613e-01
-3.745541973203767583e-01
-9.905517217094452764e-01
-1.483880306715502195e+00
-1.361930969877850783e+00
-6.683983451054898994e-01
-5.057723900650619164e-01
-1.040385179548753092e+00
-1.700440325466384683e-01
-1.371634941815133235e+00
-8.636458891394021009e-01
-1.070186142826369480e+00
-1.134531979748003128e+00
-5.897736744100222639e-01
-2.481707587756999178e+00
-1.430850991404932770e+00
-1.088371438488453524e+00
-2.443390699873483118e+00
-1.932639000112936989e+00
-5.882408643399106296e-01
-8.676927481605627435e-01
-1.161885821097441429e+00
3.133470035190491831e+00
1.034359671773431133e+00
-2.781702588839527479e-01
-1.375772199742923974e+00
-4.515801817051190881e+00
-3.086254060945801125e+00
-2.413478214266327804e+00
-7.068113426753285466e+00
-4.295978463047648077e+00
-6.179107552192867558e+00
-4.232400878634695829e+00
-1.242035839347565229e+00
-2.510460169934806807e+00
-8.287101840705788369e-01
-5.217921900299080651e-01
3.600202406119593856e+00
1.564991211420343253e+00
2.650471532788214013e+00
3.264128770294234982e+00
1.996149996306321395e+00
1.284676308963393243e+00
1.041888084934943226e+00
-1.309794804311375405e+00
1.720290560998574358e+00
2.429760694756165407e+00
-1.325218886365999715e-01
-4.579294069867700934e-01
-6.763965005391114893e-02
-1.712085081820616583e+00
7.192250026607720503e-01
-2.173159491045200120e-01
1.041663496145141643e+00
5.653620332945130667e-01
-1.237414748264035858e+00
-6.893816731248395557e-01
-7.919907023788055334e-01
-1.533739193016334434e+00
7.914273635163269205e-01
-1.282769630097396529e+00
2.605594069759322728e-01
-2.048117743395361234e-02
-7.196388714094554828e-01
-1.078433682611064648e-01
2.393170881181413412e-01
-2.570698779285811586e-01
-1.091107543699085802e-01
-6.744088458640254968e-01
3.108902701113789857e-01
-4.175340830816906545e-01
-1.744013824895651599e-01
-7.257041198704804463e-01
-1.142425532711665470e+00
-5.622619114681369767e-01
-7.697864997890837557e-01
1.139279214462918244e-02
9.414692675768031593e-01
1.040252687939233756e-01
4.166748082991578173e-01
-4.302394754225922213e-01
-6.793031537200834302e-01
2.554696578781802674e-01
-3.623047711229389067e-01
-3.976826637665095143e-01
-6.571403175554489939e-01
-4.461816813727166320e-01
3.119230896054883129e-01
-7.814657739909224299e-01
1.392828436092133915e-01
5.127620212216690287e-01
1.247735280223769005e-01
-3.723602108628055740e-01
-2.905500123926967326e-01
-5.697312347100580432e-02
2.453026273068962537e-01
5.342782889004353830e-01
9.190066915696691874e-01
5.657507407567671232e-01
-4.385800417955807440e-01
-2.847480538640656533e-01
-7.177227285837677329e-01
-1.105122835088915734e+00
-1.652421559639423165e-01
3.335499253837432843e-01
-5.482970189152751583e-01
-1.511683836617226495e+00
-1.299355153796239781e+00
-8.652182007627475802e-01
-9.458096164737803679e-01
-6.061206051390961580e-01
3.524564287919982331e-01
4.465180275828062317e-02
-2.946750654438811123e-01
-1.292522258660372625e+00
-1.542873818065083391e+00
-6.053259054561348496e-01
2.225113536543676940e-01
-2.290891723622250908e-01
9.095892327445431746e-02
-2.756890996521936810e-01
-1.220190195041944481e+00
-2.745520552862856789e-02
-5.084586355185787276e-01
-1.181928031616465979e-01
-2.153380288984105828e-01
-6.258776570504567260e-01
-1.289308372088235011e+00
-1.245471248093239947e+00
-1.865887472456122742e+00
-2.250309934086826225e+00
-2.538230625807344598e+00
5.054683565163125003e-01
1.350871338228687657e+00
-1.222672098300118471e+00
-5.137402468230733987e-02
-3.295994705513045187e+00
-1.818220726725930048e+00
-2.504299040426831713e+00
-3.605374475752946672e+00
-1.656940559014950853e+00
-1.676855779728464002e+00
2.950169421128003844e-01
2.282585484878881577e+00
1.291812628255502027e+00
1.364350799771131939e+00
2.048243733155250546e+00
3.828826405910774611e-01
-1.615719732363118943e-01
-3.104883514995944171e-01
-5.178490826976656081e-01
1.377434739984282341e-01
1.987983237555018601e+00
-8.589234955241085157e-01
4.140704965277601790e-01
1.155745960574440456e+00
-9.445755416327060727e-01
2.633657068713155525e+00
4.223859439079070022e+00
3.640600635926086959e+00
2.270221232470630124e+00
2.431691061042724034e+00
1.953874148387833909e+00
2.849379919076739487e+00
4.142123726486897084e-01
3.319080139148817832e+00
3.909196838230566406e+00
2.569438127162305907e+00
1.267922208026689290e+01
1.322030535473844814e+01
1.814934742490336594e+00
9.066232900893675506e+00
4.338065308397845321e+00
3.498404433021832460e+00
0.000000000000000000e+00
0.000000000000000000e+00
0.000000000000000000e+00
0.000000000000000000e+00
