5.253906250000002220e-01
4.092961666556667044e-01
2.698767968010331586e-01
3.261649499448932565e-01
1.529439438249891592e-01
9.352461530677247392e-02
2.178324793081912736e-01
1.460856975633482158e-01
-4.323715661689325751e-01
-2.958013138207234438e-01
-3.469922062271931784e-01
-4.329503879922816934e-01
-4.632336295151797678e-01
-2.116791026331859005e-01
-1.116085433294138340e-01
4.863831361502231054e-01
1.365358294254182425e+00
1.349917295726784428e+00
1.110190669359130133e+00
7.936557291779526846e-01
3.303237558957778930e-01
-1.409888199706024747e-01
-3.311164376513539009e-01
-3.814912234360271492e-01
-5.159928816173239285e-01
1.773405069606781570e-02
1.199186259344690253e+00
1.583981259102251737e+00
1.141619071269732943e+00
-1.878617667518579504e-01
2.681056505453704997e-01
6.344414851940565203e-01
6.277241773608079889e-01
9.593323744703121658e-01
2.385116788844141578e+00
3.925748749884415023e+00
4.533993986721956304e+00
3.566333095470276326e+00
1.762881521988792999e+00
-7.347009645593766125e-02
1.180240886103586462e+00
1.498114139792916966e+00
2.799413364359522038e-01
-8.281917965855228880e-01
1.962879534988280161e+00
2.721865783003701189e+00
1.530296477214737383e+00
2.323971332581789007e-01
-5.912081138049845030e-01
-4.650728864553181352e-01
-2.786620093483975213e-01
-5.966320140208832834e-01
3.957707790668784087e-01
1.678423495406648591e+00
1.677048451676651286e+00
1.459733355924999865e+00
1.053696151078339360e+00
5.165938759676136360e-02
3.421511361472426849e-01
1.092209858458347949e+00
3.975496685816874987e-01
-9.088874466859783174e-01
-8.349477494974644198e-01
-1.298329936356665826e-01
4.144809653423683349e-01
5.595154076400873366e-01
4.694317974804037563e-01
-1.165570020895958514e-01
-2.329824242703280035e-01
8.784735901383664558e-01
4.826615169993071497e-01
-5.549754409311783432e-01
-3.206650946511424571e-02
5.026703987174552246e-01
4.726406090126449300e-01
1.787649370902410495e-01
6.895171988107678951e-02
7.299488687325559333e-01
1.545119046369172189e+00
1.828462614176230794e+00
2.062370089016348107e+00
2.380298549711338918e+00
1.272442153538148268e+00
1.900575461565030544e-01
1.137340459925879621e-01
-1.998824944662755954e-01
-8.615288817179589387e-01
5.649817048791068164e-01
1.841873356703601861e+00
1.665165091739654324e-01
1.205074165099270678e+00
3.146230269164998372e+00
1.095139408629504318e+00
-1.154795037494170673e+00
-2.326949857323308279e-01
2.520166895153201914e-01
-4.834400380776120443e-01
-1.255327358885569566e-01
9.094058790930370506e-01
8.549106446909011670e-01
-1.782048872145569618e-01
6.788973571218814840e-02
-1.091582931606347451e-01
-8.486423861920431300e-01
-1.557299816347348376e-01
3.175229290739589594e-02
-1.906340397530936315e+00
-1.537513016340852801e+00
-9.383146560135693370e-01
1.123022066526546681e-01
1.233370696972701630e+00
-4.256184033553287449e-01
-1.127888795218415563e+00
-1.659599148463000162e-01
-5.708109191818211414e-02
-1.008323697821106979e+00
-1.658355385859306974e+00
-2.544242838771075821e-01
-4.032843827826715355e-01
-1.992862347287781555e+00
-2.184453856262741134e+00
-7.964456340707619653e-01
-9.726638293166116611e-01
-2.214329882622979362e+00
-2.574591804909010406e+00
-2.011723855502274727e+00
-7.290948182987135873e-01
7.516262003137634817e-01
-6.689360375333386344e-02
-1.905808105223292692e+00
-2.985517928583467651e+00
-2.826947066822689258e+00
-1.845364604192190505e+00
-1.121584348168905620e+00
-1.063106522108073548e+00
-7.446679871758199454e-01
-4.812660114831728286e-01
-1.519841338871900982e+00
-2.092517860833272181e+00
-2.020404832395833683e+00
-1.478986843890033764e+00
-7.573527259217129881e-01
-3.555979957431474325e-01
-4.921853367306651128e-01
6.270218383734278422e-01
8.044037398821872742e-01
-1.331625960890137073e-01
-7.455008203024910962e-01
-6.028780135558955422e-01
-3.748303722816057615e-01
-5.115327419923916263e-01
-5.784501177750500656e-01
-9.068365623325211899e-01
-1.453560341128573352e+00
-1.209573136876607613e+00
1.374976019079188205e-02
9.840433459550594897e-01
-6.740148673242698507e-01
-2.237818221495924575e+00
-2.342328869251942614e+00
-1.816173117687658767e+00
9.948048401516889072e-01
2.852869264171178365e+00
1.991318373575532652e+00
-2.668846835531724082e-02
-3.193343239885528817e-01
-1.131006088281187871e-01
-4.983132576113202816e-02
-3.652146062310435148e-01
-6.281233693672227947e-01
-3.706415874854016579e-01
2.382024699818323654e-01
1.605118693451602629e+00
2.752179965068885181e+00
2.002307515675195937e+00
1.762767596897987010e+00
7.088634663900993393e-01
8.042045113791163047e-01
2.018958423526987733e+00
2.435878681346679731e+00
1.154067795772308891e+00
-8.969252485574155109e-01
-2.436433805312521184e+00
-1.000631357978052360e-01
1.317101623707741531e+00
1.723948525502011719e+00
1.651001024868043787e+00
9.626110869208094334e-01
7.401357589963735162e-01
5.032658082677998745e-01
-7.020624504489958451e-01
-2.115668308721327495e+00
-8.212316891515916151e-01
1.859125563427554972e-01
-6.269007476653425392e-01
-6.877518942802576252e-01
3.759124289497925986e-01
1.344821618338365887e+00
1.905576091369032721e+00
2.433471679687500000e+00
1.905576091369032721e+00
1.344821618338365887e+00
3.759124289497925986e-01
-6.877518942802576252e-01
-6.269007476653425392e-01
1.859125563427554972e-01
-8.212316891515916151e-01
-2.115668308721327495e+00
-7.020624504489958451e-01
5.032658082677998745e-01
7.401357589963735162e-01
9.626110869208094334e-01
1.651001024868043787e+00
1.723948525502011719e+00
1.317101623707741531e+00
-1.000631357978052360e-01
-2.436433805312521184e+00
-8.969252485574155109e-01
1.154067795772308891e+00
2.435878681346679731e+00
2.018958423526987733e+00
8.042045113791163047e-01
7.088634663900993393e-01
1.762767596897987010e+00
2.002307515675195937e+00
2.752179965068885181e+00
1.605118693451602629e+00
2.382024699818323654e-01
-3.706415874854016579e-01
-6.281233693672227947e-01
-3.652146062310435148e-01
-4.983132576113202816e-02
-1.131006088281187871e-01
-3.193343239885528817e-01
-2.668846835531724082e-02
1.991318373575532652e+00
2.852869264171178365e+00
9.948048401516889072e-01
-1.816173117687658767e+00
-2.342328869251942614e+00
-2.237818221495924575e+00
-6.740148673242698507e-01
9.840433459550594897e-01
1.374976019079188205e-02
-1.209573136876607613e+00
-1.453560341128573352e+00
-9.068365623325211899e-01
-5.784501177750500656e-01
-5.115327419923916263e-01
-3.748303722816057615e-01
-6.028780135558955422e-01
-7.455008203024910962e-01
-1.331625960890137073e-01
8.044037398821872742e-01
6.270218383734278422e-01
-4.921853367306651128e-01
-3.555979957431474325e-01
-7.573527259217129881e-01
-1.478986843890033764e+00
-2.020404832395833683e+00
-2.092517860833272181e+00
-1.519841338871900982e+00
-4.812660114831728286e-01
-7.446679871758199454e-01
-1.063106522108073548e+00
-1.121584348168905620e+00
-1.845364604192190505e+00
-2.826947066822689258e+00
-2.985517928583467651e+00
-1.905808105223292692e+00
-6.689360375333386344e-02
7.516262003137634817e-01
-7.290948182987135873e-01
-2.011723855502274727e+00
-2.574591804909010406e+00
-2.214329882622979362e+00
-9.726638293166116611e-01
-7.964456340707619653e-01
-2.184453856262741134e+00
-1.992862347287781555e+00
-4.032843827826715355e-01
-2.544242838771075821e-01
-1.658355385859306974e+00
-1.008323697821106979e+00
-5.708109191818211414e-02
-1.659599148463000162e-01
-1.127888795218415563e+00
-4.256184033553287449e-01
1.233370696972701630e+00
1.123022066526546681e-01
-9.383146560135693370e-01
-1.537513016340852801e+00
-1.906340397530936315e+00
3.175229290739589594e-02
-1.557299816347348376e-01
-8.486423861920431300e-01
-1.091582931606347451e-01
6.788973571218814840e-02
-1.782048872145569618e-01
8.549106446909011670e-01
9.094058790930370506e-01
-1.255327358885569566e-01
-4.834400380776120443e-01
2.520166895153201914e-01
-2.326949857323308279e-01
-1.154795037494170673e+00
1.095139408629504318e+00
3.146230269164998372e+00
1.205074165099270678e+00
1.665165091739654324e-01
1.841873356703601861e+00
5.649817048791068164e-01
-8.615288817179589387e-01
-1.998824944662755954e-01
1.137340459925879621e-01
1.900575461565030544e-01
1.272442153538148268e+00
2.380298549711338918e+00
2.062370089016348107e+00
1.828462614176230794e+00
1.545119046369172189e+00
7.299488687325559333e-01
6.895171988107678951e-02
1.787649370902410495e-01
4.726406090126449300e-01
5.026703987174552246e-01
-3.206650946511424571e-02
-5.549754409311783432e-01
4.826615169993071497e-01
8.784735901383664558e-01
-2.329824242703280035e-01
-1.165570020895958514e-01
4.694317974804037563e-01
5.595154076400873366e-01
4.144809653423683349e-01
-1.298329936356665826e-01
-8.349477494974644198e-01
-9.088874466859783174e-01
3.975496685816874987e-01
1.092209858458347949e+00
3.421511361472426849e-01
5.165938759676136360e-02
1.053696151078339360e+00
1.459733355924999865e+00
1.677048451676651286e+00
1.678423495406648591e+00
3.957707790668784087e-01
-5.966320140208832834e-01
-2.786620093483975213e-01
-4.650728864553181352e-01
-5.912081138049845030e-01
2.323971332581789007e-01
1.530296477214737383e+00
2.721865783003701189e+00
1.962879534988280161e+00
-8.281917965855228880e-01
2.799413364359522038e-01
1.498114139792916966e+00
1.180240886103586462e+00
-7.347009645593766125e-02
1.762881521988792999e+00
3.566333095470276326e+00
4.533993986721956304e+00
3.925748749884415023e+00
2.385116788844141578e+00
9.593323744703121658e-01
6.277241773608079889e-01
6.344414851940565203e-01
2.681056505453704997e-01
-1.878617667518579504e-01
1.141619071269732943e+00
1.583981259102251737e+00
1.199186259344690253e+00
1.773405069606781570e-02
-5.159928816173239285e-01
-3.814912234360271492e-01
-3.311164376513539009e-01
-1.409888199706024747e-01
3.303237558957778930e-01
7.936557291779526846e-01
1.110190669359130133e+00
1.349917295726784428e+00
1.365358294254182425e+00
4.863831361502231054e-01
-1.116085433294138340e-01
-2.116791026331859005e-01
-4.632336295151797678e-01
-4.329503879922816934e-01
-3.469922062271931784e-01
-2.958013138207234438e-01
-4.323715661689325751e-01
1.460856975633482158e-01
2.178324793081912736e-01
9.352461530677247392e-02
1.529439438249891592e-01
3.261649499448932565e-01
2.698767968010331586e-01
4.092961666556667044e-01
0.000000000000000000e+00
0.000000000000000000e+00
0.000000000000000000e+00
0.000000000000000000e+00
0.000000000000000000e+00
0.000000000000000000e+00
0.000000000000000000e+00
0.000000000000000000e+00
0.000000000000000000e+00
0.000000000000000000e+00
0.000000000000000000e+00
0.000000000000000000e+00
0.000000000000000000e+00
0.000000000000000000e+00
0.000000000000000000e+00
0.000000000000000000e+00
0.000000000000000000e+00
0.000000000000000000e+00
0.000000000000000000e+00
0.000000000000000000e+00
0.000000000000000000e+00
0.000000000000000000e+00
0.000000000000000000e+00
0.000000000000000000e+00
0.000000000000000000e+00
0.000000000000000000e+00
0.000000000000000000e+00
0.000000000000000000e+00
0.000000000000000000e+00
0.000000000000000000e+00
0.000000000000000000e+00
0.000000000000000000e+00
0.000000000000000000e+00
0.000000000000000000e+00
0.000000000000000000e+00
0.000000000000000000e+00
0.000000000000000000e+00
0.000000000000000000e+00
0.000000000000000000e+00
0.000000000000000000e+00
0.000000000000000000e+00
0.000000000000000000e+00
0.000000000000000000e+00
0.000000000000000000e+00
0.000000000000000000e+00
0.000000000000000000e+00
0.000000000000000000e+00
0.000000000000000000e+00
0.000000000000000000e+00
0.000000000000000000e+00
0.000000000000000000e+00
0.000000000000000000e+00
0.000000000000000000e+00
0.000000000000000000e+00
0.000000000000000000e+00
0.000000000000000000e+00
0.000000000000000000e+00
0.000000000000000000e+00
0.000000000000000000e+00
0.000000000000000000e+00
0.000000000000000000e+00
0.000000000000000000e+00
0.000000000000000000e+00
0.000000000000000000e+00
0.000000000000000000e+00
0.000000000000000000e+00
0.000000000000000000e+00
0.000000000000000000e+00
0.000000000000000000e+00
0.000000000000000000e+00
0.000000000000000000e+00
0.000000000000000000e+00
0.000000000000000000e+00
0.000000000000000000e+00
0.000000000000000000e+00
0.000000000000000000e+00
0.000000000000000000e+00
0.000000000000000000e+00
0.000000000000000000e+00
0.000000000000000000e+00
0.000000000000000000e+00
0.000000000000000000e+00
0.000000000000000000e+00
0.000000000000000000e+00
0.000000000000000000e+00
0.000000000000000000e+00
0.000000000000000000e+00
0.000000000000000000e+00
0.000000000000000000e+00
0.000000000000000000e+00
0.000000000000000000e+00
0.000000000000000000e+00
0.000000000000000000e+00
0.000000000000000000e+00
0.000000000000000000e+00
0.000000000000000000e+00
0.000000000000000000e+00
0.000000000000000000e+00
0.000000000000000000e+00
0.000000000000000000e+00
0.000000000000000000e+00
0.000000000000000000e+00
