-9.170532226562500000e-02
2.118577015230608040e+00
2.893062896494934755e+00
-3.680953467019976166e-02
-1.356039892116904122e+00
-1.117391227500069473e+00
-1.121402341490143284e+00
-7.041594217913229592e-01
-1.560423979399057082e+00
-2.578093955283145000e+00
-2.362707468992771620e+00
-1.280466895479002609e+00
-1.004869346377823547e+00
-1.830849464885350164e+00
-1.891785679083928251e-01
1.338482791983299780e+00
1.592351079476435061e+00
-1.365449759071291069e-02
1.050110812593158194e+00
3.375630286235468791e+00
1.409797265762938956e+00
2.009851877517384366e+00
4.324876024656909124e+00
5.708922692291198864e+00
3.522804516222165727e+00
-6.524214569107211759e-02
-1.137529631599053737e+00
-6.863557794233305920e-01
1.431807605509239245e+00
2.917956303451197719e+00
2.311600007046839877e+00
1.917435761646739678e-01
-1.608677722094888018e+00
1.740018177625972662e-01
1.096220653611086560e+00
2.727951019311901648e-01
1.823512214382955410e+00
1.642120249233301799e+00
3.757619708481070298e-01
2.695115461567167969e-01
1.237178476361763479e+00
2.685710944110748066e+00
4.881808291106572995e+00
2.229071060437981533e+00
1.534557929335038651e-01
-2.387672408291652282e+00
-2.478707725859835787e+00
9.834302917536863475e-02
3.000723627318464093e+00
2.809721845859400879e+00
-4.513002510366644349e-01
3.681052188613509912e+00
6.096580521478649040e+00
7.461434263725467808e+00
4.379200123593756544e+00
2.117299557717777336e+00
5.478521514730937625e+00
6.421983485712248196e+00
1.156055338989778747e+00
-3.266895402992617825e+00
-5.161603853843816925e-01
-2.147338341570996789e-01
6.877244766888783722e-01
4.102306690025380398e+00
3.078187625005133654e+00
8.623370753887003026e-01
1.215766805726146593e+00
9.249650023749174110e-01
-7.463280690844609211e-01
-1.253698349331155093e+00
5.438188736033819914e-01
2.713450750522735433e+00
-9.978094627132305661e-02
-1.772870393905134012e+00
-3.771480686148844796e-01
9.136793484301075630e-01
7.975977080767737704e-02
2.022130987672108304e-01
9.701514813191807196e-01
2.401403351156635946e+00
2.211205245735205605e+00
7.670307600275607651e-01
-1.125614881325157857e+00
-3.310301795746103393e-01
-1.034066970560232335e-02
-2.155744477341215770e+00
-1.621666990420300714e+00
1.370112118141953550e+00
6.259004294609136210e-01
-1.087128635324330572e+00
-9.897109371361878516e-02
1.987470217708958486e+00
2.618393951639750306e+00
2.009630138804280541e+00
1.339025598382543869e-01
-1.721409336801864365e+00
-1.882179035981589754e+00
-2.896998900051754866e-01
-1.049400262685586727e+00
-8.936236953923339943e-01
1.151396877819139908e+00
2.720594688958713370e+00
3.320274141264072387e+00
1.369127692430469390e+00
-2.333505128822892516e+00
-1.969676300884616760e+00
6.928834936600243299e-01
-1.223504577048223352e+00
-2.021874899355252886e+00
-2.471824932595221291e-01
-1.364409083973798786e-01
1.211291042259641237e-01
-1.850828645818802798e-02
-1.304720854371451244e+00
-3.166513491655822410e-01
-3.462031577237032476e-01
-1.288786053948019816e+00
-1.493231350537594704e+00
-1.128543482438289391e+00
-7.072029463659972315e-01
-8.927784451677925892e-01
1.186610858522084033e+00
2.383536200000510696e+00
-4.652464684480994705e-02
-1.262102948979923811e+00
-1.280098209533544473e-01
-1.377258892792153411e+00
-1.970336601919200570e+00
-1.462745392739137174e+00
-6.252493380258208333e-01
4.254396286764148272e-01
1.559772535447954578e+00
5.613750672648614159e-01
-2.784301598463345684e-01
5.338036917282787397e-02
-5.847018971801245524e-01
-7.738492886812297078e-01
-6.537136517347053033e-01
-1.594239494010994962e-01
2.858437848281025762e-02
-4.143833858400634007e-01
-6.197197136848608956e-02
1.187053670537515870e+00
1.044207989517300650e+00
5.840678147680677945e-01
3.057683340454553367e-01
-1.075312599870104968e+00
-1.749193993197837749e+00
-1.202507030964556911e+00
-2.860123007042951748e-01
-3.773323630837037701e-01
-6.910047325558540399e-01
-5.473634505540964090e-01
-1.411925385844891689e+00
-5.842397758102668703e-01
5.204197551663147792e-02
-5.951253903795548084e-01
-8.373979765178867218e-01
-6.865680971111576270e-02
3.906398838860083433e-01
-2.178386249561079513e-01
4.471403565042164630e-02
-4.739660280533577463e-01
-1.421977481340386706e+00
-2.550123573158691315e-01
8.377821695880329766e-01
9.320412046157363628e-01
1.142596210887581787e+00
9.803365034229172270e-01
2.236148552840067083e-01
-8.821643520171695840e-02
-8.772261371422640508e-02
-1.912074896972741911e-01
-6.128690010462776172e-01
-1.622817827171689986e+00
-1.346526143767542649e+00
3.253535425867909447e-01
-1.472701914138474066e+00
-1.619232879402008551e+00
-4.128676790359722126e-01
7.401100160369149528e-01
2.070998300271505332e+00
3.008295479761332381e+00
1.773553573038319175e+00
-6.695507127153275118e-01
-1.863936875851285979e+00
-7.984608848246572688e-01
8.325104079871648022e-01
2.468712851515797890e+00
2.802521217349352334e+00
2.058875750181689668e+00
1.293538527493701018e+00
9.160368539760215256e-01
7.495841323776981646e-01
5.906619868998421730e-01
3.814601794371292875e-01
-8.832816736945869884e-02
-3.258697044676894805e-02
-3.079196787875408958e-01
-1.358781078526063446e+00
-3.140590181504241851e+00
-3.947478307001505371e+00
-1.926235573858382288e+00
1.697342610460315093e-01
-1.134851877296937817e+00
-2.927231033398278282e+00
-6.537482822460383147e-01
2.409550385670438555e+00
2.824799919732249087e+00
1.402717387517922631e+00
-5.068745492344399750e-01
-1.898023535713146970e+00
-2.413135129760260789e+00
-2.668764422592711849e+00
-2.457664367369053249e+00
-1.025987771558676709e+00
1.673613087857900528e+00
2.379194340482029268e+00
4.386328123533287382e-01
4.389524515050728937e-01
1.861974139855825827e+00
2.078192169371792630e+00
1.123081731521295978e+00
3.409140749256338587e-01
1.547938475947258974e+00
1.788062723605811311e+00
-2.236226889205452650e-01
-1.804220445718869303e+00
-2.423426942118298566e+00
-2.868783228474566460e+00
-3.266396565352517989e+00
-2.406711879401111531e+00
-4.787891228504825847e-02
2.619170197114389254e+00
3.998954956071632427e+00
2.048635853836388687e+00
-9.842576698078593367e-01
-2.053239315593354597e+00
-5.064696374251893563e-01
-1.693770743238671717e+00
-4.017982114766432744e+00
-4.606052576649776853e+00
-2.243276810936588372e+00
2.159464215185966651e-01
1.508934966547466505e+00
1.719397069603712636e+00
-5.972202496574599007e-01
-9.666552850018776954e-01
-4.465168824339280640e-01
1.734541485334268884e-01
9.321247679789488316e-01
1.964775248427962140e+00
3.176318865895500387e+00
3.565578495707167672e+00
2.416903983130483269e+00
5.820425819118337785e-01
-9.470197084011220401e-01
-1.574733696946445161e+00
-3.869817705524258855e-02
2.030496316960302750e+00
2.339583155379964197e+00
1.278759904769650291e+00
-2.938348472886076479e-02
-6.602522205100749275e-01
-4.756205409752565227e-01
1.577899033629281966e-02
-1.188285092328591919e+00
-2.254273680803290603e+00
-1.856547836504866877e+00
-8.030958247539001782e-01
-1.324535141686502548e-01
2.251906224816928592e-01
5.507013229094654960e-01
1.184197291699651045e+00
1.993392555410223643e+00
1.294170572059856195e+00
-2.484390606479980335e-03
7.947922182965250215e-03
-6.374546635460474064e-01
-1.191685540106021790e+00
-1.273678384785594808e-01
6.735301181555364280e-01
-1.932688732201370829e-01
-8.725391718540838060e-01
-6.026481877445180046e-01
-3.769113600585827228e-01
1.282539993793112565e-01
1.366415224806183382e-01
-1.885617187003421069e-01
-1.000235415184280496e+00
-7.199175657529962580e-01
-1.896904034029452957e-01
-1.182490327406358288e+00
-1.661810130496636839e+00
-1.359819868755109962e+00
-6.728428683606950678e-01
-3.116692209305496064e-01
1.722995741840933626e-01
1.200968617131477068e+00
1.554376460114926584e+00
5.006009165115450354e-01
7.892272423883461840e-02
3.810496808835972526e-02
-7.343284737396804651e-02
-7.925840854748663622e-01
-8.501001193728283667e-01
-2.058273856804778701e-01
4.921627692609573113e-02
-7.677981654797714217e-01
-6.009603837351829014e-02
8.064313607598480038e-01
1.427714364494674371e-01
-6.872438896722510293e-03
-1.071069424690099137e+00
-2.545591063075670846e+00
-1.632128276512885057e+00
4.431045997961580163e-01
-4.887308808184223086e-01
-1.307565884347502427e+00
1.409132767716388068e+00
1.845204158946568640e+00
1.034122205078688017e+00
-2.335913467683120803e+00
-2.271105663034115985e+00
-1.265005195655375392e+00
-5.563331444062042941e-01
1.454605905830850254e-01
1.332118499077992180e-01
-7.244053904069558403e-01
-6.891336779555110592e-01
-1.128007131252126705e+00
-7.512689741492986073e-01
4.163865747075750079e-01
-6.349564500480004980e-01
-1.555367458627843424e+00
1.856466654139770078e-01
-9.805129332652495755e-01
-2.421261881131423266e+00
-7.179304838048528037e-01
2.496377717716832034e+00
3.450423216891949085e+00
2.348634187272559792e+00
-4.657258445994352236e-01
-8.146325282602562279e-01
2.839957370404135872e-01
-1.147473840736797923e+00
-2.384982330142344509e+00
-7.478787245777060999e-01
9.914052835676238074e-01
1.820028988003784765e+00
2.405085911435841162e+00
1.639829861846519021e+00
-4.209925118725712512e-01
-6.160591419786876077e-01
1.431922879154377659e+00
-4.205638280817320940e-01
-2.031162958635161608e+00
-7.393778779237729637e-01
1.252646596517539290e-01
-1.323999406497563314e+00
-8.187219753833343550e-01
1.645073957421454125e+00
2.969414930749184389e+00
1.355853847992870120e+00
-9.718735405839673547e-02
3.493085791476020496e-01
1.270279154051589643e+00
-8.342116521643996307e-01
-1.740555201340161506e+00
-2.652308189262884142e-01
1.709769808561857118e+00
7.783095490763494162e-01
7.378651913655103201e-01
-1.537460677289692601e+00
-9.613860608574440469e-01
1.103973011594243658e+00
1.080920547030793877e+00
2.059804888909265053e+00
3.851075662957145873e+00
2.582049517466994182e+00
1.843191923107712515e+00
-6.662643147052449422e-01
-2.879353968527132324e+00
-3.415507287273603865e+00
3.215885047829782462e+00
6.232643752169284568e+00
4.546418070786687693e+00
3.284398941345612943e+00
6.237007325904397881e+00
7.301214872607871165e+00
6.490013983933178743e+00
3.001327983902517538e+00
-6.482648805119972657e-01
7.260541382527634369e-01
6.500020674628865791e-01
9.097221819665701759e-02
-8.934552281570478094e-01
-2.647536485749986568e+00
9.310457084667942418e-01
4.237934496845489285e+00
6.195572651602310188e-01
1.059465417819816402e+00
3.352830293134984707e+00
2.259795888572968980e+00
-3.871218745466542543e-02
2.690541535854261479e+00
3.515188506048282591e+00
-3.874996391976548438e-01
-2.387583798759429499e-01
-1.891592439896588207e+00
-2.795168690614316276e+00
6.008054862560845422e-01
3.718976873755518220e+00
3.650117377183994982e+00
1.227036962367440864e+00
-2.728976197967591943e-01
-1.761764998353245737e-01
1.112236070856769121e+00
2.843878735954644910e+00
3.114817936714873170e+00
3.381609560156122463e+00
3.678766623386502843e+00
4.465927488079193708e+00
2.424091300863856269e+00
2.693927778465856626e-01
-2.283098050711735993e-01
1.409255974941252543e+00
1.904090515737090428e+00
-1.460858521632957263e-02
-1.606358284536404613e+00
-5.724878402202931982e-01
-3.131967213921490689e+00
-3.421721317944237395e+00
-1.777708449038571503e+00
2.565437325633679322e-02
-9.927638591147975866e-01
-2.013754211026061114e+00
-9.353182235677675038e-01
-1.915629192125263280e-01
1.485145078498089077e+00
2.459145894896793916e+00
2.879327044794778967e+00
0.000000000000000000e+00
0.000000000000000000e+00
0.000000000000000000e+00
0.000000000000000000e+00
0.000000000000000000e+00
0.000000000000000000e+00
0.000000000000000000e+00
0.000000000000000000e+00
0.000000000000000000e+00
0.000000000000000000e+00
0.000000000000000000e+00
0.000000000000000000e+00
0.000000000000000000e+00
0.000000000000000000e+00
0.000000000000000000e+00
0.000000000000000000e+00
0.000000000000000000e+00
0.000000000000000000e+00
0.000000000000000000e+00
0.000000000000000000e+00
0.000000000000000000e+00
0.000000000000000000e+00
0.000000000000000000e+00
0.000000000000000000e+00
0.000000000000000000e+00
0.000000000000000000e+00
0.000000000000000000e+00
0.000000000000000000e+00
0.000000000000000000e+00
0.000000000000000000e+00
0.000000000000000000e+00
0.000000000000000000e+00
0.000000000000000000e+00
0.000000000000000000e+00
0.000000000000000000e+00
0.000000000000000000e+00
0.000000000000000000e+00
0.000000000000000000e+00
0.000000000000000000e+00
0.000000000000000000e+00
0.000000000000000000e+00
0.000000000000000000e+00
0.000000000000000000e+00
0.000000000000000000e+00
0.000000000000000000e+00
0.000000000000000000e+00
0.000000000000000000e+00
0.000000000000000000e+00
0.000000000000000000e+00
0.000000000000000000e+00
0.000000000000000000e+00
0.000000000000000000e+00
0.000000000000000000e+00
0.000000000000000000e+00
0.000000000000000000e+00
0.000000000000000000e+00
0.000000000000000000e+00
0.000000000000000000e+00
