-2.339782714843750000e-01
8.033466272164280220e-03
-1.239603383375977197e+00
-5.090948439471878473e-01
5.611663501610210103e-01
-6.488238397861534335e-01
3.644109526361949403e-01
1.654966054782404328e+00
2.207492979943129097e+00
-5.998829755136934061e-01
-1.688004318262515291e+00
1.470220705849431653e+00
3.698857295685643809e+00
6.907199592716795067e-01
-2.659518215833692523e+00
4.534506246687772801e-01
4.764360745919576701e+00
1.370726083148347207e+00
-7.429665685029602784e-01
-3.103078716491679323e+00
-1.383352354069764312e+00
-1.029700716748303879e+00
-2.542337839683929346e+00
-3.881918416269461769e+00
-4.850727518414048589e+00
-1.526895380184348117e+00
1.292951355218777021e+00
4.830856323177421530e-01
-1.364061786351020267e+00
-1.344908969020836231e+00
-6.373676127586951345e-01
-5.073981432589145690e+00
-6.036607478646739189e+00
-2.439465111175469492e+00
-2.555586032259817841e+00
1.156593089147464060e+00
-5.598214665656512601e+00
-4.396241262668990402e+00
-2.490672245142295793e-01
-2.751639061182022505e+00
1.303487052770562649e+00
2.497871571291261361e-01
6.177369053960184431e-01
-2.264242883714183030e+00
-3.040638232448595435e+00
-5.851688412401738759e-01
-1.602628017759287538e+00
-6.646128838186011745e-01
-1.808173328463370311e+00
6.028628548783545593e-01
8.279617207310590032e-01
1.186028551764834571e+00
1.040641975549649656e+00
-3.428278311976579396e+00
1.411879261648056882e-01
1.394577532072328596e+00
1.602840716766833484e-01
5.315326252857796030e-01
6.862319673056112013e-01
-4.118134468306400287e-01
-1.740100575769619962e+00
-6.933291145205379147e-01
1.193738414897911548e+00
6.299657288413623712e-01
-1.000200897091561014e+00
-3.229020119597401095e-01
6.259877574930030608e-01
7.111304368250324082e-01
-9.613032023692923422e-01
-6.030057392555339124e-01
2.682102648264147460e-01
2.678750086900993921e-02
-5.427244590379292077e-01
-7.930628666276116068e-01
-1.207656673611485765e-01
-3.559123940613159176e-01
-9.599908911368563169e-01
3.193608736660413783e-01
-8.461547245028022690e-02
-1.710051005561060045e+00
-1.866739000829770845e+00
-1.385287519781698951e+00
-5.803025383794291336e-01
4.766540345953951263e-01
1.564515823113914905e+00
6.782014020210529459e-01
2.351708872331581546e-02
-2.962257964763614915e-02
5.750473578366727123e-01
3.659818527342310057e-01
3.533827006801900650e-01
1.937700251767723314e+00
1.144917605219363921e+00
6.674866529031551199e-01
2.592899972396756070e-02
3.237730594557201025e-01
-3.122536008613054914e-01
-1.399113040202029978e+00
-3.117242634970400772e-01
4.777942654797839861e-01
4.304602843649651955e-01
4.799726554002419210e-01
8.997047700000719850e-01
1.662021717510091978e+00
1.198153264032624454e+00
8.265145606705786019e-01
6.398738033089714783e-01
4.472626515062420594e-01
-4.883780904537555756e-01
4.463308868126336648e-02
2.272373975307763860e+00
1.180241955674125265e+00
-3.170869712183961298e-01
9.553741197071015101e-01
7.486417203100779183e-01
-1.693324607985692065e+00
-2.755715936306454061e+00
-2.075030338226454774e+00
-1.266858654979863275e-02
9.335212201400966414e-01
-1.649936869143276530e+00
-3.107564852772682684e+00
-2.177765566254821206e+00
-2.478701763881662412e+00
-2.352480698416024030e+00
2.842249839786412657e-01
1.053583079244252874e+00
-1.116947080532248560e+00
8.326139272917623124e-01
1.298422428832014752e+00
1.937526306245654251e+00
2.246259524693797083e+00
-1.466753438834577095e+00
-7.475389026902461431e-01
2.067949928090409450e+00
2.190918194539861474e-01
-4.869973878196875106e+00
-2.651495759681925080e+00
6.142275997908527074e+00
5.144229646771609765e+00
4.177025732065821728e+00
-5.416281531947553241e-02
6.907348288027792549e-01
3.398954170342090908e+00
-5.211650644710488223e-01
-4.909059363036742951e+00
-5.566253549316700244e+00
-2.643631719321322571e+00
-4.713811278171985641e+00
-4.364323653607602438e+00
-2.253023830180208797e+00
-5.733525725749177404e+00
-1.049847796561594926e+01
-1.208299476959949281e+01
-8.536908854001223901e+00
-2.541652107686037887e+00
-4.606648906587465397e+00
-4.484063357578712328e+00
-1.940065996675935489e+00
-1.241509627899800350e+00
-2.033233798957176042e+00
-8.940541516620623685e-01
7.848041694533505197e-01
1.094744598250247725e+00
8.276783404412600964e-01
-1.033717039710679020e-01
6.626492655094667894e-01
7.584254067731968085e-01
3.205948852524383441e-01
-2.482221912741160441e-01
-6.749641338084910736e-01
-2.683659455144161710e-01
-2.341827638739394368e-01
-1.165059864196193118e+00
-6.568409215501249676e-01
-5.476735310006419777e-01
-2.124269938476392561e+00
-3.126055291617069187e+00
-2.113708190937153564e+00
-7.365397310894843397e-01
-1.253609911727966153e-01
-8.362860717174454006e-01
-1.017499437166370146e+00
-8.326931746788091004e-01
-5.435178012942499803e-01
-3.740592282819213965e-01
-1.279437425879245138e-01
-4.610465223467016260e-01
-2.354842437139383016e+00
-3.434237875476962909e+00
-2.492419988516830553e+00
-1.150872778013726228e+00
-5.900795526567230720e-01
-5.350861544537913739e-01
-4.493647733399652733e-02
-1.153061968252194758e-01
-4.591561108379882405e-01
-1.578804432680136483e-02
2.343098727667392023e-01
6.516742663926294865e-02
-2.234113545455870264e-01
-4.813501725226043693e-02
-4.813501725226043693e-02
-2.234113545455870264e-01
6.516742663926294865e-02
2.343098727667392023e-01
-1.578804432680136483e-02
-4.591561108379882405e-01
-1.153061968252194758e-01
-4.493647733399652733e-02
-5.350861544537913739e-01
-5.900795526567230720e-01
-1.150872778013726228e+00
-2.492419988516830553e+00
-3.434237875476962909e+00
-2.354842437139383016e+00
-4.610465223467016260e-01
-1.279437425879245138e-01
-3.740592282819213965e-01
-5.435178012942499803e-01
-8.326931746788091004e-01
-1.017499437166370146e+00
-8.362860717174454006e-01
-1.253609911727966153e-01
-7.365397310894843397e-01
-2.113708190937153564e+00
-3.126055291617069187e+00
-2.124269938476392561e+00
-5.476735310006419777e-01
-6.568409215501249676e-01
-1.165059864196193118e+00
-2.341827638739394368e-01
-2.683659455144161710e-01
-6.749641338084910736e-01
-2.482221912741160441e-01
3.205948852524383441e-01
7.584254067731968085e-01
6.626492655094667894e-01
-1.033717039710679020e-01
8.276783404412600964e-01
1.094744598250247725e+00
7.848041694533505197e-01
-8.940541516620623685e-01
-2.033233798957176042e+00
-1.241509627899800350e+00
-1.940065996675935489e+00
-4.484063357578712328e+00
-4.606648906587465397e+00
-2.541652107686037887e+00
-8.536908854001223901e+00
-1.208299476959949281e+01
-1.049847796561594926e+01
-5.733525725749177404e+00
-2.253023830180208797e+00
-4.364323653607602438e+00
-4.713811278171985641e+00
-2.643631719321322571e+00
-5.566253549316700244e+00
-4.909059363036742951e+00
-5.211650644710488223e-01
3.398954170342090908e+00
6.907348288027792549e-01
-5.416281531947553241e-02
4.177025732065821728e+00
5.144229646771609765e+00
6.142275997908527074e+00
-2.651495759681925080e+00
-4.869973878196875106e+00
2.190918194539861474e-01
2.067949928090409450e+00
-7.475389026902461431e-01
-1.466753438834577095e+00
2.246259524693797083e+00
1.937526306245654251e+00
1.298422428832014752e+00
8.326139272917623124e-01
-1.116947080532248560e+00
1.053583079244252874e+00
2.842249839786412657e-01
-2.352480698416024030e+00
-2.478701763881662412e+00
-2.177765566254821206e+00
-3.107564852772682684e+00
-1.649936869143276530e+00
9.335212201400966414e-01
-1.266858654979863275e-02
-2.075030338226454774e+00
-2.755715936306454061e+00
-1.693324607985692065e+00
7.486417203100779183e-01
9.553741197071015101e-01
-3.170869712183961298e-01
1.180241955674125265e+00
2.272373975307763860e+00
4.463308868126336648e-02
-4.883780904537555756e-01
4.472626515062420594e-01
6.398738033089714783e-01
8.265145606705786019e-01
1.198153264032624454e+00
1.662021717510091978e+00
8.997047700000719850e-01
4.799726554002419210e-01
4.304602843649651955e-01
4.777942654797839861e-01
-3.117242634970400772e-01
-1.399113040202029978e+00
-3.122536008613054914e-01
3.237730594557201025e-01
2.592899972396756070e-02
6.674866529031551199e-01
1.144917605219363921e+00
1.937700251767723314e+00
3.533827006801900650e-01
3.659818527342310057e-01
5.750473578366727123e-01
-2.962257964763614915e-02
2.351708872331581546e-02
6.782014020210529459e-01
1.564515823113914905e+00
4.766540345953951263e-01
-5.803025383794291336e-01
-1.385287519781698951e+00
-1.866739000829770845e+00
-1.710051005561060045e+00
-8.461547245028022690e-02
3.193608736660413783e-01
-9.599908911368563169e-01
-3.559123940613159176e-01
-1.207656673611485765e-01
-7.930628666276116068e-01
-5.427244590379292077e-01
2.678750086900993921e-02
2.682102648264147460e-01
-6.030057392555339124e-01
-9.613032023692923422e-01
7.111304368250324082e-01
6.259877574930030608e-01
-3.229020119597401095e-01
-1.000200897091561014e+00
6.299657288413623712e-01
1.193738414897911548e+00
-6.933291145205379147e-01
-1.740100575769619962e+00
-4.118134468306400287e-01
6.862319673056112013e-01
5.315326252857796030e-01
1.602840716766833484e-01
1.394577532072328596e+00
1.411879261648056882e-01
-3.428278311976579396e+00
1.040641975549649656e+00
1.186028551764834571e+00
8.279617207310590032e-01
6.028628548783545593e-01
-1.808173328463370311e+00
-6.646128838186011745e-01
-1.602628017759287538e+00
-5.851688412401738759e-01
-3.040638232448595435e+00
-2.264242883714183030e+00
6.177369053960184431e-01
2.497871571291261361e-01
1.303487052770562649e+00
-2.751639061182022505e+00
-2.490672245142295793e-01
-4.396241262668990402e+00
-5.598214665656512601e+00
1.156593089147464060e+00
-2.555586032259817841e+00
-2.439465111175469492e+00
-6.036607478646739189e+00
-5.073981432589145690e+00
-6.373676127586951345e-01
-1.344908969020836231e+00
-1.364061786351020267e+00
4.830856323177421530e-01
1.292951355218777021e+00
-1.526895380184348117e+00
-4.850727518414048589e+00
-3.881918416269461769e+00
-2.542337839683929346e+00
-1.029700716748303879e+00
-1.383352354069764312e+00
-3.103078716491679323e+00
-7.429665685029602784e-01
1.370726083148347207e+00
4.764360745919576701e+00
4.534506246687772801e-01
-2.659518215833692523e+00
6.907199592716795067e-01
3.698857295685643809e+00
1.470220705849431653e+00
-1.688004318262515291e+00
-5.998829755136934061e-01
2.207492979943129097e+00
1.654966054782404328e+00
3.644109526361949403e-01
-6.488238397861534335e-01
5.611663501610210103e-01
-5.090948439471878473e-01
-1.239603383375977197e+00
8.033466272164280220e-03
0.000000000000000000e+00
0.000000000000000000e+00
0.000000000000000000e+00
0.000000000000000000e+00
0.000000000000000000e+00
0.000000000000000000e+00
0.000000000000000000e+00
0.000000000000000000e+00
0.000000000000000000e+00
0.000000000000000000e+00
0.000000000000000000e+00
0.000000000000000000e+00
0.000000000000000000e+00
0.000000000000000000e+00
0.000000000000000000e+00
0.000000000000000000e+00
0.000000000000000000e+00
0.000000000000000000e+00
0.000000000000000000e+00
0.000000000000000000e+00
0.000000000000000000e+00
0.000000000000000000e+00
0.000000000000000000e+00
0.000000000000000000e+00
0.000000000000000000e+00
0.000000000000000000e+00
0.000000000000000000e+00
0.000000000000000000e+00
0.000000000000000000e+00
0.000000000000000000e+00
0.000000000000000000e+00
0.000000000000000000e+00
0.000000000000000000e+00
0.000000000000000000e+00
0.000000000000000000e+00
0.000000000000000000e+00
0.000000000000000000e+00
0.000000000000000000e+00
0.000000000000000000e+00
0.000000000000000000e+00
0.000000000000000000e+00
0.000000000000000000e+00
0.000000000000000000e+00
0.000000000000000000e+00
0.000000000000000000e+00
0.000000000000000000e+00
0.000000000000000000e+00
0.000000000000000000e+00
0.000000000000000000e+00
0.000000000000000000e+00
0.000000000000000000e+00
0.000000000000000000e+00
0.000000000000000000e+00
0.000000000000000000e+00
0.000000000000000000e+00
0.000000000000000000e+00
0.000000000000000000e+00
0.000000000000000000e+00
0.000000000000000000e+00
0.000000000000000000e+00
0.000000000000000000e+00
0.000000000000000000e+00
0.000000000000000000e+00
0.000000000000000000e+00
0.000000000000000000e+00
0.000000000000000000e+00
0.000000000000000000e+00
0.000000000000000000e+00
0.000000000000000000e+00
0.000000000000000000e+00
0.000000000000000000e+00
0.000000000000000000e+00
0.000000000000000000e+00
0.000000000000000000e+00
0.000000000000000000e+00
0.000000000000000000e+00
0.000000000000000000e+00
0.000000000000000000e+00
0.000000000000000000e+00
0.000000000000000000e+00
0.000000000000000000e+00
0.000000000000000000e+00
0.000000000000000000e+00
0.000000000000000000e+00
0.000000000000000000e+00
0.000000000000000000e+00
0.000000000000000000e+00
0.000000000000000000e+00
0.000000000000000000e+00
0.000000000000000000e+00
0.000000000000000000e+00
0.000000000000000000e+00
0.000000000000000000e+00
0.000000000000000000e+00
0.000000000000000000e+00
0.000000000000000000e+00
0.000000000000000000e+00
