-2.931762695312500000e+00
-3.135881072518396095e+00
-1.187830215166085335e+00
-2.570634772744870844e-01
-3.298793608648367126e-01
3.686513305209077274e+00
1.151215666486043787e+00
4.391187383527244137e-01
1.869369551723406353e+00
-2.151996632546009813e+00
-1.984127627383170500e+00
1.749559568323532099e+00
2.414232525310273658e+00
6.518296231737954471e-01
-2.440802026615920273e+00
-3.449980912238134856e+00
-1.831235248075822053e+00
-1.753338819658536440e+00
-1.834932594878976087e+00
4.470326634561594403e-02
1.773692252652562473e+00
1.640115845806050743e+00
-1.816348748735406859e-01
-4.888631995271340847e-01
8.545924631689827411e-01
1.085149370280556802e+00
1.838724152101964826e-01
1.254470327545220698e-04
1.098622767806248124e+00
1.424773506427006176e+00
5.872367612836051354e-01
-2.322302639287076309e-01
-4.201123215014359591e-01
-1.562484640458803975e+00
-1.925835845292932058e+00
-9.557400338294770314e-01
-5.755451971859435467e-01
-2.778732948801281299e-01
1.083549284709878879e+00
4.237549040883744622e-01
-1.237175539762987997e+00
-1.253047360792155729e+00
-1.788818224135826807e+00
-1.154210327516200341e+00
4.302693338720253724e-02
-2.302447479338206815e+00
-1.335236121323195579e+00
-1.060972759942973243e+00
-2.926413302926847759e+00
-1.947193348018481096e+00
5.469918847644352766e-01
3.110684546383309934e-01
-3.583021356786689759e-01
-1.200941341771915027e+00
-1.531526805957417636e+00
-9.489201036899986841e-01
2.654034880217930326e-01
-4.630061361092896455e-03
-1.742465400659030328e+00
-8.393940325380708778e-01
2.197963912715517054e-01
5.447323950092219924e-01
1.930916247545373388e-01
-3.648331792583882072e-01
-6.515957733308641586e-01
5.213969446966602028e-01
9.640163851145794327e-01
7.645823766498971441e-02
-2.675020084674017973e-03
3.852667436071330886e-01
1.337070231636026119e-01
-8.081471338109058600e-01
-9.210782381238262762e-01
-3.908798480818664878e-02
6.353194727312514445e-01
9.851052412611249753e-02
-5.223814269465512083e-01
-7.848288225329791423e-01
-9.821593680867320986e-01
2.960855770123240749e-01
4.178017576108836728e-01
-4.288607189724085167e-01
-6.005688596808733681e-02
3.509677649805926780e-01
-5.920432872871349561e-01
-7.208430308417079768e-01
8.856540303862097119e-01
-6.720011409186859019e-01
-2.515919104097443793e+00
-2.253117722432995684e+00
-2.187101197237940831e+00
-2.329673968629676128e+00
-7.421034533365480357e-01
-3.286866518091812184e-01
-9.248410896145663473e-01
-4.906457461615565396e-02
-3.193869680554908275e-01
-1.557673054752865438e+00
-1.277019718594762043e+00
-9.601640033569878163e-01
-2.702322664837074617e-01
1.270115606859417490e+00
1.259732571999223172e+00
8.909206148518410417e-01
7.635413394906932494e-01
1.107257054190100343e+00
6.255112384371974699e-01
-5.863042190506539963e-02
1.383116467807132821e+00
5.821996752042752910e-01
-2.089411992571954535e-01
2.043157488906885089e+00
1.366041233321023896e+00
-3.835422064422600030e-02
8.867592894647005064e-01
2.813699892690078030e-01
-1.046927719716397309e+00
1.713642847977258077e+00
4.311957161702963504e+00
1.312008781547435499e+00
-1.515948992778293203e-02
5.130294605395793184e-01
7.693233542076854947e-01
1.991495427810115793e+00
2.045021854063630684e+00
1.985627660987044685e+00
2.752584375848095455e+00
4.429137422798001822e-02
-2.031709905053732168e+00
-2.026642291352649394e+00
-2.089972827749301487e+00
-1.868663438799696097e+00
-7.241681428808726118e-01
-4.052178387624207900e-01
-7.567927693314309145e-01
2.724336220635992234e-02
8.273582852362304507e-01
1.112200373845299239e+00
2.468322580800175636e+00
4.555879828946602927e+00
4.357460961129289601e+00
3.187278590989965910e+00
1.872641690997293829e+00
4.718507939830933751e-01
-7.831407790826778736e-01
-1.389304611645536536e+00
-1.112433713213823783e+00
-3.080067364515945982e-01
-1.727709562597099513e-01
-5.959847655491925522e-01
-3.247559308069634110e-01
1.470078366095699529e-01
-6.091527289847331605e-01
-1.385149491509876096e+00
-1.159003248614977277e+00
-7.749718962117357890e-01
-1.237565515060224275e+00
-1.073124340211546679e+00
-1.331062190108711629e+00
-2.202133697181045235e+00
-2.306448352138343871e+00
-2.919910517320603027e+00
-3.647326914914087226e+00
-9.397326602657560812e-01
-1.047007850868890255e+00
-9.303040268524243039e-01
6.267804402497298977e-01
-1.858228375078543104e+00
-3.125339516808500306e+00
-1.140106652355481032e+00
-1.028783359059565194e+00
-1.869303984276984076e+00
4.296602895714363157e-02
-3.696467676599590746e-01
-1.420372432462283951e+00
4.167802775785094394e-01
1.761139079844207256e-01
8.553288394968692199e-01
2.019880826930049444e+00
-7.474490387890959653e-01
-5.820526502060947571e-01
1.831916027867970698e+00
6.963063787149863515e-01
-1.117734012100798813e+00
-6.676480224479797165e-01
-1.613465384792745372e+00
4.998752839550837379e-01
4.130483424199749898e+00
4.021053425714367080e+00
-6.245731754195509300e-01
6.807172348660124328e-01
-5.719041187939253312e-01
1.765405623470188701e+00
9.063830413666846830e-01
-2.190883269687887491e+00
-8.633442826335233633e-01
1.030042737041725331e+00
1.928773131958818610e-01
-1.283325456888523064e+00
-1.117292088665257754e+00
-1.246293837018391804e+00
-1.134063436864229502e+00
-8.759400315925356395e-01
-1.682572359964176201e-01
-6.096146930056933755e-01
-2.648743383216992431e+00
-2.251855214329439470e+00
3.135520259887232264e-01
-4.451291742360421466e+00
-4.631549730977124746e+00
-8.333429679753288077e-01
1.080033986475990471e+00
-2.408738386140693688e+00
-1.201964323232111109e+00
1.485745793328341335e-01
1.612109024979998084e+00
2.478725631125159090e+00
-2.986826739421610810e-01
3.589937847342004495e+00
5.042858401105821287e+00
2.084562585936714729e+00
-1.978162008308747000e-01
4.796691199211580159e-01
1.778554973278718698e-01
1.077699787089167360e+00
9.418780570413218811e-01
1.059991324133535695e-01
4.577170391084102175e-01
1.650504267888175391e-02
-2.349891316979528799e+00
-2.572961785324480388e+00
1.092021894591875153e+00
-2.220747286218999861e+00
-3.692589036321038520e+00
-2.418395529717585202e+00
-1.832758320977803113e-01
-2.329494354244169507e+00
-3.138213052824467830e+00
-2.579734007509491889e+00
-8.363146542492938540e-01
-1.510648750169786503e+00
-2.611753605855862581e+00
-7.545227941660326287e-01
1.010341850608220682e-02
-1.506722315065801787e+00
6.960479278302538209e-01
4.949384397350009568e-01
-2.085844308226312727e+00
-2.460227623787333950e+00
-1.150683951249749759e+00
-7.520713730737729197e-01
-2.542536561089739244e+00
-2.525750353679515392e+00
-7.670691485740531723e-01
8.234040740693708837e-01
9.327486891602387864e-02
-6.948836770579831512e-01
-1.852519999403678952e-01
1.093432217468091272e+00
1.128338753060153854e+00
1.293688641440114306e+00
2.552941100725435231e+00
1.925479756695731348e+00
2.660435992698317875e+00
4.118092732479409435e+00
4.075585036678238460e+00
4.593766911893672145e+00
3.693073116260418232e+00
2.262682653195593474e+00
1.886274741185023807e+00
1.901740068027531372e+00
1.364317064271624691e+00
5.012905437191648161e-01
-7.151989345303788603e-01
-1.680528329370847285e+00
-1.411295301033095972e+00
4.706515327447946540e-02
-9.592128671695023812e-01
-2.197527733076825918e+00
-1.196377728445712219e+00
-1.002727410866472546e+00
-1.513149537682825230e+00
-1.033948539404788480e+00
-5.718328725282444402e-01
-7.381008836042739496e-01
3.125667864080190483e-01
9.164086139592775293e-01
1.906578315034980875e+00
2.708406688895190761e+00
1.194877320857233638e+00
-2.872132244810794433e-01
1.303760234553616559e+00
2.433193371271524796e-02
-1.227775307620223577e+00
2.568611137910910003e-01
-3.587833479193669461e-01
-2.786384772559469702e+00
-1.703198056777485370e+00
-1.561645876407137479e+00
-3.412320660297646135e+00
-1.077885848750762765e+00
2.941531978514633217e-01
-2.593487427061350603e-01
8.638044778236014798e-01
7.572125738737911504e-02
-1.600912063178422828e+00
-2.965579902156744385e+00
-2.976776208545240721e+00
-2.767996015389939668e+00
-2.470679454117011176e+00
-2.195346368901516243e+00
-2.929548028344344246e+00
-3.164579624089105980e+00
-2.106573373162712315e+00
-2.130864996143089662e+00
-1.585967183165534422e+00
1.009724717381506265e+00
-7.772767941678115911e-02
-7.759380806156778165e-01
6.621786615439402279e-01
3.269495515106285444e-01
-1.609809340627303520e+00
-1.769463952259596518e+00
-5.436307642314681665e-01
6.159914964788797409e-01
-1.139705272675666903e+00
-1.675890261822120753e+00
-1.689496062009855137e+00
-7.987765046141092062e-01
-6.290191480475213481e-01
-1.136875036087231061e+00
-3.032585978310555763e-01
-2.460063283627261788e-01
-1.197165382366247144e+00
-1.349498158470140652e+00
-2.743221310389200585e-01
-4.046100122297635604e-01
-1.518906546926472867e-01
5.484788239579976299e-01
-1.715116173194140003e-01
8.121576842991973244e-02
5.523318168955909657e-01
-5.991817562078549653e-01
-1.403385672800176343e+00
-1.753916819883059031e+00
-1.101895896054951418e+00
2.226623959839928446e-01
1.616453999998734847e-01
-1.231384473235669352e+00
-4.379336722506954604e-01
-4.736192713904752161e-01
-1.970070264136487115e+00
-2.999276517071696180e+00
-3.089555237512705332e+00
-2.376216729661549731e+00
-9.197719622214300950e-01
7.725190403979425025e-01
-4.292211685609345073e-01
-8.517803378166557415e-01
4.556103618214744078e-01
2.531891515472723952e-01
-8.823219820797081336e-01
9.187880723735686317e-02
4.264768850546553081e-01
-3.642118050699227894e-02
-6.602522952307493531e-01
-1.253894393846981092e+00
6.557084418121374991e-01
1.416837746980401436e+00
6.023584251235045706e-01
-1.869530120830495967e-01
-2.783002437862072131e-01
4.252799216860487785e-01
8.111169689788200188e-01
5.061804681816323148e-01
-3.141577191519707712e-01
1.326416836966569868e+00
2.017422631073331196e+00
1.238359049988800864e+00
3.986024161424291945e-01
1.019308160645517436e+00
1.521936917704066472e+00
6.036172484256179249e-01
-1.115122743827872132e+00
-1.228421788069461229e+00
1.087783039372554494e+00
1.653592557368602556e+00
5.109862474334325722e-01
-3.000846971034880628e-01
6.579229813265801141e-01
1.732720395588564166e+00
1.449308848768567470e+00
2.630582417378425131e+00
2.508488498058808691e+00
1.619904651105156468e+00
9.478767265198082548e-01
-6.102553019163730053e-01
-8.920005683212293146e-01
1.574757231427074800e+00
2.275840599242359819e+00
2.313120291281577590e+00
2.069015289896415588e+00
2.199463367095108701e+00
2.937137871588868077e+00
1.857665566929755485e+00
-1.046848154078919846e+00
-1.632121884763570785e+00
-1.922818198589945293e+00
-3.089020719666156545e+00
-3.020927754752724681e+00
-1.700490473971435046e+00
-4.745265533446438866e-01
-9.299342307336329050e-01
-1.072573411773801055e+00
-1.046036231380404136e+00
-1.197977285659779678e+00
-1.180971970983780039e+00
-7.171703879062886200e-01
-8.414440362429336240e-01
-1.343495685351284719e+00
-8.667569332548569205e-01
-2.558817872983595310e-01
-6.993705029811883023e-01
-2.160413857893274781e+00
-3.417463972573782538e+00
-3.859677136856261459e+00
-4.408633634259612855e+00
-5.518073600588822458e+00
-5.642465997795925503e+00
-4.413796205530048589e+00
-2.640659445706324604e+00
-1.502812130686667969e+00
-3.686096444994472421e+00
-3.699260354207055901e+00
-4.235610048934987382e-01
-3.960912128734839222e+00
-4.116430511248153401e+00
-5.464489349851503475e-01
-3.869084240674814712e+00
-4.002432366543509978e+00
-3.709388383853852389e+00
-3.882775279581457628e+00
0.000000000000000000e+00
0.000000000000000000e+00
0.000000000000000000e+00
0.000000000000000000e+00
0.000000000000000000e+00
0.000000000000000000e+00
0.000000000000000000e+00
0.000000000000000000e+00
0.000000000000000000e+00
0.000000000000000000e+00
0.000000000000000000e+00
0.000000000000000000e+00
0.000000000000000000e+00
0.000000000000000000e+00
0.000000000000000000e+00
0.000000000000000000e+00
0.000000000000000000e+00
0.000000000000000000e+00
0.000000000000000000e+00
0.000000000000000000e+00
0.000000000000000000e+00
0.000000000000000000e+00
0.000000000000000000e+00
0.000000000000000000e+00
0.000000000000000000e+00
0.000000000000000000e+00
0.000000000000000000e+00
0.000000000000000000e+00
0.000000000000000000e+00
0.000000000000000000e+00
0.000000000000000000e+00
0.000000000000000000e+00
0.000000000000000000e+00
0.000000000000000000e+00
0.000000000000000000e+00
0.000000000000000000e+00
0.000000000000000000e+00
0.000000000000000000e+00
0.000000000000000000e+00
0.000000000000000000e+00
0.000000000000000000e+00
0.000000000000000000e+00
0.000000000000000000e+00
0.000000000000000000e+00
0.000000000000000000e+00
0.000000000000000000e+00
0.000000000000000000e+00
0.000000000000000000e+00
0.000000000000000000e+00
0.000000000000000000e+00
0.000000000000000000e+00
0.000000000000000000e+00
0.000000000000000000e+00
0.000000000000000000e+00
0.000000000000000000e+00
0.000000000000000000e+00
0.000000000000000000e+00
0.000000000000000000e+00
