1.795349121093750000e-01
-7.800047199869739600e-01
-1.457743969805417983e+00
-1.908968124822925549e+00
-1.862564727408404064e+00
-1.643513106834578075e+00
-1.070807017619141988e+00
-8.712263160470179457e-02
1.109739636548994213e-01
-2.242141270657738161e-02
-1.376899696459054967e+00
-3.604562741553789085e+00
-3.053660235213026208e+00
-9.618990463870571439e-01
1.478626786679897442e-01
-1.317615435434020377e+00
-1.725205367591072569e+00
-2.538303386105060788e-01
8.477208443086523548e-01
1.021480875018030421e+00
4.218908872648852171e-01
-1.308858925192140088e+00
-1.406515123709378923e+00
-6.103617635659319696e-01
-1.223586661980113233e+00
-2.073074452105931886e-01
1.621075019919072213e+00
4.814864869675052894e-01
1.182116853729757722e-01
1.706652650782319203e+00
-1.210559838258391530e-01
-1.671420211331497541e+00
-2.952508420625601815e+00
-5.842658943559206008e+00
-6.453557358437395308e+00
-3.570362369478105258e+00
-5.885443635885456715e-01
-1.287099843952022038e+00
-4.693176846380914924e+00
-4.897552384065445352e+00
-3.257981255668298992e+00
-2.212108105740218988e+00
-1.594979634936217305e+00
-9.084546432012947648e-01
-3.841802792638109310e-01
9.647474432253140275e-01
3.067372868580577894e+00
5.277347885199729305e+00
5.968697831118613628e+00
5.184554491741068638e+00
3.316343459227037549e+00
1.541123418150683655e+00
8.438080440959176975e-01
-2.773083113345207185e-01
2.317605614692550553e-01
1.496496298491980737e+00
-5.500664332875504492e-02
-2.397915446116782867e-02
1.682992643937075705e-01
-7.895138808173796097e-01
-6.181506883631175953e-01
2.677784481208831391e-01
1.645209357186903087e+00
-9.216855122726341776e-02
-1.359513560374291830e+00
-2.602293819726710922e+00
-2.391804172019024843e+00
-2.318693382136771675e-02
-2.219921165814377151e+00
-3.137031567717818437e+00
-2.388052500922419608e+00
-2.798156445347307120e+00
-3.212475690797770067e+00
-3.826761061889611515e+00
-4.357030759859214619e+00
-3.586076247069293288e+00
-2.569745172134552558e+00
-3.806702874479491960e+00
-1.963065333400117130e+00
-1.084930239414358066e+00
-5.024865931311062184e-02
2.421150321095220992e+00
2.857670237458589391e+00
8.996825279923834628e-01
-2.796279426747963370e+00
2.180412136410349699e+00
2.842385705815496877e+00
2.198601672030765286e+00
2.649059312416496059e+00
1.119974224947504204e+00
2.781375801782763446e+00
-2.215894978113773561e+00
-2.060430918946792200e+00
6.247498913450088009e-01
6.676482892808430769e-01
1.885035040666264372e+00
-2.425807852420316824e+00
-2.851513973667395341e+00
-2.368611908055714643e+00
-4.508371192455991050e+00
-3.772402657306579865e+00
-7.259398242558911640e+00
-5.598326526193509345e+00
-3.969187532242090644e+00
-3.381510494399926348e+00
-4.178059936301315780e+00
-2.854077100078545648e+00
-3.181992174482423330e+00
-5.774790568045840011e+00
-9.143399058132120061e-01
-1.814569424206709858e+00
-2.285927092254273596e+00
-2.612343548158789996e+00
-1.021592716143091550e+00
1.024800138684410777e+00
1.680371534406191802e+00
3.941915583071722295e-01
-1.394916888530185251e+00
9.198338039936269084e-01
2.462619413563801096e+00
1.129391923131747077e+00
2.208773837129776929e+00
3.988782123214154929e+00
3.269094018394161694e+00
1.780303982719114053e+00
1.462902314321210984e+00
1.945923433632346544e+00
-1.240705249113718267e-01
1.106642697385709528e+00
2.749682469700303944e+00
2.909040252436989604e-02
2.088920685336877803e+00
3.382125596106003051e+00
9.669223388986702972e-02
-2.004671543662694511e+00
-2.297071119636945546e+00
-3.547112260899349501e+00
-3.598444501702366516e+00
-2.232694820140521230e+00
-1.457550885591148315e+00
-1.653897797035844830e+00
-2.990016904256213692e+00
-4.477498457820422217e+00
-4.855428558597852273e+00
-6.408186910558610450e+00
-7.677907928431014994e+00
-8.182216263688310676e+00
-5.770198505002740674e+00
-1.673680367664126312e+00
-1.043531399799534132e+00
-4.912722621115350741e-01
2.333659680673183523e-01
-4.514905592169798254e+00
-6.047783719598822216e+00
-2.462071708479857790e+00
5.944754375173344485e-02
-2.636816101269171320e+00
-2.030340278091859574e+00
-1.143308802749575914e+00
-2.501668090351784279e+00
-2.952768102638449133e+00
-4.232364481402991707e+00
-6.353159554834823197e+00
-5.143269584742773404e+00
-2.625193739977836671e+00
-1.328190201668643988e+00
-1.771324226742009289e-01
5.498684052248514753e-02
4.619597581095704619e-01
2.408657768118252829e+00
5.695915730783461584e+00
4.817412740239205959e+00
5.502904665189575439e+00
7.943625034113329875e+00
9.189636608705011867e+00
7.997492376500150435e+00
5.475702734877763156e+00
2.329476424500161791e+00
2.481732588703455811e-02
-1.137172061605284945e-01
-2.829641133533471464e-01
8.568717383133246379e-01
3.855158782667738926e+00
2.645108775351049157e+00
1.143998895702668550e+00
1.086106861979962979e-02
2.359993362048529164e-02
1.267680455002351714e+00
1.553306002520191687e-01
8.809714880367971457e-01
1.512520045340284058e+00
7.850863414696334086e-01
1.493630292799576598e+00
3.720936807331851170e+00
4.126992592542194416e+00
2.756973091641808260e+00
-1.263840283277151144e-02
-9.038181129816205139e-01
-4.696403834829767643e-01
5.169295737219332665e-01
-1.972458800005696178e+00
-1.847958964235389745e+00
-3.779846122561107968e-01
-9.546083861968335249e-02
-1.080246431290804665e+00
-2.289494428033478801e+00
-4.700133787709742883e+00
-6.021882497023546499e+00
-4.543117161841590423e+00
-3.597255192751696029e+00
-3.621565913156284289e+00
-2.203378293681852007e+00
-2.204001103646026749e+00
-1.933424238794150263e+00
1.780554751015779313e-01
-2.933511323194165854e+00
-8.167318239730157359e+00
-7.317421011889058136e+00
-2.006808560215132431e+00
-2.030097379281207814e+00
-2.686166880214164721e+00
-3.040178721954009955e+00
-6.051317304550685172e+00
-8.336791169743415608e+00
-8.272545918653872121e+00
-6.992186864104870558e+00
-5.115719157965551211e+00
-4.484382078814853401e+00
-3.175754806537757435e+00
-2.379752183125553255e+00
-2.793002158038439209e+00
-3.949122941656238339e+00
-4.367441738593828227e+00
-3.593860675274087590e+00
-3.605582328973920170e+00
-3.157893490089604516e+00
-1.211215286703174243e+00
2.817031500069314132e-01
-1.864751706021878785e-01
2.469795788509139278e-01
8.610335417201181452e-01
-1.089320254089221285e+00
-1.953618533024469528e+00
-3.946841794460722586e-01
-8.433670909513046876e-01
-1.944995327733039847e+00
1.264402246574107824e+00
4.957993490811831272e+00
2.156882784926071217e+00
-8.536064295088210407e-01
1.140606531940191237e+00
-1.161878734191539309e-01
-1.933007010469649956e+00
-1.274884082943770425e+00
-7.586343600404961141e-01
-2.093372231350467683e-01
-9.880785668991438619e-01
-3.960121565111269781e-01
2.826331766591443362e-01
-1.031409034209909592e+00
-1.125314752501973103e+00
-4.367454310188941591e+00
-4.252951193061199398e+00
-4.467709640828848805e+00
-2.679916715811503813e+00
-1.367088770700339850e-01
1.850801479781914338e+00
3.386165583151075076e+00
-3.368298116656021080e-02
2.066219167833872383e+00
1.578787008915685242e+00
2.077459314767392762e+00
1.675749494310242671e+00
-5.367734430665125345e-01
-1.693656783230683693e-01
-1.384831491407533921e+00
-2.423415436975698833e-01
-2.897943368441929124e+00
-2.667236831278642306e+00
-5.866317228684679863e-01
-2.881557598761298244e+00
-9.306873907560392345e-01
-1.726100907317072553e+00
-1.612800300745295790e+00
-1.222692807379315294e+00
-4.480929276599300515e+00
-1.638706697860825567e+00
-3.602591874863225740e-01
7.943948043244350998e-01
-6.833909426713553614e-01
-1.415438979886460835e+00
-1.135015762225066283e+00
-2.707558917327893333e+00
-1.638072648896336414e+00
-3.155076811275589588e+00
-5.334233367145376548e+00
-5.365510315223021465e+00
-5.462540458101645235e+00
-5.058845903008259981e+00
-4.233561466737970846e+00
-4.867375034695891500e+00
-3.618671086010685656e+00
-2.933157102520107529e-01
-1.203704065641379328e+00
-2.336178678827456778e+00
-2.349161033692268585e+00
2.242843645462162527e-01
1.608057253243927454e+00
4.641213884835531100e-01
1.662627552722335089e+00
1.317935337973502596e+00
3.004313931441668917e-01
2.176896149289986315e+00
1.903947127638815573e+00
2.420948620529303597e+00
1.822015554505950430e+00
2.376058280722082472e+00
3.753260034501260556e+00
2.415612119451137296e+00
1.125327897949651046e+00
2.581948325178226256e+00
3.220095134189048025e+00
2.292474464729588490e+00
2.288140895167268596e+00
1.729808091489658084e+00
9.869037953229531368e-01
-1.038729965777629438e-01
-2.109896188785266524e+00
-3.831498983984104711e+00
-5.046062739993704582e+00
-4.301147765819579583e+00
-2.040296510223162496e+00
5.421717857261691975e-01
-1.835998310073422291e+00
-2.497614049967104677e+00
-4.355042762077493634e+00
-5.209230193056671787e+00
-1.279868582763401985e+00
2.905939595467885717e-01
-9.970404639583018147e-01
1.395782014062302512e+00
1.494219382856694089e-01
-7.138557743222888607e-01
1.623814273822001608e+00
-2.602304123730876384e-01
3.680301357061150913e-01
2.392347778002592573e+00
6.281830427646268866e-01
-1.257166438294042843e+00
-1.554367680535306828e-01
-4.283265459368151840e-01
2.199688455030659462e+00
2.022288356965506129e+00
1.608685734818156021e-01
1.027637351219499173e+00
3.030389000645015152e+00
4.670705193734838723e-01
-2.994174729678013236e+00
-1.014244892931653652e+00
1.455831385275703660e+00
1.589773460692710305e+00
1.088949759512043425e+00
-6.395207006111789383e-01
-4.215265562297290103e+00
-4.897539368565238860e+00
-4.502704815978798791e+00
-4.782670858321118601e+00
-2.902296074537431991e+00
-3.277913581126261633e-01
3.303501450582973842e+00
3.544103954112423516e+00
3.241562031397327015e+00
3.154972687860392977e+00
2.953251865612032123e+00
2.026544094030375387e+00
6.113140141427861884e-01
8.138869442262652854e-01
1.506161011175124687e+00
1.644348116268242288e+00
2.030560791722533232e+00
2.044007987451010422e+00
1.554607840806931041e+00
1.183852526544928896e+00
1.251612182734340273e+00
1.267636214841125541e+00
1.468102503373372114e+00
2.150825164952292035e+00
2.368805570834576546e+00
1.205075801945944658e+00
1.941026478820502499e+00
4.417829944131819175e+00
6.280432516656183850e+00
7.224930504335384640e+00
7.133333984144650586e+00
6.329618054136442851e+00
4.839227023120924898e+00
2.466589666205218911e+00
1.961742698130636509e+00
2.970336426782798522e+00
3.273995703260923928e+00
3.349580811664566227e+00
2.468592002425239684e+00
9.814857421636974388e-01
4.873497804704765013e-01
7.469954865383331422e-01
1.369742279767932391e+00
1.395946819861797472e+00
7.775806808504959200e-01
1.106007095282755426e+00
1.407757757922656117e+00
1.147124924032138615e+00
1.611782761463301350e+00
2.166597971047457882e+00
2.089063688848082911e+00
2.013690134433153478e+00
1.975905159212009155e+00
1.137869390174817141e+00
4.091301059170215360e-01
1.086296118010747769e+00
9.520159195565990329e-01
1.302418813559954369e+00
2.011584200089834074e+00
2.298200218439331088e+00
2.337052678822695739e+00
2.505930932053798799e+00
2.649164700446951404e+00
2.782333614503532893e+00
3.053693220668484809e+00
2.976443762909306123e+00
2.160663800442079729e+00
1.218632890468572594e+00
1.879761855008233118e+00
2.603531893235673245e+00
2.916436315284865799e+00
3.715885263755593027e+00
4.493740586854199748e+00
4.339127190784319410e+00
3.616575325412688446e+00
3.362328593433863144e+00
3.169133544067842756e+00
2.139928289746424017e+00
0.000000000000000000e+00
0.000000000000000000e+00
0.000000000000000000e+00
0.000000000000000000e+00
0.000000000000000000e+00
0.000000000000000000e+00
0.000000000000000000e+00
0.000000000000000000e+00
0.000000000000000000e+00
0.000000000000000000e+00
0.000000000000000000e+00
0.000000000000000000e+00
0.000000000000000000e+00
0.000000000000000000e+00
0.000000000000000000e+00
0.000000000000000000e+00
0.000000000000000000e+00
0.000000000000000000e+00
0.000000000000000000e+00
0.000000000000000000e+00
0.000000000000000000e+00
0.000000000000000000e+00
0.000000000000000000e+00
0.000000000000000000e+00
0.000000000000000000e+00
0.000000000000000000e+00
0.000000000000000000e+00
0.000000000000000000e+00
0.000000000000000000e+00
0.000000000000000000e+00
0.000000000000000000e+00
0.000000000000000000e+00
0.000000000000000000e+00
0.000000000000000000e+00
0.000000000000000000e+00
0.000000000000000000e+00
0.000000000000000000e+00
0.000000000000000000e+00
0.000000000000000000e+00
0.000000000000000000e+00
0.000000000000000000e+00
0.000000000000000000e+00
0.000000000000000000e+00
0.000000000000000000e+00
0.000000000000000000e+00
0.000000000000000000e+00
0.000000000000000000e+00
0.000000000000000000e+00
0.000000000000000000e+00
0.000000000000000000e+00
0.000000000000000000e+00
0.000000000000000000e+00
0.000000000000000000e+00
0.000000000000000000e+00
0.000000000000000000e+00
0.000000000000000000e+00
0.000000000000000000e+00
0.000000000000000000e+00
0.000000000000000000e+00
