7.772827148437500000e-02
-7.988846587166662516e-01
-9.966232246516053550e-01
-5.967532752056274870e-01
1.986433017669200218e-01
-1.894185856980242111e+00
-2.832211630124679580e+00
-6.420303491374572680e-01
-4.839126110530758140e-01
7.597690099415421727e-02
-5.130409268183413474e+00
-7.132653655273660576e+00
4.403202137799198113e-01
2.247782014993742195e-01
-1.082687350188852982e+00
-2.844234602027291281e+00
-1.941725282125525531e+00
8.347898545299528017e-01
-5.449120383929803246e+00
-4.957346834113763201e+00
-2.275840596359062218e-01
-4.582871803196870708e-01
1.907233104051714978e+00
3.860854667139448360e+00
-6.356882626006310488e-02
-1.634178767844722602e+00
2.511714428430108725e+00
-3.123517981719157177e-01
-1.419161009052953837e+00
5.972296136395969235e-01
-8.878146475341477384e-01
1.309052187291730229e+00
-1.116595892001029267e+00
1.498507966466551933e+00
1.161671424895503346e+00
-2.841194896561368921e+00
3.570159288286503863e+00
2.539044857232538366e+00
7.277012546134136173e-01
-8.336038735256391385e-01
7.881176097963309424e-01
-2.597689965011547031e-01
1.062874622828814175e+00
3.010137725638208472e+00
5.649871120674587743e-02
-1.432002511800609668e+00
2.298597464077823727e+00
2.862443080623532143e+00
1.593845576029177646e+00
1.441498534567610790e+00
1.030423708647521641e+00
5.253339932390761469e-01
1.599434943888281779e+00
2.679678015418702319e+00
4.725450482884956394e-01
8.706280992131608665e-01
-7.511021680062534012e-01
-3.617484888176899505e-01
-8.712705155156347248e-01
-1.571216796646128788e+00
3.492628644860362730e-02
1.144377707361692309e+00
2.303128232062600311e+00
7.725865256422199678e-01
-1.429889691591224254e+00
-3.983117232006205821e-01
1.337525471939769339e+00
-3.943201674874636797e-01
-6.007601858768947256e-01
8.308795984404326873e-01
-9.511921818611066559e-01
5.878116796357064633e-01
1.232768051755846805e+00
9.491901454241566949e-01
2.362834448796997666e-01
-1.112289256396822079e+00
9.363270940284877941e-01
1.701585491647151782e+00
1.507761044893178637e+00
-2.786071570121473329e-01
-1.794504412619692069e+00
-8.274170178912527707e-01
1.711347749484860792e+00
1.512336083905438500e+00
8.525577072103285303e-02
5.662724231619761239e-01
9.630632989074587869e-01
1.289046608428865204e+00
-3.303444461088838047e-01
-1.277190000316236862e+00
-4.482313627807366641e-01
-1.904780045651557341e-01
1.400302483894067418e+00
-1.483199883467225533e-01
-1.470049718274501593e+00
-2.087937617591124173e+00
-3.381153461210670397e+00
-1.561459375490658941e+00
-7.657452522091983127e-01
-1.805718535767703470e+00
-3.417547159619065411e+00
-3.567872641359888242e+00
-2.603393259376865387e+00
-3.304055793507532091e+00
-3.426745474705423344e+00
-4.853586294202919760e+00
-5.773329420956399005e+00
-4.327160152683821259e+00
-3.840707060575885734e+00
-3.181020220249635599e+00
-2.020910259175277446e+00
-2.706979754674026850e+00
-1.282722778523107676e+00
-1.035881228013642019e+00
-4.407926812999776178e-01
-2.287041373006128975e-01
7.617308774551734274e-01
2.472031579815743285e+00
1.798229239829172599e+00
2.489335401244449075e-01
1.186205597390470601e-01
-1.099741540574944221e+00
-1.095906484587255925e+00
1.283223481672483013e+00
1.111681834165212601e+00
4.750144239807969626e-01
1.663728140571306024e+00
5.957012620501589417e-01
2.363221106223698520e+00
3.759629616153413068e+00
2.993728349432091207e+00
3.234980455216290629e+00
4.088622250731827279e+00
3.887315820889329920e+00
1.437516459882458575e+00
3.568188676669445947e-01
1.167294630880031159e+00
-4.823732207512547721e-01
-1.261301367265752926e+00
-3.051334104133784919e-01
-8.416296232191320392e-01
-1.787976522632496401e+00
-2.132916711814386357e+00
-1.902864574476842208e+00
-9.677277050527810509e-01
-2.059282115901943211e+00
-2.809757164926674378e+00
-2.168600799904851328e+00
-2.150904008676659540e-01
1.690832140183923915e+00
-1.446158337717355469e+00
-4.292902222894317887e+00
1.900695263447302885e-01
-1.623481850863668363e-01
-4.110231068664552900e+00
-4.020648355326940759e+00
-2.493353496063947183e+00
-9.752477480050534275e-01
-3.368306020779689991e-01
-4.538432696604507655e+00
-3.513475283108878244e+00
-2.946657513696289143e+00
-4.760545748543386857e+00
-3.063320637978736105e+00
-2.462643649363487341e+00
-1.711731962983078281e+00
-2.646158318559438616e+00
-2.807891668728447421e+00
-4.244719232061859859e-01
-1.522587552177490089e-01
7.863675398825029639e-01
7.543625641864016851e-01
1.058569419528831324e+00
1.607378679295066171e+00
-3.488943948080549529e-01
4.926211968563085630e-01
1.989450927006632952e+00
3.175368623849347482e+00
2.715138913371609508e+00
1.098485420479386576e+00
9.420326368135178985e-01
1.141603107918737203e+00
-4.869825417065222206e-01
1.448788428580126020e+00
3.305098304547580579e+00
3.521577357622024174e+00
2.352428003652663691e+00
-5.898229251825148900e-02
2.336908473899038885e+00
3.630999029364481601e+00
4.600173391422355706e+00
4.265539847387528560e+00
7.768450277392633385e-01
-3.415617660149414814e-01
6.764489847266443867e-01
-1.838412082389928592e-01
-1.307263935072628502e+00
-2.671072784203238903e-01
-1.663229547391731344e-01
-2.981164159488080223e+00
-1.911131320570436110e+00
-2.448736611234939353e+00
-4.059288885743617570e+00
-2.315989703005039146e-01
-1.391941926386014217e+00
-3.749579098762651164e+00
-4.737930877080590797e+00
-4.903615333916203411e+00
-2.742908477002125700e+00
-1.330813236735615579e+00
-3.859955220993879443e+00
-3.317111404975558120e+00
1.506421563889055459e-01
-3.950998619009578050e-01
-2.598302166513331457e+00
-3.643425528710184658e+00
-2.415732706503602500e+00
-9.141729739814010713e-01
-1.700070539926069380e+00
-2.070178128061195721e+00
-2.108495174560074403e+00
-1.298880099061282767e+00
-8.069136850423593854e-01
-1.101381385419102354e+00
-1.181568233025102277e+00
-1.015777907713460770e+00
-1.511263343797206726e+00
-9.411074133592167712e-01
5.939731302944739610e-02
6.525945420395640184e-02
-8.636361134333990774e-01
-1.737529566462288066e+00
-1.410730975075290772e+00
-1.863475075981150919e+00
-2.192084728020062379e+00
-1.788693573584319907e+00
-2.338123629341679610e+00
-1.508752503100987408e-01
-3.470397605462260948e-02
-1.511731309560781833e+00
2.468402019394844160e-02
7.259882901971657088e-01
1.461742482740676863e+00
2.706338259921801992e+00
2.936875361466200651e+00
1.031921655809845628e+00
1.706140002680045953e+00
1.617902065283740587e+00
-7.151555826168600749e-01
-1.041543120906172071e-01
1.269272074522854066e+00
2.826783545986331525e+00
-4.494137945792102684e-01
-3.019718640482115912e+00
-3.844759744415541913e+00
-3.785946503683424780e+00
-1.505025388878281412e+00
-6.862071086428001010e-02
-2.920632267608463284e+00
-4.080598278610760410e+00
-2.953106903665975835e+00
-2.599080802194907225e+00
-9.870863228376287601e-01
7.698189745339645285e-01
3.295247497703406303e-01
-1.466027617350898815e+00
-1.032858282870446232e+00
-1.780841216028011598e+00
-1.016206963726842272e-01
1.409435926132044159e+00
1.777354433604536599e-01
7.628483763455500277e-01
-9.726612146539481696e-01
-5.668250363209905718e-01
-2.705910841603181849e-03
-8.919961342374604918e-02
8.561350569508127117e-01
5.860149533863956428e-02
-2.887503489300707882e-01
-2.050448470672931456e-01
-1.146129766112680803e+00
-1.503603464787275135e+00
1.835905513776487918e-01
1.020175944315420580e+00
8.462385904518374691e-01
1.132034017296504436e+00
5.975706145347414733e-02
9.093571611288556733e-01
1.788683833047438165e+00
1.313542840892402364e+00
-5.787783885304751408e-01
7.961841474205302305e-01
1.846851282984703690e+00
-5.385409451125422464e-01
-6.978180203091148837e-01
4.520256309653534199e-01
-1.382890085021481141e+00
-2.558051819159732787e+00
-1.957569613577863077e+00
-4.344227397262871992e-01
2.328026356483281489e-02
1.170491493154525164e-01
-8.185674841492636133e-01
-9.195793296195832189e-01
3.593610295251814524e-01
9.871692746777911420e-01
1.733962953049346112e+00
7.641349060345681288e-01
4.143425428754162532e+00
2.947182098649679727e+00
1.486892834888347004e+00
4.420336872609859746e+00
5.290448057570957374e+00
1.954518426796867825e+00
6.586157099446858787e-01
9.099069733214224520e-01
-2.792709639943828925e-01
4.395377325180347405e-01
1.047148651415225729e+00
-6.994788101999520613e-01
-1.645067982336530399e+00
-5.671968678741357017e-02
-1.051623051474822601e-01
2.832828076439688481e-01
5.604364207903134165e-01
9.638276925796821493e-01
-1.960182907992346513e+00
-3.615697524418337583e-01
-1.090346901021194359e+00
-1.838381341774636857e+00
-2.140274886806156074e-01
-3.376691546622226703e+00
6.341885965495785982e-02
-1.690266047996683341e+00
-3.301200287757023233e+00
1.598336071329071739e-01
-2.073831572840500126e+00
-3.990223745694426949e+00
-8.869851355375142354e-01
-1.279530756621306109e+00
-1.833238564544548144e+00
-3.412257776668362386e+00
-7.590954670566627982e+00
-5.144783550536280003e+00
-7.590597332036430611e-01
-4.508960665692082870e+00
-3.900147235392761313e+00
-4.286876526187282543e+00
-3.436899638110278321e+00
-1.146685901862457335e+00
-6.927904309414486761e+00
-6.186344747301514069e+00
-6.917346953384773123e-02
-6.143239006473417696e-01
-8.742446411947246698e-01
-2.256995561208444911e+00
-1.675297490727967187e+00
2.564940710176357719e-01
-3.830796353234688922e-04
-6.865775676367005254e-01
-8.365204257394951437e-01
7.604232687037768557e-01
9.214518686076063059e-01
2.208680753599082447e+00
2.813184628873449888e+00
1.923631666864178857e+00
4.219092060867024596e-01
8.300272014488151440e-01
1.893730611549666154e+00
2.382450240256396068e+00
1.583203892533635138e+00
3.192924077407315875e-01
1.619425026528301448e+00
1.330548689341700452e+00
1.384628909534723507e+00
2.221656355303782693e+00
1.595804436117332248e+00
1.443219431467146263e+00
3.266464241945725711e+00
3.292003583407316025e+00
1.713414814671706310e+00
6.469263319225706521e-01
3.663221575037353128e-01
6.274909695337133053e-01
3.466975289009940342e-01
6.995765796042593410e-01
1.507235508173822236e+00
2.738463705600195031e+00
3.576929563597183392e+00
3.770822369044026789e+00
3.332773396764584728e+00
2.190905578199933146e+00
2.263753334537962569e+00
4.018687338694348021e+00
5.701330013195388347e+00
5.717785207095376521e+00
2.523519492949741316e+00
2.420661612461197265e+00
5.107243816748877840e+00
4.040971645860585326e+00
2.376936313476615492e+00
2.099732764550005015e+00
1.775322205023937838e-01
3.134054797966223216e+00
5.055537522838210229e+00
4.068009116132286884e+00
3.470518672683348682e-01
3.185482496795813301e+00
3.493419806336027555e+00
2.065995798076184276e+00
2.502151712002254502e+00
3.138064700177647381e+00
2.473486929058764439e+00
2.022937749532998986e+00
3.644109986282766389e+00
3.612374424151571617e+00
1.548269706363401665e+00
4.520964419445388849e+00
6.490198106303462389e+00
4.878348083580110739e+00
2.145487653009785056e+00
3.551938894981915062e+00
3.614822789381894275e+00
1.552231254180365339e+00
3.525570045626531535e+00
3.577160915783657025e+00
1.388903011975781254e+00
4.362730476428073878e+00
5.458269883714680581e+00
3.676725664313300612e+00
1.078107985230440935e+00
1.321007297713577611e+00
1.434296616643768063e+00
1.509272306860191426e+00
1.760562223914838409e+00
1.177637728912540593e+00
8.186492708285763031e-01
1.315040003234956956e+00
1.905463925115050250e+00
1.945748081978725619e+00
1.183085520542782820e+00
0.000000000000000000e+00
0.000000000000000000e+00
0.000000000000000000e+00
0.000000000000000000e+00
0.000000000000000000e+00
0.000000000000000000e+00
0.000000000000000000e+00
0.000000000000000000e+00
0.000000000000000000e+00
0.000000000000000000e+00
0.000000000000000000e+00
0.000000000000000000e+00
0.000000000000000000e+00
0.000000000000000000e+00
0.000000000000000000e+00
0.000000000000000000e+00
0.000000000000000000e+00
0.000000000000000000e+00
0.000000000000000000e+00
0.000000000000000000e+00
0.000000000000000000e+00
0.000000000000000000e+00
0.000000000000000000e+00
0.000000000000000000e+00
0.000000000000000000e+00
0.000000000000000000e+00
0.000000000000000000e+00
0.000000000000000000e+00
0.000000000000000000e+00
0.000000000000000000e+00
0.000000000000000000e+00
0.000000000000000000e+00
0.000000000000000000e+00
0.000000000000000000e+00
0.000000000000000000e+00
0.000000000000000000e+00
0.000000000000000000e+00
0.000000000000000000e+00
0.000000000000000000e+00
0.000000000000000000e+00
0.000000000000000000e+00
0.000000000000000000e+00
0.000000000000000000e+00
0.000000000000000000e+00
0.000000000000000000e+00
0.000000000000000000e+00
0.000000000000000000e+00
0.000000000000000000e+00
0.000000000000000000e+00
0.000000000000000000e+00
0.000000000000000000e+00
0.000000000000000000e+00
0.000000000000000000e+00
0.000000000000000000e+00
0.000000000000000000e+00
0.000000000000000000e+00
0.000000000000000000e+00
0.000000000000000000e+00
0.000000000000000000e+00
