-2.599182128906251110e-01
-1.821337468801648152e-01
-1.114467201427580267e-01
-7.061439429511151555e-02
1.429477402648259288e-01
3.255249807454415611e-01
3.727400926577504325e-01
4.637139318670380206e-01
6.588431396592919764e-01
8.162185636718800597e-01
7.726243694841259391e-01
5.459705999331450066e-01
3.193743215241821032e-01
2.590631034845752856e-01
3.762901558026833237e-01
6.017289820244570153e-01
1.537352015088498947e-01
-2.698931959530910252e-01
-5.878402113327352296e-01
-7.838097728212765070e-01
-9.173811014983703771e-01
-9.980496319470875122e-01
-1.110494881827562619e+00
-1.072678027079211560e+00
-6.230931835260125062e-01
-3.631171357009952416e-01
-4.775974105248197432e-01
-7.424997675257405394e-01
-9.426727993711050413e-01
-9.844254512848369387e-01
-8.679846060595477475e-01
-7.010005636173510801e-01
-3.232590712159186808e-01
1.269908600537197341e-01
3.106075720522316619e-01
4.707091943828241032e-01
1.363715214722349911e+00
1.353148976376111534e+00
-2.370509010216816925e-01
-8.180823768475080637e-01
-7.800927060347646602e-01
-4.248241204952387662e-01
-3.876999673714931482e-01
-4.004209507839227022e-01
-4.165365829683767007e-01
-4.724089986248962703e-01
-3.075814801027447754e-01
1.169291218661792087e-01
5.389857176728416466e-01
8.839433401549514624e-01
1.140955642645460788e+00
1.307882506553238677e+00
1.361745049295610688e+00
1.394487672751508089e+00
1.430930347202089559e+00
1.474072864872812971e+00
1.440256223192640350e+00
1.386659999886051597e+00
6.887695835043883275e-01
-2.825693331002931963e-02
-5.629980879809578509e-01
-8.006800302822898452e-01
-8.070380150506190065e-01
-6.881148606259788192e-01
-5.105480955213810290e-01
-2.587327306480260436e-01
4.562851911231247115e-02
3.524014971236264504e-01
5.233136962019818705e-01
5.236944352889996157e-01
2.491734644270241494e-01
8.900506194536417226e-03
-8.355960636102499617e-02
-1.699343115243481805e-01
-2.232493919503892865e-01
-1.312444850766908422e-01
6.419821574795046837e-02
-1.742694925074232404e-01
-4.944286993460298429e-01
-7.473543000124514002e-01
-9.468180715263303515e-01
-1.079988161794801282e+00
-1.070112578294830641e+00
-9.916189967254243065e-01
-8.187832515640903752e-01
-5.792487333107046998e-01
-3.509237042984840182e-01
-8.867163452661952494e-02
8.702442072805055551e-02
-1.914811217271494836e-03
-1.745038751953656431e-01
-2.918739486521153559e-01
-3.487447778459145109e-01
-4.000029751457450100e-01
-3.460151072811054052e-01
-2.203392832532628798e-01
-9.720654534054207208e-02
-7.540670755368591993e-02
-2.493513027459652032e-01
-4.598387632521655499e-01
-6.180438567125343674e-01
-7.162092752564109821e-01
-7.785864256382373227e-01
-7.860469488452560549e-01
-7.439367734598926196e-01
-5.873413006551113646e-01
-4.130964592045856532e-01
-3.299952430946482829e-01
-2.843263166993910129e-01
-1.897424403741459487e-01
-1.378893872804286547e-01
-5.991991785073735866e-02
7.713506900573086078e-02
2.474312953210843768e-01
3.808493303984765155e-01
4.346870620730732271e-01
4.189400407662987047e-01
3.394066138744877836e-01
1.719428209423394804e-01
-3.474810348443169161e-02
-2.410358009968278925e-01
-3.750800747417082914e-01
-3.729855369033513446e-01
-3.464539709582277194e-01
-2.715942407286437987e-01
-2.461538061277079859e-01
-3.240386590210654894e-01
-3.955529426881649324e-01
-4.710031477137861522e-01
-5.071626901379198138e-01
-4.584824335603360779e-01
-3.577884346593460663e-01
-2.430462585064102621e-01
-9.757678262074120923e-02
6.029518145353240932e-03
-6.289205891401256077e-02
-1.860164550406306072e-01
-2.713297697135992337e-01
-2.573920254058552071e-01
-1.454961335554606494e-01
-5.282255675479358148e-02
5.469781888993857644e-02
1.861636811181461848e-01
2.009587071504925770e-01
-3.683158463227209634e-02
-3.439836851586390298e-01
-6.129596102795102919e-01
-8.487745996839650697e-01
-1.012530148201520319e+00
-1.063012443634625992e+00
-1.023127070689178630e+00
-8.501760074295079406e-01
-5.974314120619526047e-01
-2.682154369471337341e-01
1.002392619078096847e-01
3.121518964451078237e-01
1.328895779637573327e-04
-2.316034204154089893e-01
-3.443963030569750505e-01
-4.361817121135849740e-01
-4.959658632613688223e-01
-3.774004831254604841e-01
-2.068589939689076951e-01
-2.902336306294296397e-01
-5.211842163526407834e-01
-8.834652646182462599e-01
-1.193616443795960214e+00
-1.332148302465944623e+00
-1.375288245128981401e+00
-1.379732341503763893e+00
-1.332278091032224943e+00
-1.138600468855598180e+00
-7.057335142024286911e-01
-1.542899293740268574e-01
3.181041061891989319e-01
1.318658151322704697e-01
-6.949879161265970495e-02
-3.017095505854383575e-01
-5.033570117465726579e-01
-6.062256015053667513e-01
-6.615540841487208557e-01
-7.363716017421844118e-01
-8.579657597351854070e-01
-1.016182685112951622e+00
-1.226599446695334716e+00
-1.439156338343295705e+00
-1.568333327541829192e+00
-1.715980304212121110e+00
-2.019332570128261839e+00
-2.253034316101431234e+00
-2.369557736738281850e+00
-2.686911161414615723e+00
-2.646823000245542623e+00
-2.028115221515133904e+00
-6.068597100930935850e-01
-8.073707999725564521e-01
-1.768942165167091130e+00
-1.760592396021378292e+00
-1.659599930974799964e+00
-1.797670585654326914e+00
-1.920076118245615193e+00
-1.913312280534360532e+00
-1.946260717233115667e+00
-1.983087610669002299e+00
-1.952495623688353277e+00
-1.880118634229552388e+00
-1.936624736870446339e+00
-2.271004844313862847e+00
-2.655158700302908237e+00
-2.528470615806842847e+00
-2.156408995605413992e+00
-1.768768329252264904e+00
-1.383041613883876586e+00
-1.004876702114436027e+00
-5.756909291607034129e-01
-7.150381455111148865e-02
4.235972274840179019e-01
1.557256789064745961e-01
-1.089798460202642816e-01
-2.746049705737283464e-01
-3.080396431664789714e-01
-3.149162293972836979e-01
-4.418834450106886580e-01
-6.635758277446266451e-01
-8.020010773864111320e-01
-7.507045812425734432e-01
-6.165799448134039462e-01
-5.889911979247510754e-01
-6.062844076091664647e-01
-4.839935974509004812e-01
-4.409352996024563653e-01
3.521146447256870426e-01
3.210504836884603974e-01
2.764242870043971401e-01
2.230999504327915717e-01
1.599662276221658075e-01
9.845463647500729554e-02
1.003325675026540686e-01
1.888423210656391127e-01
2.868358262298670858e-01
3.604024425416290645e-01
4.105183454476839522e-01
4.471303696617920931e-01
4.628773909685666155e-01
4.519610619716726840e-01
4.358909169203739609e-01
3.987189987200296382e-01
3.699582042117296465e-01
3.375232549639337054e-01
2.816977330042126915e-01
2.220938818810025417e-01
1.646989480667870875e-01
1.094816339275194866e-01
5.774784205441452906e-02
3.730813953959390139e-03
3.473801206722523099e-02
6.644181632846525576e-02
6.920746871650626519e-02
6.203107767392312955e-02
8.754241382204565325e-02
1.357343561129430720e-01
1.742303940127196971e-01
1.912448649411838675e-01
1.908851359730156239e-01
1.832282478648510349e-01
1.670484335459282710e-01
1.715483424996482598e-01
1.897878157941045585e-01
2.352020176205698032e-01
2.855740967906080785e-01
3.567401477847363944e-01
4.272804433633955457e-01
4.864039476496107572e-01
5.313071727962762614e-01
5.429428993565451611e-01
5.274017477720334135e-01
5.008402440378217912e-01
4.413367981334063161e-01
3.814302550057764307e-01
3.167182838066779360e-01
2.373665569087776983e-01
1.690573642931476606e-01
1.567855473210754969e-01
2.310943694481467636e-01
3.318942324942087962e-01
4.598343758992023411e-01
5.912009014836796528e-01
6.950183701758659849e-01
7.785479214808330717e-01
8.653061764263895173e-01
9.496155026423266365e-01
1.009963918391145965e+00
1.041587205222843426e+00
1.050583088569449375e+00
9.960365072422254773e-01
9.402049539510504150e-01
8.893003860606546462e-01
8.995879180094012995e-01
9.770939041872236386e-01
1.103796765539975633e+00
1.290382103365298461e+00
1.530630536218389848e+00
1.792532837022906778e+00
2.058638631872933278e+00
2.276302824695944249e+00
2.448021263657216728e+00
2.514052193769727328e+00
2.519613169861095514e+00
2.420990171296061533e+00
2.256976075277597360e+00
2.039310831748330166e+00
1.805603211083050885e+00
1.578897448727434094e+00
1.522244513564509072e+00
1.700935244556327719e+00
1.986901476603805339e+00
2.181940408337447845e+00
2.197765185691090917e+00
2.081254755677512946e+00
1.944439998819549542e+00
1.903557741985737017e+00
2.096386891384083739e+00
2.307154190505821489e+00
2.374404106718397411e+00
2.223173942001958281e+00
1.976742791748480554e+00
1.712990310169527852e+00
1.504447938994839529e+00
1.368867878504001823e+00
1.324307010051080091e+00
1.445154039316130179e+00
1.653561974870993323e+00
1.866101043012406535e+00
2.040148772926627885e+00
2.125983979890449405e+00
2.080678562462725534e+00
1.925916112677306558e+00
1.664849959954263880e+00
1.364338778990564993e+00
1.096828136890070748e+00
9.103804575711564873e-01
7.849182264653553620e-01
6.959134502671397993e-01
6.517843436664648715e-01
6.849681886020827504e-01
7.968821571962658723e-01
9.687762788880125431e-01
1.163669626385442024e+00
1.345454184313766843e+00
1.483309972868216642e+00
1.547978318771632056e+00
1.521381628965208010e+00
1.410953550138490886e+00
1.246439844126646435e+00
1.054225437916688435e+00
8.626043237266360908e-01
7.104124291369251498e-01
6.085833659209867186e-01
0.000000000000000000e+00
0.000000000000000000e+00
0.000000000000000000e+00
0.000000000000000000e+00
0.000000000000000000e+00
0.000000000000000000e+00
0.000000000000000000e+00
0.000000000000000000e+00
0.000000000000000000e+00
0.000000000000000000e+00
0.000000000000000000e+00
0.000000000000000000e+00
0.000000000000000000e+00
0.000000000000000000e+00
0.000000000000000000e+00
0.000000000000000000e+00
0.000000000000000000e+00
0.000000000000000000e+00
0.000000000000000000e+00
0.000000000000000000e+00
0.000000000000000000e+00
0.000000000000000000e+00
0.000000000000000000e+00
0.000000000000000000e+00
0.000000000000000000e+00
0.000000000000000000e+00
0.000000000000000000e+00
0.000000000000000000e+00
0.000000000000000000e+00
0.000000000000000000e+00
0.000000000000000000e+00
0.000000000000000000e+00
0.000000000000000000e+00
0.000000000000000000e+00
0.000000000000000000e+00
0.000000000000000000e+00
0.000000000000000000e+00
0.000000000000000000e+00
0.000000000000000000e+00
0.000000000000000000e+00
0.000000000000000000e+00
0.000000000000000000e+00
0.000000000000000000e+00
0.000000000000000000e+00
0.000000000000000000e+00
0.000000000000000000e+00
0.000000000000000000e+00
0.000000000000000000e+00
0.000000000000000000e+00
0.000000000000000000e+00
0.000000000000000000e+00
0.000000000000000000e+00
0.000000000000000000e+00
0.000000000000000000e+00
0.000000000000000000e+00
0.000000000000000000e+00
0.000000000000000000e+00
0.000000000000000000e+00
0.000000000000000000e+00
0.000000000000000000e+00
0.000000000000000000e+00
0.000000000000000000e+00
0.000000000000000000e+00
0.000000000000000000e+00
0.000000000000000000e+00
0.000000000000000000e+00
0.000000000000000000e+00
0.000000000000000000e+00
0.000000000000000000e+00
0.000000000000000000e+00
0.000000000000000000e+00
0.000000000000000000e+00
0.000000000000000000e+00
0.000000000000000000e+00
0.000000000000000000e+00
0.000000000000000000e+00
0.000000000000000000e+00
0.000000000000000000e+00
0.000000000000000000e+00
0.000000000000000000e+00
0.000000000000000000e+00
0.000000000000000000e+00
0.000000000000000000e+00
0.000000000000000000e+00
0.000000000000000000e+00
0.000000000000000000e+00
0.000000000000000000e+00
0.000000000000000000e+00
0.000000000000000000e+00
0.000000000000000000e+00
0.000000000000000000e+00
0.000000000000000000e+00
0.000000000000000000e+00
0.000000000000000000e+00
0.000000000000000000e+00
0.000000000000000000e+00
0.000000000000000000e+00
0.000000000000000000e+00
0.000000000000000000e+00
0.000000000000000000e+00
0.000000000000000000e+00
0.000000000000000000e+00
0.000000000000000000e+00
0.000000000000000000e+00
0.000000000000000000e+00
0.000000000000000000e+00
0.000000000000000000e+00
0.000000000000000000e+00
0.000000000000000000e+00
0.000000000000000000e+00
0.000000000000000000e+00
0.000000000000000000e+00
0.000000000000000000e+00
0.000000000000000000e+00
0.000000000000000000e+00
0.000000000000000000e+00
0.000000000000000000e+00
0.000000000000000000e+00
0.000000000000000000e+00
0.000000000000000000e+00
0.000000000000000000e+00
0.000000000000000000e+00
0.000000000000000000e+00
0.000000000000000000e+00
0.000000000000000000e+00
0.000000000000000000e+00
0.000000000000000000e+00
0.000000000000000000e+00
0.000000000000000000e+00
0.000000000000000000e+00
0.000000000000000000e+00
0.000000000000000000e+00
0.000000000000000000e+00
0.000000000000000000e+00
0.000000000000000000e+00
0.000000000000000000e+00
0.000000000000000000e+00
0.000000000000000000e+00
0.000000000000000000e+00
0.000000000000000000e+00
0.000000000000000000e+00
0.000000000000000000e+00
