-1.638275146484374112e+00
-2.333703582583497305e-01
2.696856401885887600e-01
-1.462244789756033114e-01
-5.405884389530963841e-01
-4.712867748607056928e-01
-8.461902239809389048e-01
-6.302208834572936569e-01
-1.344696183185980498e+00
-2.604914073886943182e+00
-2.470821107329232991e+00
-1.755404982030335237e+00
-3.056749872090920306e-01
-8.133028882017334649e-01
-4.569008447247906446e+00
-3.427916330567962966e+00
-7.093085052926997314e-01
1.740040693521835991e+00
1.669891398363864798e+00
3.866721169169968775e-01
-1.249009487669455742e+00
-2.903494356843938640e-01
1.366111493818789491e+00
1.228970354210090044e+00
1.354003750085412960e-01
1.691519948415601160e+00
1.992583670815093244e+00
5.936163458645649094e-02
1.338238479156916405e+00
1.670841292627907926e+00
5.277337001992341570e-01
1.204316069481100593e-01
8.732941915676406541e-02
3.127831340550596417e-01
-6.685530516133861845e-01
-1.137020563135484608e+00
4.182497333643153681e-01
1.122916526651198899e+00
1.158576631799979051e-02
-1.384700980273279591e-01
-1.262590110258221099e+00
-1.066975692948193943e+00
3.218501504463833207e-02
-3.882905761158843561e-01
-1.126640111549144674e+00
-9.567919493772596429e-01
1.069566948748702728e+00
5.545453526379358067e-01
-7.478009640265046443e-01
-1.201436493345309886e+00
9.875178717755259683e-01
7.881407065744046037e-01
-1.867674070672727504e+00
-1.418872884895126862e+00
-1.143081174835474556e+00
-4.916660679053628247e-01
9.631759150553168558e-01
7.194179141397016863e-01
2.168780540787538236e-01
1.685845115126069604e+00
2.018712514514299894e+00
5.058045014702350350e-02
-1.271771129126688882e+00
-1.609913145459829664e+00
-1.562993902901066878e+00
-3.688250618065569419e-01
5.050699455392320125e-01
8.872049040966927258e-01
3.290022683100408685e-01
-1.546971179884736092e+00
-1.115396560269782844e+00
-9.103562484443497027e-01
-3.210856614407775478e+00
-4.588984417827559170e+00
-2.840261278579051307e+00
6.630650098905226386e-01
4.008403614576163676e+00
4.804961626573028610e+00
2.325896800629955852e+00
-2.127386758112530529e-01
-1.541058477529053228e+00
-1.761122822094588924e+00
-1.903841944794632202e+00
-2.847625244793929422e+00
-3.505102145584463535e+00
-1.994165733429633214e+00
2.358901588060971832e+00
2.849247888854525179e+00
7.727445619527566478e-01
-5.453220059965957489e-02
2.985536408866373281e-01
-7.619086153843712683e-01
-1.273340059844985772e+00
-3.144158829651170439e+00
-3.472838089959505048e+00
-1.133623527513440976e+00
2.022405884607690663e+00
2.123944628861060835e+00
2.851698554028229360e+00
1.162585313020745303e-01
3.148113714632012616e-01
2.224078506701625102e+00
-3.146528303449517505e+00
-5.558103746296505498e+00
-1.963827751782435849e+00
7.094240284059325496e-01
1.171439945934979576e+00
3.231481937507529878e+00
-8.515728133240725306e-01
-2.544246193443187476e+00
-1.607603330164662170e+00
-6.427788322920503283e+00
-4.104400351758242138e+00
-2.904902024116196024e-01
-1.480009433836133148e+00
1.330636052887526954e+00
3.237356769227830000e+00
2.317496098807191096e+00
3.660380630819961567e-01
1.095495564637480435e+00
4.128221106196496848e-01
-7.102619107855145941e-01
-4.397456380854577462e-01
-1.866682549994913565e-01
-9.856936880639914911e-01
-4.368562785360963208e-01
-3.660881444312513722e-02
-2.004469649780036278e-01
-7.171174297082894000e-01
-1.789812918372237327e+00
-2.705220334139909699e+00
-2.555441323327053205e+00
-2.072072942494397552e+00
-1.056404947838049058e+00
-7.827736532120219692e-01
-1.424517673640615101e-01
1.237576822146722044e+00
1.195890752019660441e+00
-1.132336760578852131e+00
-3.477451284917713714e+00
-3.782193157793593663e+00
-2.750035225408190342e+00
-9.275737406836555010e-01
6.757277256726861303e-01
1.487659348403519655e+00
1.497989886354193612e+00
1.191963843426760095e+00
4.052600655064724222e-01
-2.990331765516582863e-01
-4.277225143216663028e-01
-7.320814587600739110e-01
-6.626812798055579101e-01
-5.091476176725530101e-01
-1.039230241258109144e+00
-3.464705162725196796e-01
6.208610314938673991e-01
3.579220488388876742e-01
-5.708560796380159896e-01
-6.276129198719138103e-01
3.808884786188193594e-01
1.026107191167108690e+00
2.833483310338261729e-01
-1.081350974412484955e+00
-1.091139496152113697e+00
-4.303550881791295968e-01
-5.637601260437330453e-03
7.559849415755055535e-01
2.111516978812875145e+00
2.283274270347265045e+00
1.511225061829698957e+00
5.836091380558946495e-01
4.836702671277905985e-01
7.606193449435818543e-01
7.060442898880492368e-01
-5.130199959966040835e-01
1.439784197422717682e-01
1.208662669832310410e+00
1.528307498033128597e+00
8.608424521487547665e-01
5.184330374764689608e-02
-3.719576208290056307e-01
-7.234873575195818196e-01
-7.596608040057606370e-01
-4.912256716078788887e-01
-1.560016526000493897e-01
3.063096857935003747e-01
4.639589381549589220e-01
5.156169113830313400e-01
1.156026749031894729e+00
1.729616124181271086e+00
9.388353012823218435e-01
7.145463594551173525e-01
1.029370751337810752e+00
8.601673137849010775e-01
6.409786503217417275e-01
1.500329370399033690e+00
1.878891016649651746e+00
1.896434667203866553e+00
1.571535647888042231e+00
1.093744275847068126e+00
4.768466170395053716e-01
-2.597287295794998840e-01
2.600580447529363681e-01
1.558780378828454882e-01
-6.275866340267348686e-01
-9.161128164793548301e-01
3.964200681747387378e-02
9.272068037777090321e-01
5.204700168831579710e-01
-2.870817768930535863e-01
-3.049874461324306729e-01
-2.060817126927589893e-01
-4.666144382493703224e-01
-1.120256685755189441e+00
-7.575112666079404367e-01
1.055754702054558791e-01
3.893709842328905157e-01
-2.520504801028375930e-01
-8.762601834568000125e-01
-9.286069381228845288e-01
-1.177051945920045029e+00
-2.407171206394050245e+00
-3.598186943530634618e+00
-3.055863492916426338e+00
-2.132861629676435555e+00
-8.211614081176821234e-01
1.058379735655661236e-01
1.945008990680689998e-01
9.216776672463071751e-01
1.355407507311349624e+00
1.049927248985054185e+00
9.817201933211374687e-01
7.399635177365215810e-01
-2.222702711429112021e-01
-1.758126798464068274e+00
-2.692811628810744207e+00
-2.412751001869605005e+00
-5.541540435722331903e-01
9.822854155666784770e-01
1.518760472004021533e+00
4.973949602901510669e-01
-5.339112003354717917e-01
-2.613268665378869482e-01
-2.426230016033608661e-01
3.580164951894782011e-02
-5.210253375153139910e-02
-6.048446563286415945e-01
-3.901787067456585767e-01
7.195317216072130151e-01
4.111681024543107910e-01
-4.445655365278065041e+00
-6.074637208646629816e+00
-2.589517354879342204e+00
-2.846849157269319530e+00
-3.160964256361940006e+00
-8.366919025820520606e-01
-2.218705675271061217e+00
-1.324463666270035089e+00
-3.654433482736716421e-01
-2.389190353787806309e+00
-2.316488869596954991e+00
-1.054128782052420110e+00
-1.428640734308093130e-01
-2.148353540873055856e-01
-1.378728079480207702e+00
-7.952378509451103472e-01
-9.863363487242798877e-01
-2.610808599295084242e+00
-2.076013021072410147e+00
-1.275531735459489724e-01
7.068813311958046519e-01
-5.969076910216464249e-01
1.348898265813605057e+00
-9.072273719738133124e-02
-2.227488914943007714e-01
3.515477979936911801e-01
9.702820961864768723e-01
-4.515786673602333323e-01
-1.931291028684772648e+00
-2.068028938603184042e+00
-1.553842816046806519e-01
5.043486310227063285e-01
-8.024366462709910941e-01
-1.708861736874231818e+00
-1.081134893339850134e+00
-7.190794946843581670e-01
6.002834905827891809e-01
1.762585988083182897e-01
-1.574402994293154556e+00
-3.330853490796512162e+00
-2.971958470295347432e+00
-5.379607172046041441e-01
4.175970342690504822e-01
-3.600912222978358557e-01
-8.346815727467242763e-01
-1.519868707002812513e+00
-1.171519562398847913e+00
5.987225642675833015e-01
2.208317646927439259e+00
2.518543529417791138e+00
2.256549779750043339e+00
2.307966457981214248e+00
2.082414969835844953e+00
2.118178120416360777e+00
1.827444450264132048e+00
3.050660136640002129e-01
5.545808089130911389e-01
1.121729992399455256e+00
5.867802042831677944e-01
8.592101509280150040e-01
1.153872287399882790e+00
2.862427778985274784e-01
-1.136058306184648536e-01
-7.692700607828955039e-01
-2.014257436680044311e+00
-8.808067796972731678e-01
5.232557688933754392e-01
-4.744308174043808668e-01
-3.340887945316171059e-01
5.127084234506755767e-01
-6.907784854347953640e-03
-5.012063941256079680e-01
-2.132097250950133471e-01
-1.964165290913255646e-03
2.188328367935730601e+00
3.155611285168517188e+00
4.311303600275460113e-01
9.954205502027047014e-01
2.704228777381466831e+00
2.259782815472245243e+00
-2.666855058812200863e-01
2.233050152221471851e-01
2.606692588071198302e-01
5.985253393668769073e-01
6.000711324829092197e-01
1.640037471258306567e-01
-1.925795299960679774e-01
-1.273222712459635808e+00
-7.678592215330981574e-01
1.036055759139124843e+00
-1.327186999909568010e+00
-2.764110277862356746e+00
-2.341559647045983183e+00
-1.629847107821158048e+00
-7.734084201446430606e-01
-4.146867954250497146e-01
-1.402418386267253680e+00
-3.027517370559981824e+00
-3.914283591028327791e+00
4.398367514635603825e-02
3.858463847952910974e-01
-2.703814036346587013e+00
-3.202082482315202316e+00
-6.734304930901569008e-02
1.225172363904681205e+00
3.043494498039214236e-01
4.750334663956583547e-01
1.040816227469137267e+00
1.620889419395470599e+00
1.376282283651594218e+00
-3.546952976477004693e-01
-1.900538875729878230e+00
1.675507797543356547e+00
2.980331188629725681e+00
3.288319990726280562e+00
2.438701603520562866e+00
8.930940483310747524e-01
5.691020215283870698e-01
9.886964385886251039e-01
1.477621067039890379e+00
1.884634498123469948e+00
1.005030763720940801e+00
1.332075107420000348e+00
2.451478975476161892e+00
1.813761270937001013e+00
0.000000000000000000e+00
0.000000000000000000e+00
0.000000000000000000e+00
0.000000000000000000e+00
0.000000000000000000e+00
0.000000000000000000e+00
0.000000000000000000e+00
0.000000000000000000e+00
0.000000000000000000e+00
0.000000000000000000e+00
0.000000000000000000e+00
0.000000000000000000e+00
0.000000000000000000e+00
0.000000000000000000e+00
0.000000000000000000e+00
0.000000000000000000e+00
0.000000000000000000e+00
0.000000000000000000e+00
0.000000000000000000e+00
0.000000000000000000e+00
0.000000000000000000e+00
0.000000000000000000e+00
0.000000000000000000e+00
0.000000000000000000e+00
0.000000000000000000e+00
0.000000000000000000e+00
0.000000000000000000e+00
0.000000000000000000e+00
0.000000000000000000e+00
0.000000000000000000e+00
0.000000000000000000e+00
0.000000000000000000e+00
0.000000000000000000e+00
0.000000000000000000e+00
0.000000000000000000e+00
0.000000000000000000e+00
0.000000000000000000e+00
0.000000000000000000e+00
0.000000000000000000e+00
0.000000000000000000e+00
0.000000000000000000e+00
0.000000000000000000e+00
0.000000000000000000e+00
0.000000000000000000e+00
0.000000000000000000e+00
0.000000000000000000e+00
0.000000000000000000e+00
0.000000000000000000e+00
0.000000000000000000e+00
0.000000000000000000e+00
0.000000000000000000e+00
0.000000000000000000e+00
0.000000000000000000e+00
0.000000000000000000e+00
0.000000000000000000e+00
0.000000000000000000e+00
0.000000000000000000e+00
0.000000000000000000e+00
0.000000000000000000e+00
0.000000000000000000e+00
0.000000000000000000e+00
0.000000000000000000e+00
0.000000000000000000e+00
0.000000000000000000e+00
0.000000000000000000e+00
0.000000000000000000e+00
0.000000000000000000e+00
0.000000000000000000e+00
0.000000000000000000e+00
0.000000000000000000e+00
0.000000000000000000e+00
0.000000000000000000e+00
0.000000000000000000e+00
0.000000000000000000e+00
0.000000000000000000e+00
0.000000000000000000e+00
0.000000000000000000e+00
0.000000000000000000e+00
0.000000000000000000e+00
0.000000000000000000e+00
0.000000000000000000e+00
0.000000000000000000e+00
0.000000000000000000e+00
0.000000000000000000e+00
0.000000000000000000e+00
0.000000000000000000e+00
0.000000000000000000e+00
0.000000000000000000e+00
0.000000000000000000e+00
0.000000000000000000e+00
0.000000000000000000e+00
0.000000000000000000e+00
0.000000000000000000e+00
0.000000000000000000e+00
0.000000000000000000e+00
0.000000000000000000e+00
0.000000000000000000e+00
0.000000000000000000e+00
0.000000000000000000e+00
0.000000000000000000e+00
0.000000000000000000e+00
0.000000000000000000e+00
0.000000000000000000e+00
0.000000000000000000e+00
0.000000000000000000e+00
0.000000000000000000e+00
0.000000000000000000e+00
0.000000000000000000e+00
0.000000000000000000e+00
0.000000000000000000e+00
0.000000000000000000e+00
0.000000000000000000e+00
0.000000000000000000e+00
0.000000000000000000e+00
0.000000000000000000e+00
0.000000000000000000e+00
0.000000000000000000e+00
0.000000000000000000e+00
0.000000000000000000e+00
0.000000000000000000e+00
0.000000000000000000e+00
0.000000000000000000e+00
0.000000000000000000e+00
0.000000000000000000e+00
0.000000000000000000e+00
