-6.219482421875023315e-01
-1.874698167376394053e-01
-5.652961780277525605e-01
-1.301173506822124848e+00
-1.407883210658420703e+00
-5.939486075158026956e-01
2.202594223966860554e-01
4.278929457289424310e-01
9.469265548341543326e-01
2.119773256318044918e-01
-1.724237761210701159e+00
-1.906099449613464003e+00
1.032123157093659094e+00
-3.685029975377376310e-01
-1.715586046320534130e+00
-1.652926356370163941e+00
-2.727362297713249450e-01
5.939754977208955289e-02
-1.107945776788074710e+00
-8.744629371231763537e-01
-1.760552909336765559e-02
-1.163890164236702773e-01
7.447178653163111228e-02
-8.103093861202714798e-02
-1.472444027030450409e+00
-1.712504246983931333e+00
-9.346919076787278957e-01
4.851988110531545439e-01
2.071200866086557291e+00
3.600262491514421903e+00
2.326592917653921955e+00
-6.261824172226377883e-01
-2.894033938291403985e+00
-4.128434669597453421e+00
-4.119902157232290030e+00
-2.554480477633271018e+00
1.270068809209158989e+00
-1.049183492015957508e+00
-2.574848459440850057e+00
-1.444957477293447479e+00
-2.849513870466600096e-01
-1.867335923406354459e+00
-2.100888441284362251e+00
-1.699214803577875799e+00
8.253567097602720892e-02
3.345413905721632108e+00
4.633428998771535134e+00
7.018560806653995954e+00
6.146541411773118746e+00
1.143796783890156377e+00
-2.798172065263933028e+00
-3.928276003036308417e+00
-2.325805665990797078e+00
-1.550526055685065074e+00
-4.335475733310638624e-01
-1.269619977685834122e+00
-1.748662168182056220e+00
-1.929639884388758553e-01
7.427264581301715740e-01
-9.348041197549199488e-01
-1.052051660689389934e+00
-7.579553247523858062e-01
-1.037664636227889403e+00
1.236203735058891695e-01
5.006692460006291867e+00
6.709375969702101372e+00
5.963309176773735842e+00
1.414070935266664719e+00
-2.719164933709277143e+00
-5.026054975082873355e+00
-4.582099871734430785e+00
-2.907485955227043117e+00
-7.940877204553393742e-01
-1.138217191054822219e-01
-2.321982821885688608e+00
-1.717228414576310591e+00
1.279692061814083903e+00
2.216895692078182378e-01
-4.952581151221916222e+00
-6.837709036247606065e+00
-3.375792913781729965e+00
9.945221607593217605e-01
1.564274661941621902e+00
4.508723700942807167e-01
9.243864293227088691e-01
-9.955352036513769320e-01
-2.014550136965869598e+00
-1.596460212676533708e+00
-6.356169792071960645e-01
-9.232338086192667381e-01
-8.923039875227904982e-01
1.043899923587023326e-01
-1.133815914168376127e+00
3.443495427288716382e-01
1.442348356757205075e+00
3.427756156036285695e-01
-4.862437435082180848e-01
-6.204357239901989729e-01
-2.848980342542479782e-01
1.486497069564600704e-01
1.579427305368939161e+00
2.498812136858297173e+00
1.637898328579864948e+00
3.554096882441126759e-01
1.063185076689479036e-01
3.292913597952760174e-01
-5.360714790240677097e-01
-1.324021563041895000e+00
-3.836697169646285932e-01
8.657119069867981187e-01
-1.259179742990262252e+00
-1.090653172723893949e+00
2.406450194687335120e-01
1.695955237604313659e+00
1.129271254008705760e-01
-1.966114621488640468e+00
-1.206654685014617368e+00
3.202814861308103112e-01
7.679533993615204057e-01
-2.416567765595578621e-02
-6.374020465045213690e-01
-8.451216306009728951e-01
-6.759342660484206622e-01
-2.532481608345364954e-01
-2.993824440336781412e-01
-3.810469489426585588e-01
-1.333438347497323262e-01
4.364671182907264857e-02
2.223718178838527404e-01
7.370762205152150415e-01
8.355993110136915591e-01
3.868154425296246313e-01
-1.263073413579631765e-01
-3.408627817820830685e-01
-2.249568200690074127e-01
7.231762237648997615e-02
2.836185835410236500e-01
4.071540833183380226e-01
4.230562473732936146e-01
3.843420466387723611e-01
5.321795693345747758e-01
6.353025803445849773e-01
-8.262364233386879642e-01
-7.815812227029554915e-01
-4.235949092869546462e-01
1.162286483594998643e-02
-5.396827586340512406e-01
-4.848575039012004151e-01
8.513031597570530629e-02
8.033193460491276916e-01
9.935484105517460307e-01
-6.922046788996416566e-02
-6.564334760024289617e-01
-2.766694670056919492e-01
-4.451194919822445972e-02
3.072247492468747621e-01
3.359768600815585815e-01
2.303598073453665407e-01
2.359353972190426640e-01
4.326828971820603220e-01
-3.008898086817080042e-02
-4.195673047681603984e-01
-4.431399028785764083e-01
-1.664223951260494772e-01
2.887581207101464487e-01
7.616337075516779187e-01
7.882396741958728192e-01
4.411926746234470231e-01
-8.371333123580293467e-02
-3.312208617601142269e-01
-1.575601527076491704e-01
1.952688010780000982e-01
6.995614413899355899e-01
1.026733887502253140e+00
9.429504756754056860e-01
4.316334041573436364e-01
2.106137110436340221e-01
1.957772787793183866e-01
2.563734779765053928e-01
-3.526314494831764845e-01
-2.200680014073983504e-01
-2.449361641308334114e-02
-2.269629071718603508e-01
-5.903747592110422104e-01
-3.492563880214367700e-01
2.416898181747595409e-02
5.769808918375499696e-01
8.892795543704780092e-01
-9.435464100414042710e-02
-4.953928284975431806e-01
5.295496146894090872e-02
4.088269492725625232e-01
9.166516415898878778e-02
-1.896527297067914231e-01
-3.320888458373194574e-03
-7.430780092945066251e-03
-7.407800806357361934e-02
1.379870129013116564e-02
1.344741272557709033e-02
-1.373291015624877875e-02
1.344741272557709033e-02
1.379870129013116564e-02
-7.407800806357361934e-02
-7.430780092945066251e-03
-3.320888458373194574e-03
-1.896527297067914231e-01
9.166516415898878778e-02
4.088269492725625232e-01
5.295496146894090872e-02
-4.953928284975431806e-01
-9.435464100414042710e-02
8.892795543704780092e-01
5.769808918375499696e-01
2.416898181747595409e-02
-3.492563880214367700e-01
-5.903747592110422104e-01
-2.269629071718603508e-01
-2.449361641308334114e-02
-2.200680014073983504e-01
-3.526314494831764845e-01
2.563734779765053928e-01
1.957772787793183866e-01
2.106137110436340221e-01
4.316334041573436364e-01
9.429504756754056860e-01
1.026733887502253140e+00
6.995614413899355899e-01
1.952688010780000982e-01
-1.575601527076491704e-01
-3.312208617601142269e-01
-8.371333123580293467e-02
4.411926746234470231e-01
7.882396741958728192e-01
7.616337075516779187e-01
2.887581207101464487e-01
-1.664223951260494772e-01
-4.431399028785764083e-01
-4.195673047681603984e-01
-3.008898086817080042e-02
4.326828971820603220e-01
2.359353972190426640e-01
2.303598073453665407e-01
3.359768600815585815e-01
3.072247492468747621e-01
-4.451194919822445972e-02
-2.766694670056919492e-01
-6.564334760024289617e-01
-6.922046788996416566e-02
9.935484105517460307e-01
8.033193460491276916e-01
8.513031597570530629e-02
-4.848575039012004151e-01
-5.396827586340512406e-01
1.162286483594998643e-02
-4.235949092869546462e-01
-7.815812227029554915e-01
-8.262364233386879642e-01
6.353025803445849773e-01
5.321795693345747758e-01
3.843420466387723611e-01
4.230562473732936146e-01
4.071540833183380226e-01
2.836185835410236500e-01
7.231762237648997615e-02
-2.249568200690074127e-01
-3.408627817820830685e-01
-1.263073413579631765e-01
3.868154425296246313e-01
8.355993110136915591e-01
7.370762205152150415e-01
2.223718178838527404e-01
4.364671182907264857e-02
-1.333438347497323262e-01
-3.810469489426585588e-01
-2.993824440336781412e-01
-2.532481608345364954e-01
-6.759342660484206622e-01
-8.451216306009728951e-01
-6.374020465045213690e-01
-2.416567765595578621e-02
7.679533993615204057e-01
3.202814861308103112e-01
-1.206654685014617368e+00
-1.966114621488640468e+00
1.129271254008705760e-01
1.695955237604313659e+00
2.406450194687335120e-01
-1.090653172723893949e+00
-1.259179742990262252e+00
8.657119069867981187e-01
-3.836697169646285932e-01
-1.324021563041895000e+00
-5.360714790240677097e-01
3.292913597952760174e-01
1.063185076689479036e-01
3.554096882441126759e-01
1.637898328579864948e+00
2.498812136858297173e+00
1.579427305368939161e+00
1.486497069564600704e-01
-2.848980342542479782e-01
-6.204357239901989729e-01
-4.862437435082180848e-01
3.427756156036285695e-01
1.442348356757205075e+00
3.443495427288716382e-01
-1.133815914168376127e+00
1.043899923587023326e-01
-8.923039875227904982e-01
-9.232338086192667381e-01
-6.356169792071960645e-01
-1.596460212676533708e+00
-2.014550136965869598e+00
-9.955352036513769320e-01
9.243864293227088691e-01
4.508723700942807167e-01
1.564274661941621902e+00
9.945221607593217605e-01
-3.375792913781729965e+00
-6.837709036247606065e+00
-4.952581151221916222e+00
2.216895692078182378e-01
1.279692061814083903e+00
-1.717228414576310591e+00
-2.321982821885688608e+00
-1.138217191054822219e-01
-7.940877204553393742e-01
-2.907485955227043117e+00
-4.582099871734430785e+00
-5.026054975082873355e+00
-2.719164933709277143e+00
1.414070935266664719e+00
5.963309176773735842e+00
6.709375969702101372e+00
5.006692460006291867e+00
1.236203735058891695e-01
-1.037664636227889403e+00
-7.579553247523858062e-01
-1.052051660689389934e+00
-9.348041197549199488e-01
7.427264581301715740e-01
-1.929639884388758553e-01
-1.748662168182056220e+00
-1.269619977685834122e+00
-4.335475733310638624e-01
-1.550526055685065074e+00
-2.325805665990797078e+00
-3.928276003036308417e+00
-2.798172065263933028e+00
1.143796783890156377e+00
6.146541411773118746e+00
7.018560806653995954e+00
4.633428998771535134e+00
3.345413905721632108e+00
8.253567097602720892e-02
-1.699214803577875799e+00
-2.100888441284362251e+00
-1.867335923406354459e+00
-2.849513870466600096e-01
-1.444957477293447479e+00
-2.574848459440850057e+00
-1.049183492015957508e+00
1.270068809209158989e+00
-2.554480477633271018e+00
-4.119902157232290030e+00
-4.128434669597453421e+00
-2.894033938291403985e+00
-6.261824172226377883e-01
2.326592917653921955e+00
3.600262491514421903e+00
2.071200866086557291e+00
4.851988110531545439e-01
-9.346919076787278957e-01
-1.712504246983931333e+00
-1.472444027030450409e+00
-8.103093861202714798e-02
7.447178653163111228e-02
-1.163890164236702773e-01
-1.760552909336765559e-02
-8.744629371231763537e-01
-1.107945776788074710e+00
5.939754977208955289e-02
-2.727362297713249450e-01
-1.652926356370163941e+00
-1.715586046320534130e+00
-3.685029975377376310e-01
1.032123157093659094e+00
-1.906099449613464003e+00
-1.724237761210701159e+00
2.119773256318044918e-01
9.469265548341543326e-01
4.278929457289424310e-01
2.202594223966860554e-01
-5.939486075158026956e-01
-1.407883210658420703e+00
-1.301173506822124848e+00
-5.652961780277525605e-01
-1.874698167376394053e-01
0.000000000000000000e+00
0.000000000000000000e+00
0.000000000000000000e+00
0.000000000000000000e+00
0.000000000000000000e+00
0.000000000000000000e+00
0.000000000000000000e+00
0.000000000000000000e+00
0.000000000000000000e+00
0.000000000000000000e+00
0.000000000000000000e+00
0.000000000000000000e+00
0.000000000000000000e+00
0.000000000000000000e+00
0.000000000000000000e+00
0.000000000000000000e+00
0.000000000000000000e+00
0.000000000000000000e+00
0.000000000000000000e+00
0.000000000000000000e+00
0.000000000000000000e+00
0.000000000000000000e+00
0.000000000000000000e+00
0.000000000000000000e+00
0.000000000000000000e+00
0.000000000000000000e+00
0.000000000000000000e+00
0.000000000000000000e+00
0.000000000000000000e+00
0.000000000000000000e+00
0.000000000000000000e+00
0.000000000000000000e+00
0.000000000000000000e+00
0.000000000000000000e+00
0.000000000000000000e+00
0.000000000000000000e+00
0.000000000000000000e+00
0.000000000000000000e+00
0.000000000000000000e+00
0.000000000000000000e+00
0.000000000000000000e+00
0.000000000000000000e+00
0.000000000000000000e+00
0.000000000000000000e+00
0.000000000000000000e+00
0.000000000000000000e+00
0.000000000000000000e+00
0.000000000000000000e+00
0.000000000000000000e+00
0.000000000000000000e+00
0.000000000000000000e+00
0.000000000000000000e+00
0.000000000000000000e+00
0.000000000000000000e+00
0.000000000000000000e+00
0.000000000000000000e+00
0.000000000000000000e+00
0.000000000000000000e+00
0.000000000000000000e+00
0.000000000000000000e+00
0.000000000000000000e+00
0.000000000000000000e+00
0.000000000000000000e+00
0.000000000000000000e+00
0.000000000000000000e+00
0.000000000000000000e+00
0.000000000000000000e+00
0.000000000000000000e+00
0.000000000000000000e+00
0.000000000000000000e+00
0.000000000000000000e+00
0.000000000000000000e+00
0.000000000000000000e+00
0.000000000000000000e+00
0.000000000000000000e+00
0.000000000000000000e+00
0.000000000000000000e+00
0.000000000000000000e+00
0.000000000000000000e+00
0.000000000000000000e+00
0.000000000000000000e+00
0.000000000000000000e+00
0.000000000000000000e+00
0.000000000000000000e+00
0.000000000000000000e+00
0.000000000000000000e+00
0.000000000000000000e+00
0.000000000000000000e+00
0.000000000000000000e+00
0.000000000000000000e+00
0.000000000000000000e+00
0.000000000000000000e+00
0.000000000000000000e+00
0.000000000000000000e+00
0.000000000000000000e+00
0.000000000000000000e+00
0.000000000000000000e+00
0.000000000000000000e+00
0.000000000000000000e+00
0.000000000000000000e+00
0.000000000000000000e+00
0.000000000000000000e+00
