-1.030975341796874556e+00
1.572569981255610205e+00
3.263045012356778241e+00
2.451133856471169992e+00
1.686824428958571875e+00
1.183108412535727627e+00
-2.986373384785339091e-01
-1.911281318074955493e+00
-3.488575688210924231e-01
1.613492846378146606e+00
9.091352732621741373e-01
1.045811350583146115e+00
4.741225456259039461e-01
-5.269397490257419214e-01
-9.505009448213272982e-01
5.481207617505181595e-01
2.062985459790572573e+00
8.481896636442742832e-01
-3.461515862764648066e-01
-4.282758131110111499e-01
-9.480349891333630374e-01
-2.157647427594908240e+00
-2.887287171011006404e+00
-1.537312560122257921e+00
1.842586999450254837e+00
2.453835390489310431e+00
1.580675289291483043e+00
3.969190566286910915e-01
-7.148084046834224381e-01
-9.459147346342309248e-01
1.289165586613605363e-01
-2.351069609226984269e+00
-4.453628776645148335e+00
-4.176311768146134362e+00
-4.619930058514936100e-01
-1.730856268010305676e+00
-5.451149219913313360e+00
-6.865079864120585462e+00
-4.540903997535830960e+00
-4.715369208283921587e-01
-6.355030007813087245e-01
-2.313838700191646502e+00
-3.713913201933368491e+00
-3.564830598806060458e+00
-6.030425932623764140e-01
1.486524048068864179e+00
5.774497991824674159e-01
8.276385186332966271e-01
1.882228464808412660e+00
6.062553410260016484e-01
-2.640416790952366810e+00
-4.476936577296076081e+00
-2.135781104255419560e+00
-4.980249002364800504e-02
-2.809388095828528442e+00
-3.286853501249622944e+00
-2.632751930486965097e+00
-2.891634795508087219e+00
-3.573084801623528595e+00
-3.564381545906933901e+00
-2.624116381055235259e+00
1.696636398216708752e-01
4.657130966345117695e-01
2.358160428555100552e-02
1.128690298895835831e-01
-1.839063394700208853e-01
-1.437379076843944947e+00
-3.330345530882869554e+00
-3.524920882998951122e+00
-2.231572144062099916e+00
-7.374138699605590208e-01
-4.743212507179550563e-01
-6.101913548010695632e-01
-4.903017374532820938e-01
-3.719609990882428718e-01
-1.346657592412433768e+00
-2.413087912284029635e+00
-2.977292054799156595e+00
-2.987331340747725328e+00
-2.372896556831441295e+00
-1.496904913757107103e+00
-8.907620967615261787e-01
-1.338369586643286979e+00
-2.216479147967196361e+00
-2.419059425459529677e+00
-2.355802267851847986e+00
-2.141684795825732124e+00
-1.609035411959249151e+00
-8.539341391773535017e-01
-4.860726196048432701e-01
-4.277732632714953409e-01
4.781222806236673506e-02
4.007196475181284967e-01
4.797005843816783965e-01
5.380096221532068013e-01
-8.316953197649468166e-03
-4.312609416650303729e-01
-6.065650072345825095e-01
-5.926695410501501282e-01
-4.114450677877572460e-01
-6.934986762204276012e-02
4.845426968394453970e-01
6.557568444980711453e-01
4.073195937736005523e-01
-2.184815798690745714e-01
-3.006763462027868816e-01
-9.331258607037279384e-02
-3.403643548360248960e-01
-7.712108979921423746e-01
-6.319006607480930349e-01
-7.510471776979765757e-02
7.615866999861697906e-02
-7.218996996312053716e-01
-1.085465515862476416e+00
-9.862665789131063176e-01
-9.765533681031441926e-01
-1.131044319457777059e+00
-9.504562767498534459e-01
-2.587261467984547370e-01
3.414347640025400255e-01
-6.466237299860593257e-01
-1.408012236022473829e+00
-1.346982228158787986e+00
-5.471847918911907360e-01
-2.269635408114856201e-01
-9.904668684950194146e-01
-1.409056101673362038e+00
-1.391352408963313358e+00
-5.416108310757383748e-01
3.677596263086424511e-01
4.993004692682266321e-01
-4.366895843274882782e-01
-7.750466151233428302e-01
-7.282570373831400712e-01
-3.394359179356618572e-01
5.815021030616310260e-02
-3.752323106201915781e-02
1.669312732746373595e-01
-6.237116483675166911e-01
-8.278282424761604918e-01
-1.140108124857568184e+00
-1.286940069796378205e+00
-1.208872634798213053e+00
-1.239769503006577178e+00
-1.387099199374253189e+00
-1.527232815143435118e+00
-1.154712405901784145e+00
-1.250591180610722386e+00
-1.378649160684417119e+00
-8.930614435760169112e-01
-9.323641540046014864e-01
-2.228365269882902844e+00
-2.990393156733013313e+00
-2.798193074467304253e+00
-2.020117720398722838e+00
-1.448324831111313049e+00
-1.453562177822480095e+00
-9.052706393642988569e-01
3.298834163263044128e-01
-1.074587232101157586e+00
-1.131109214398604790e+00
-1.905687839411158713e+00
-3.204801895740316819e+00
-3.955228026318834189e+00
-3.802018636687276132e+00
-3.025963963343797580e+00
-2.045823922272787421e+00
-1.275482435055440122e+00
-9.427749248062374798e-01
-1.479535138610975409e+00
-2.276356753876451755e+00
-2.579621852366261958e+00
-2.441341280889645304e+00
-2.227100862461162123e+00
-1.961418707996166244e+00
-1.540599290099122998e+00
-1.174635658282231487e+00
-1.290389329032280763e+00
-1.849599286769770590e+00
-2.236765895654534653e+00
-2.105484482420870052e+00
-1.769510772491782236e+00
-2.015129867742393444e+00
-2.268552237215520240e+00
-1.941185787664769791e+00
-1.127320056756676125e+00
-6.399496108526065985e-01
-8.722632367371743189e-01
-9.753190254768984158e-01
-1.060824724900223170e+00
-5.677593348937997053e-01
7.179935636079715078e-02
1.867594807818665492e-01
3.069958966104479048e-01
-5.302366888842613424e-01
-1.498139347397271504e+00
-1.697835100581098544e+00
-1.353656011528745040e+00
-1.424088483781561276e+00
-1.650238037109374112e+00
-1.424088483781561276e+00
-1.353656011528745040e+00
-1.697835100581098544e+00
-1.498139347397271504e+00
-5.302366888842613424e-01
3.069958966104479048e-01
1.867594807818665492e-01
7.179935636079715078e-02
-5.677593348937997053e-01
-1.060824724900223170e+00
-9.753190254768984158e-01
-8.722632367371743189e-01
-6.399496108526065985e-01
-1.127320056756676125e+00
-1.941185787664769791e+00
-2.268552237215520240e+00
-2.015129867742393444e+00
-1.769510772491782236e+00
-2.105484482420870052e+00
-2.236765895654534653e+00
-1.849599286769770590e+00
-1.290389329032280763e+00
-1.174635658282231487e+00
-1.540599290099122998e+00
-1.961418707996166244e+00
-2.227100862461162123e+00
-2.441341280889645304e+00
-2.579621852366261958e+00
-2.276356753876451755e+00
-1.479535138610975409e+00
-9.427749248062374798e-01
-1.275482435055440122e+00
-2.045823922272787421e+00
-3.025963963343797580e+00
-3.802018636687276132e+00
-3.955228026318834189e+00
-3.204801895740316819e+00
-1.905687839411158713e+00
-1.131109214398604790e+00
-1.074587232101157586e+00
3.298834163263044128e-01
-9.052706393642988569e-01
-1.453562177822480095e+00
-1.448324831111313049e+00
-2.020117720398722838e+00
-2.798193074467304253e+00
-2.990393156733013313e+00
-2.228365269882902844e+00
-9.323641540046014864e-01
-8.930614435760169112e-01
-1.378649160684417119e+00
-1.250591180610722386e+00
-1.154712405901784145e+00
-1.527232815143435118e+00
-1.387099199374253189e+00
-1.239769503006577178e+00
-1.208872634798213053e+00
-1.286940069796378205e+00
-1.140108124857568184e+00
-8.278282424761604918e-01
-6.237116483675166911e-01
1.669312732746373595e-01
-3.752323106201915781e-02
5.815021030616310260e-02
-3.394359179356618572e-01
-7.282570373831400712e-01
-7.750466151233428302e-01
-4.366895843274882782e-01
4.993004692682266321e-01
3.677596263086424511e-01
-5.416108310757383748e-01
-1.391352408963313358e+00
-1.409056101673362038e+00
-9.904668684950194146e-01
-2.269635408114856201e-01
-5.471847918911907360e-01
-1.346982228158787986e+00
-1.408012236022473829e+00
-6.466237299860593257e-01
3.414347640025400255e-01
-2.587261467984547370e-01
-9.504562767498534459e-01
-1.131044319457777059e+00
-9.765533681031441926e-01
-9.862665789131063176e-01
-1.085465515862476416e+00
-7.218996996312053716e-01
7.615866999861697906e-02
-7.510471776979765757e-02
-6.319006607480930349e-01
-7.712108979921423746e-01
-3.403643548360248960e-01
-9.331258607037279384e-02
-3.006763462027868816e-01
-2.184815798690745714e-01
4.073195937736005523e-01
6.557568444980711453e-01
4.845426968394453970e-01
-6.934986762204276012e-02
-4.114450677877572460e-01
-5.926695410501501282e-01
-6.065650072345825095e-01
-4.312609416650303729e-01
-8.316953197649468166e-03
5.380096221532068013e-01
4.797005843816783965e-01
4.007196475181284967e-01
4.781222806236673506e-02
-4.277732632714953409e-01
-4.860726196048432701e-01
-8.539341391773535017e-01
-1.609035411959249151e+00
-2.141684795825732124e+00
-2.355802267851847986e+00
-2.419059425459529677e+00
-2.216479147967196361e+00
-1.338369586643286979e+00
-8.907620967615261787e-01
-1.496904913757107103e+00
-2.372896556831441295e+00
-2.987331340747725328e+00
-2.977292054799156595e+00
-2.413087912284029635e+00
-1.346657592412433768e+00
-3.719609990882428718e-01
-4.903017374532820938e-01
-6.101913548010695632e-01
-4.743212507179550563e-01
-7.374138699605590208e-01
-2.231572144062099916e+00
-3.524920882998951122e+00
-3.330345530882869554e+00
-1.437379076843944947e+00
-1.839063394700208853e-01
1.128690298895835831e-01
2.358160428555100552e-02
4.657130966345117695e-01
1.696636398216708752e-01
-2.624116381055235259e+00
-3.564381545906933901e+00
-3.573084801623528595e+00
-2.891634795508087219e+00
-2.632751930486965097e+00
-3.286853501249622944e+00
-2.809388095828528442e+00
-4.980249002364800504e-02
-2.135781104255419560e+00
-4.476936577296076081e+00
-2.640416790952366810e+00
6.062553410260016484e-01
1.882228464808412660e+00
8.276385186332966271e-01
5.774497991824674159e-01
1.486524048068864179e+00
-6.030425932623764140e-01
-3.564830598806060458e+00
-3.713913201933368491e+00
-2.313838700191646502e+00
-6.355030007813087245e-01
-4.715369208283921587e-01
-4.540903997535830960e+00
-6.865079864120585462e+00
-5.451149219913313360e+00
-1.730856268010305676e+00
-4.619930058514936100e-01
-4.176311768146134362e+00
-4.453628776645148335e+00
-2.351069609226984269e+00
1.289165586613605363e-01
-9.459147346342309248e-01
-7.148084046834224381e-01
3.969190566286910915e-01
1.580675289291483043e+00
2.453835390489310431e+00
1.842586999450254837e+00
-1.537312560122257921e+00
-2.887287171011006404e+00
-2.157647427594908240e+00
-9.480349891333630374e-01
-4.282758131110111499e-01
-3.461515862764648066e-01
8.481896636442742832e-01
2.062985459790572573e+00
5.481207617505181595e-01
-9.505009448213272982e-01
-5.269397490257419214e-01
4.741225456259039461e-01
1.045811350583146115e+00
9.091352732621741373e-01
1.613492846378146606e+00
-3.488575688210924231e-01
-1.911281318074955493e+00
-2.986373384785339091e-01
1.183108412535727627e+00
1.686824428958571875e+00
2.451133856471169992e+00
3.263045012356778241e+00
1.572569981255610205e+00
0.000000000000000000e+00
0.000000000000000000e+00
0.000000000000000000e+00
0.000000000000000000e+00
0.000000000000000000e+00
0.000000000000000000e+00
0.000000000000000000e+00
0.000000000000000000e+00
0.000000000000000000e+00
0.000000000000000000e+00
0.000000000000000000e+00
0.000000000000000000e+00
0.000000000000000000e+00
0.000000000000000000e+00
0.000000000000000000e+00
0.000000000000000000e+00
0.000000000000000000e+00
0.000000000000000000e+00
0.000000000000000000e+00
0.000000000000000000e+00
0.000000000000000000e+00
0.000000000000000000e+00
0.000000000000000000e+00
0.000000000000000000e+00
0.000000000000000000e+00
0.000000000000000000e+00
0.000000000000000000e+00
0.000000000000000000e+00
0.000000000000000000e+00
0.000000000000000000e+00
0.000000000000000000e+00
0.000000000000000000e+00
0.000000000000000000e+00
0.000000000000000000e+00
0.000000000000000000e+00
0.000000000000000000e+00
0.000000000000000000e+00
0.000000000000000000e+00
0.000000000000000000e+00
0.000000000000000000e+00
0.000000000000000000e+00
0.000000000000000000e+00
0.000000000000000000e+00
0.000000000000000000e+00
0.000000000000000000e+00
0.000000000000000000e+00
0.000000000000000000e+00
0.000000000000000000e+00
0.000000000000000000e+00
0.000000000000000000e+00
0.000000000000000000e+00
0.000000000000000000e+00
0.000000000000000000e+00
0.000000000000000000e+00
0.000000000000000000e+00
0.000000000000000000e+00
0.000000000000000000e+00
0.000000000000000000e+00
0.000000000000000000e+00
0.000000000000000000e+00
0.000000000000000000e+00
0.000000000000000000e+00
0.000000000000000000e+00
0.000000000000000000e+00
0.000000000000000000e+00
0.000000000000000000e+00
0.000000000000000000e+00
0.000000000000000000e+00
0.000000000000000000e+00
0.000000000000000000e+00
0.000000000000000000e+00
0.000000000000000000e+00
0.000000000000000000e+00
0.000000000000000000e+00
0.000000000000000000e+00
0.000000000000000000e+00
0.000000000000000000e+00
0.000000000000000000e+00
0.000000000000000000e+00
0.000000000000000000e+00
0.000000000000000000e+00
0.000000000000000000e+00
0.000000000000000000e+00
0.000000000000000000e+00
0.000000000000000000e+00
0.000000000000000000e+00
0.000000000000000000e+00
0.000000000000000000e+00
0.000000000000000000e+00
0.000000000000000000e+00
0.000000000000000000e+00
0.000000000000000000e+00
0.000000000000000000e+00
0.000000000000000000e+00
0.000000000000000000e+00
0.000000000000000000e+00
0.000000000000000000e+00
0.000000000000000000e+00
0.000000000000000000e+00
0.000000000000000000e+00
0.000000000000000000e+00
0.000000000000000000e+00
