1.504486083984374778e+00
1.049897487853802325e+00
1.713699081864441531e-01
1.774798887022865923e-01
5.792950897033932733e-01
3.412407801170038724e-01
-3.030529345951221698e-01
-2.109678189306972151e-01
-3.602346199362072010e-02
-9.471141975325635398e-01
-1.227234390042151180e+00
-4.173006598590993654e-01
1.975175665670809710e-01
4.398010369870285485e-01
8.982098411677249539e-01
1.183967283897276346e+00
9.956351276027342045e-01
3.805401066177971359e-02
6.803033828181784815e-01
1.521003644555483314e+00
8.517404890746218538e-01
-8.044447426385246125e-01
-9.924326793645361633e-01
-8.078042614277580746e-01
-1.058236491857297290e+00
-4.890689607278575490e-01
5.858409976666147934e-01
-3.651067861921606372e-01
-4.416293856513018312e-01
4.183262821444158064e-01
1.159790226343641040e+00
9.452493279793645620e-01
-5.427727833127158341e-01
5.359145844770765166e-01
2.384455371063979978e+00
2.177344793660600963e+00
-7.995195295610328934e-01
-1.360081621421250553e+00
-1.016065815268225592e+00
-7.588796217888633677e-01
-7.426115608282275460e-01
-9.135361639944559187e-01
-1.352806153189766158e+00
-7.570200950336882784e-01
5.011145227863558205e-01
8.580097428403981041e-01
8.311191940119755373e-03
3.811351450663913454e-03
2.112562755151863314e-01
1.262508461498739187e-01
-8.281459759253760877e-01
-1.007688506900474401e+00
-1.025297827763505643e+00
-6.705222082193793565e-01
-5.480086925318929936e-01
-2.782780102713866555e-01
4.102324549506175533e-01
3.911798179457534053e-01
-2.721194335798466923e-01
1.402471899869470739e-01
8.815984760151249766e-01
1.694827540790679210e+00
2.144524830933438153e+00
1.815123503208972533e+00
1.538235510239214010e+00
1.506531387235249930e+00
1.268428603963379420e+00
9.114207704947853150e-01
-4.786315976562857122e-01
-5.351000101832665834e-01
-3.362408002514083449e-03
5.630667988817228409e-01
7.225769026209646340e-01
4.658736944982764250e-01
1.821368801647161861e-01
1.049367191528571386e+00
5.169784020826946325e-01
-6.321061149157665149e-01
-1.184467036198848078e+00
-8.886755238722772177e-01
-3.514117802556162573e-01
-2.565450516065559405e-01
-3.553305378411493187e-01
-1.619535846774975418e-01
3.772200755580091824e-01
1.149868342271246346e-01
-1.432548202103725021e-01
-6.148161208325947369e-01
-1.754652422831842307e+00
-2.387462839859025188e+00
-2.406210720082024412e+00
-1.933575319846345231e+00
-1.142229348337734152e+00
4.002498259942087744e-01
1.466614385096529194e+00
9.245007049982594260e-01
5.179738078636222376e-01
5.086570180340301839e-01
6.981947043372311867e-01
7.782769664924269470e-01
6.417917448805714464e-01
3.265784705467387194e-01
-6.315505015129940780e-02
2.015743205372653168e-01
3.941191372323498698e-01
7.076587879549296467e-01
4.723341621291201609e-01
-4.971037172902770251e-01
-1.697669121171869966e+00
-1.239631956688945325e+00
-2.811583781283131245e-01
3.238184561586703314e-01
-1.691448352439811065e-01
3.419995870549683570e-01
1.061904334556378560e+00
1.505873611786706645e+00
1.418629553870564886e+00
8.890724974857824314e-01
2.294070721101277854e-01
-3.636738837499612909e-01
-3.384174196598195850e-01
-2.459729827937440216e-01
-8.002759959753099617e-01
-1.654840798236274502e+00
-9.225784253658748657e-01
-5.327402008322716931e-01
-6.675462552214708190e-01
-1.254108507572243125e+00
6.864353249124666156e-02
1.423362537080564927e+00
1.916406400689372624e+00
1.542579411196940420e+00
2.379872675163312579e-01
-1.786452579583477807e+00
-2.313105431197907791e+00
4.963470889752343851e-01
3.067317870326822238e+00
4.124337545306954844e+00
2.436911873227488368e+00
1.010127657977645699e+00
6.067280147023046410e-01
1.296745718559533245e-01
2.023982055527606683e-02
8.721423653843549673e-01
1.356742804993942064e+00
8.589350060042844071e-02
-2.037036249449910574e-01
6.829026809397626963e-01
5.845400599250647478e-01
-1.733166670212716864e-01
1.344020496253123476e+00
1.947788856364774501e+00
1.313057665997568790e+00
4.287525677353596354e-01
1.264775701244013728e+00
2.344023696198604956e+00
2.345934333547824657e+00
1.978332126643635336e+00
1.085312856582142604e+00
1.470719215415099423e-01
-3.524047612494991544e-01
-1.360451097536992116e-01
-3.855763873604429737e-01
-1.024815833044606883e+00
-7.069658671093660418e-01
7.393283495201424804e-01
1.512262464757098357e+00
9.768938885096352109e-01
2.322752787613231451e-01
7.543677047929981949e-01
2.035502063570476139e+00
1.758517805674779666e+00
9.790819528824581397e-01
1.469656714992728652e-02
-2.504458583060145127e-01
7.364791955154403880e-02
1.113471974941746545e-01
-1.981704268297015403e-01
-6.917129311709167006e-01
-1.348666467163547544e+00
-2.343614728463242258e+00
-2.533502018038753079e+00
-1.455404761087934595e+00
-8.765521280895516298e-01
-1.926420929025306039e+00
-2.811175304604994984e+00
-2.284628047590521405e+00
-1.751682905036860749e+00
-1.416243811824150933e+00
-1.008671363448418345e+00
-3.470657593987407363e-01
-1.402346715443814062e-03
3.314188361254930548e-01
5.669298027961492403e-01
2.443373403577997482e-01
-3.388315709196618730e-01
-6.407150744903334916e-01
-5.421258769999470761e-01
-3.200350516640855236e-01
-3.200350516640855236e-01
-5.421258769999470761e-01
-6.407150744903334916e-01
-3.388315709196618730e-01
2.443373403577997482e-01
5.669298027961492403e-01
3.314188361254930548e-01
-1.402346715443814062e-03
-3.470657593987407363e-01
-1.008671363448418345e+00
-1.416243811824150933e+00
-1.751682905036860749e+00
-2.284628047590521405e+00
-2.811175304604994984e+00
-1.926420929025306039e+00
-8.765521280895516298e-01
-1.455404761087934595e+00
-2.533502018038753079e+00
-2.343614728463242258e+00
-1.348666467163547544e+00
-6.917129311709167006e-01
-1.981704268297015403e-01
1.113471974941746545e-01
7.364791955154403880e-02
-2.504458583060145127e-01
1.469656714992728652e-02
9.790819528824581397e-01
1.758517805674779666e+00
2.035502063570476139e+00
7.543677047929981949e-01
2.322752787613231451e-01
9.768938885096352109e-01
1.512262464757098357e+00
7.393283495201424804e-01
-7.069658671093660418e-01
-1.024815833044606883e+00
-3.855763873604429737e-01
-1.360451097536992116e-01
-3.524047612494991544e-01
1.470719215415099423e-01
1.085312856582142604e+00
1.978332126643635336e+00
2.345934333547824657e+00
2.344023696198604956e+00
1.264775701244013728e+00
4.287525677353596354e-01
1.313057665997568790e+00
1.947788856364774501e+00
1.344020496253123476e+00
-1.733166670212716864e-01
5.845400599250647478e-01
6.829026809397626963e-01
-2.037036249449910574e-01
8.589350060042844071e-02
1.356742804993942064e+00
8.721423653843549673e-01
2.023982055527606683e-02
1.296745718559533245e-01
6.067280147023046410e-01
1.010127657977645699e+00
2.436911873227488368e+00
4.124337545306954844e+00
3.067317870326822238e+00
4.963470889752343851e-01
-2.313105431197907791e+00
-1.786452579583477807e+00
2.379872675163312579e-01
1.542579411196940420e+00
1.916406400689372624e+00
1.423362537080564927e+00
6.864353249124666156e-02
-1.254108507572243125e+00
-6.675462552214708190e-01
-5.327402008322716931e-01
-9.225784253658748657e-01
-1.654840798236274502e+00
-8.002759959753099617e-01
-2.459729827937440216e-01
-3.384174196598195850e-01
-3.636738837499612909e-01
2.294070721101277854e-01
8.890724974857824314e-01
1.418629553870564886e+00
1.505873611786706645e+00
1.061904334556378560e+00
3.419995870549683570e-01
-1.691448352439811065e-01
3.238184561586703314e-01
-2.811583781283131245e-01
-1.239631956688945325e+00
-1.697669121171869966e+00
-4.971037172902770251e-01
4.723341621291201609e-01
7.076587879549296467e-01
3.941191372323498698e-01
2.015743205372653168e-01
-6.315505015129940780e-02
3.265784705467387194e-01
6.417917448805714464e-01
7.782769664924269470e-01
6.981947043372311867e-01
5.086570180340301839e-01
5.179738078636222376e-01
9.245007049982594260e-01
1.466614385096529194e+00
4.002498259942087744e-01
-1.142229348337734152e+00
-1.933575319846345231e+00
-2.406210720082024412e+00
-2.387462839859025188e+00
-1.754652422831842307e+00
-6.148161208325947369e-01
-1.432548202103725021e-01
1.149868342271246346e-01
3.772200755580091824e-01
-1.619535846774975418e-01
-3.553305378411493187e-01
-2.565450516065559405e-01
-3.514117802556162573e-01
-8.886755238722772177e-01
-1.184467036198848078e+00
-6.321061149157665149e-01
5.169784020826946325e-01
1.049367191528571386e+00
1.821368801647161861e-01
4.658736944982764250e-01
7.225769026209646340e-01
5.630667988817228409e-01
-3.362408002514083449e-03
-5.351000101832665834e-01
-4.786315976562857122e-01
9.114207704947853150e-01
1.268428603963379420e+00
1.506531387235249930e+00
1.538235510239214010e+00
1.815123503208972533e+00
2.144524830933438153e+00
1.694827540790679210e+00
8.815984760151249766e-01
1.402471899869470739e-01
-2.721194335798466923e-01
3.911798179457534053e-01
4.102324549506175533e-01
-2.782780102713866555e-01
-5.480086925318929936e-01
-6.705222082193793565e-01
-1.025297827763505643e+00
-1.007688506900474401e+00
-8.281459759253760877e-01
1.262508461498739187e-01
2.112562755151863314e-01
3.811351450663913454e-03
8.311191940119755373e-03
8.580097428403981041e-01
5.011145227863558205e-01
-7.570200950336882784e-01
-1.352806153189766158e+00
-9.135361639944559187e-01
-7.426115608282275460e-01
-7.588796217888633677e-01
-1.016065815268225592e+00
-1.360081621421250553e+00
-7.995195295610328934e-01
2.177344793660600963e+00
2.384455371063979978e+00
5.359145844770765166e-01
-5.427727833127158341e-01
9.452493279793645620e-01
1.159790226343641040e+00
4.183262821444158064e-01
-4.416293856513018312e-01
-3.651067861921606372e-01
5.858409976666147934e-01
-4.890689607278575490e-01
-1.058236491857297290e+00
-8.078042614277580746e-01
-9.924326793645361633e-01
-8.044447426385246125e-01
8.517404890746218538e-01
1.521003644555483314e+00
6.803033828181784815e-01
3.805401066177971359e-02
9.956351276027342045e-01
1.183967283897276346e+00
8.982098411677249539e-01
4.398010369870285485e-01
1.975175665670809710e-01
-4.173006598590993654e-01
-1.227234390042151180e+00
-9.471141975325635398e-01
-3.602346199362072010e-02
-2.109678189306972151e-01
-3.030529345951221698e-01
3.412407801170038724e-01
5.792950897033932733e-01
1.774798887022865923e-01
1.713699081864441531e-01
1.049897487853802325e+00
0.000000000000000000e+00
0.000000000000000000e+00
0.000000000000000000e+00
0.000000000000000000e+00
0.000000000000000000e+00
0.000000000000000000e+00
0.000000000000000000e+00
0.000000000000000000e+00
0.000000000000000000e+00
0.000000000000000000e+00
0.000000000000000000e+00
0.000000000000000000e+00
0.000000000000000000e+00
0.000000000000000000e+00
0.000000000000000000e+00
0.000000000000000000e+00
0.000000000000000000e+00
0.000000000000000000e+00
0.000000000000000000e+00
0.000000000000000000e+00
0.000000000000000000e+00
0.000000000000000000e+00
0.000000000000000000e+00
0.000000000000000000e+00
0.000000000000000000e+00
0.000000000000000000e+00
0.000000000000000000e+00
0.000000000000000000e+00
0.000000000000000000e+00
0.000000000000000000e+00
0.000000000000000000e+00
0.000000000000000000e+00
0.000000000000000000e+00
0.000000000000000000e+00
0.000000000000000000e+00
0.000000000000000000e+00
0.000000000000000000e+00
0.000000000000000000e+00
0.000000000000000000e+00
0.000000000000000000e+00
0.000000000000000000e+00
0.000000000000000000e+00
0.000000000000000000e+00
0.000000000000000000e+00
0.000000000000000000e+00
0.000000000000000000e+00
0.000000000000000000e+00
0.000000000000000000e+00
0.000000000000000000e+00
0.000000000000000000e+00
0.000000000000000000e+00
0.000000000000000000e+00
0.000000000000000000e+00
0.000000000000000000e+00
0.000000000000000000e+00
0.000000000000000000e+00
0.000000000000000000e+00
0.000000000000000000e+00
0.000000000000000000e+00
0.000000000000000000e+00
0.000000000000000000e+00
0.000000000000000000e+00
0.000000000000000000e+00
0.000000000000000000e+00
0.000000000000000000e+00
0.000000000000000000e+00
0.000000000000000000e+00
0.000000000000000000e+00
0.000000000000000000e+00
0.000000000000000000e+00
0.000000000000000000e+00
0.000000000000000000e+00
0.000000000000000000e+00
0.000000000000000000e+00
0.000000000000000000e+00
0.000000000000000000e+00
0.000000000000000000e+00
0.000000000000000000e+00
0.000000000000000000e+00
0.000000000000000000e+00
0.000000000000000000e+00
0.000000000000000000e+00
0.000000000000000000e+00
0.000000000000000000e+00
0.000000000000000000e+00
0.000000000000000000e+00
0.000000000000000000e+00
0.000000000000000000e+00
0.000000000000000000e+00
0.000000000000000000e+00
0.000000000000000000e+00
0.000000000000000000e+00
0.000000000000000000e+00
0.000000000000000000e+00
0.000000000000000000e+00
0.000000000000000000e+00
0.000000000000000000e+00
0.000000000000000000e+00
0.000000000000000000e+00
0.000000000000000000e+00
0.000000000000000000e+00
0.000000000000000000e+00
0.000000000000000000e+00
