-2.719604492187500000e+00
-1.641426340455911292e+00
-1.211587588904891710e+00
-2.031589099742453275e+00
1.108188255142712686e+00
4.140738766029611106e+00
4.553597596005077186e+00
3.814737999334969043e+00
3.562249501208437863e+00
2.477599345648611173e+00
2.455371468000032920e+00
5.788577116817933188e+00
2.559280603636508999e+00
4.358282076981291553e+00
8.042148810979034224e+00
2.893228601292502589e+00
5.456437632095562762e+00
8.446638023314401167e+00
3.358852871505097148e+00
4.149951696724988537e+00
7.534067057929593858e+00
3.425248616901646503e+00
3.537261713935551555e+00
6.786823740978396025e+00
4.173146069954914772e+00
2.086716628021870079e+00
4.849852402367344162e+00
5.202716362998885735e+00
2.245359226754183535e+00
4.249049279901884191e+00
4.954504750603542895e+00
7.917868172484405775e-01
3.302160619128191588e+00
4.299909848771130250e+00
9.814989466517320960e-01
2.086068268795829184e+00
3.271935716534706273e+00
2.247283624604474728e+00
2.038211948382562699e+00
1.750821472063657458e+00
9.235202077638324236e-02
1.466989781346825561e+00
9.290834903010714019e-01
7.092964739251230721e-01
6.641890376987132916e-01
-2.124180618636008488e-01
-3.715983359358531191e-01
8.424724163074395200e-01
1.958006428729743398e+00
1.560866207676932182e+00
6.735381439157813732e-01
2.212523130269938854e-01
-7.225403167023601858e-01
-1.831683164092719807e+00
-1.874146377565275579e+00
-2.008928487454099354e+00
-2.404522571988153334e+00
-2.965247568651757426e+00
-2.783779440760337565e+00
-2.115207794703565458e+00
-1.464366910132565369e+00
-1.205452568823727422e+00
-1.549627117097282181e+00
-4.090041993322688363e-01
1.155292106687962672e+00
2.199078674423375901e+00
1.988268098471812406e+00
2.012369472408513715e+00
2.365244268888468060e+00
2.379314280960462824e+00
2.536210837599035095e+00
1.923903995996490757e+00
7.339449247742246829e-01
5.772366300404688788e-01
1.301949825649174608e+00
1.615698742843872271e+00
1.375724952088177133e+00
7.862543849606736801e-01
4.423018121884692011e-01
8.561900874578536325e-01
1.090819706247864396e+00
7.049696353051021491e-01
2.313374324572126106e-01
1.981390551163916269e-01
5.211468963619819705e-01
7.608073018751879690e-01
8.059282182549323270e-01
7.377517292752775457e-01
3.355708402719056460e-01
-3.790885192227770872e-01
-4.851589988318597557e-01
2.055738046096009519e-01
9.316458328521795007e-01
9.524935273934860280e-01
5.186250399411388434e-01
8.451570482324255451e-01
8.569345753370846142e-01
-1.249237292808151045e-01
7.425945377341208742e-01
1.430121239968816793e+00
1.274243302380769105e+00
5.661496974456796671e-01
-2.643583467504186935e-01
-1.173304393293146619e+00
-1.701456472140107978e+00
-2.199983723840782002e+00
-2.740565849591025227e+00
-2.781055958023823216e+00
-2.688407647307278658e+00
-2.098844269617678115e+00
-1.682326089055781182e+00
-1.632513553617990887e+00
-1.896909316373952770e+00
-1.349078384029920752e+00
-4.471874026595024088e-01
4.004858624144242984e-01
8.325273646709072661e-01
7.035996976681968551e-01
2.199653235079375158e-01
-1.583393811526851991e-01
-3.841053824963100993e-01
-7.167660213669835301e-01
-1.260316132839305325e+00
-2.107836687820814348e+00
-2.123501432345803686e+00
-1.474767426409018922e+00
-5.448081534572857265e-02
1.709497834205572886e+00
2.557349578198416573e+00
1.970281096815798438e+00
1.494653968837026392e+00
1.750950695677826019e+00
1.601850430878643872e+00
1.420519674967356316e+00
1.538836252926888637e+00
1.273189798322358346e+00
6.248671340697273813e-01
5.860942264915843802e-01
1.045409398128140044e+00
1.212589767006037267e+00
1.054193187956643740e+00
8.240416062363273841e-01
8.151293291327702528e-01
9.426393120592350128e-01
9.032320321146818376e-01
5.450830784875833057e-01
-3.715605846493574838e-02
-3.147468599169812586e-01
8.131671134267657308e-01
1.767726179800112263e+00
2.221059239945734731e+00
2.160265664428563159e+00
1.923524692743655784e+00
2.213017976701908029e+00
2.590606635351559994e+00
2.581661703438622890e+00
2.265252283492678931e+00
1.957572005445399776e+00
2.004590391130564253e+00
2.379462346743114853e+00
2.867738408714402887e+00
3.163941228140555229e+00
2.715600624564136645e+00
2.119992997198305140e+00
1.514566406113577957e+00
1.279554114376245222e+00
1.117118460964934057e+00
4.941904678312458721e-01
-2.386504740658157431e-03
-7.066695949719323799e-01
-7.833260508957424761e-01
-1.048474712554580801e+00
-1.327566142428122653e+00
-1.718591438429073470e+00
-2.117526036309052451e+00
-2.313053703026698216e+00
-1.468746647319198573e+00
-5.767186349713664395e-01
-7.637545932479383737e-02
3.284211279221491697e-01
7.939038773590296749e-01
1.253426497696974895e+00
1.614973785648792015e+00
1.719479184310637176e+00
1.421824781638521440e+00
8.747950195762678183e-01
8.490615842333383290e-01
1.419453279815626967e+00
1.671056610163961675e+00
1.637317259812999692e+00
1.760609451298255967e+00
1.873707946284812076e+00
1.781672968105371346e+00
2.495165424298442236e+00
3.504071143795322918e+00
3.282161625655143133e+00
2.087887920736462455e+00
1.099753263320307095e+00
9.440988767939909598e-01
1.173115377482221833e+00
1.413764620963413376e+00
1.499968892347679938e+00
1.600927055678569744e+00
1.723153798436284578e+00
1.944435615779344761e+00
2.279674471352002740e+00
2.375576640805492357e+00
1.914224294310000740e+00
1.024367892611261155e+00
2.071690718834389155e-01
-2.086442831387480545e-01
2.040530702321309287e-01
4.415114867972000923e-01
5.823313312933235952e-01
7.626290374623010404e-01
5.286498005841986370e-01
1.488212419423851074e-02
-1.658520291315629391e-02
-1.720130488752804054e-01
-2.976246665969844440e-01
8.703233509832841719e-02
5.170292877112875329e-01
9.011500718341628469e-01
9.692795983402215931e-01
3.154139024283143522e-01
-6.684043091459647146e-01
1.725335442918822793e-01
-1.166862367613572538e-01
-7.940684296505624573e-01
-6.390094240678372284e-01
-7.843648653100812052e-01
1.227406822066434255e+00
5.490898594096133012e-01
6.038467735935212355e-01
1.249624304470740688e+00
1.705309034929072931e+00
1.896324194653797202e+00
1.808299220089819137e+00
1.379123053782834507e+00
9.161444282739240608e-01
8.934408860448351808e-01
1.304370532649253400e+00
1.631097424762662174e+00
1.429447909429254260e+00
1.125841905461235415e+00
1.532584407185149100e+00
2.070525305003904304e+00
2.283655881126894105e+00
2.082214633082252409e+00
1.393397046040474541e+00
1.361175190609355434e+00
2.239627366725180035e+00
2.623490312583479867e+00
2.847175435839418345e+00
3.251943884268408524e+00
3.318553873425505341e+00
3.446550796974044761e+00
4.015169635234142831e+00
3.937563695211066861e+00
2.930318962984424846e+00
2.053600547849324442e+00
2.074655996787071466e+00
2.284651185365376591e+00
2.032818485014443066e+00
1.364641631056471072e+00
6.834509542415935224e-01
4.517604285424158261e-01
4.701540196147948047e-01
3.380513122925390412e-01
1.154816330005513508e-01
8.057313316335606990e-01
1.225413057617032786e+00
1.278402110696607030e+00
2.021918627441617211e+00
2.455973293567854210e+00
1.423028446980518780e+00
2.374907873104510625e-01
3.433618473580243857e-01
1.069304025574447481e+00
9.475979291903365853e-01
1.036611679448221190e+00
1.506521213105498136e+00
1.956944261251216954e-01
1.965365306063242112e+00
2.379273046596757979e+00
2.669250512771331074e+00
3.724467750511009534e+00
2.590703789831549475e+00
1.553890182558501643e+00
4.860742171700041858e+00
3.777843518471566409e+00
1.174224678492483465e+00
5.284824322574467992e+00
4.531253873717623115e+00
2.462251378806261659e+00
5.397424453799546384e+00
5.051952066282978215e+00
2.324267316323708421e+00
4.440007602495761319e+00
7.093442883307072400e+00
3.900192641094260448e+00
3.835368915307489690e+00
7.964737466070090477e+00
4.573168606557595162e+00
3.734195885640857249e+00
8.752236303191232025e+00
5.775164505556247718e+00
3.284692553143334415e+00
8.505754547169319224e+00
4.854034479142337766e+00
3.052289330704109904e+00
6.303131860666025155e+00
3.006054711002354551e+00
3.076792232150941775e+00
4.221381595015317956e+00
4.566244408633568952e+00
5.467599988372513486e+00
5.376518266443816252e+00
2.850005899521731667e+00
1.788942861802355067e-01
1.336886776739892202e+00
1.079440639849060135e+00
0.000000000000000000e+00
0.000000000000000000e+00
0.000000000000000000e+00
0.000000000000000000e+00
0.000000000000000000e+00
0.000000000000000000e+00
0.000000000000000000e+00
0.000000000000000000e+00
0.000000000000000000e+00
0.000000000000000000e+00
0.000000000000000000e+00
0.000000000000000000e+00
0.000000000000000000e+00
0.000000000000000000e+00
0.000000000000000000e+00
0.000000000000000000e+00
0.000000000000000000e+00
0.000000000000000000e+00
0.000000000000000000e+00
0.000000000000000000e+00
0.000000000000000000e+00
0.000000000000000000e+00
0.000000000000000000e+00
0.000000000000000000e+00
0.000000000000000000e+00
0.000000000000000000e+00
0.000000000000000000e+00
0.000000000000000000e+00
0.000000000000000000e+00
0.000000000000000000e+00
0.000000000000000000e+00
0.000000000000000000e+00
0.000000000000000000e+00
0.000000000000000000e+00
0.000000000000000000e+00
0.000000000000000000e+00
0.000000000000000000e+00
0.000000000000000000e+00
0.000000000000000000e+00
0.000000000000000000e+00
0.000000000000000000e+00
0.000000000000000000e+00
0.000000000000000000e+00
0.000000000000000000e+00
0.000000000000000000e+00
0.000000000000000000e+00
0.000000000000000000e+00
0.000000000000000000e+00
0.000000000000000000e+00
0.000000000000000000e+00
0.000000000000000000e+00
0.000000000000000000e+00
0.000000000000000000e+00
0.000000000000000000e+00
0.000000000000000000e+00
0.000000000000000000e+00
0.000000000000000000e+00
0.000000000000000000e+00
0.000000000000000000e+00
0.000000000000000000e+00
0.000000000000000000e+00
0.000000000000000000e+00
0.000000000000000000e+00
0.000000000000000000e+00
0.000000000000000000e+00
0.000000000000000000e+00
0.000000000000000000e+00
0.000000000000000000e+00
0.000000000000000000e+00
0.000000000000000000e+00
0.000000000000000000e+00
0.000000000000000000e+00
0.000000000000000000e+00
0.000000000000000000e+00
0.000000000000000000e+00
0.000000000000000000e+00
0.000000000000000000e+00
0.000000000000000000e+00
0.000000000000000000e+00
0.000000000000000000e+00
0.000000000000000000e+00
0.000000000000000000e+00
0.000000000000000000e+00
0.000000000000000000e+00
0.000000000000000000e+00
0.000000000000000000e+00
0.000000000000000000e+00
0.000000000000000000e+00
0.000000000000000000e+00
0.000000000000000000e+00
0.000000000000000000e+00
0.000000000000000000e+00
0.000000000000000000e+00
0.000000000000000000e+00
0.000000000000000000e+00
0.000000000000000000e+00
0.000000000000000000e+00
0.000000000000000000e+00
0.000000000000000000e+00
0.000000000000000000e+00
0.000000000000000000e+00
0.000000000000000000e+00
0.000000000000000000e+00
0.000000000000000000e+00
0.000000000000000000e+00
0.000000000000000000e+00
0.000000000000000000e+00
0.000000000000000000e+00
0.000000000000000000e+00
0.000000000000000000e+00
0.000000000000000000e+00
0.000000000000000000e+00
0.000000000000000000e+00
0.000000000000000000e+00
0.000000000000000000e+00
0.000000000000000000e+00
0.000000000000000000e+00
0.000000000000000000e+00
0.000000000000000000e+00
0.000000000000000000e+00
0.000000000000000000e+00
0.000000000000000000e+00
0.000000000000000000e+00
0.000000000000000000e+00
0.000000000000000000e+00
0.000000000000000000e+00
0.000000000000000000e+00
0.000000000000000000e+00
0.000000000000000000e+00
0.000000000000000000e+00
0.000000000000000000e+00
0.000000000000000000e+00
0.000000000000000000e+00
0.000000000000000000e+00
0.000000000000000000e+00
0.000000000000000000e+00
0.000000000000000000e+00
0.000000000000000000e+00
0.000000000000000000e+00
0.000000000000000000e+00
0.000000000000000000e+00
0.000000000000000000e+00
0.000000000000000000e+00
0.000000000000000000e+00
0.000000000000000000e+00
0.000000000000000000e+00
0.000000000000000000e+00
0.000000000000000000e+00
0.000000000000000000e+00
0.000000000000000000e+00
0.000000000000000000e+00
0.000000000000000000e+00
0.000000000000000000e+00
0.000000000000000000e+00
0.000000000000000000e+00
0.000000000000000000e+00
0.000000000000000000e+00
0.000000000000000000e+00
0.000000000000000000e+00
0.000000000000000000e+00
0.000000000000000000e+00
0.000000000000000000e+00
0.000000000000000000e+00
0.000000000000000000e+00
0.000000000000000000e+00
0.000000000000000000e+00
0.000000000000000000e+00
0.000000000000000000e+00
0.000000000000000000e+00
0.000000000000000000e+00
0.000000000000000000e+00
0.000000000000000000e+00
0.000000000000000000e+00
0.000000000000000000e+00
0.000000000000000000e+00
0.000000000000000000e+00
0.000000000000000000e+00
0.000000000000000000e+00
