1.998291015625000000e-01
1.793238427061651930e-01
1.853900805460483858e-01
1.818928861858053470e-01
1.684875190145072588e-01
1.832073597771229356e-01
1.939315351996673265e-01
2.195619766449662391e-01
2.510226783559663666e-01
2.648969724341896370e-01
3.181444461660415390e-02
-4.843436906064702008e-02
-4.506146993234594333e-03
7.333165432532018357e-02
6.915441017920631595e-02
-2.064567705055253555e-03
-6.050524321659400684e-02
-1.024782275699811507e-01
-1.398562062560717578e-01
-1.658163877107003970e-01
-3.159789583446839245e-01
-4.377372177482796722e-01
-6.862465456538542341e-01
-8.797559067125575449e-01
-1.041120229413182718e+00
-1.050845071578145440e+00
-5.720527747660404394e-01
1.204663780717999400e-01
1.017212830707828530e+00
1.805777651821229846e+00
2.062491937419977717e+00
2.038386569394550651e+00
1.999042329582654709e+00
1.822672919129948887e+00
1.494710457440048046e+00
1.088765933293688537e+00
6.653501950574867152e-01
4.277046456535132934e-01
2.953383288306563603e-01
3.602273455209973330e-01
5.042538113821319889e-01
6.065305995717460430e-01
7.128080512332003460e-01
8.007422031120375872e-01
7.842671333013085944e-01
8.258863644279627048e-01
8.538846536867283898e-01
8.648556273875357414e-01
8.104332060881598299e-01
6.716035207027285514e-01
6.085629994065814286e-01
5.974591615876712059e-01
5.037120826567429432e-01
4.183169704879687867e-01
4.557411509071542799e-01
5.137307991740407420e-01
5.663227018695828896e-01
5.623977276359055644e-01
4.972578929304024564e-01
4.698260421762833761e-01
4.617627599179215392e-01
4.363583219626399057e-01
3.475834184743322730e-01
2.710125146208156033e-01
2.463793040449858696e-01
2.389477837893644319e-01
2.326703732898187105e-01
2.415940927015736150e-01
2.884585909217883271e-01
3.491894926298507729e-01
3.254032948553255977e-01
2.536906182331725712e-01
1.916775520695166435e-01
1.327593554532629228e-01
1.244799628936099911e-01
1.698055629096486829e-01
2.171464630861399403e-01
2.487836230713836583e-01
2.389942952429324474e-01
2.143137608907691449e-01
2.410604754277001216e-01
2.436988331048738077e-01
2.044874097229679721e-01
1.522197832971599052e-01
1.522986609137839120e-01
1.738124971811546293e-01
1.574644377911320337e-01
1.594454793047517527e-01
2.129312050655529642e-01
2.691479942517936985e-01
2.715268275578194834e-01
2.285357661752366876e-01
1.341214019080349540e-01
7.359270600436397525e-02
9.618775809124609222e-02
1.284320957654317419e-01
1.290853732339805049e-01
1.123064886322806821e-01
1.203111536019984273e-01
1.603089553116392452e-01
1.767869432174024036e-01
1.266672279145691637e-01
3.842834150814412875e-02
-4.066719671951467274e-02
-2.759090766784144666e-02
2.637178723319025253e-02
6.332961504646747453e-02
9.960722164956045677e-02
1.022266387123794557e-01
3.882502675616628096e-02
-1.884069416362046945e-02
-7.073781191597239282e-03
4.666445833212767846e-02
1.052372945700911777e-01
1.198288556726943010e-01
6.146729128391718866e-02
1.566634167719903326e-02
4.297719515740308638e-02
8.229602195105226170e-02
6.007820973861807690e-02
-1.665724601223217416e-03
-5.886986470720199927e-02
-1.945622872423070221e-02
2.058748368433346854e-02
1.017709072956847483e-03
-1.819140255678713958e-02
-3.651202069997201705e-03
1.284565479010536804e-02
-7.171636563852362700e-03
-6.438772317456668837e-02
-3.325412637138192018e-02
2.595581535957519614e-02
6.649841874860978885e-02
3.435319140062698118e-02
-2.134210353188048526e-02
-2.244845490817251599e-02
1.235271858242906196e-02
4.448631770316224809e-02
5.516200521468224427e-02
2.459252026944450109e-02
-1.225901654834132826e-03
2.966658986755787986e-02
7.618926932174499567e-02
1.021825914826565151e-01
1.343303355458501658e-01
1.393620449682666518e-01
8.211590174443703094e-02
1.983853607694005539e-02
1.371022344304029250e-02
5.690685193205338721e-02
1.123740975391283453e-01
1.271281102470681601e-01
1.199196635745903156e-01
1.249372081022202957e-01
1.528990648905326766e-01
1.707307566673901822e-01
1.139158269064789314e-01
4.403226458092751594e-02
3.719253144781992093e-02
9.567098347924521407e-02
1.884789801615019134e-01
2.662989630188606904e-01
2.746046947818245321e-01
2.453955929420097437e-01
2.370070455715949098e-01
2.068528445603885213e-01
1.343281125121768838e-01
9.745500441871807196e-02
1.432176491215066128e-01
1.888549176061382340e-01
1.945017007707819934e-01
1.806919887537499492e-01
1.934945615274218100e-01
2.288493760701796054e-01
2.629122136169443902e-01
2.571995910527807849e-01
2.180489236822769072e-01
1.521583699516822208e-01
8.783767753733578987e-02
8.078424032796110987e-02
1.256614107071544750e-01
1.805354541459786022e-01
1.932625662973889158e-01
1.996382641993197926e-01
2.502451980795181719e-01
3.030813444012597779e-01
2.989739539287604164e-01
2.952766828494724494e-01
3.395747513848758059e-01
3.909922066635718729e-01
3.564043155004532060e-01
2.998143371410365021e-01
2.806181433251222490e-01
3.517102942043386360e-01
4.818722045938847454e-01
5.259950784842724048e-01
5.041502597766630567e-01
5.094197815530789875e-01
5.800056456457762799e-01
6.169453970434600754e-01
5.869081196582190962e-01
5.451927079881179194e-01
5.661714593242986870e-01
5.842889566189822803e-01
5.279750691807746366e-01
5.529516049451161930e-01
5.906895205196140974e-01
6.704542895735571273e-01
7.230149197746942313e-01
7.410938050590077930e-01
7.438464560084636634e-01
7.432212945857287201e-01
7.713018602680964397e-01
8.811877153263197870e-01
1.004357225920234686e+00
1.311541042543784119e+00
1.687476569344825705e+00
1.930925567261777109e+00
1.792128926838323366e+00
1.457204295716605813e+00
1.132980976858749100e+00
7.583059239118852268e-01
2.576218103283900440e-02
-7.684621236652664500e-01
-1.394644342218769983e+00
-2.057059922336853308e+00
-2.090050575543565881e+00
-1.897897288231396917e+00
-1.749586466664274198e+00
-1.056877658797120478e+00
-1.604127451652392899e-01
8.174390302633125494e-01
1.490925743006302540e+00
1.476863699277031872e+00
1.148901248566783329e+00
9.233573956027335550e-01
9.844801964383291804e-01
9.985461896714561414e-01
5.824715822879812377e-01
1.039117873547226178e-01
-1.941308540973677443e-01
5.930123207291698728e-02
4.125993773651827623e-01
5.915302275516371999e-01
5.674855781741998673e-01
5.163019208049433040e-01
5.525930710724624717e-01
4.767781047213737744e-01
4.360364131049824232e-01
3.443114215521702604e-01
0.000000000000000000e+00
0.000000000000000000e+00
0.000000000000000000e+00
0.000000000000000000e+00
0.000000000000000000e+00
0.000000000000000000e+00
0.000000000000000000e+00
0.000000000000000000e+00
0.000000000000000000e+00
0.000000000000000000e+00
0.000000000000000000e+00
0.000000000000000000e+00
0.000000000000000000e+00
0.000000000000000000e+00
0.000000000000000000e+00
0.000000000000000000e+00
0.000000000000000000e+00
0.000000000000000000e+00
0.000000000000000000e+00
0.000000000000000000e+00
0.000000000000000000e+00
0.000000000000000000e+00
0.000000000000000000e+00
0.000000000000000000e+00
0.000000000000000000e+00
0.000000000000000000e+00
0.000000000000000000e+00
0.000000000000000000e+00
0.000000000000000000e+00
0.000000000000000000e+00
0.000000000000000000e+00
0.000000000000000000e+00
0.000000000000000000e+00
0.000000000000000000e+00
0.000000000000000000e+00
0.000000000000000000e+00
0.000000000000000000e+00
0.000000000000000000e+00
0.000000000000000000e+00
0.000000000000000000e+00
0.000000000000000000e+00
0.000000000000000000e+00
0.000000000000000000e+00
0.000000000000000000e+00
0.000000000000000000e+00
0.000000000000000000e+00
0.000000000000000000e+00
0.000000000000000000e+00
0.000000000000000000e+00
0.000000000000000000e+00
0.000000000000000000e+00
0.000000000000000000e+00
0.000000000000000000e+00
0.000000000000000000e+00
0.000000000000000000e+00
0.000000000000000000e+00
0.000000000000000000e+00
0.000000000000000000e+00
0.000000000000000000e+00
0.000000000000000000e+00
0.000000000000000000e+00
0.000000000000000000e+00
0.000000000000000000e+00
0.000000000000000000e+00
0.000000000000000000e+00
0.000000000000000000e+00
0.000000000000000000e+00
0.000000000000000000e+00
0.000000000000000000e+00
0.000000000000000000e+00
0.000000000000000000e+00
0.000000000000000000e+00
0.000000000000000000e+00
0.000000000000000000e+00
0.000000000000000000e+00
0.000000000000000000e+00
0.000000000000000000e+00
0.000000000000000000e+00
0.000000000000000000e+00
0.000000000000000000e+00
0.000000000000000000e+00
0.000000000000000000e+00
0.000000000000000000e+00
0.000000000000000000e+00
0.000000000000000000e+00
0.000000000000000000e+00
0.000000000000000000e+00
0.000000000000000000e+00
0.000000000000000000e+00
0.000000000000000000e+00
0.000000000000000000e+00
0.000000000000000000e+00
0.000000000000000000e+00
0.000000000000000000e+00
0.000000000000000000e+00
0.000000000000000000e+00
0.000000000000000000e+00
0.000000000000000000e+00
0.000000000000000000e+00
0.000000000000000000e+00
0.000000000000000000e+00
0.000000000000000000e+00
0.000000000000000000e+00
0.000000000000000000e+00
0.000000000000000000e+00
0.000000000000000000e+00
0.000000000000000000e+00
0.000000000000000000e+00
0.000000000000000000e+00
0.000000000000000000e+00
0.000000000000000000e+00
0.000000000000000000e+00
0.000000000000000000e+00
0.000000000000000000e+00
0.000000000000000000e+00
0.000000000000000000e+00
0.000000000000000000e+00
0.000000000000000000e+00
0.000000000000000000e+00
0.000000000000000000e+00
0.000000000000000000e+00
0.000000000000000000e+00
0.000000000000000000e+00
0.000000000000000000e+00
0.000000000000000000e+00
0.000000000000000000e+00
0.000000000000000000e+00
0.000000000000000000e+00
0.000000000000000000e+00
0.000000000000000000e+00
0.000000000000000000e+00
0.000000000000000000e+00
0.000000000000000000e+00
0.000000000000000000e+00
0.000000000000000000e+00
0.000000000000000000e+00
0.000000000000000000e+00
0.000000000000000000e+00
0.000000000000000000e+00
0.000000000000000000e+00
0.000000000000000000e+00
0.000000000000000000e+00
0.000000000000000000e+00
0.000000000000000000e+00
0.000000000000000000e+00
0.000000000000000000e+00
0.000000000000000000e+00
0.000000000000000000e+00
0.000000000000000000e+00
0.000000000000000000e+00
0.000000000000000000e+00
0.000000000000000000e+00
0.000000000000000000e+00
0.000000000000000000e+00
0.000000000000000000e+00
0.000000000000000000e+00
0.000000000000000000e+00
0.000000000000000000e+00
0.000000000000000000e+00
0.000000000000000000e+00
0.000000000000000000e+00
0.000000000000000000e+00
0.000000000000000000e+00
0.000000000000000000e+00
0.000000000000000000e+00
0.000000000000000000e+00
0.000000000000000000e+00
0.000000000000000000e+00
0.000000000000000000e+00
0.000000000000000000e+00
0.000000000000000000e+00
0.000000000000000000e+00
0.000000000000000000e+00
0.000000000000000000e+00
0.000000000000000000e+00
0.000000000000000000e+00
0.000000000000000000e+00
0.000000000000000000e+00
0.000000000000000000e+00
0.000000000000000000e+00
0.000000000000000000e+00
0.000000000000000000e+00
0.000000000000000000e+00
0.000000000000000000e+00
0.000000000000000000e+00
0.000000000000000000e+00
0.000000000000000000e+00
0.000000000000000000e+00
0.000000000000000000e+00
0.000000000000000000e+00
0.000000000000000000e+00
0.000000000000000000e+00
0.000000000000000000e+00
0.000000000000000000e+00
0.000000000000000000e+00
0.000000000000000000e+00
0.000000000000000000e+00
0.000000000000000000e+00
0.000000000000000000e+00
0.000000000000000000e+00
0.000000000000000000e+00
0.000000000000000000e+00
0.000000000000000000e+00
0.000000000000000000e+00
0.000000000000000000e+00
0.000000000000000000e+00
0.000000000000000000e+00
0.000000000000000000e+00
0.000000000000000000e+00
0.000000000000000000e+00
0.000000000000000000e+00
0.000000000000000000e+00
0.000000000000000000e+00
0.000000000000000000e+00
0.000000000000000000e+00
0.000000000000000000e+00
0.000000000000000000e+00
0.000000000000000000e+00
0.000000000000000000e+00
0.000000000000000000e+00
0.000000000000000000e+00
0.000000000000000000e+00
0.000000000000000000e+00
0.000000000000000000e+00
0.000000000000000000e+00
0.000000000000000000e+00
0.000000000000000000e+00
0.000000000000000000e+00
0.000000000000000000e+00
0.000000000000000000e+00
0.000000000000000000e+00
0.000000000000000000e+00
0.000000000000000000e+00
0.000000000000000000e+00
0.000000000000000000e+00
0.000000000000000000e+00
0.000000000000000000e+00
0.000000000000000000e+00
0.000000000000000000e+00
0.000000000000000000e+00
0.000000000000000000e+00
0.000000000000000000e+00
0.000000000000000000e+00
0.000000000000000000e+00
0.000000000000000000e+00
0.000000000000000000e+00
0.000000000000000000e+00
0.000000000000000000e+00
0.000000000000000000e+00
0.000000000000000000e+00
