-3.347412109375000000e+00
-1.243699832698222263e+00
-4.991983566593001242e-01
-4.740183407599119825e+00
-8.213419274673432469e+00
-7.915701234667361419e+00
-5.473940488273432159e+00
-2.742949494511015551e+00
-8.425678794172295483e-01
-4.196829820052913718e+00
-5.800828068488764089e+00
-3.111971908278023946e+00
1.966079762863267799e+00
3.257053693504317504e+00
-1.486091550480353352e+00
-2.966555363686998348e+00
-5.791615623816190883e-01
1.602223454881221754e+00
-9.750777751263606241e-02
-6.811953043863194779e-02
1.128799057612670520e+00
1.866351337109023012e+00
-2.849848882744192569e-01
-4.810904656022915171e-01
7.077118616018535091e-01
1.732116610179121885e+00
3.175209422976550400e-01
1.214362010724363561e-01
1.957453533258594058e+00
5.191937425256920591e-01
-1.519463610981406587e+00
-2.404858152683998274e+00
3.974678622274074868e-03
5.436009864718449602e-01
-3.249690822707111959e-01
-1.582085724663897519e-01
8.313980244587584334e-01
1.055215242603407377e+00
1.503479031043860603e+00
-2.816688067053649824e-01
-2.329966067615390823e+00
-1.051601483812255378e+00
-4.238126558143315847e-01
-4.525600420249685785e-01
6.343030675157627085e-01
-1.659546766520829442e+00
-1.080918949980741672e+00
1.716698563578358261e-01
-1.523758211928798456e+00
-1.147481959711681654e+00
9.488147883078870137e-01
-3.741213936802217921e-01
-9.701615219075001573e-01
-6.969746063433687189e-01
-7.478772901102503923e-02
-2.340642322836251621e-01
-2.058729538240156032e-03
3.920254901306159390e-01
-1.993611997663803648e-01
6.592948262515301305e-01
9.990838097770355919e-01
1.308715507268953804e-01
-1.451347716810345023e-01
-2.084786306051781279e-01
-8.836818281189218194e-01
-3.942492267673263218e-01
3.821235612307102292e-01
-3.018503293776533258e-01
-1.620664280051904660e+00
-1.555709214866969781e+00
-9.173922227211535052e-01
-1.421264804405871107e+00
-1.783326204348018695e+00
-6.244685800973623913e-01
4.145395908767710580e-01
5.354160712567537228e-01
4.972103164078902071e-01
4.657313072518639574e-01
-2.457455961285879564e-01
1.202345217451337156e-01
2.900881484472664917e-01
4.638364950988715929e-02
4.518971788415468982e-01
5.118917206410240617e-01
-7.759574150989267949e-03
-1.864845404860899225e-01
5.425054110819299558e-01
-4.236560171535352914e-01
-1.899925045321603889e+00
-1.080604535073196315e+00
-3.158063595785747246e-01
-6.545511355907485118e-01
-4.494485602297948468e-02
6.195320794269403297e-01
1.335943089411469331e-01
3.895646850260158223e-01
2.430730925308737245e-01
-6.691913922027536987e-01
-5.212068439249628593e-01
-7.387883972208817429e-01
-4.710581438206365990e-01
1.304797006380381319e+00
8.948868328985546405e-01
-2.493755879556047717e-01
-4.420038757968146603e-01
2.031982735304321164e+00
3.286912644112003345e-01
-1.849209702206383810e+00
6.254201021168177554e-01
1.145596736767976909e+00
1.826812088289143654e-01
1.825077962507640095e+00
2.292827737404958821e+00
4.525938315336232032e-01
6.213067584694060841e-01
1.853235755267870211e+00
7.993487232230952477e-01
9.843078630787598371e-01
1.983731424843918401e+00
2.040299743017885525e+00
1.890325413380797848e-01
-9.390335128937503661e-01
-1.296448931890817224e+00
8.688647472932076177e-01
1.026710162372745039e+00
5.570348548973962366e-01
1.232133369954298452e+00
1.400572916907985022e-01
-1.682983301822994271e+00
-1.800574459812075423e+00
-1.881561026567025952e+00
-1.370313620400485766e+00
-9.491500906404448656e-02
-1.595101160326795053e-02
-2.830585493080111092e-01
5.985941790224522663e-01
1.297050780612532428e+00
1.395097425629357346e+00
2.146197472253182692e+00
3.301642189264829330e+00
3.403160429572070100e+00
2.543919947502480294e+00
2.010823658398669167e+00
1.841793068994979965e+00
1.345855609471186654e+00
3.195681047322227464e-01
-5.846030592922719649e-01
-9.896960594836845537e-01
-1.707765063317128185e+00
-2.750975354907957637e+00
-2.970770608637509191e+00
-2.418301072531708673e+00
-2.290045708488305465e+00
-2.805080732394580334e+00
-3.188108762357901860e+00
-2.893677484567616087e+00
-2.086934932121046415e+00
-9.360194479795442835e-01
-9.665467231149627025e-01
-1.516321428872034138e+00
-5.389141090576965443e-01
-2.421747287901521162e-01
-1.257776308961490397e+00
5.530489134710019350e-01
-3.745725332134641761e-02
-9.197616433883191167e-01
8.179818337222093394e-01
5.960188180908712052e-01
-5.812163384944191158e-02
1.172303544437705236e+00
1.939849359293297493e-01
-8.743046864086849723e-01
1.163750422644334481e+00
6.863117157135090185e-01
-1.850599844627922597e-01
2.029732718053258722e+00
2.751104446476525522e-01
1.192836846036814613e+00
1.751748716527421035e+00
6.826852740423050570e-02
9.895269921588201179e-01
5.320446467471395824e-01
4.764910756470619457e-01
4.558976612302227394e-01
-6.259878828583742560e-02
3.398101145826463165e-01
5.123500021415794414e-01
2.127724090922787248e+00
2.619272476774280989e+00
-6.121072453713838346e-01
5.562712365769910683e-01
7.958128258520555942e-01
9.371435122124398553e-01
-7.051043585091587573e-01
-1.421373648117422839e+00
7.131914795028908571e-01
-6.910127298073343027e-02
-1.062805601941399170e+00
-6.839233079204496413e-01
9.592966566514325999e-01
2.360345840822837271e-01
-1.812533582959430234e-02
-1.013237240843585241e-01
-2.127428539082565351e-02
4.417360021921825641e-01
-6.233459046829632477e-01
-1.733542617255592333e-01
-1.427681948991013083e+00
-5.207128786808785215e+00
-4.630909950989343216e+00
-1.313389671247044088e+00
-3.021718494960832224e-01
-2.171493585598671228e+00
-1.585534434076753652e+00
-1.322993210297806588e+00
4.524884351448554831e-01
2.647795709917429186e+00
-1.587717913329928621e+00
1.891750190412591959e+00
3.636172066431732741e+00
1.000304514830356650e+00
-1.170306703653519076e+00
-9.084558751797875420e-01
-1.874137470657769367e+00
-5.142557305768256093e-01
1.195686519144035342e+00
-5.050741791529247404e-01
-3.079902201005245033e+00
-1.944022360869849919e+00
-1.556849070682905012e+00
-1.215569052562881280e+00
-1.632500580134941259e+00
-4.825411624810489464e+00
-3.515754438112968394e+00
-5.497932210169231837e-02
-1.099360367573464003e+00
-1.626053253742941740e+00
-3.150246547893980065e-01
-1.426401124839468570e+00
-1.334373617392390576e+00
-3.855430670327399945e-01
-3.165873757641006758e-01
1.880245947265192896e+00
1.103665785004406041e+00
-2.038616114158408266e+00
-7.588333027688869414e-01
5.091859991999483359e-01
-1.894699869827201288e+00
-2.737020221271789122e+00
-8.935050902648506987e-01
-1.119147165856055448e+00
-2.829525090132848142e+00
-1.125904912160034854e+00
-1.108923739386161067e+00
-2.169040503429798150e+00
-5.851240775461827859e-01
1.315662372053455043e+00
7.998968440982212602e-01
2.537352863312723361e+00
1.468914239990490200e+00
9.623283612418875865e-01
2.631169372954696328e+00
2.772630305879864032e+00
3.534794293961348810e+00
4.080487818540495581e+00
4.274234555928575041e+00
5.522000610779826957e+00
4.159526263574891303e+00
3.235904432894153970e+00
3.078150067542297919e+00
2.853999837637527293e+00
2.579239018544763784e+00
2.189139767763932376e+00
1.580144741497878424e+00
1.303760584332757322e+00
6.665737330368752822e-01
-3.892044925750823836e-01
-1.110759096337168073e+00
-8.039171852945131702e-01
4.965645739606878717e-01
9.234436484060815076e-01
7.132191380986521168e-01
7.746729291513680948e-01
4.597722339275063241e-01
-3.179070116213025265e-01
-1.441541143480984388e-02
-6.840309049604114122e-01
-6.858872892754965811e-01
6.910275114814390385e-01
-2.405657606366409240e-01
-2.355917607096914335e+00
-1.716733329368157701e+00
-2.854248617769847840e+00
-3.238140212920171734e+00
-7.246815525113357026e-01
-2.403387691417440131e-01
-1.645124312976139480e+00
1.660721382332877027e-01
3.597647186587402679e-01
-2.188514123997502558e+00
-7.392128169232643486e-01
9.150614380523869329e-02
-1.099192460525935555e+00
-8.843467164900129518e-01
-7.038326894477768825e-01
-1.360436050583613943e+00
-2.699660532872919294e+00
-2.431897940222907728e+00
-1.435225752160651957e+00
-1.966921436508967336e+00
-2.580683154224690412e+00
-2.514138429821757725e+00
-2.315715265021565106e+00
-1.685696344440942962e+00
-1.059418829984117849e+00
-1.288383808564652622e+00
-1.426967406010737349e+00
-1.057011743608287313e+00
-1.291401654015499556e+00
-1.792408047618961442e+00
-2.148986005852131065e+00
-2.015260868162068064e+00
-1.859083509534401601e-01
-1.237096585362748025e+00
-1.795576370636414065e+00
-3.264589540818191304e-01
1.299042806528943883e-01
-4.446098780597842470e-01
-7.044246833360456872e-01
-2.578444096521808060e-01
-3.620471884604936630e-01
-1.455195284128525390e-01
-5.422673649139672092e-01
-1.555223329367144025e+00
-2.179681224539157469e+00
-1.135810687370769401e+00
6.118541133501180784e-01
-3.959961666109692580e-01
-1.173197402156063829e+00
-8.054882646030995241e-01
7.404625247576656077e-01
-5.339057758763487982e-02
-1.361973028088799831e+00
-1.102064658224539473e+00
-4.999016186938443074e-01
2.980220498045083044e-01
7.821291047859433299e-01
7.863336766422486246e-01
-1.222210275935893542e-01
-5.774982799308525649e-02
4.471548207392239682e-02
-7.338601751377472615e-01
-1.813426775411259406e+00
-1.999124531703037722e+00
-1.114903277760172839e+00
2.411492767480984956e-01
6.132667777341448412e-01
-1.661266590385499509e-01
-1.184138780809187441e-01
1.031677430699845743e+00
4.330935739629978576e-01
-6.602182498592241711e-01
4.184614803549413509e-02
5.042648694633626860e-01
8.451159073652302345e-01
5.740309660612352705e-01
-3.680595987386939272e-02
6.806019004265598804e-01
2.485506500403658059e-01
-5.899085996230157836e-01
-8.019193915640134840e-01
-8.219260338114635633e-01
-1.425117229415979070e+00
-9.337438299616767079e-01
3.456155768594489919e-01
-5.303506895186009817e-01
1.216005334257752590e-01
1.358960914214898175e+00
1.501513231289757222e+00
5.143401107085032731e-01
6.706007014288708490e-01
1.489187925706030979e+00
1.224970128549494719e+00
4.841928402660231057e-01
2.735630161411695127e-01
8.090652172792287544e-01
1.493787750234666145e+00
1.779240126386989029e+00
6.380827772522078556e-01
6.498009403736670908e-01
1.273424698283117884e+00
1.898834038092559240e+00
1.444238028841769328e+00
3.033293599790451545e+00
3.983039614827015740e+00
1.194464750824979049e+00
-9.439475955359655224e-02
1.420366530599776356e+00
8.703905742629329811e-01
2.810510548956439258e+00
3.305145104416285395e+00
1.800430199626955829e+00
2.025550151336083626e+00
3.501406033844992827e+00
2.060904345029320961e+00
5.217155439441929499e-01
-1.125286737226858014e+00
-1.488153956643935683e+00
-9.148421278220757458e-01
-1.276403473847725012e+00
-2.647154442099934446e+00
-3.036634602998644628e+00
-1.978153175675115172e+00
-1.872054659280581179e-01
-1.076666531620097844e+00
-1.047323443896321482e+00
-7.020314800772364805e-02
-9.883246378100628560e-01
-1.335722951426442151e+00
-9.701069466557354914e-01
-2.964629599538714036e-02
-1.344263698021080256e+00
-2.273236654677522672e+00
-1.680039155207442514e+00
-5.041148623165032649e-01
-3.156559948565409890e+00
-5.034648052037685950e+00
-4.687755521660358582e+00
-1.808572135199526532e+00
-3.088812208153330463e+00
-6.364343607288224014e+00
-7.502796886100066232e+00
-5.744093541713960249e+00
-3.135498436034134695e+00
-7.142980361598579186e+00
-1.074158666600762935e+01
-1.214866347486158915e+01
-1.175262415448341002e+01
-8.485552296868142719e+00
-3.020756525347067178e+00
-1.990594039761284018e+00
0.000000000000000000e+00
0.000000000000000000e+00
0.000000000000000000e+00
0.000000000000000000e+00
0.000000000000000000e+00
0.000000000000000000e+00
0.000000000000000000e+00
0.000000000000000000e+00
0.000000000000000000e+00
0.000000000000000000e+00
0.000000000000000000e+00
0.000000000000000000e+00
0.000000000000000000e+00
0.000000000000000000e+00
0.000000000000000000e+00
0.000000000000000000e+00
0.000000000000000000e+00
0.000000000000000000e+00
0.000000000000000000e+00
0.000000000000000000e+00
0.000000000000000000e+00
0.000000000000000000e+00
0.000000000000000000e+00
0.000000000000000000e+00
0.000000000000000000e+00
0.000000000000000000e+00
0.000000000000000000e+00
0.000000000000000000e+00
0.000000000000000000e+00
0.000000000000000000e+00
0.000000000000000000e+00
0.000000000000000000e+00
0.000000000000000000e+00
0.000000000000000000e+00
0.000000000000000000e+00
0.000000000000000000e+00
0.000000000000000000e+00
0.000000000000000000e+00
0.000000000000000000e+00
0.000000000000000000e+00
0.000000000000000000e+00
0.000000000000000000e+00
0.000000000000000000e+00
0.000000000000000000e+00
0.000000000000000000e+00
0.000000000000000000e+00
0.000000000000000000e+00
0.000000000000000000e+00
0.000000000000000000e+00
0.000000000000000000e+00
0.000000000000000000e+00
0.000000000000000000e+00
0.000000000000000000e+00
0.000000000000000000e+00
0.000000000000000000e+00
0.000000000000000000e+00
0.000000000000000000e+00
0.000000000000000000e+00
0.000000000000000000e+00
