4.151031494140628553e+00
2.450098937313498926e+00
3.321489661535889759e+00
2.116511761874344089e+00
4.547599102455777142e-01
1.530102801449064742e-01
-3.300007008218845961e-01
-3.750337620548269690e-01
-7.757210610614988511e-01
-1.720694953281102002e+00
-1.545529413505220440e+00
-8.024327226200216323e-01
-4.831874929249263539e-01
6.730076783747398483e-01
-2.451052745146401257e+00
-1.281433509924458036e+00
6.270959211597757488e-01
-7.008257956718129122e-01
-5.541282924348811534e-01
1.344209567509170977e+00
1.011650584590479296e+00
3.019732117761688706e-01
-9.011430517458903777e-01
-5.878990092745894902e-01
-1.397986590881515334e-01
4.529004144566072254e-01
-1.676587938120035481e-01
-1.536585078518668324e+00
-4.359482387317914487e-02
-8.845598077871399401e-01
-4.929472626145334768e-01
4.909160311449275449e-01
-2.400829310669995387e+00
-4.024024907788530392e-01
-7.777318509268497104e-01
-6.282438875086659991e-01
5.905378311166575855e-01
-6.892779578082961489e-01
4.151422326828204667e-01
1.806844921083211597e+00
-2.419553658923261352e-01
-8.739729907564279809e-01
1.021248356250279432e-01
2.195351957439248824e-01
-2.122495081053887844e+00
-2.412374397139227966e+00
-1.419452240322803371e+00
-2.998234660926999862e+00
-3.637558516654072260e+00
-2.423542873274405984e+00
-4.358683739417821279e+00
-3.429455083787265934e+00
-5.288932834513668801e-01
-2.680528177076364038e+00
-2.669966051526779349e+00
-1.147419966076104636e+00
-2.505391511868899634e+00
-1.978289777818609707e+00
2.832772109746577449e-01
-9.210485701763628796e-01
-1.259592840570191052e+00
-8.007936482720214855e-01
6.137782805304212719e-01
2.740931642487098863e-01
-7.599327818193680750e-01
9.996038450288390331e-01
-1.994289192958214052e-01
-8.466543858087893781e-02
-3.983865050213608594e-01
-7.543078966917518002e-01
1.404214520845711967e+00
-8.037771312263815027e-01
-1.826002361883773961e-01
-8.564580496587126390e-02
-1.942212624078678118e+00
6.708907712640683751e-01
3.692244489679925579e-01
-8.528285161792537039e-02
1.246868733575838384e+00
1.091621188914590146e+00
5.604111028366940417e-01
1.920312371373779969e+00
1.858072492141120913e+00
2.184805353502740743e+00
2.360645442057548227e+00
2.044674937458904829e+00
5.378887302756447664e-01
1.106747243325201246e-01
1.191023268316398820e+00
1.341064171584675835e+00
1.241216485684303317e+00
1.197922678349292891e+00
-4.098288921727888390e-02
-7.899890132444542523e-02
-3.130727421817747214e-01
4.408528973083506997e-01
-4.961314442049780116e-01
1.214514189683677525e-01
4.160949258321826605e-01
-2.396331490630165817e-01
-8.794686364712318571e-01
-1.149954050035950193e+00
-2.187870605961662607e-01
-6.044792071875397799e-01
-1.494379272581709772e+00
-2.894562570212626529e+00
-2.952674458980973249e+00
-3.135484753906774280e+00
-3.652611348221034504e+00
-2.961469377690456373e+00
-4.973361215983463701e+00
-5.582841397860899946e+00
-2.519106303021891868e+00
-3.967535250232001598e+00
-4.320544579253295048e+00
-7.582354302691367565e-01
1.080114858456912241e+00
5.499646937082141029e-01
2.563650194825712880e-01
1.022814598156097432e+00
-1.737293391038323698e-01
-2.722493307247769501e+00
-3.091922131795836304e+00
-9.535756189792241599e-01
3.279190484421503182e+00
1.555245816551481752e+00
-2.553683964071290280e+00
-4.774850231038958448e+00
-6.038613229935409166e+00
-1.488202813866723151e+00
3.441571430641805485e-01
-4.398716637727976497e+00
-7.998285184238102197e+00
-1.034560653126150065e+01
-9.682872576196938752e+00
-1.328337035503498242e+00
-7.997783095286736810e-01
-8.079402698532438976e+00
-1.046318556651126030e+01
-1.290374043547797811e+01
-9.894691027554538110e+00
-1.640052048425466147e+00
4.749464712180220261e-01
5.418604887634774769e-01
-1.130610824883905963e+00
-3.736917355407036290e+00
-2.187906180170419379e+00
6.099222170818022981e+00
5.810120060480912230e+00
1.275057356358142435e+01
8.333363624811624959e+00
4.285302675599874433e+00
-6.008963022386739627e-01
3.068120954722995286e+00
3.742294820470259076e+00
5.088416099810306292e+00
5.831643881843612931e+00
3.425550125834049719e+00
1.325200790566743114e+00
1.369588133820083042e+00
4.716128794248484191e-01
4.304636598378457357e-01
-4.813354704612420321e-01
-4.110386388950906245e+00
-6.050024503990307778e+00
-3.498628393572737139e+00
-6.295505315306875183e-01
8.513700548236906585e-01
1.013459183371447914e+00
-2.491281729281009660e-01
-1.499834161134233401e+00
-3.299155627434263049e+00
-4.574766146875606232e+00
-5.964114605071213937e+00
-6.061212743665133296e+00
-4.096154123411971604e+00
-6.953006437529922756e-01
1.101800564133611271e+00
1.294418609978062351e+00
1.694523520403516947e-01
-6.808668109374451660e-01
-1.442058289573830754e+00
-1.839605642544514197e+00
-1.011253452324573532e+00
1.258598036877954796e+00
3.379275329425447616e+00
3.014941918509275176e+00
1.513748758155139651e+00
3.308555559609165364e-01
-7.074516553519893947e-02
-9.135612786509930139e-01
-1.270450613069924017e+00
-1.758324625142167363e+00
-1.305358805096475283e+00
7.831941873616483640e-01
2.438973724454636560e+00
2.195270535021938141e+00
7.423131856448785815e-01
4.494203213416625431e-02
6.916401853275856437e-01
-9.383104919255192966e-01
-9.509233842765573153e-01
3.448315988344752836e-01
4.556978289136083826e-01
-3.741792132195003173e-01
-1.327879080714513771e+00
-9.506817836784950959e-01
-2.196996287101995460e-01
-8.926981527177361153e-01
-1.419682430039853616e+00
-2.203811005381928645e+00
-2.083150068713954806e+00
-9.340965546960867671e-01
-6.477074548584882407e-02
-1.008413928186664865e+00
-1.763293608203033713e+00
-1.467494271591747612e+00
-1.353804573432505931e+00
-2.287903200723531150e+00
-2.478135106894248985e+00
-8.362133700088743016e-01
-1.444809224048292373e-01
-1.261156542409339831e+00
-4.461782035127568768e+00
-6.244606425904467351e+00
-6.323925768899975708e+00
-5.667636766727132347e+00
-5.163744987156800192e+00
-3.804164472145416198e+00
-1.888242183016344722e+00
-4.537224670281572170e-01
-1.336578637151456750e+00
-2.612111997346754588e+00
-3.768267012006397465e+00
-5.101737666197364796e+00
-4.763036780007105619e+00
-2.791475640394710744e+00
-9.237999821319355931e-01
1.386906529192630799e-01
6.154217237821140163e-01
-6.533372630704643580e-01
-3.666609777345501975e-01
4.633819940275047955e-01
1.427403019904199377e+00
3.683200240650192470e+00
2.439242042279952116e+00
1.576319265823968863e+00
6.799270420934355741e-01
-2.647009753564129042e-01
-5.193753206956072122e-01
-6.640731338275485118e-01
1.506818207599266657e+00
-2.861322374323737261e+00
-6.545165611325577615e+00
-5.238226733929387535e+00
-4.830443418613597828e+00
-3.049695479576892687e+00
-1.612230859795853455e+00
-9.509766100526821475e+00
-1.166822797080311602e+01
-8.782467473686093484e+00
-8.215589187587950093e+00
-3.224670170405284697e+00
-2.095951338973045530e+00
-8.097514819947926767e+00
-9.280950867839649732e+00
-7.855278948762638436e+00
-4.986334414273684956e+00
1.889437595216758581e-01
1.137605285483305195e+00
-4.358595042366946615e+00
-5.550350824530990934e+00
-2.340828320529711348e+00
4.262635616343448675e-01
3.691440848756609494e+00
3.888375516691465528e+00
2.480434623701874841e-01
-1.802161105549494380e+00
1.993938692506803889e+00
-3.071067732194461275e-01
3.252938333877645416e+00
6.466622096193354707e+00
1.105197184003409561e+01
3.285592984563992403e+00
1.625199778636430281e-01
-2.571067821781843232e+00
3.236645119439884866e-03
-1.035391700668971460e+00
1.895213907291575239e-01
-2.820742741907373841e-01
-2.919478726957946968e+00
-2.259234708310884798e+00
-2.692653066785896776e+00
-2.280014928936632934e+00
8.535813899300248586e-01
2.938735801413077997e+00
1.423503945335229615e+00
-9.326542461306306375e-01
-1.027509343494369842e+00
-7.649464547516389157e-01
9.190019208074990953e-01
2.215285103865379135e+00
7.725987244451042457e-01
1.842895423012922196e+00
1.159965951163167253e+00
-2.580841391638455384e-01
3.081106046308946134e+00
3.101877497558318098e+00
1.443571197202402567e+00
2.636460936453798531e+00
3.778407587310232962e-01
-4.110556336102266783e-01
1.919194407299530392e+00
2.151627375756774541e+00
2.931950294567056137e+00
3.094920080952993757e+00
1.483916543860092974e+00
1.176852634842042056e+00
1.440610991139460229e+00
8.618882023645686452e-01
-9.082221456809904669e-01
-1.094926438878550456e+00
-1.497294970956630777e-03
-1.590208254219620532e-01
-1.938979524554019340e+00
-1.258986208402398388e+00
-1.055662425159650919e+00
-6.511035467261034881e-01
3.861361763305908301e-01
-1.543349787414914687e+00
-5.543961402282172601e-01
4.821014172774065187e-01
1.890531021920964783e-01
4.814201632943303499e-01
-2.110741158832194486e-01
-1.149939495542822154e-01
-5.907388895884456703e-01
-7.052429353558269387e-01
-1.098337383187612870e+00
-3.113426620295726366e+00
-2.306657366007840437e-01
-5.283527868020314600e-01
-2.228002300203780095e+00
3.168196023121261362e-01
-3.191752370284031137e-01
-1.877630511353238330e+00
1.502797018587463285e+00
-6.713450222394952149e-01
-1.808421406919700214e+00
1.014229019367838713e+00
-5.116732085677853092e-01
-2.119837135820724416e+00
4.295070930057542924e-01
1.769942689137815606e-01
-5.418796655392963402e-01
9.312656475714993221e-01
8.025496792457298412e-02
-1.059649036239207476e+00
1.065061592071216978e-01
4.391771940916107120e-01
-6.276354249706421751e-01
1.972419009357953001e-01
-2.578833990424485023e-01
-1.129752352503699209e+00
2.088158949907858997e-02
3.289644898333232703e-02
-1.004832396129721639e+00
-1.237578851496143884e-01
-7.450778586203954390e-01
-2.407964067281422871e-01
7.182262465107552840e-01
-2.974726500837305831e-01
1.430812815204585142e+00
2.186481753547562690e+00
4.798657974351053790e-01
1.772912998036813015e-01
6.982081206029506770e-01
4.749186155290785472e-02
-2.288180466467311103e-01
9.703146485526004117e-01
-7.786869070267776749e-02
-1.579610593273224728e+00
-2.040001597928711163e+00
-3.771721338844594484e+00
-3.084304841242830442e+00
-3.468175611967003746e-01
-3.820688241413162656e-01
-2.391009602500712816e+00
-3.587956422432533543e+00
-3.374626390845342883e+00
-4.143240757586529099e+00
-1.519736570778939200e+00
1.010447611566288373e+00
-1.156653769691722733e+00
-1.554064803448243604e+00
-8.409829341377088596e-01
-9.354361780363595891e-02
-5.549678528532516752e-01
1.214558058957725617e+00
3.289625591408436578e-01
1.349810876788263059e+00
1.726793617512875079e+00
1.210591496594142003e+00
4.976174358194743741e-01
4.061475426889493701e-01
1.137419047553526408e+00
1.031898624034213396e+00
1.841797247965704654e-01
9.402765773720087594e-01
8.293163137264282225e-01
1.320036896139024085e+00
2.385565574548069723e+00
1.968197046104680270e+00
5.877329102995689780e-01
1.304348341927812793e+00
2.802723221370102102e+00
2.556786461087164675e+00
1.283557555758771729e+00
2.161199520444289313e+00
6.935900587137954210e-01
2.373770118151958375e+00
3.708687281507996758e+00
3.536984992079717394e+00
4.542361099322654638e+00
3.264003266891668531e+00
1.689866627452453862e+00
2.979022370774409012e+00
3.380700662369802156e+00
5.564578043079801084e+00
4.860983318863555169e+00
3.582026606596225626e+00
0.000000000000000000e+00
0.000000000000000000e+00
0.000000000000000000e+00
0.000000000000000000e+00
0.000000000000000000e+00
0.000000000000000000e+00
0.000000000000000000e+00
0.000000000000000000e+00
0.000000000000000000e+00
0.000000000000000000e+00
0.000000000000000000e+00
0.000000000000000000e+00
0.000000000000000000e+00
0.000000000000000000e+00
0.000000000000000000e+00
0.000000000000000000e+00
0.000000000000000000e+00
0.000000000000000000e+00
0.000000000000000000e+00
0.000000000000000000e+00
0.000000000000000000e+00
0.000000000000000000e+00
0.000000000000000000e+00
0.000000000000000000e+00
0.000000000000000000e+00
0.000000000000000000e+00
0.000000000000000000e+00
0.000000000000000000e+00
0.000000000000000000e+00
0.000000000000000000e+00
0.000000000000000000e+00
0.000000000000000000e+00
0.000000000000000000e+00
0.000000000000000000e+00
0.000000000000000000e+00
0.000000000000000000e+00
0.000000000000000000e+00
0.000000000000000000e+00
0.000000000000000000e+00
0.000000000000000000e+00
0.000000000000000000e+00
0.000000000000000000e+00
0.000000000000000000e+00
0.000000000000000000e+00
0.000000000000000000e+00
0.000000000000000000e+00
0.000000000000000000e+00
0.000000000000000000e+00
0.000000000000000000e+00
0.000000000000000000e+00
0.000000000000000000e+00
0.000000000000000000e+00
0.000000000000000000e+00
0.000000000000000000e+00
0.000000000000000000e+00
0.000000000000000000e+00
0.000000000000000000e+00
0.000000000000000000e+00
0.000000000000000000e+00
0.000000000000000000e+00
0.000000000000000000e+00
0.000000000000000000e+00
0.000000000000000000e+00
0.000000000000000000e+00
0.000000000000000000e+00
0.000000000000000000e+00
0.000000000000000000e+00
0.000000000000000000e+00
0.000000000000000000e+00
