-1.057891845703124112e+00
9.190900003322713951e-01
2.639956546672582505e+00
2.946057260370847697e+00
2.629253862664744812e+00
1.395206573240061365e+00
-2.679788556470182881e-01
-7.378166324124615372e-01
-1.674325710964552405e+00
-1.366563600222790331e+00
-1.188585904884473798e-01
1.357078610962378029e+00
1.700912720177723436e+00
-2.588801448888542467e-01
-2.526300647589105441e+00
-1.742654815029450965e+00
-7.223187649786222408e-01
-4.244948331122522234e-01
-1.100989008546174208e+00
-4.085147373311706076e+00
-4.295831358384233134e+00
-1.969051587234716738e+00
2.694998261338302115e+00
-1.762102164138679150e+00
-3.005583527849912784e+00
-6.130177507237215551e-01
2.546651812092480593e+00
2.907694387878018372e+00
-1.517160186618035311e+00
2.263206626747193972e+00
7.957408515356872769e+00
6.496208331595141772e+00
2.325535414323188554e+00
3.747747079461962727e-01
2.709758839279174047e+00
2.901918568942514209e+00
-5.427989217604909378e-01
1.045554959852615484e+00
3.743552082924636704e+00
8.026929547332377624e-01
-2.831322105370751352e+00
-1.184442421232056564e+00
5.596487092695601184e-01
8.890202906345989753e-02
9.193347412249113226e-01
2.544596603549908131e+00
1.492687157777947249e+00
-9.768728431240110144e-01
-9.622898642852506512e-01
-1.638306411310974653e-02
-3.305312175975749778e-02
-9.596132431080409697e-01
-1.510575249145000853e-01
9.753055023208543339e-01
6.833160969877987156e-01
1.575857789581843749e-01
4.111558655881309421e-01
1.155401617853776042e+00
9.371359052476059270e-01
5.021285777176486276e-01
5.910069647966581519e-01
8.689361151212947609e-01
4.547879980206035455e-01
-3.428314017459651586e-01
-6.227972981414786613e-01
4.466058641819505848e-01
8.715089499439340193e-01
3.731448551018505810e-01
4.929676103387431452e-02
-3.137669861312570863e-01
-1.012719166869419762e+00
-1.478555301702454639e+00
-1.172704365785467218e+00
-1.466109047883041860e-01
1.729591050418566311e-02
-4.222217733133942774e-01
-4.768052657542114492e-01
2.348520483993584707e-01
-2.326949858992521936e-02
-2.128325357691221997e-01
3.426525224698118155e-02
3.361541531322728704e-01
-6.259392814618414125e-02
-3.073015084093471128e-01
-3.859611705161162254e-01
2.335831396638445856e-01
1.203774516898543645e-01
-4.295248049539726609e-01
-7.524182254485356491e-01
-1.345586065450189439e-01
-1.137353843670431131e-01
-2.403256131978129817e-01
-6.560586763059039761e-03
-2.657052825546313279e-01
-1.355571816026978738e+00
-1.562185024443209391e+00
-9.502489441879183873e-01
5.642273373752949572e-01
3.064895785833119390e-01
2.834184269151718283e-01
5.349535229874462505e-01
-4.721115174746580712e-01
-1.789500969562024757e+00
-2.226512498137747098e+00
-1.396273916485194944e+00
-5.386380810041681011e-01
-2.430818409988556361e+00
-2.039666496352579017e+00
4.170823911745162871e-01
-2.295616551563888219e+00
-3.663563599280973193e+00
-1.940314977120294326e+00
1.402042063846293818e-01
-2.024376157722353131e+00
-3.607884316489315957e+00
-2.705844994176900276e+00
1.455465763397833401e+00
-4.968812820748269132e+00
-9.033830164644598426e+00
-4.847827611402640180e+00
2.417162012837405172e+00
-3.550174392859560157e+00
-3.749509664977257906e+00
1.865438654004652363e+00
6.187487930257236535e+00
-1.602467347061907077e+00
-2.197641314938914459e+00
2.211756992470898187e+00
3.931447031091883204e+00
-6.140060966978082568e-01
-1.490529223563204830e+00
7.464623730973216631e-01
2.170891098802111951e+00
-1.111845661063383561e+00
-1.427645890032403386e+00
8.781693183838683581e-01
1.482848026235955796e+00
-3.090406758267438825e-01
-1.851185528235761213e+00
-4.780278255112837549e-01
2.028546169626932461e-01
-1.248403395616864975e-01
-4.698505388161395846e-01
1.674387433119259860e-01
4.737193500558942727e-01
5.111081669602368649e-02
-7.356398967044628368e-01
-1.281179714801454095e+00
-1.432746392731973017e+00
-1.468050412471005206e+00
-1.349433806245885492e+00
-7.934496839738344187e-01
-2.466611280241997051e-01
-2.830287049932695975e-01
-7.255381504915698887e-01
-9.671104129578285136e-01
-9.535347498031998548e-01
-9.285600100516475663e-01
-9.579921142863883077e-01
-8.556913000891471777e-01
-3.239541516560853207e-01
3.809461876928175172e-01
5.303674510802267594e-01
5.664877857758386925e-01
6.100575948982953634e-01
4.616149600699429589e-01
-5.715527550554311276e-02
-6.731794392499969026e-01
-9.480651741025043489e-01
-5.731643101724919198e-01
-5.651256771003487778e-02
3.036269109712979586e-01
4.866941438062292735e-01
4.696605819816485061e-01
1.889722771240249788e-01
-2.149373076883080991e-01
-4.617712081509293132e-01
-4.264548905980966031e-01
-2.481947611525171515e-01
-1.504654750846144973e-01
-2.810190362965447886e-02
2.154813904613460673e-01
3.639063213761268845e-01
-1.122355365027760676e-01
-6.425793734967544246e-01
-9.809965214875486783e-01
-1.251568692946012806e+00
-1.542482926471613780e+00
-1.764328683280941501e+00
-1.654621072587528330e+00
-1.127927027331700804e+00
-4.274855943906080702e-01
-1.928803210578973193e-01
-3.200666799347364755e-01
-5.420540410892766836e-01
-6.855846844004536145e-01
-6.907821082961922432e-01
-5.113312799175251389e-01
-1.804936167793025348e-01
1.581333691920162599e-01
2.386237954154567520e-01
7.855281525423363220e-02
7.372686541788908698e-03
-2.594720704381174858e-01
-7.346861634562131815e-01
-8.915431394825459321e-01
-5.648126412995637669e-01
-4.910461460526382993e-02
-6.789617238609025884e-01
-1.743364103574217339e+00
-1.459189184994779787e+00
4.267404584324994699e-01
-1.347948860332032428e+00
-1.823365018010274952e+00
-8.969765984307367379e-01
6.505457593359009749e-01
-1.955254341222371295e+00
-3.509558396829330018e+00
-2.274307331219802997e+00
1.298948649361615137e+00
-4.567383979381109071e+00
-5.729116125760306488e+00
-2.553660522965794488e+00
1.331723409833387439e-01
-8.254068870322305074e+00
-9.912509116358684480e+00
-3.504760126968227141e+00
1.659183999513818675e+00
-4.694366188037367493e+00
-4.670608981281712424e+00
1.718296793531926880e+00
2.994181556876328365e+00
-2.094542183762607923e+00
-2.619303938986723868e+00
3.747010634092589054e+00
5.584572614938679180e+00
-5.027192701473501835e-01
-2.269713792587862322e+00
3.437448034703419530e+00
2.174623742295650253e+00
-1.323327721047949934e+00
-1.501680035780539990e+00
1.933841735929831884e+00
2.865871703271437809e+00
1.284012986655681976e+00
-5.638519148106525547e-01
1.636647889103061804e+00
9.635424624180000119e-01
-8.106683299122143804e-01
-1.232504754100963495e+00
1.146158498416361526e+00
1.065053338344543743e+00
-1.117811166554096847e-01
-6.557810841642078836e-01
-1.424611561427646667e-02
3.169213577475982202e-02
-1.634860322331822546e-01
-7.610199741787537775e-02
1.028687298822103191e+00
1.143981005003547935e+00
3.380716509992616192e-01
-3.274389517179716602e-01
5.886630846362922442e-02
1.876873553617338652e-01
-5.009343489113023962e-01
-5.050058690737860845e-01
5.360666900590919104e-01
3.146306050598630666e-01
-1.707775397671994488e-01
-9.863441909158132681e-02
-4.132880458675785573e-01
-1.001133699543528044e+00
-1.008583520986843229e+00
-6.908745428602421912e-01
-2.656331219007385114e-01
3.404476620942042953e-01
5.141578355678566581e-01
5.936219633597971113e-01
-3.857230621953056104e-02
-2.996126794172683239e-01
-2.319859490653924938e-01
-2.055006271835968512e-01
-9.647352658994148844e-02
1.941015457171170189e-01
-1.441336737699262516e-01
-4.651795264096590388e-01
-3.508308539738889120e-01
-2.350315900286463200e-01
-6.512029548399920209e-01
-9.054000933811386931e-01
6.207073400827067822e-02
1.155821537498616935e-01
-8.650920078084922693e-02
5.682645550431586479e-02
-1.262035560609323870e+00
-1.850358278017585345e+00
-1.227258231048326431e+00
7.775831978294611702e-02
2.204252961076929029e-01
-3.962560222315840708e-01
3.285549208805049748e-01
-1.297611531869802270e-02
-2.471511054360993942e+00
-3.280804114862677423e+00
-1.540692061058911877e+00
4.052231241858063049e-01
-8.392247768070080216e-01
-1.856301210464899487e+00
-1.320333404527069820e+00
-1.647368740482881400e+00
-3.705432896679943688e+00
-5.424101478406520904e+00
-3.823328464078398436e+00
-3.712855411927051819e-01
-4.212720034649248824e-01
-2.318999056851147600e+00
5.452057682815021344e-01
-4.537009426557587766e-01
-5.121396762021684701e+00
-4.166907610931204431e+00
-6.120214337915301783e-01
1.660811349192007125e+00
-3.365491572577976598e+00
-7.361380451661077018e-01
1.657586591022346845e+00
2.254177361398513213e+00
4.595721749446377125e+00
7.281983199737961598e+00
5.809642104881747926e+00
5.767662485779290193e-02
-1.834523238378850785e+00
1.393346490480662503e+00
2.180504534694682306e+00
2.846243064227478747e+00
2.044975228532485367e+00
8.040263017561826153e-01
1.602178346408268395e+00
1.917528512198701574e+00
1.113063217644510106e+00
-2.968095121223588984e-01
1.564111619083727422e+00
3.524380853801882374e+00
3.914633438395196841e+00
4.006675822643436469e+00
2.613354424828006284e+00
3.866100262978737767e+00
4.939258862547262652e+00
4.246705373073682566e+00
2.936383502398255185e+00
1.750210582450537178e+00
1.030221809182076731e+00
1.167227561303424865e+00
7.483712613633760613e-01
1.779239659908745663e+00
3.096301887844107092e+00
3.613002462673810644e+00
3.183232676202223388e+00
1.834304599845954398e+00
0.000000000000000000e+00
0.000000000000000000e+00
0.000000000000000000e+00
0.000000000000000000e+00
0.000000000000000000e+00
0.000000000000000000e+00
0.000000000000000000e+00
0.000000000000000000e+00
0.000000000000000000e+00
0.000000000000000000e+00
0.000000000000000000e+00
0.000000000000000000e+00
0.000000000000000000e+00
0.000000000000000000e+00
0.000000000000000000e+00
0.000000000000000000e+00
0.000000000000000000e+00
0.000000000000000000e+00
0.000000000000000000e+00
0.000000000000000000e+00
0.000000000000000000e+00
0.000000000000000000e+00
0.000000000000000000e+00
0.000000000000000000e+00
0.000000000000000000e+00
0.000000000000000000e+00
0.000000000000000000e+00
0.000000000000000000e+00
0.000000000000000000e+00
0.000000000000000000e+00
0.000000000000000000e+00
0.000000000000000000e+00
0.000000000000000000e+00
0.000000000000000000e+00
0.000000000000000000e+00
0.000000000000000000e+00
0.000000000000000000e+00
0.000000000000000000e+00
0.000000000000000000e+00
0.000000000000000000e+00
0.000000000000000000e+00
0.000000000000000000e+00
0.000000000000000000e+00
0.000000000000000000e+00
0.000000000000000000e+00
0.000000000000000000e+00
0.000000000000000000e+00
0.000000000000000000e+00
0.000000000000000000e+00
0.000000000000000000e+00
0.000000000000000000e+00
0.000000000000000000e+00
0.000000000000000000e+00
0.000000000000000000e+00
0.000000000000000000e+00
0.000000000000000000e+00
0.000000000000000000e+00
0.000000000000000000e+00
0.000000000000000000e+00
0.000000000000000000e+00
0.000000000000000000e+00
0.000000000000000000e+00
0.000000000000000000e+00
0.000000000000000000e+00
0.000000000000000000e+00
0.000000000000000000e+00
0.000000000000000000e+00
0.000000000000000000e+00
0.000000000000000000e+00
0.000000000000000000e+00
0.000000000000000000e+00
0.000000000000000000e+00
0.000000000000000000e+00
0.000000000000000000e+00
0.000000000000000000e+00
0.000000000000000000e+00
0.000000000000000000e+00
0.000000000000000000e+00
0.000000000000000000e+00
0.000000000000000000e+00
0.000000000000000000e+00
0.000000000000000000e+00
0.000000000000000000e+00
0.000000000000000000e+00
0.000000000000000000e+00
0.000000000000000000e+00
0.000000000000000000e+00
0.000000000000000000e+00
0.000000000000000000e+00
0.000000000000000000e+00
0.000000000000000000e+00
0.000000000000000000e+00
0.000000000000000000e+00
0.000000000000000000e+00
0.000000000000000000e+00
0.000000000000000000e+00
0.000000000000000000e+00
0.000000000000000000e+00
0.000000000000000000e+00
0.000000000000000000e+00
0.000000000000000000e+00
0.000000000000000000e+00
0.000000000000000000e+00
0.000000000000000000e+00
0.000000000000000000e+00
0.000000000000000000e+00
0.000000000000000000e+00
0.000000000000000000e+00
0.000000000000000000e+00
0.000000000000000000e+00
0.000000000000000000e+00
0.000000000000000000e+00
0.000000000000000000e+00
0.000000000000000000e+00
0.000000000000000000e+00
0.000000000000000000e+00
0.000000000000000000e+00
0.000000000000000000e+00
0.000000000000000000e+00
0.000000000000000000e+00
0.000000000000000000e+00
0.000000000000000000e+00
0.000000000000000000e+00
0.000000000000000000e+00
0.000000000000000000e+00
0.000000000000000000e+00
0.000000000000000000e+00
0.000000000000000000e+00
0.000000000000000000e+00
0.000000000000000000e+00
0.000000000000000000e+00
0.000000000000000000e+00
0.000000000000000000e+00
0.000000000000000000e+00
0.000000000000000000e+00
0.000000000000000000e+00
0.000000000000000000e+00
0.000000000000000000e+00
0.000000000000000000e+00
0.000000000000000000e+00
0.000000000000000000e+00
0.000000000000000000e+00
