-1.134643554687495559e-01
-8.119371571011432254e-01
-1.329054706600108826e+00
-1.238003083857075914e+00
-8.680072537904784946e-01
-6.553535783850418239e-01
-4.494113395650656262e-01
1.182707766127401028e-01
-3.272082489637408442e-01
-4.310207260622427317e-01
1.395910816564065016e+00
1.272959406144178240e+00
8.732488601860346478e-01
6.406981962569013866e-01
3.144670771072874960e-01
3.748909394067185818e-01
3.749968589765773075e-01
-2.911099666586669521e-02
-6.633101561112813016e-01
1.400602308968115217e+00
3.175766558727177280e+00
2.418306995622820921e+00
1.206155211106681335e+00
1.428887997503470952e+00
1.288816350118981990e-02
9.256852316538679570e-01
-1.540109952842897867e+00
-3.750940207544269267e+00
-1.309977180069938019e+00
5.367853468714134380e-02
1.438078485169600462e+00
4.356382846377100826e+00
4.004888807604533696e+00
4.478488191620203729e+00
1.991445971669337123e+00
4.357895804431421993e+00
5.626778732252120108e-01
-1.164331966196063384e+00
-1.298697290554033046e+00
-9.448583083446859376e+00
-5.024947981181657752e+00
1.642505808903024445e+00
1.101331558817669531e+00
-5.222825889561555357e-02
-4.335523149413361033e+00
-4.890109392003653355e+00
-3.099766564056012363e+00
-1.503319522189384472e+00
3.542820001708619770e-01
9.870111157460330631e-01
1.799899944541598629e-01
-1.365497551647582242e+00
-2.547636275668094807e+00
-2.881958276079369163e+00
-1.511155624274200360e+00
3.495078585372008995e-01
1.349845223789752025e+00
4.804801683282389213e-01
-9.684555403624273140e-02
1.063535589400079306e+00
-9.786112144516716516e-01
-1.769651269389832304e+00
-1.046168396985220905e+00
-2.649455269237397381e-01
-1.037140154662475666e+00
-2.210225612306655041e+00
-1.652775752001649057e+00
-8.558094104769009558e-01
-1.607344233792008303e+00
-1.437135990938873675e-01
8.926680140348745018e-01
-1.250151323059276454e-01
-5.544633994318358683e-01
-4.372238605752487572e-02
7.584258688564995410e-01
1.234817995776125166e-01
-6.843072204742650655e-02
-1.284647469510636020e+00
-1.743324428048879993e+00
-2.086681662138080151e-01
1.028281772803239624e+00
9.282127897265788352e-01
3.896551305638870089e-01
-3.758405472836738870e-01
-5.553414147537788503e-01
-2.114222840578423579e-01
7.669151680606445254e-02
-1.025371121932465712e-01
2.279206025128485136e-01
1.364894895047884527e+00
1.578815647213075213e+00
1.499600765030166372e+00
1.554589372677743553e+00
1.296544634398780982e+00
5.820360700521145514e-01
-7.916279476784897629e-01
-1.879901112154815923e+00
-1.319043883653465477e+00
-1.311117836517926571e-01
-2.409780383125477154e-01
2.225932166336373474e-01
4.943769999376663171e-01
6.328279886164683843e-01
6.074804402517715030e-01
-2.821007633604299958e-01
-1.226646599952593064e+00
-1.454257287601748772e+00
-9.610632922181538973e-02
2.653222082091232448e+00
4.560611835387162749e+00
4.473655331085904407e+00
4.080378637661700836e+00
3.489056969606150638e+00
2.584478405794787381e+00
1.993533414055442599e+00
1.894063222743778141e+00
1.711324486503512432e+00
1.591600171774614658e+00
2.151838091480390069e+00
2.411300005497988064e+00
5.910023349733668496e-01
-1.008765280573117096e+00
-2.147689989942634714e+00
-2.565281808382501083e+00
-2.102326552957942241e+00
-6.043938409830205138e-01
1.734415992495393466e+00
1.772326140425157570e+00
-3.312404111515725447e-01
-1.581040675914307414e+00
-2.084984891279949792e+00
-1.836721425417385589e+00
-1.087829919172796256e+00
-3.131244902408454323e-01
-4.757496942172871890e-01
-1.004383436503016425e+00
-6.437133398636497583e-01
-8.465314556051900530e-02
9.239268509659559481e-02
-7.916167470641988224e-01
-1.205583447161138189e+00
-5.247825132246594082e-01
1.219948710191537389e-01
-1.328206144096752972e+00
-2.437236584556301100e+00
-2.234620352829399970e+00
-1.346662688214809389e+00
-9.301888961475121009e-01
-1.301577459641457102e+00
-9.543747650931273530e-01
1.274900408763390836e-01
4.687156524381650424e-01
4.300933735833800675e-02
-3.402297441853114890e-01
-2.214207078696716069e-01
3.810280002414317968e-01
5.713963548312277485e-01
6.922519690863523367e-01
4.840640820091814955e-01
-1.787860561076189403e-01
-3.728649126650385170e-03
8.119537547209297879e-01
1.234044155887522365e+00
1.148103951389782384e+00
1.662028395490079635e+00
1.419084323319016239e+00
1.876538757960299897e-01
2.211931345986688502e-01
7.483475226204692188e-01
8.100222483417759411e-01
-5.338903203072089543e-01
-1.326899094684981906e+00
-7.744385368688280202e-01
2.325782486810883398e-01
9.473036866720017102e-01
1.335315009442043621e+00
1.130292665053702184e+00
5.914613725861577187e-01
-9.755355598215942337e-02
-6.232452663220371392e-01
-3.842926822967036582e-01
-1.754627003982711653e-01
-6.348239417088721304e-01
-6.309815753569332220e-01
4.444567164249741964e-01
1.626665081647939548e+00
2.617640136300832587e+00
3.292503062493556065e+00
2.557410735768306687e+00
-5.158760185827793165e-02
-1.165347022011536726e+00
-1.111161222695318695e+00
-1.111661497822806544e+00
-1.460694418610597900e+00
-4.663258930677627312e-02
1.938580218830287638e+00
1.891750950298669132e+00
4.907554690315469870e-01
-3.193110499102660427e-01
8.402914135286332353e-02
1.076723070710979391e+00
1.556710094610236350e-01
-2.643086257286280993e+00
-3.770882718515532250e+00
-2.069643221007365863e+00
9.264993783080557321e-01
1.164939390252748064e+00
1.152467225365645387e+00
1.851216333284723126e+00
2.393010654830280970e+00
2.242922464276254857e+00
1.417667107756185096e+00
1.875602869551784568e-02
5.424796697901211884e-01
1.161985797485201921e+00
1.427649547455184020e+00
2.227818527750144995e+00
2.744178946368844851e+00
3.912647923273150585e+00
4.772607958086488189e+00
4.078067531011178914e+00
1.993335962039639586e+00
3.643856356227515025e-01
6.115163848655172929e-01
3.125347409287405620e-01
2.514547223251647479e-01
4.089121023874106031e-01
1.206196339608776702e+00
2.752408394102867639e+00
3.445627273218025532e+00
3.060410655976848915e+00
1.744231396678903812e+00
3.795250683560347227e-01
1.105093781736090630e-01
-1.229966704313034676e-02
-2.331374895228924160e+00
-2.787264834051168982e+00
-1.279890099782342805e+00
7.246655630114691160e-01
7.819316944062315589e-01
-5.846067842996538477e-01
-1.187038742749189524e+00
-6.414593735729279267e-01
6.303572386061992994e-01
7.343461494448334514e-01
-1.077815713560942523e+00
-1.817764222640836147e+00
-1.401553933396474605e+00
-1.850221539404715676e+00
-2.113932555539858260e+00
-1.497590276039946211e+00
-3.716320972568758485e-01
-5.540517041222539074e-01
-1.193440485332111667e+00
-1.386663630378486056e+00
-1.269762215462416632e+00
-1.262559784733011892e+00
-1.110771942389963796e+00
-7.199975494383686891e-01
-9.301386690391966194e-01
-1.314587795428492800e+00
-1.553527071798404435e+00
-1.900444760916258025e+00
-2.106311235407595461e+00
-1.996913338349347811e+00
-1.852656966082675716e+00
-1.719508421432983658e+00
-2.016537749275684188e+00
-2.140595555291764818e+00
-1.319273712721844571e+00
-3.574522605133846342e-01
-4.716865807760866058e-01
-4.477670224064862481e-01
1.735683616383192351e-01
1.549483633430801088e+00
1.707018273250429097e+00
1.257254395519202816e+00
1.701267084488127246e+00
2.091067238007814133e+00
2.467156724958258884e+00
2.867460633866977471e+00
2.578893538221747939e+00
1.929610644323739521e+00
1.379447687884879814e+00
1.397825086996273836e+00
1.629698994266639556e+00
2.145174832253954555e+00
2.755512364109880430e+00
3.327272310448768255e+00
3.394287016363183085e+00
3.023143798311322072e+00
3.118554880277463859e+00
3.588830487605572550e+00
3.681254556965941838e+00
3.443422691701277127e+00
3.395910286970582170e+00
3.592645742560728550e+00
3.611775073003821834e+00
1.651789611432248339e+00
9.633572904954057492e-02
1.135383486355661109e-01
1.125324631142256004e+00
1.179813557343586172e+00
4.526736196404499424e-01
-5.329299658670608730e-01
-6.728946829135196150e-01
-8.236365978181201530e-01
-1.962892591304094658e+00
-3.253301261949911982e+00
-4.086732956270712869e+00
-3.683797951074024635e+00
-2.033891711304608663e+00
4.037034835363706442e-01
5.064921673675233382e-01
-1.826044009706750959e+00
-3.337449134985430277e+00
-3.806470164776192711e+00
-3.391505158853042712e+00
-1.933612667978666932e+00
-4.698242198239728218e-01
3.778018248481495034e-01
-1.077162887625517484e+00
-2.388766521672389231e+00
-1.617291666859491883e+00
-1.183092458703052241e+00
-1.384166986760843931e+00
-1.643307969734275176e+00
-1.899763375755578521e+00
-1.449335502504748074e+00
-4.623287589871762915e-01
6.387179764080541666e-01
-8.260392015052619996e-02
-1.859176174358269540e+00
-2.554861718318050645e+00
-1.604586457867523963e+00
-2.110955010464004022e-01
6.100651356488828725e-01
5.174973692951109205e-01
6.534713871497190851e-01
6.975120129189567031e-01
1.224108282025564431e-01
-1.418200438241001837e-02
-1.521890347317483183e+00
-1.909526635237952075e+00
-1.908581157919913007e-01
1.306419872920484559e+00
1.929196783586888619e+00
2.094350267588582781e+00
2.158710720144055628e+00
2.592802073814917119e+00
2.777521877056122523e+00
1.688185272364000733e+00
5.317218961194254412e-01
-2.217988963866623919e-01
-3.278537855001606438e-01
9.059708021509622622e-01
2.890881985629093709e+00
3.825574086044291278e+00
3.983777910075135154e+00
2.998490112654373707e+00
6.730090626053031322e-02
-4.833585618825113617e-01
2.156108471018518991e+00
4.813749426346062066e+00
5.252719826985565277e+00
3.947029001847367713e+00
-1.210763230943932012e-01
2.366046840739029378e+00
5.221277984035797459e+00
5.934378981582069557e+00
3.187336593010662522e+00
1.703923945413951202e+00
4.213491252151996491e+00
3.988153660066501072e+00
2.577959824531315558e+00
2.617292681898576223e+00
2.005236738986208689e+00
-6.273899776281882668e-01
-1.304924282191768370e+00
-7.293740404503761265e-01
-1.288806474766210908e-01
-1.662375116328814073e+00
6.423729718276596223e-01
2.665523439457813559e+00
1.987263211628154558e+00
-3.788021946794541961e-01
-2.850358149685558118e+00
-3.104129910415842186e+00
-1.078657259483318143e+00
-1.594476042226171675e-01
-8.665444336975220985e-01
-2.899892719877621872e+00
-4.226595380455995254e+00
-3.986026561679525848e+00
-3.603242778928958057e+00
-4.077928705485606820e+00
-3.351920667377383367e+00
-4.585052557524170957e+00
-4.043976558267225130e+00
-8.615581721716676356e+00
-9.683580113620299912e+00
-4.545023124573771334e+00
-7.065008188530652156e+00
-5.329709971334110286e+00
1.714260282908556254e-01
-2.622212527663804860e+00
-1.737566929122949633e+00
-2.757039690817130850e+00
-1.553162792524624081e+00
-3.179667563121878260e+00
-2.727231836349614635e+00
-2.135567013330629482e+00
-5.313122310313768359e+00
-3.520201858719262944e+00
-5.872865234452847444e-02
-9.169245770278482421e-01
-1.499533224943703225e+00
-3.033287207821905973e+00
-2.029082014409840262e+00
-2.923976207552342332e-01
-2.677696584159793280e-01
-1.142432033271822078e+00
-1.443618969678431840e+00
-1.417334532336379516e+00
-1.206632216596660312e+00
-8.106746404445723808e-01
-1.053438038447716441e+00
-1.517447085088488024e+00
-1.181355081483926428e+00
-4.442660042457208802e-01
-1.235466404011964503e+00
-7.915256041794420661e-01
-9.100810473555008828e-01
-1.605357054918644000e+00
-1.594969556301963909e+00
-1.459067773395194001e+00
-1.746729205581494915e+00
-1.954176834325760614e+00
-1.501396460463175320e+00
0.000000000000000000e+00
0.000000000000000000e+00
0.000000000000000000e+00
0.000000000000000000e+00
0.000000000000000000e+00
0.000000000000000000e+00
0.000000000000000000e+00
0.000000000000000000e+00
0.000000000000000000e+00
0.000000000000000000e+00
0.000000000000000000e+00
0.000000000000000000e+00
0.000000000000000000e+00
0.000000000000000000e+00
0.000000000000000000e+00
0.000000000000000000e+00
0.000000000000000000e+00
0.000000000000000000e+00
0.000000000000000000e+00
0.000000000000000000e+00
0.000000000000000000e+00
0.000000000000000000e+00
0.000000000000000000e+00
0.000000000000000000e+00
0.000000000000000000e+00
0.000000000000000000e+00
0.000000000000000000e+00
0.000000000000000000e+00
0.000000000000000000e+00
0.000000000000000000e+00
0.000000000000000000e+00
0.000000000000000000e+00
0.000000000000000000e+00
0.000000000000000000e+00
0.000000000000000000e+00
0.000000000000000000e+00
0.000000000000000000e+00
0.000000000000000000e+00
0.000000000000000000e+00
0.000000000000000000e+00
0.000000000000000000e+00
0.000000000000000000e+00
0.000000000000000000e+00
0.000000000000000000e+00
0.000000000000000000e+00
0.000000000000000000e+00
0.000000000000000000e+00
0.000000000000000000e+00
0.000000000000000000e+00
0.000000000000000000e+00
0.000000000000000000e+00
0.000000000000000000e+00
0.000000000000000000e+00
0.000000000000000000e+00
0.000000000000000000e+00
0.000000000000000000e+00
0.000000000000000000e+00
0.000000000000000000e+00
0.000000000000000000e+00
0.000000000000000000e+00
0.000000000000000000e+00
