-7.824707031250000000e-01
3.971548315530117890e-01
2.055160297652161461e+00
2.594119089389885779e-01
8.912252388371628697e-01
2.023265404902473641e+00
1.280245881780265993e+00
-1.416507423558647893e+00
1.756298294713761532e+00
2.202992273313702842e+00
-9.594874387492751122e-01
-2.978159789100756072e-01
2.709720606722440639e+00
-3.736030486643113768e-01
-1.866984966456664452e+00
-1.868051694139585273e+00
-4.082674671855340165e+00
-3.760977286096475414e+00
-1.517903827507331549e+00
-2.813558386654531951e+00
-3.960125462220955850e+00
-3.898808325237169470e+00
-3.648415592863040402e+00
-1.676297371693390659e+00
2.132373633629380372e+00
5.497563840065655683e+00
6.103017874623763994e+00
4.806935038381839220e+00
3.210217757113520420e-01
-2.171228874550987786e+00
5.262599978204262285e+00
7.134075906484087071e+00
1.082306768188386670e+00
-5.642950997203625363e+00
-6.766073988198774813e+00
-3.708248749923808596e+00
-1.915270673202867258e+00
-3.225173315168645694e+00
9.026196674738682368e-01
2.029990517057973953e+00
3.611702996701104951e-02
6.592939081305440041e-01
5.633966968992274893e+00
7.511660836994159318e+00
6.998028270848658750e+00
5.012062646096432594e+00
2.704812040180171184e+00
3.427812916521661535e+00
2.122879165023969783e+00
2.867471370560782606e+00
6.342889816750100884e+00
6.424603377624187317e+00
3.692270519224643444e+00
-4.330037400421185012e-01
2.497963031308854553e+00
3.175243389800970650e+00
-2.057717762871416056e-01
-2.855792408930275528e+00
-3.319771698447387287e+00
-4.499108144960953126e+00
-4.778511736590202119e+00
-2.511975999296363060e+00
-1.263556544891767386e+00
-3.527780856930438524e+00
-2.587454483752127388e+00
-4.098805816298705107e-01
2.495132777628017440e-01
-1.414055211906893650e+00
-9.364838181384143034e-01
8.070387995537071646e-01
1.568411288320910479e+00
1.314753262617570861e+00
4.615387289107264479e-01
8.878196923671266561e-02
-8.493895997846947488e-01
-1.116321074154410287e+00
-2.581623499142891021e-01
5.171493429476397008e-01
3.689823447707858417e-01
-1.567925951394975037e-01
-8.755439457219822419e-01
-1.203746303913688198e+00
1.130329400672542839e-01
1.127603330639278312e+00
1.193210431597260479e+00
1.984601619347123425e+00
3.929271553304372055e-01
-1.948527421569869578e+00
-1.328158457761701161e-01
-1.718480006284015538e-01
-2.277728072114932445e+00
-1.685321537531152991e+00
2.003510118345873003e+00
2.074746695804808638e+00
-5.333010729687370777e-01
-1.311462055693773721e+00
5.076729870053795501e-01
1.650777453812586337e-01
-3.584680534764037585e-01
7.131806097485264839e-01
1.673230945360553168e+00
1.075471673296714892e+00
-1.388411172065728838e+00
-1.504345993907661105e+00
-2.951599968022415865e-01
7.938751378712711748e-01
4.554212843998641791e-01
-9.038510599377037602e-01
-1.338773428995975179e+00
1.353735472871555601e-01
1.012253341211646340e+00
6.906853298120831930e-01
1.630435297030230490e-01
5.283098579635405745e-01
-5.652908627904831285e-01
-1.908433155165809580e-01
1.005299499230033256e+00
7.440343343557342948e-01
-2.149273545156068721e+00
-9.027364160550392924e-01
8.302333973920119625e-01
9.477132697223317193e-01
-2.001968853868416609e-01
9.358802685119074205e-01
1.638414518458179092e+00
6.430475567368327816e-01
-9.704239201462947495e-01
3.086594037389847056e-01
9.274074971329488992e-01
-9.972922319836818872e-02
-4.873901591429290470e-01
-4.923342062812841036e-01
-6.496103635640420038e-01
-7.663609889580518253e-01
5.448254925647015856e-01
3.261611011669297566e-01
6.674196440886276394e-01
6.727195642422625355e-01
-4.165615604403251071e-01
-1.373266357090505707e-01
3.761652723131767573e-01
1.662587049413399853e-01
5.667670747858448710e-01
1.442436784064182298e+00
1.114204566941033203e+00
1.750568441503030925e-02
-3.418910092524496402e-02
3.641829361717463520e-01
-1.140322905802778841e+00
-1.760291075712840936e-01
1.414977937612065251e+00
8.038419713209189466e-01
-1.469788117446582110e-01
-5.344776751664115366e-02
-1.024393496717907581e+00
2.433320750125111953e-01
-2.032214936139582484e-01
7.793935754674019556e-03
5.563180110728946914e-01
-3.595154120396593100e-02
-7.044761414417921586e-01
-1.696519657049049723e+00
-9.049545364541365933e-01
4.648419530625724772e-01
7.272419343504097355e-01
1.268207979590883605e+00
6.333272572538031220e-01
3.013328089083580075e-01
9.907327336717068889e-01
1.336764388576900942e+00
1.332630736910634273e+00
1.712195777351168680e-01
-2.594641406479305523e-01
5.226968969539822485e-01
1.498377757277853384e+00
7.492801705016387537e-01
-1.233730488543021142e-01
2.684423822734223197e-01
5.602141905270334732e-01
-6.190276214612544514e-02
4.252439854481975257e-01
1.625203273676651294e+00
1.719099016483419007e+00
2.142853539031547072e+00
2.174992805315095090e+00
1.425582242817877265e+00
1.533776743576993340e-01
-4.163763481487174900e-01
4.664105476664550665e-01
1.770055905204203306e+00
3.219603010542036792e+00
3.330548123466100741e+00
2.100993100273760739e+00
3.447742013657118854e+00
4.475990375721714543e+00
3.302817753718410465e+00
1.356268733255285852e+00
-1.445749208196249747e-01
-7.937593766535047113e-01
7.061953213113230099e-01
1.847518030278958445e+00
2.854251229057168437e+00
2.843496238502137619e+00
1.361293928884856008e+00
-1.047028467571906596e-01
-1.867617888675696669e-01
1.192593161034783300e+00
2.691820306164770749e+00
3.471719153228606025e+00
3.650631976313713167e+00
3.063389038972451850e+00
2.023174683764677351e+00
5.871884629681876078e-01
-4.131310389743316769e-01
-9.946520250742452163e-01
-1.114451952109143384e+00
-6.347066729143868713e-02
1.420592105629494561e+00
2.054070091409167187e+00
3.003408428604216418e+00
2.133689086100603038e+00
-3.916271263182178330e-01
1.494486909684191733e+00
2.011104310744324497e+00
2.072043698046355686e+00
1.020455248723999730e+00
-1.488855473651358174e-01
-9.137029456717469245e-01
-1.078837549992576417e+00
2.103971851129813331e-01
3.753370489820753164e-01
6.816819579309711941e-01
2.862773290019391403e+00
4.099654482527765431e+00
3.540853546141685904e+00
2.529151479907930877e+00
1.393321784730416013e+00
2.252501605518300032e-01
1.833549298072800759e-01
1.736499961243960666e+00
3.241329836916008844e+00
3.177043242487976205e+00
1.841245454356268407e+00
2.308167850749125449e-01
-1.421307677839871220e+00
9.482721249728287560e-02
2.349642412401592217e+00
3.829676511377405390e+00
5.079143909830483139e+00
3.103018964862540585e+00
1.734158891097711042e+00
3.706748778730617033e+00
3.693673329024587115e+00
1.888599333012984438e+00
-6.964496579328671721e-02
-4.389457680145103513e-01
9.627309788107973887e-02
6.432374607297508540e-01
1.570562107704430055e+00
2.816181253548132091e+00
3.227559823090211388e+00
7.169126322805168261e-01
4.946916963571459380e-01
7.196031639224869103e-01
-3.650258889262689710e-01
2.509014269689413545e-01
1.377239614709371285e-01
1.131759177331898236e+00
1.315920303727764029e+00
-7.902883110133760436e-01
2.308822694454315538e-01
1.168675139510396921e+00
5.667527350116379203e-01
1.582988508291026886e+00
3.157596811594811648e-01
5.072569490932656855e-01
1.382371886787279847e+00
7.810300857212117975e-01
1.330150155346715435e+00
-1.848248965056287219e-01
-1.394924189530272418e+00
-1.826064294029201562e+00
-6.789297725078276002e-01
1.174488792904406997e+00
9.482606118371430526e-01
-5.755070966816430156e-01
2.907906501974806268e-01
-3.317252573131308502e-01
-1.365232824995923355e+00
2.865109984831863965e-01
6.547898576985634600e-01
4.747951736806337308e-01
6.750128709000300375e-01
-1.491262981291097134e-03
-3.049752813692835351e-01
4.294258549774492284e-01
-5.101455886223765779e-01
3.078794054629740984e-02
9.256560512173677147e-01
1.457874105915168084e+00
1.316698617205405375e+00
-4.875750662364963794e-01
4.972421435053053784e-02
3.957769869494430770e-01
7.419925876804417397e-02
8.714860802410969720e-01
6.333937784453369524e-01
4.382698115355698198e-01
-2.941463699489863526e-01
-1.517809350260245660e+00
-7.667460837541326679e-01
-5.661726301115794779e-01
-5.358988815354639446e-01
7.657880649198465228e-01
7.062393976916852001e-01
-3.479784703540693691e-01
-4.310404788247601537e-01
3.081776262300071068e-01
8.046719833953988044e-01
1.220122361838417380e+00
1.136829689764330631e+00
-2.948677704696434088e-01
-4.671762430339696515e-01
-1.823122303015218826e-01
-4.169896081035735502e-01
-3.277117463989360768e-01
2.583424553167796844e-01
3.574328383724894032e-01
2.516700653064036786e-01
8.512599861616159114e-01
-9.329013638789229734e-01
-3.564569053493031880e-01
1.097840353340225672e+00
8.223384027204905244e-01
-7.171816467938718631e-01
-1.598016587240350672e-01
3.606170990664014919e-01
-5.998311881660534084e-01
-7.850334749454903616e-01
-5.396802643308042935e-01
-6.136401151379666796e-02
1.188052060193993231e+00
1.130898748000567222e+00
-3.501255979450070832e-01
-7.836424075045289594e-01
7.347040913812099561e-01
4.615503252891266506e-01
-1.567515284673958842e+00
6.331295522406685805e-01
2.426568537989377994e+00
-2.242046082896287373e-02
-2.247991250366062843e+00
-1.246436517845998182e+00
3.543830713124136444e-01
-4.749827064166274315e-01
-1.130137933477741718e+00
1.530228060163522974e+00
1.316530538271744044e+00
8.340698788466780478e-01
5.817486837212593187e-01
-2.288860786534168135e-01
-1.120219176711855891e+00
-6.765134833777868284e-01
2.556580215495041219e-01
6.043847109606763635e-01
6.239243649289161198e-02
-6.197099930122180744e-01
-6.692136491321349911e-01
-7.556780807263814292e-01
-1.462824161058865702e+00
-8.412986281044854131e-01
1.060617413301095269e+00
2.069848870756888282e+00
9.331565145934890282e-01
-5.118451981629279501e-01
5.998474094786845345e-01
4.197455665387608281e-01
-2.937519250062024412e+00
-2.733312252143196730e+00
-2.134305256076699742e+00
-3.876932321892357258e+00
-4.632470158246213998e+00
-3.599354730719696693e+00
-3.545987459165187428e+00
-5.025569220557258632e+00
-2.615367785672972900e+00
2.671781615584551961e+00
5.486282307903107558e+00
6.916500961993463648e-01
-1.643286972704166793e+00
4.058913375860331740e+00
8.032802322759586389e+00
7.588010669171708855e+00
3.695476872899102538e+00
1.252144156383014684e+00
2.938892966595821665e+00
3.508717191869158647e+00
3.988252596050573029e+00
7.241437805208742695e+00
7.569245543965649858e+00
1.855046812885095875e+00
-8.259882801893532189e-01
2.211962441658697820e+00
4.026106897372867977e+00
-3.851673741198768930e-01
-3.665642070061437607e+00
-2.491732386858469539e+00
-5.293808262300802703e+00
-7.507698216560125815e+00
-4.460237217374450225e+00
3.476590219557583517e+00
7.615648212473580259e+00
4.474552821062666830e+00
-1.209554792991089478e+00
2.300179034148256196e+00
5.154760236846833266e+00
4.511676258468336087e+00
1.896250876695222409e+00
-1.594821847870393938e+00
-3.519314135525457132e+00
-2.574523583623166800e+00
-1.024914119838150839e+00
-1.591657690603371922e+00
-2.459706078968613596e+00
-2.085975148389692890e+00
-3.797864425513034714e+00
-4.079154922167314012e+00
-1.334670569028202358e+00
5.545541045068089758e-01
1.897174832080598339e+00
4.709136036372290057e-01
-4.464681263680883028e-01
9.266073565132981749e-02
2.313258150941136737e+00
1.211844504256802679e+00
-2.507441172951080599e+00
7.697379048863162154e-02
2.189670740193452758e+00
2.880062447955107352e+00
2.185708430944082181e+00
4.519552123751222616e-01
2.538118981462528456e+00
0.000000000000000000e+00
0.000000000000000000e+00
0.000000000000000000e+00
0.000000000000000000e+00
0.000000000000000000e+00
0.000000000000000000e+00
0.000000000000000000e+00
0.000000000000000000e+00
0.000000000000000000e+00
0.000000000000000000e+00
0.000000000000000000e+00
0.000000000000000000e+00
0.000000000000000000e+00
0.000000000000000000e+00
0.000000000000000000e+00
0.000000000000000000e+00
0.000000000000000000e+00
0.000000000000000000e+00
0.000000000000000000e+00
0.000000000000000000e+00
0.000000000000000000e+00
0.000000000000000000e+00
0.000000000000000000e+00
0.000000000000000000e+00
0.000000000000000000e+00
0.000000000000000000e+00
0.000000000000000000e+00
0.000000000000000000e+00
0.000000000000000000e+00
0.000000000000000000e+00
0.000000000000000000e+00
0.000000000000000000e+00
0.000000000000000000e+00
0.000000000000000000e+00
0.000000000000000000e+00
0.000000000000000000e+00
0.000000000000000000e+00
0.000000000000000000e+00
0.000000000000000000e+00
0.000000000000000000e+00
0.000000000000000000e+00
0.000000000000000000e+00
0.000000000000000000e+00
0.000000000000000000e+00
0.000000000000000000e+00
0.000000000000000000e+00
0.000000000000000000e+00
0.000000000000000000e+00
0.000000000000000000e+00
0.000000000000000000e+00
0.000000000000000000e+00
0.000000000000000000e+00
0.000000000000000000e+00
0.000000000000000000e+00
0.000000000000000000e+00
0.000000000000000000e+00
0.000000000000000000e+00
0.000000000000000000e+00
